100 358 0.2
0 3
0 10
1 23
1 59
1 61
1 71
1 88
2 41
2 46
2 60
2 78
3 9
3 59
3 62
4 22
4 25
4 26
4 31
4 42
4 55
4 61
4 99
5 14
5 75
5 82
5 83
5 90
5 98
6 18
6 51
6 53
6 60
6 67
6 70
6 71
6 80
6 86
6 99
7 21
7 24
7 41
7 43
7 45
7 55
7 64
7 67
7 85
7 91
7 94
8 16
8 33
8 40
8 50
8 57
8 58
9 20
9 49
9 64
9 81
9 91
10 18
10 26
10 43
10 61
11 17
11 19
11 40
11 50
11 58
11 64
11 93
11 97
11 99
12 35
12 37
12 52
12 75
12 99
13 14
13 34
13 48
13 65
13 98
14 15
14 38
14 64
14 72
14 73
14 84
14 88
15 29
15 40
15 42
15 47
15 63
15 76
15 87
16 25
16 36
16 44
16 52
16 70
16 74
16 94
16 97
17 28
17 30
17 38
17 51
17 62
17 84
17 94
18 36
18 38
18 55
18 74
18 80
18 82
18 94
19 21
19 43
19 45
19 60
19 67
19 77
19 95
20 29
20 31
20 68
20 82
20 94
21 22
21 34
21 64
21 82
21 89
21 91
22 25
22 38
22 39
22 55
22 81
22 85
22 87
22 93
22 95
22 99
23 28
23 35
23 64
23 77
23 95
24 27
24 35
24 36
24 67
24 69
24 95
25 34
25 39
25 61
25 66
25 82
25 84
25 88
26 31
26 51
26 74
27 32
27 33
27 55
27 60
27 76
27 85
28 45
28 46
28 47
28 57
28 60
28 62
28 70
28 74
28 81
28 97
29 63
29 68
29 92
30 54
30 60
30 80
30 81
30 91
30 94
31 36
31 48
31 61
31 86
31 87
32 36
32 45
32 48
32 56
32 68
32 69
33 42
33 88
33 96
34 45
35 45
35 72
35 73
35 85
35 98
36 39
36 49
36 55
36 78
36 80
36 89
37 57
37 72
38 40
38 47
38 74
38 92
39 85
40 59
40 76
40 88
40 92
41 58
41 62
41 68
42 45
42 54
42 58
42 68
42 93
43 46
43 55
43 62
43 72
43 92
44 76
44 89
45 77
45 80
45 90
46 51
46 79
46 82
47 50
47 51
47 62
47 65
47 74
47 81
49 53
49 85
49 91
50 66
50 67
50 75
50 80
50 96
51 53
51 54
51 98
52 54
52 57
52 82
52 91
53 59
53 61
53 71
53 79
54 55
54 70
55 74
55 75
55 80
55 81
55 98
56 57
56 60
56 65
56 96
57 59
57 68
57 77
57 94
57 98
58 75
58 91
59 61
59 69
59 79
59 85
60 68
61 62
61 70
61 79
62 95
63 67
63 75
63 79
63 88
64 83
64 87
65 69
65 83
65 85
65 86
65 91
66 71
66 78
66 83
66 86
66 99
67 92
68 81
68 83
68 88
68 89
68 92
68 95
69 78
70 79
70 83
71 84
71 93
72 84
72 98
73 75
73 93
73 99
74 99
76 87
76 95
77 80
78 82
78 89
79 84
80 84
80 90
80 94
80 95
81 89
82 88
83 96
85 99
87 98
88 94
89 97
90 93
91 94
91 95
93 94
