500 11261 0.8
0 12
0 40
0 53
0 62
0 88
0 91
0 108
0 124
0 138
0 145
0 160
0 170
0 177
0 203
0 211
0 217
0 225
0 230
0 242
0 244
0 246
0 248
0 249
0 274
0 294
0 307
0 312
0 319
0 356
0 363
0 387
0 390
0 391
0 392
0 396
0 398
0 404
0 407
0 427
0 436
0 448
0 450
0 451
0 452
0 468
0 479
1 2
1 35
1 41
1 56
1 59
1 65
1 84
1 103
1 107
1 111
1 125
1 134
1 136
1 146
1 175
1 180
1 184
1 187
1 202
1 212
1 215
1 236
1 266
1 288
1 296
1 299
1 302
1 311
1 317
1 325
1 329
1 353
1 367
1 371
1 372
1 393
1 397
1 419
1 421
1 433
1 441
1 443
1 461
1 483
1 486
1 489
1 496
2 42
2 77
2 84
2 91
2 94
2 105
2 121
2 123
2 132
2 148
2 164
2 165
2 167
2 168
2 179
2 186
2 192
2 207
2 216
2 234
2 246
2 247
2 248
2 268
2 272
2 276
2 283
2 286
2 300
2 308
2 311
2 346
2 373
2 374
2 376
2 379
2 397
2 405
2 435
2 446
2 449
2 453
2 458
2 471
2 477
3 5
3 21
3 23
3 39
3 45
3 56
3 75
3 103
3 125
3 128
3 134
3 135
3 138
3 139
3 141
3 157
3 168
3 182
3 199
3 205
3 216
3 225
3 258
3 266
3 267
3 278
3 285
3 312
3 315
3 320
3 325
3 327
3 335
3 356
3 358
3 377
3 390
3 391
3 393
3 413
3 441
3 454
3 467
3 474
3 476
3 484
3 487
4 25
4 30
4 48
4 54
4 55
4 65
4 67
4 73
4 82
4 87
4 92
4 106
4 107
4 126
4 141
4 168
4 175
4 178
4 190
4 205
4 219
4 250
4 253
4 276
4 277
4 287
4 298
4 299
4 305
4 311
4 313
4 314
4 324
4 325
4 326
4 330
4 334
4 342
4 347
4 349
4 378
4 380
4 384
4 387
4 399
4 408
4 437
4 449
4 451
4 463
4 472
4 478
5 10
5 19
5 22
5 32
5 43
5 62
5 78
5 85
5 116
5 120
5 140
5 155
5 163
5 168
5 174
5 191
5 227
5 235
5 237
5 248
5 263
5 266
5 284
5 290
5 307
5 318
5 328
5 335
5 336
5 349
5 369
5 373
5 374
5 396
5 402
5 406
5 429
5 437
5 442
5 448
5 453
5 456
5 478
6 18
6 24
6 25
6 27
6 53
6 54
6 66
6 100
6 103
6 104
6 109
6 112
6 117
6 122
6 160
6 165
6 171
6 191
6 210
6 255
6 275
6 281
6 297
6 319
6 321
6 351
6 352
6 354
6 356
6 359
6 369
6 373
6 396
6 401
6 409
6 441
6 467
6 480
6 489
6 493
7 9
7 13
7 25
7 34
7 35
7 36
7 37
7 39
7 92
7 98
7 100
7 114
7 121
7 122
7 146
7 159
7 164
7 166
7 171
7 187
7 193
7 197
7 215
7 223
7 232
7 259
7 266
7 279
7 286
7 319
7 322
7 330
7 345
7 353
7 368
7 398
7 425
7 434
7 460
7 461
7 468
7 490
8 18
8 26
8 32
8 51
8 54
8 67
8 69
8 71
8 99
8 103
8 127
8 134
8 140
8 150
8 153
8 154
8 177
8 184
8 185
8 186
8 207
8 219
8 238
8 243
8 249
8 254
8 271
8 298
8 299
8 321
8 327
8 348
8 355
8 358
8 368
8 374
8 389
8 404
8 409
8 412
8 423
8 433
8 467
8 468
8 472
8 481
9 11
9 12
9 13
9 28
9 43
9 49
9 61
9 79
9 81
9 102
9 123
9 126
9 129
9 131
9 135
9 141
9 144
9 149
9 151
9 167
9 183
9 190
9 193
9 223
9 239
9 255
9 274
9 294
9 296
9 303
9 306
9 329
9 331
9 338
9 355
9 358
9 383
9 391
9 397
9 401
9 403
9 422
9 424
9 426
9 431
9 436
9 448
9 450
9 454
9 455
9 457
9 459
9 473
10 13
10 31
10 40
10 50
10 72
10 87
10 96
10 102
10 128
10 132
10 150
10 171
10 183
10 185
10 194
10 195
10 203
10 218
10 220
10 250
10 251
10 257
10 259
10 297
10 302
10 305
10 308
10 310
10 319
10 336
10 345
10 351
10 364
10 369
10 387
10 389
10 396
10 409
10 466
10 467
10 476
10 484
10 485
10 499
11 14
11 16
11 19
11 58
11 62
11 69
11 91
11 99
11 108
11 127
11 134
11 135
11 151
11 153
11 154
11 161
11 198
11 200
11 205
11 262
11 265
11 288
11 300
11 324
11 336
11 346
11 361
11 374
11 385
11 401
11 429
11 436
11 444
11 452
11 460
11 466
12 13
12 16
12 25
12 62
12 84
12 111
12 116
12 120
12 124
12 156
12 165
12 188
12 208
12 222
12 255
12 267
12 268
12 276
12 279
12 296
12 300
12 302
12 314
12 334
12 366
12 390
12 398
12 401
12 410
12 413
12 428
12 430
12 431
12 452
12 455
12 458
12 463
12 465
12 475
12 485
13 17
13 18
13 29
13 31
13 33
13 35
13 40
13 65
13 73
13 85
13 87
13 96
13 106
13 110
13 125
13 144
13 147
13 183
13 192
13 194
13 213
13 234
13 246
13 252
13 261
13 268
13 273
13 278
13 298
13 302
13 307
13 339
13 369
13 380
13 394
13 409
13 414
13 442
13 448
13 454
13 468
13 478
13 479
13 486
14 23
14 31
14 36
14 47
14 66
14 85
14 89
14 114
14 123
14 124
14 147
14 168
14 192
14 219
14 222
14 254
14 267
14 312
14 315
14 316
14 321
14 330
14 333
14 358
14 363
14 373
14 374
14 381
14 384
14 414
14 415
14 416
14 417
14 431
14 460
14 465
14 472
14 476
14 487
14 492
14 493
14 498
15 16
15 26
15 28
15 29
15 41
15 55
15 74
15 94
15 106
15 109
15 116
15 126
15 138
15 152
15 173
15 182
15 201
15 212
15 214
15 215
15 217
15 235
15 238
15 251
15 258
15 259
15 267
15 280
15 289
15 298
15 307
15 311
15 327
15 354
15 369
15 391
15 412
15 420
15 422
15 433
15 440
15 444
15 455
15 470
15 485
15 486
16 21
16 28
16 30
16 31
16 39
16 49
16 67
16 74
16 79
16 83
16 89
16 91
16 95
16 108
16 109
16 134
16 141
16 165
16 167
16 180
16 220
16 226
16 236
16 267
16 280
16 287
16 288
16 289
16 296
16 316
16 321
16 328
16 335
16 344
16 362
16 364
16 376
16 381
16 396
16 416
16 423
16 431
16 447
16 448
16 462
17 24
17 62
17 63
17 83
17 85
17 98
17 100
17 129
17 151
17 154
17 163
17 166
17 171
17 189
17 210
17 240
17 282
17 284
17 300
17 303
17 316
17 334
17 396
17 417
17 429
17 434
17 437
17 449
17 465
17 469
17 490
17 495
18 22
18 33
18 56
18 78
18 84
18 86
18 90
18 91
18 99
18 111
18 156
18 169
18 174
18 199
18 202
18 212
18 218
18 230
18 241
18 242
18 245
18 246
18 263
18 266
18 273
18 277
18 308
18 309
18 316
18 319
18 327
18 328
18 342
18 343
18 345
18 348
18 354
18 365
18 367
18 381
18 390
18 395
18 400
18 431
18 452
18 480
18 481
18 482
18 485
18 494
18 497
19 22
19 23
19 24
19 42
19 44
19 51
19 56
19 91
19 97
19 105
19 120
19 136
19 162
19 170
19 176
19 203
19 229
19 242
19 244
19 245
19 249
19 250
19 256
19 270
19 271
19 276
19 283
19 299
19 303
19 305
19 311
19 316
19 331
19 335
19 345
19 349
19 351
19 355
19 372
19 376
19 381
19 385
19 420
19 422
19 438
19 470
19 497
19 499
20 32
20 44
20 55
20 74
20 98
20 107
20 110
20 116
20 119
20 133
20 139
20 140
20 172
20 220
20 224
20 231
20 234
20 248
20 261
20 263
20 280
20 289
20 322
20 324
20 331
20 332
20 347
20 352
20 397
20 407
20 410
20 440
20 448
20 452
20 455
20 460
20 496
20 499
21 31
21 42
21 60
21 65
21 71
21 96
21 99
21 103
21 108
21 120
21 126
21 138
21 146
21 151
21 156
21 184
21 185
21 186
21 217
21 218
21 220
21 226
21 227
21 228
21 234
21 255
21 261
21 263
21 265
21 270
21 284
21 297
21 299
21 301
21 302
21 305
21 307
21 312
21 318
21 322
21 351
21 356
21 365
21 373
21 376
21 377
21 381
21 384
21 389
21 409
21 410
21 418
21 421
21 424
21 436
21 451
21 453
21 464
22 24
22 26
22 38
22 48
22 50
22 51
22 87
22 119
22 120
22 121
22 138
22 141
22 175
22 179
22 195
22 196
22 211
22 257
22 290
22 308
22 316
22 318
22 320
22 331
22 336
22 341
22 343
22 344
22 345
22 348
22 351
22 373
22 374
22 379
22 383
22 392
22 395
22 400
22 401
22 413
22 417
22 418
22 432
22 434
22 454
22 480
22 483
23 25
23 32
23 33
23 37
23 41
23 42
23 46
23 50
23 51
23 69
23 79
23 80
23 84
23 91
23 100
23 101
23 103
23 109
23 136
23 144
23 156
23 159
23 166
23 174
23 205
23 230
23 239
23 244
23 246
23 255
23 272
23 283
23 284
23 289
23 301
23 310
23 317
23 339
23 350
23 359
23 374
23 384
23 390
23 411
23 422
23 433
23 454
23 456
23 460
23 474
23 476
24 32
24 33
24 43
24 46
24 49
24 65
24 77
24 112
24 114
24 126
24 139
24 145
24 159
24 187
24 201
24 247
24 258
24 261
24 265
24 269
24 272
24 294
24 307
24 312
24 323
24 324
24 330
24 333
24 347
24 351
24 356
24 364
24 369
24 370
24 406
24 416
24 419
24 429
24 431
24 434
24 470
24 471
25 27
25 35
25 41
25 69
25 76
25 81
25 105
25 108
25 119
25 120
25 124
25 139
25 145
25 150
25 178
25 190
25 198
25 257
25 263
25 265
25 281
25 314
25 317
25 325
25 339
25 346
25 354
25 372
25 393
25 400
25 404
25 424
25 426
25 440
25 452
25 469
25 473
25 479
25 481
25 487
25 498
26 41
26 48
26 55
26 81
26 82
26 110
26 111
26 116
26 141
26 144
26 145
26 150
26 166
26 182
26 194
26 199
26 201
26 215
26 220
26 223
26 226
26 231
26 241
26 254
26 295
26 300
26 308
26 314
26 316
26 318
26 325
26 326
26 342
26 354
26 377
26 379
26 381
26 407
26 422
26 447
26 454
26 458
26 489
26 491
26 493
26 498
27 41
27 57
27 61
27 71
27 78
27 85
27 95
27 175
27 186
27 190
27 240
27 245
27 250
27 257
27 274
27 285
27 292
27 355
27 358
27 370
27 371
27 378
27 386
27 401
27 407
27 410
27 412
27 441
27 442
27 447
27 451
27 465
27 470
27 485
27 489
27 495
27 499
28 29
28 33
28 43
28 49
28 59
28 60
28 91
28 98
28 100
28 114
28 116
28 126
28 144
28 148
28 179
28 194
28 214
28 236
28 274
28 287
28 323
28 326
28 331
28 333
28 340
28 343
28 350
28 361
28 370
28 387
28 388
28 391
28 394
28 414
28 429
28 439
28 443
28 445
28 446
28 449
28 470
28 471
29 52
29 56
29 78
29 87
29 94
29 97
29 108
29 114
29 138
29 140
29 169
29 173
29 180
29 198
29 200
29 205
29 222
29 231
29 236
29 239
29 245
29 247
29 257
29 265
29 269
29 287
29 289
29 301
29 311
29 316
29 324
29 327
29 344
29 350
29 355
29 364
29 365
29 402
29 404
29 406
29 425
29 446
29 448
29 472
29 480
29 482
29 494
30 45
30 56
30 70
30 72
30 73
30 87
30 94
30 97
30 107
30 111
30 116
30 118
30 162
30 166
30 168
30 178
30 194
30 215
30 221
30 224
30 283
30 287
30 305
30 319
30 338
30 351
30 369
30 387
30 390
30 405
30 432
30 433
30 435
30 458
30 480
30 490
30 496
31 40
31 49
31 55
31 63
31 92
31 97
31 112
31 135
31 143
31 152
31 176
31 190
31 195
31 207
31 224
31 241
31 242
31 250
31 267
31 281
31 292
31 296
31 308
31 317
31 322
31 325
31 326
31 348
31 364
31 372
31 394
31 406
31 409
31 415
31 428
31 445
31 470
31 475
31 485
32 34
32 35
32 37
32 39
32 59
32 68
32 81
32 86
32 92
32 104
32 106
32 113
32 116
32 121
32 128
32 137
32 153
32 154
32 173
32 182
32 198
32 204
32 205
32 216
32 220
32 233
32 239
32 251
32 253
32 259
32 292
32 299
32 303
32 304
32 331
32 355
32 370
32 377
32 394
32 398
32 402
32 420
32 441
33 44
33 45
33 52
33 77
33 104
33 142
33 143
33 145
33 155
33 177
33 187
33 203
33 216
33 222
33 235
33 237
33 260
33 265
33 278
33 281
33 285
33 290
33 299
33 302
33 304
33 310
33 314
33 321
33 325
33 329
33 330
33 331
33 341
33 353
33 359
33 393
33 408
33 432
33 436
33 448
33 459
33 470
33 482
33 487
33 493
34 40
34 43
34 47
34 49
34 56
34 63
34 64
34 66
34 71
34 76
34 77
34 81
34 82
34 91
34 93
34 101
34 114
34 117
34 119
34 130
34 134
34 147
34 153
34 160
34 162
34 195
34 196
34 201
34 205
34 206
34 243
34 246
34 269
34 282
34 301
34 308
34 324
34 334
34 336
34 340
34 341
34 377
34 404
34 414
34 420
34 424
34 425
34 429
34 433
34 436
34 445
34 448
34 452
34 458
34 461
34 464
34 489
35 42
35 49
35 82
35 87
35 98
35 111
35 112
35 123
35 141
35 145
35 146
35 157
35 169
35 170
35 192
35 199
35 203
35 220
35 241
35 253
35 258
35 261
35 274
35 286
35 298
35 299
35 317
35 319
35 324
35 328
35 345
35 347
35 357
35 362
35 374
35 379
35 382
35 391
35 393
35 397
35 431
35 432
35 437
35 449
35 463
35 468
36 40
36 51
36 87
36 95
36 110
36 111
36 135
36 148
36 149
36 174
36 178
36 180
36 187
36 214
36 219
36 224
36 233
36 239
36 271
36 283
36 301
36 308
36 318
36 337
36 339
36 342
36 349
36 353
36 402
36 418
36 419
36 427
36 432
36 435
36 436
36 439
36 441
36 453
36 456
36 458
36 499
37 40
37 62
37 72
37 74
37 83
37 88
37 92
37 115
37 117
37 119
37 132
37 133
37 136
37 140
37 149
37 192
37 205
37 210
37 232
37 236
37 238
37 249
37 261
37 283
37 286
37 304
37 314
37 317
37 319
37 323
37 334
37 336
37 356
37 360
37 364
37 366
37 375
37 395
37 402
37 409
37 414
37 422
37 443
37 471
37 497
38 46
38 93
38 112
38 116
38 131
38 144
38 154
38 162
38 178
38 183
38 207
38 222
38 227
38 230
38 236
38 237
38 249
38 250
38 288
38 291
38 297
38 298
38 301
38 305
38 326
38 334
38 367
38 393
38 416
38 423
38 424
38 435
38 488
39 50
39 62
39 83
39 91
39 95
39 98
39 103
39 110
39 114
39 130
39 135
39 143
39 149
39 168
39 170
39 179
39 189
39 202
39 203
39 206
39 210
39 214
39 219
39 250
39 261
39 264
39 292
39 314
39 327
39 328
39 344
39 367
39 387
39 393
39 394
39 414
39 416
39 421
39 427
39 436
39 437
39 480
40 46
40 47
40 62
40 73
40 88
40 95
40 108
40 110
40 113
40 114
40 116
40 118
40 119
40 123
40 124
40 130
40 135
40 141
40 162
40 180
40 182
40 187
40 191
40 203
40 204
40 207
40 212
40 227
40 229
40 245
40 276
40 290
40 313
40 316
40 323
40 327
40 340
40 347
40 359
40 382
40 383
40 389
40 394
40 399
40 404
40 406
40 420
40 424
40 453
40 457
40 463
40 465
40 471
40 490
40 492
41 56
41 63
41 65
41 70
41 78
41 146
41 148
41 157
41 159
41 168
41 171
41 183
41 185
41 191
41 192
41 212
41 221
41 258
41 267
41 268
41 272
41 295
41 309
41 311
41 312
41 322
41 333
41 339
41 344
41 358
41 360
41 367
41 379
41 394
41 395
41 396
41 401
41 434
41 461
41 465
41 471
41 478
41 490
42 58
42 64
42 66
42 96
42 111
42 114
42 123
42 127
42 130
42 150
42 162
42 165
42 167
42 182
42 197
42 202
42 209
42 211
42 213
42 217
42 225
42 226
42 230
42 231
42 239
42 253
42 254
42 255
42 258
42 263
42 273
42 279
42 284
42 288
42 299
42 317
42 322
42 324
42 329
42 337
42 340
42 352
42 375
42 377
42 379
42 394
42 424
42 437
42 444
42 469
42 473
42 479
42 494
42 499
43 44
43 49
43 80
43 88
43 93
43 95
43 128
43 129
43 147
43 167
43 169
43 181
43 184
43 197
43 215
43 238
43 245
43 248
43 276
43 278
43 290
43 308
43 337
43 342
43 355
43 361
43 364
43 369
43 396
43 407
43 410
43 433
43 435
43 437
43 439
43 463
43 476
43 488
44 45
44 54
44 64
44 74
44 79
44 84
44 95
44 108
44 118
44 124
44 125
44 130
44 137
44 153
44 164
44 174
44 208
44 210
44 213
44 243
44 257
44 271
44 286
44 290
44 292
44 296
44 310
44 316
44 367
44 405
44 411
44 471
44 482
44 492
45 63
45 97
45 103
45 111
45 129
45 142
45 155
45 157
45 185
45 187
45 190
45 201
45 207
45 215
45 216
45 225
45 251
45 259
45 263
45 280
45 286
45 292
45 303
45 329
45 333
45 343
45 360
45 370
45 380
45 392
45 400
45 423
45 427
45 449
45 459
46 47
46 55
46 64
46 80
46 81
46 87
46 101
46 102
46 103
46 135
46 156
46 170
46 179
46 189
46 196
46 197
46 228
46 246
46 260
46 267
46 281
46 283
46 294
46 328
46 332
46 375
46 397
46 412
46 443
46 456
46 459
46 463
46 473
46 483
46 499
47 61
47 73
47 81
47 90
47 93
47 121
47 127
47 134
47 156
47 176
47 190
47 198
47 203
47 212
47 236
47 240
47 242
47 254
47 272
47 287
47 296
47 302
47 304
47 305
47 308
47 311
47 355
47 358
47 359
47 360
47 361
47 364
47 382
47 385
47 391
47 433
47 441
47 472
47 475
47 477
47 481
48 68
48 69
48 86
48 94
48 105
48 119
48 120
48 133
48 153
48 156
48 167
48 179
48 181
48 188
48 194
48 215
48 233
48 242
48 272
48 280
48 289
48 297
48 298
48 307
48 320
48 322
48 350
48 370
48 372
48 376
48 396
48 397
48 401
48 412
48 422
48 441
48 446
48 448
48 460
48 475
48 477
48 488
48 493
48 496
49 63
49 87
49 94
49 99
49 101
49 105
49 109
49 146
49 149
49 174
49 180
49 184
49 205
49 212
49 216
49 218
49 236
49 263
49 266
49 269
49 272
49 276
49 292
49 312
49 334
49 348
49 357
49 378
49 379
49 396
49 410
49 425
49 442
49 460
49 470
49 476
50 63
50 68
50 87
50 101
50 120
50 140
50 148
50 155
50 158
50 170
50 172
50 178
50 189
50 191
50 195
50 214
50 216
50 220
50 222
50 230
50 242
50 257
50 273
50 280
50 284
50 299
50 307
50 309
50 310
50 319
50 321
50 322
50 328
50 329
50 342
50 347
50 350
50 364
50 384
50 390
50 397
50 404
50 407
50 412
50 416
50 420
50 425
50 435
50 437
50 459
50 462
50 463
50 465
50 476
50 479
50 489
50 499
51 55
51 67
51 68
51 101
51 104
51 122
51 144
51 151
51 185
51 210
51 223
51 263
51 264
51 267
51 276
51 300
51 320
51 331
51 339
51 368
51 384
51 401
51 432
51 435
51 440
51 444
51 445
51 461
51 464
51 483
51 484
51 497
52 62
52 66
52 116
52 136
52 153
52 157
52 166
52 189
52 192
52 212
52 219
52 226
52 229
52 278
52 285
52 294
52 319
52 348
52 360
52 365
52 389
52 408
52 438
52 459
52 466
52 483
52 495
53 70
53 76
53 100
53 104
53 120
53 124
53 128
53 139
53 140
53 172
53 186
53 195
53 211
53 229
53 250
53 258
53 279
53 283
53 286
53 298
53 312
53 319
53 331
53 339
53 350
53 368
53 397
53 422
53 434
53 436
53 440
53 441
53 443
53 444
53 454
53 487
53 499
54 57
54 59
54 69
54 75
54 109
54 111
54 125
54 129
54 154
54 183
54 186
54 187
54 192
54 227
54 238
54 248
54 258
54 259
54 261
54 287
54 296
54 297
54 311
54 331
54 345
54 371
54 389
54 396
54 428
54 430
54 436
54 452
54 485
54 498
55 56
55 69
55 87
55 99
55 119
55 135
55 144
55 167
55 181
55 187
55 247
55 253
55 258
55 266
55 279
55 282
55 283
55 302
55 309
55 310
55 331
55 355
55 374
55 380
55 383
55 388
55 424
55 427
55 440
55 455
55 470
55 479
55 480
55 495
56 150
56 153
56 175
56 187
56 208
56 232
56 253
56 257
56 265
56 266
56 268
56 269
56 278
56 311
56 319
56 342
56 343
56 365
56 374
56 385
56 393
56 413
56 447
56 451
56 458
56 464
56 466
56 467
56 491
57 75
57 77
57 98
57 115
57 120
57 150
57 155
57 170
57 184
57 190
57 203
57 222
57 229
57 236
57 239
57 251
57 252
57 271
57 283
57 284
57 316
57 348
57 349
57 352
57 355
57 368
57 396
57 414
57 425
57 433
57 441
57 449
57 456
57 466
57 472
57 474
57 478
57 482
57 498
58 82
58 109
58 115
58 121
58 124
58 139
58 149
58 151
58 155
58 180
58 183
58 188
58 192
58 202
58 207
58 215
58 221
58 228
58 230
58 240
58 244
58 245
58 254
58 257
58 264
58 269
58 270
58 272
58 273
58 289
58 294
58 300
58 330
58 333
58 344
58 351
58 375
58 386
58 387
58 435
58 450
58 460
58 465
58 480
58 495
59 96
59 124
59 125
59 133
59 147
59 149
59 159
59 164
59 166
59 169
59 202
59 204
59 212
59 224
59 226
59 227
59 247
59 274
59 279
59 286
59 288
59 295
59 376
59 380
59 407
59 409
59 411
59 416
59 419
59 430
59 436
59 463
59 468
59 472
59 478
59 483
59 494
60 72
60 88
60 101
60 128
60 136
60 141
60 148
60 160
60 204
60 214
60 227
60 240
60 246
60 248
60 253
60 262
60 280
60 283
60 319
60 322
60 330
60 338
60 342
60 343
60 345
60 363
60 424
60 429
60 431
60 436
60 443
60 454
60 457
60 458
60 470
60 489
61 96
61 97
61 105
61 124
61 131
61 150
61 165
61 169
61 172
61 224
61 225
61 229
61 257
61 262
61 264
61 267
61 270
61 273
61 277
61 286
61 294
61 296
61 306
61 308
61 311
61 317
61 329
61 353
61 368
61 372
61 382
61 401
61 433
61 436
61 469
61 489
61 492
62 113
62 146
62 170
62 194
62 211
62 214
62 221
62 237
62 239
62 277
62 287
62 325
62 330
62 345
62 355
62 371
62 402
62 430
62 435
62 453
62 491
63 64
63 90
63 123
63 133
63 149
63 161
63 164
63 172
63 188
63 203
63 210
63 223
63 224
63 228
63 241
63 242
63 255
63 258
63 268
63 277
63 282
63 289
63 290
63 293
63 295
63 314
63 324
63 369
63 370
63 371
63 376
63 444
63 447
63 457
63 463
63 477
63 478
63 494
63 496
64 66
64 75
64 76
64 83
64 91
64 133
64 152
64 182
64 186
64 194
64 225
64 227
64 262
64 293
64 313
64 318
64 334
64 354
64 365
64 377
64 379
64 418
64 429
64 436
64 442
64 444
64 467
64 478
64 490
64 492
64 496
65 69
65 82
65 119
65 122
65 139
65 146
65 153
65 173
65 188
65 192
65 193
65 204
65 208
65 212
65 214
65 215
65 219
65 221
65 222
65 236
65 240
65 249
65 250
65 258
65 279
65 281
65 282
65 294
65 299
65 307
65 321
65 324
65 344
65 373
65 375
65 388
65 396
65 399
65 405
65 406
65 440
65 448
65 472
65 481
65 482
66 72
66 80
66 95
66 97
66 115
66 143
66 153
66 161
66 172
66 175
66 180
66 184
66 194
66 198
66 207
66 236
66 238
66 254
66 277
66 288
66 292
66 299
66 304
66 338
66 359
66 363
66 366
66 373
66 375
66 400
66 419
66 423
66 452
66 459
66 470
66 487
67 81
67 89
67 107
67 124
67 136
67 179
67 181
67 183
67 188
67 194
67 202
67 213
67 214
67 223
67 224
67 229
67 242
67 255
67 257
67 268
67 271
67 274
67 276
67 282
67 291
67 298
67 300
67 324
67 354
67 356
67 360
67 367
67 381
67 386
67 411
67 416
67 418
67 452
67 460
67 462
67 465
67 483
67 487
67 495
67 496
68 70
68 73
68 77
68 92
68 97
68 118
68 119
68 121
68 130
68 146
68 168
68 176
68 179
68 204
68 216
68 222
68 224
68 226
68 230
68 259
68 273
68 281
68 286
68 303
68 309
68 318
68 319
68 338
68 345
68 349
68 355
68 372
68 389
68 391
68 395
68 397
68 399
68 402
68 403
68 408
68 409
68 427
68 430
68 436
68 456
68 464
68 470
68 471
68 480
68 492
68 498
68 499
69 98
69 101
69 117
69 123
69 137
69 154
69 172
69 210
69 223
69 255
69 286
69 294
69 301
69 314
69 325
69 327
69 341
69 351
69 359
69 371
69 373
69 381
69 387
69 432
69 442
69 460
69 469
69 474
69 478
69 480
69 481
69 495
70 81
70 91
70 105
70 113
70 119
70 122
70 123
70 135
70 137
70 144
70 149
70 153
70 165
70 180
70 199
70 217
70 222
70 223
70 227
70 236
70 256
70 261
70 269
70 288
70 291
70 295
70 301
70 304
70 325
70 341
70 378
70 401
70 409
70 411
70 416
70 421
70 428
70 431
70 438
70 464
70 470
70 473
70 476
70 477
70 482
71 84
71 104
71 109
71 118
71 136
71 147
71 156
71 166
71 172
71 188
71 199
71 200
71 213
71 217
71 248
71 259
71 341
71 361
71 385
71 390
71 391
71 426
71 431
71 443
71 453
71 459
72 108
72 115
72 124
72 136
72 166
72 175
72 190
72 192
72 193
72 197
72 206
72 209
72 210
72 213
72 216
72 232
72 234
72 259
72 263
72 285
72 294
72 295
72 297
72 305
72 319
72 358
72 365
72 376
72 377
72 388
72 389
72 400
72 421
72 431
72 435
72 448
72 468
72 470
72 487
72 493
73 81
73 93
73 106
73 120
73 121
73 123
73 133
73 168
73 176
73 192
73 195
73 199
73 200
73 222
73 233
73 245
73 256
73 259
73 261
73 268
73 272
73 285
73 291
73 292
73 313
73 319
73 320
73 321
73 325
73 327
73 356
73 358
73 368
73 376
73 379
73 382
73 393
73 402
73 423
73 439
73 464
73 468
73 471
73 477
73 479
73 481
73 493
74 80
74 83
74 86
74 106
74 116
74 135
74 141
74 142
74 155
74 170
74 179
74 194
74 242
74 251
74 256
74 269
74 278
74 293
74 296
74 298
74 309
74 311
74 324
74 338
74 339
74 346
74 355
74 359
74 410
74 426
74 429
74 434
74 442
74 495
74 496
75 101
75 104
75 112
75 117
75 146
75 190
75 192
75 204
75 206
75 208
75 225
75 228
75 254
75 265
75 283
75 290
75 304
75 313
75 320
75 329
75 362
75 366
75 368
75 376
75 393
75 395
75 397
75 403
75 409
75 436
75 457
75 466
75 482
75 487
75 490
75 498
76 107
76 113
76 117
76 122
76 129
76 138
76 155
76 159
76 170
76 177
76 183
76 205
76 247
76 253
76 254
76 267
76 278
76 286
76 299
76 307
76 311
76 320
76 327
76 335
76 344
76 357
76 362
76 366
76 397
76 399
76 416
76 433
76 446
76 448
76 457
76 464
76 467
76 469
76 472
76 498
77 90
77 92
77 103
77 122
77 126
77 128
77 142
77 183
77 190
77 250
77 251
77 252
77 264
77 266
77 270
77 279
77 284
77 299
77 300
77 310
77 329
77 354
77 355
77 356
77 389
77 406
77 408
77 413
77 415
77 424
77 468
77 493
78 84
78 86
78 90
78 106
78 115
78 124
78 130
78 132
78 136
78 151
78 153
78 155
78 157
78 159
78 165
78 167
78 168
78 198
78 232
78 246
78 249
78 257
78 259
78 268
78 281
78 295
78 308
78 313
78 323
78 329
78 332
78 346
78 361
78 363
78 364
78 395
78 400
78 401
78 404
78 419
78 424
78 429
78 455
78 467
78 478
79 113
79 123
79 140
79 182
79 196
79 236
79 250
79 273
79 279
79 287
79 293
79 298
79 306
79 310
79 330
79 332
79 334
79 350
79 375
79 376
79 384
79 389
79 395
79 414
79 422
79 433
79 434
79 445
79 453
79 454
79 461
79 462
79 477
79 486
79 499
80 90
80 91
80 108
80 109
80 119
80 127
80 135
80 138
80 145
80 161
80 167
80 168
80 170
80 172
80 220
80 236
80 241
80 258
80 275
80 306
80 311
80 312
80 314
80 315
80 335
80 363
80 382
80 393
80 408
80 420
80 428
80 437
80 464
80 484
81 96
81 102
81 111
81 123
81 131
81 136
81 139
81 148
81 149
81 153
81 164
81 167
81 180
81 187
81 197
81 202
81 209
81 220
81 230
81 252
81 254
81 258
81 283
81 326
81 331
81 342
81 344
81 351
81 356
81 363
81 394
81 418
81 452
81 456
81 471
81 473
81 476
81 479
81 497
82 88
82 89
82 91
82 98
82 118
82 120
82 129
82 152
82 172
82 224
82 231
82 235
82 255
82 267
82 275
82 277
82 282
82 291
82 301
82 302
82 303
82 306
82 316
82 318
82 321
82 322
82 333
82 335
82 362
82 410
82 416
82 424
82 442
82 444
82 452
82 461
82 490
83 140
83 144
83 150
83 169
83 171
83 185
83 188
83 201
83 228
83 230
83 238
83 239
83 241
83 255
83 256
83 257
83 264
83 278
83 279
83 290
83 305
83 355
83 357
83 367
83 376
83 389
83 420
83 423
83 426
83 443
83 459
83 481
83 485
84 114
84 131
84 134
84 141
84 158
84 172
84 177
84 179
84 183
84 206
84 240
84 250
84 275
84 280
84 281
84 284
84 289
84 320
84 338
84 355
84 357
84 378
84 380
84 391
84 396
84 411
84 417
84 419
84 420
84 428
84 430
84 452
84 454
84 472
84 481
84 483
84 491
85 90
85 93
85 100
85 107
85 112
85 130
85 144
85 176
85 216
85 231
85 253
85 255
85 257
85 272
85 282
85 292
85 295
85 302
85 310
85 319
85 324
85 347
85 381
85 391
85 401
85 405
85 423
85 428
85 429
85 438
85 451
85 460
85 465
85 474
85 481
85 486
85 497
86 91
86 97
86 100
86 118
86 141
86 158
86 173
86 178
86 199
86 202
86 209
86 213
86 217
86 222
86 225
86 240
86 248
86 253
86 267
86 273
86 282
86 284
86 292
86 306
86 308
86 310
86 319
86 323
86 337
86 343
86 355
86 357
86 366
86 377
86 379
86 390
86 405
86 410
86 414
86 416
86 417
86 463
87 98
87 100
87 109
87 117
87 127
87 130
87 171
87 177
87 178
87 182
87 215
87 218
87 229
87 248
87 276
87 278
87 283
87 284
87 288
87 289
87 290
87 291
87 297
87 308
87 309
87 319
87 320
87 327
87 334
87 348
87 385
87 388
87 399
87 407
87 428
87 448
87 456
87 463
88 89
88 91
88 162
88 169
88 176
88 178
88 181
88 186
88 210
88 215
88 224
88 238
88 263
88 266
88 272
88 285
88 310
88 325
88 359
88 361
88 369
88 384
88 396
88 416
88 425
88 433
88 447
88 467
88 475
88 480
88 496
88 497
88 498
89 92
89 104
89 111
89 112
89 126
89 139
89 142
89 145
89 147
89 169
89 171
89 196
89 200
89 207
89 211
89 212
89 219
89 234
89 237
89 247
89 253
89 270
89 276
89 381
89 390
89 394
89 403
89 408
89 416
89 421
89 433
89 454
89 478
89 487
90 97
90 98
90 106
90 110
90 112
90 160
90 162
90 164
90 168
90 183
90 189
90 191
90 196
90 197
90 203
90 223
90 232
90 236
90 242
90 250
90 254
90 259
90 269
90 277
90 278
90 288
90 293
90 303
90 309
90 316
90 320
90 327
90 354
90 360
90 363
90 364
90 365
90 372
90 383
90 388
90 394
90 439
90 441
90 449
90 451
90 463
90 485
90 495
90 498
91 92
91 95
91 104
91 106
91 112
91 117
91 139
91 148
91 157
91 178
91 180
91 194
91 213
91 214
91 231
91 233
91 243
91 253
91 254
91 260
91 267
91 285
91 309
91 321
91 333
91 366
91 380
91 427
91 460
91 481
91 490
91 499
92 93
92 101
92 108
92 117
92 126
92 137
92 144
92 164
92 190
92 192
92 200
92 212
92 225
92 236
92 246
92 248
92 256
92 274
92 302
92 310
92 315
92 329
92 387
92 398
92 411
92 428
92 431
92 446
92 447
92 456
92 459
92 468
93 99
93 136
93 139
93 142
93 153
93 161
93 172
93 183
93 194
93 199
93 204
93 211
93 285
93 290
93 327
93 337
93 359
93 388
93 400
93 407
93 420
93 421
93 437
93 445
93 480
93 484
94 131
94 168
94 176
94 182
94 197
94 214
94 229
94 241
94 274
94 284
94 294
94 302
94 314
94 316
94 317
94 318
94 324
94 328
94 364
94 372
94 375
94 421
94 458
94 461
94 490
94 499
95 103
95 112
95 113
95 133
95 175
95 178
95 181
95 199
95 225
95 226
95 231
95 244
95 258
95 260
95 264
95 294
95 302
95 319
95 322
95 325
95 327
95 343
95 345
95 363
95 382
95 388
95 405
95 425
95 426
95 465
95 479
95 484
95 488
96 97
96 99
96 107
96 117
96 120
96 125
96 139
96 147
96 155
96 166
96 177
96 178
96 183
96 205
96 212
96 221
96 232
96 245
96 254
96 283
96 285
96 294
96 296
96 306
96 307
96 310
96 325
96 333
96 337
96 352
96 362
96 365
96 387
96 394
96 402
96 403
96 405
96 421
96 428
96 443
96 452
96 455
96 456
96 464
97 98
97 104
97 108
97 119
97 148
97 150
97 156
97 204
97 220
97 244
97 264
97 273
97 278
97 282
97 301
97 315
97 332
97 353
97 360
97 364
97 372
97 379
97 385
97 394
97 402
97 404
97 413
97 418
97 445
97 450
97 457
97 460
97 462
97 473
97 485
98 113
98 115
98 122
98 134
98 148
98 179
98 181
98 203
98 207
98 224
98 232
98 235
98 292
98 294
98 297
98 314
98 320
98 329
98 333
98 353
98 374
98 379
98 381
98 418
98 423
98 430
98 441
98 445
98 452
98 459
98 466
98 472
98 482
98 499
99 101
99 104
99 117
99 147
99 156
99 181
99 182
99 200
99 202
99 213
99 219
99 243
99 248
99 272
99 274
99 290
99 294
99 304
99 316
99 335
99 348
99 353
99 357
99 380
99 382
99 411
99 412
99 422
99 423
99 431
99 442
99 448
99 460
99 466
99 470
99 471
99 475
100 109
100 110
100 111
100 113
100 116
100 120
100 133
100 142
100 153
100 161
100 164
100 170
100 172
100 203
100 208
100 216
100 249
100 252
100 254
100 261
100 266
100 268
100 293
100 294
100 299
100 300
100 316
100 359
100 379
100 387
100 400
100 422
100 446
100 450
100 473
100 483
100 497
101 121
101 122
101 126
101 132
101 152
101 164
101 173
101 175
101 180
101 194
101 200
101 201
101 204
101 207
101 214
101 216
101 223
101 229
101 233
101 240
101 253
101 255
101 277
101 283
101 285
101 291
101 299
101 325
101 328
101 364
101 365
101 372
101 382
101 405
101 432
101 487
102 109
102 115
102 120
102 130
102 144
102 167
102 182
102 187
102 193
102 197
102 198
102 240
102 281
102 291
102 294
102 310
102 323
102 325
102 327
102 350
102 355
102 367
102 374
102 384
102 396
102 402
102 428
102 437
102 438
102 450
102 452
102 456
102 458
102 465
102 469
102 483
102 484
103 149
103 178
103 182
103 184
103 188
103 191
103 212
103 213
103 219
103 232
103 243
103 244
103 246
103 256
103 264
103 268
103 282
103 284
103 299
103 309
103 314
103 315
103 327
103 351
103 366
103 375
103 380
103 384
103 391
103 393
103 407
103 408
103 439
103 448
103 461
103 466
103 469
103 475
103 477
104 113
104 137
104 139
104 156
104 157
104 165
104 167
104 173
104 174
104 180
104 203
104 212
104 229
104 235
104 250
104 255
104 257
104 266
104 267
104 271
104 272
104 292
104 308
104 319
104 331
104 346
104 347
104 350
104 353
104 356
104 364
104 365
104 384
104 385
104 395
104 403
104 436
104 443
104 448
104 458
104 464
104 472
104 476
104 479
105 125
105 129
105 137
105 143
105 156
105 171
105 179
105 187
105 190
105 195
105 199
105 226
105 229
105 242
105 249
105 268
105 270
105 279
105 280
105 281
105 286
105 296
105 309
105 316
105 320
105 326
105 331
105 340
105 346
105 351
105 368
105 373
105 374
105 379
105 397
105 405
105 410
105 421
105 440
105 452
105 496
105 497
105 499
106 108
106 116
106 120
106 123
106 125
106 141
106 154
106 184
106 186
106 214
106 219
106 222
106 227
106 231
106 233
106 234
106 237
106 269
106 302
106 326
106 327
106 337
106 345
106 352
106 356
106 360
106 361
106 367
106 368
106 371
106 402
106 439
106 440
106 461
107 120
107 122
107 128
107 134
107 145
107 187
107 193
107 202
107 213
107 219
107 229
107 237
107 251
107 294
107 302
107 310
107 317
107 321
107 326
107 327
107 340
107 344
107 355
107 356
107 362
107 368
107 375
107 380
107 383
107 400
107 404
107 417
107 430
107 433
107 442
107 454
107 478
107 494
108 116
108 126
108 133
108 144
108 152
108 154
108 163
108 179
108 187
108 194
108 197
108 205
108 208
108 222
108 242
108 246
108 247
108 263
108 275
108 297
108 299
108 318
108 334
108 343
108 352
108 366
108 389
108 392
108 405
108 414
108 419
108 424
108 431
108 453
108 475
108 486
108 498
109 115
109 116
109 148
109 151
109 156
109 159
109 164
109 173
109 183
109 203
109 232
109 235
109 258
109 295
109 298
109 330
109 332
109 338
109 357
109 364
109 377
109 380
109 409
109 420
109 424
109 437
109 458
109 461
109 474
109 496
110 121
110 123
110 124
110 128
110 142
110 154
110 159
110 161
110 209
110 217
110 219
110 221
110 225
110 252
110 261
110 294
110 295
110 305
110 314
110 318
110 327
110 332
110 351
110 356
110 392
110 395
110 403
110 406
110 428
110 446
110 464
110 496
111 152
111 153
111 155
111 176
111 180
111 193
111 201
111 202
111 214
111 221
111 242
111 252
111 260
111 266
111 273
111 277
111 287
111 290
111 309
111 313
111 328
111 363
111 364
111 371
111 406
111 415
111 417
111 419
111 433
111 451
111 453
111 483
111 493
112 135
112 150
112 159
112 178
112 189
112 198
112 211
112 221
112 226
112 230
112 232
112 244
112 245
112 253
112 267
112 270
112 272
112 285
112 304
112 309
112 330
112 337
112 361
112 371
112 388
112 411
112 420
112 421
112 449
112 465
112 471
112 477
112 493
113 123
113 145
113 152
113 172
113 174
113 180
113 202
113 221
113 227
113 254
113 266
113 269
113 279
113 327
113 332
113 344
113 363
113 419
113 423
113 426
113 428
113 437
113 440
113 444
113 462
113 472
113 473
113 474
113 477
113 484
114 130
114 133
114 147
114 155
114 169
114 186
114 188
114 197
114 200
114 210
114 213
114 219
114 238
114 249
114 254
114 287
114 301
114 303
114 340
114 343
114 364
114 383
114 421
114 427
114 434
114 445
114 447
114 450
114 460
114 465
114 478
114 482
114 493
114 494
115 117
115 122
115 133
115 138
115 144
115 154
115 156
115 159
115 167
115 177
115 198
115 203
115 207
115 218
115 242
115 245
115 246
115 253
115 259
115 267
115 294
115 296
115 325
115 331
115 340
115 341
115 347
115 354
115 378
115 402
115 404
115 406
115 410
115 427
115 449
115 450
115 455
115 481
115 484
115 492
116 121
116 126
116 136
116 147
116 151
116 185
116 195
116 228
116 233
116 247
116 249
116 280
116 285
116 320
116 326
116 342
116 349
116 365
116 366
116 395
116 406
116 420
116 437
116 439
116 445
116 476
116 489
117 131
117 137
117 160
117 161
117 183
117 210
117 214
117 216
117 219
117 221
117 222
117 224
117 239
117 247
117 276
117 282
117 283
117 285
117 301
117 307
117 308
117 323
117 344
117 348
117 368
117 406
117 412
117 415
117 430
117 431
117 432
117 444
117 488
117 496
118 136
118 164
118 185
118 187
118 190
118 201
118 212
118 222
118 226
118 228
118 260
118 269
118 298
118 316
118 338
118 339
118 385
118 390
118 400
118 402
118 416
118 417
118 425
118 436
118 442
118 445
118 447
118 450
118 468
118 477
118 486
119 122
119 150
119 152
119 158
119 170
119 198
119 199
119 203
119 230
119 244
119 248
119 262
119 266
119 280
119 286
119 298
119 322
119 345
119 362
119 368
119 374
119 381
119 383
119 449
119 451
119 490
120 132
120 137
120 145
120 152
120 162
120 177
120 194
120 213
120 214
120 215
120 237
120 241
120 244
120 264
120 265
120 274
120 290
120 327
120 347
120 353
120 360
120 364
120 375
120 401
120 402
120 404
120 411
120 415
120 417
120 434
120 435
120 448
120 449
120 452
120 461
120 474
120 475
120 485
120 491
121 122
121 140
121 153
121 155
121 178
121 196
121 200
121 207
121 218
121 235
121 237
121 257
121 271
121 276
121 281
121 285
121 297
121 298
121 305
121 314
121 335
121 339
121 349
121 353
121 374
121 383
121 396
121 400
121 414
121 429
121 464
121 465
121 483
121 497
121 499
122 131
122 137
122 152
122 166
122 177
122 190
122 191
122 213
122 218
122 219
122 229
122 244
122 249
122 251
122 262
122 272
122 274
122 276
122 279
122 289
122 291
122 296
122 298
122 309
122 310
122 344
122 349
122 354
122 365
122 366
122 371
122 375
122 383
122 384
122 399
122 412
122 424
122 428
122 437
122 446
122 456
122 475
122 486
122 489
122 491
123 140
123 145
123 161
123 162
123 165
123 167
123 176
123 186
123 196
123 216
123 228
123 229
123 240
123 266
123 278
123 299
123 310
123 320
123 326
123 352
123 354
123 360
123 364
123 365
123 371
123 380
123 386
123 389
123 406
123 407
123 413
123 419
123 429
123 430
123 432
123 443
123 471
123 478
123 485
123 493
124 131
124 155
124 158
124 174
124 201
124 224
124 227
124 252
124 262
124 269
124 285
124 300
124 311
124 325
124 348
124 349
124 353
124 360
124 378
124 388
124 393
124 405
124 412
124 416
124 428
124 446
124 447
124 474
124 480
124 497
125 138
125 149
125 156
125 169
125 173
125 188
125 201
125 204
125 213
125 223
125 242
125 243
125 250
125 263
125 265
125 278
125 303
125 335
125 337
125 352
125 355
125 359
125 368
125 379
125 405
125 438
125 450
125 463
125 484
125 496
125 499
126 130
126 151
126 152
126 167
126 204
126 222
126 255
126 261
126 272
126 277
126 285
126 287
126 290
126 295
126 302
126 318
126 335
126 356
126 365
126 382
126 415
126 421
126 429
126 431
126 434
126 457
127 149
127 177
127 193
127 198
127 199
127 200
127 202
127 208
127 229
127 233
127 242
127 254
127 260
127 270
127 276
127 279
127 282
127 293
127 297
127 318
127 321
127 354
127 392
127 401
127 406
127 413
127 419
127 424
127 451
127 477
127 480
127 484
128 136
128 137
128 142
128 157
128 161
128 169
128 191
128 192
128 205
128 224
128 228
128 234
128 240
128 249
128 250
128 257
128 271
128 278
128 281
128 282
128 290
128 323
128 325
128 326
128 335
128 341
128 342
128 358
128 390
128 392
128 393
128 397
128 399
128 402
128 430
128 441
128 442
128 444
128 447
128 450
128 457
128 461
128 464
128 490
129 132
129 134
129 138
129 139
129 140
129 149
129 158
129 161
129 171
129 182
129 204
129 211
129 221
129 227
129 229
129 242
129 243
129 249
129 270
129 273
129 326
129 329
129 346
129 356
129 362
129 372
129 374
129 383
129 427
129 428
129 445
129 463
130 136
130 147
130 151
130 157
130 161
130 165
130 167
130 168
130 176
130 184
130 197
130 203
130 208
130 275
130 279
130 280
130 293
130 304
130 307
130 308
130 315
130 322
130 330
130 334
130 337
130 358
130 373
130 375
130 386
130 394
130 396
130 406
130 407
130 411
130 417
130 419
130 421
130 438
130 477
130 483
130 487
130 496
131 132
131 159
131 166
131 169
131 170
131 171
131 179
131 202
131 214
131 234
131 235
131 241
131 243
131 246
131 252
131 255
131 257
131 266
131 277
131 283
131 289
131 297
131 310
131 319
131 326
131 347
131 355
131 364
131 401
131 403
131 410
131 413
131 417
131 423
131 437
131 457
131 482
131 483
131 494
132 157
132 166
132 174
132 179
132 189
132 197
132 198
132 206
132 212
132 229
132 242
132 248
132 256
132 294
132 307
132 327
132 342
132 353
132 377
132 381
132 387
132 389
132 390
132 402
132 408
132 410
132 419
132 420
132 425
132 427
132 433
132 456
132 457
132 464
132 484
132 485
133 147
133 161
133 169
133 172
133 192
133 211
133 213
133 232
133 233
133 242
133 244
133 253
133 258
133 270
133 272
133 279
133 308
133 316
133 320
133 375
133 428
133 447
133 460
133 467
133 473
133 478
133 486
133 496
133 498
134 153
134 155
134 161
134 176
134 180
134 205
134 206
134 219
134 221
134 225
134 230
134 233
134 240
134 274
134 282
134 289
134 312
134 321
134 323
134 327
134 334
134 337
134 338
134 340
134 348
134 374
134 400
134 409
134 413
134 416
134 418
134 429
134 442
134 450
134 452
134 468
134 487
134 488
134 499
135 141
135 161
135 164
135 169
135 192
135 205
135 207
135 208
135 230
135 232
135 244
135 258
135 272
135 276
135 299
135 315
135 327
135 331
135 332
135 334
135 340
135 346
135 347
135 355
135 358
135 380
135 398
135 423
135 430
135 453
135 460
135 465
135 467
135 477
135 480
135 482
135 492
135 493
135 498
136 161
136 174
136 177
136 190
136 193
136 199
136 205
136 209
136 212
136 216
136 237
136 245
136 247
136 272
136 275
136 276
136 282
136 283
136 305
136 309
136 318
136 337
136 347
136 374
136 385
136 408
136 409
136 440
136 453
136 466
137 138
137 142
137 144
137 146
137 157
137 185
137 210
137 223
137 237
137 244
137 262
137 267
137 268
137 277
137 300
137 302
137 344
137 353
137 360
137 365
137 372
137 376
137 381
137 420
137 439
137 458
137 459
137 486
137 490
137 498
138 151
138 155
138 160
138 161
138 175
138 187
138 191
138 198
138 227
138 249
138 253
138 265
138 268
138 271
138 281
138 288
138 296
138 305
138 306
138 310
138 313
138 316
138 332
138 364
138 367
138 384
138 387
138 389
138 396
138 440
138 441
138 469
138 492
138 496
139 140
139 155
139 164
139 172
139 188
139 196
139 202
139 205
139 212
139 224
139 239
139 244
139 257
139 268
139 295
139 320
139 345
139 362
139 367
139 373
139 380
139 387
139 393
139 415
139 429
139 442
139 469
139 471
139 481
139 493
140 144
140 163
140 165
140 200
140 202
140 206
140 226
140 238
140 262
140 278
140 297
140 299
140 308
140 318
140 324
140 335
140 338
140 348
140 349
140 350
140 362
140 395
140 396
140 407
140 410
140 422
140 427
140 429
140 434
140 435
140 447
140 455
140 457
140 461
140 490
141 151
141 163
141 177
141 186
141 190
141 194
141 202
141 208
141 209
141 216
141 232
141 233
141 235
141 270
141 280
141 282
141 297
141 307
141 309
141 313
141 314
141 315
141 323
141 328
141 341
141 348
141 354
141 358
141 389
141 398
141 419
141 434
141 436
141 452
141 457
141 468
141 471
141 472
141 485
141 491
142 151
142 166
142 169
142 185
142 189
142 198
142 210
142 211
142 216
142 217
142 218
142 221
142 235
142 236
142 242
142 243
142 245
142 252
142 263
142 291
142 298
142 308
142 314
142 327
142 329
142 333
142 360
142 387
142 389
142 390
142 400
142 405
142 420
142 438
142 460
142 468
142 474
142 494
142 498
143 147
143 149
143 181
143 194
143 195
143 206
143 255
143 263
143 264
143 287
143 294
143 306
143 313
143 319
143 339
143 354
143 395
143 405
143 435
143 439
143 446
143 456
143 458
143 462
143 482
143 489
144 146
144 154
144 158
144 159
144 162
144 167
144 187
144 194
144 196
144 204
144 220
144 236
144 267
144 318
144 328
144 344
144 357
144 386
144 391
144 402
144 403
144 407
144 409
144 418
144 460
144 463
144 473
144 482
144 483
144 490
145 147
145 155
145 156
145 189
145 227
145 246
145 248
145 253
145 264
145 269
145 277
145 300
145 302
145 312
145 313
145 318
145 321
145 340
145 349
145 376
145 381
145 394
145 417
145 418
145 434
145 460
145 466
145 481
145 490
146 165
146 179
146 199
146 203
146 218
146 242
146 251
146 263
146 270
146 272
146 277
146 280
146 290
146 291
146 298
146 304
146 326
146 336
146 361
146 379
146 396
146 398
146 420
146 438
146 450
146 457
146 487
146 493
147 148
147 153
147 158
147 165
147 168
147 173
147 176
147 177
147 178
147 194
147 200
147 206
147 210
147 228
147 243
147 252
147 259
147 262
147 269
147 293
147 300
147 302
147 303
147 304
147 322
147 328
147 331
147 332
147 362
147 364
147 368
147 372
147 377
147 383
147 402
147 403
147 405
147 420
147 426
147 451
147 456
147 471
147 494
147 496
147 498
148 157
148 158
148 161
148 195
148 214
148 217
148 226
148 248
148 253
148 262
148 270
148 281
148 284
148 300
148 305
148 318
148 320
148 326
148 341
148 343
148 350
148 397
148 415
148 427
148 435
148 436
148 454
148 463
148 489
149 163
149 175
149 176
149 186
149 192
149 194
149 219
149 228
149 231
149 234
149 240
149 248
149 265
149 308
149 312
149 315
149 323
149 334
149 339
149 344
149 372
149 382
149 391
149 398
149 415
149 426
149 436
149 442
149 444
149 451
149 498
150 159
150 161
150 167
150 172
150 180
150 188
150 197
150 212
150 213
150 218
150 236
150 255
150 279
150 282
150 295
150 322
150 324
150 327
150 329
150 332
150 336
150 362
150 379
150 393
150 402
150 415
150 425
150 426
150 433
150 438
150 442
150 461
151 153
151 168
151 178
151 190
151 214
151 225
151 231
151 243
151 249
151 251
151 259
151 264
151 272
151 293
151 295
151 299
151 306
151 308
151 311
151 314
151 321
151 322
151 327
151 348
151 349
151 390
151 402
151 405
151 422
151 431
151 432
151 433
151 443
151 454
151 474
151 480
151 481
151 482
151 486
151 491
151 497
151 498
152 157
152 181
152 183
152 194
152 225
152 230
152 233
152 238
152 245
152 259
152 270
152 273
152 293
152 318
152 323
152 325
152 330
152 336
152 337
152 401
152 406
152 414
152 420
152 458
152 462
152 466
152 475
152 494
153 176
153 178
153 187
153 210
153 216
153 219
153 243
153 248
153 260
153 273
153 274
153 286
153 293
153 296
153 325
153 333
153 351
153 391
153 397
153 401
153 403
153 427
153 428
153 485
153 493
154 165
154 171
154 175
154 188
154 192
154 196
154 206
154 209
154 220
154 228
154 230
154 235
154 241
154 248
154 267
154 276
154 282
154 315
154 320
154 344
154 347
154 355
154 364
154 365
154 380
154 394
154 402
154 410
154 422
154 428
154 449
154 463
154 491
154 494
155 176
155 177
155 184
155 190
155 194
155 199
155 206
155 212
155 216
155 238
155 240
155 246
155 261
155 285
155 294
155 296
155 325
155 336
155 344
155 353
155 359
155 363
155 378
155 385
155 396
155 398
155 409
155 430
155 453
156 165
156 172
156 178
156 179
156 218
156 221
156 224
156 225
156 233
156 282
156 300
156 302
156 311
156 313
156 314
156 319
156 328
156 330
156 347
156 348
156 359
156 366
156 395
156 406
156 425
156 426
156 448
157 178
157 179
157 189
157 234
157 243
157 262
157 277
157 289
157 310
157 316
157 325
157 330
157 342
157 378
157 407
157 418
157 426
157 429
157 444
157 499
158 187
158 195
158 238
158 239
158 253
158 268
158 284
158 302
158 307
158 309
158 316
158 322
158 323
158 363
158 374
158 378
158 388
158 410
158 416
158 422
158 452
158 473
158 498
159 263
159 275
159 291
159 294
159 307
159 353
159 378
159 390
159 401
159 429
159 438
159 440
159 457
159 458
159 471
159 475
159 476
160 161
160 164
160 206
160 213
160 216
160 234
160 252
160 265
160 287
160 294
160 362
160 389
160 399
160 403
160 453
160 468
160 482
160 490
160 496
160 497
161 168
161 172
161 176
161 211
161 225
161 232
161 238
161 241
161 243
161 250
161 258
161 261
161 270
161 303
161 312
161 314
161 316
161 321
161 331
161 332
161 353
161 362
161 394
161 404
161 406
161 418
161 432
161 443
161 447
161 458
162 170
162 181
162 187
162 199
162 254
162 260
162 296
162 309
162 322
162 336
162 338
162 345
162 353
162 357
162 362
162 367
162 415
162 421
162 423
162 424
162 429
162 453
162 499
163 172
163 180
163 240
163 242
163 243
163 244
163 246
163 248
163 250
163 252
163 266
163 278
163 290
163 294
163 315
163 323
163 324
163 337
163 354
163 376
163 380
163 390
163 405
163 425
163 428
163 438
163 484
163 488
164 176
164 182
164 206
164 231
164 232
164 239
164 244
164 258
164 260
164 262
164 263
164 268
164 280
164 293
164 314
164 317
164 357
164 366
164 380
164 384
164 392
164 394
164 415
164 438
164 475
164 478
164 484
164 489
164 492
164 499
165 184
165 199
165 203
165 212
165 214
165 234
165 267
165 270
165 279
165 288
165 300
165 307
165 325
165 329
165 331
165 335
165 339
165 346
165 359
165 360
165 378
165 386
165 422
165 423
165 427
165 448
165 465
165 469
165 470
165 473
165 475
165 479
166 180
166 187
166 189
166 191
166 192
166 197
166 210
166 218
166 229
166 240
166 248
166 249
166 250
166 259
166 301
166 339
166 349
166 366
166 382
166 388
166 403
166 410
166 418
166 424
166 432
166 451
166 454
166 466
166 496
166 499
167 183
167 189
167 190
167 200
167 212
167 231
167 265
167 291
167 306
167 308
167 315
167 316
167 324
167 337
167 343
167 357
167 362
167 375
167 383
167 385
167 392
167 410
167 416
167 425
167 438
167 444
167 452
167 454
167 469
167 480
167 495
167 499
168 184
168 186
168 198
168 199
168 203
168 207
168 232
168 242
168 250
168 253
168 273
168 282
168 308
168 342
168 353
168 359
168 383
168 394
168 415
168 419
168 423
168 445
168 446
168 455
168 456
168 460
168 469
168 476
168 485
168 493
168 495
169 171
169 203
169 207
169 209
169 222
169 288
169 289
169 298
169 371
169 373
169 400
169 429
169 446
169 449
169 456
169 457
169 472
169 484
169 485
170 184
170 186
170 216
170 226
170 227
170 228
170 233
170 236
170 249
170 257
170 259
170 280
170 299
170 309
170 329
170 338
170 357
170 363
170 364
170 377
170 383
170 412
170 415
170 452
170 457
170 463
170 480
170 493
170 499
171 173
171 190
171 191
171 197
171 199
171 209
171 226
171 227
171 231
171 273
171 322
171 346
171 370
171 373
171 386
171 402
171 404
171 408
171 414
171 417
171 434
171 438
171 454
171 458
171 466
171 470
171 474
171 485
171 487
171 493
171 494
171 498
171 499
172 173
172 186
172 193
172 207
172 229
172 249
172 296
172 303
172 331
172 363
172 377
172 385
172 387
172 403
172 410
172 432
172 451
172 461
172 465
172 474
172 484
173 184
173 185
173 188
173 195
173 207
173 220
173 285
173 332
173 344
173 349
173 351
173 368
173 369
173 372
173 375
173 378
173 379
173 400
173 417
173 428
173 446
173 451
173 452
173 469
173 499
174 193
174 211
174 212
174 213
174 219
174 224
174 226
174 234
174 241
174 265
174 270
174 273
174 275
174 279
174 280
174 290
174 300
174 303
174 329
174 343
174 368
174 373
174 389
174 418
174 424
174 428
174 430
174 438
174 455
174 457
174 458
174 465
174 469
174 471
174 472
174 479
174 484
175 179
175 180
175 192
175 233
175 258
175 262
175 350
175 353
175 360
175 361
175 367
175 373
175 381
175 383
175 400
175 401
175 422
175 428
175 440
175 444
175 459
175 472
175 477
175 481
175 499
176 177
176 191
176 198
176 203
176 204
176 210
176 268
176 270
176 275
176 280
176 284
176 294
176 308
176 311
176 318
176 334
176 351
176 362
176 371
176 383
176 384
176 388
176 390
176 398
176 401
176 402
176 410
176 434
176 443
176 450
176 456
176 457
176 479
177 178
177 187
177 188
177 206
177 211
177 213
177 216
177 233
177 234
177 253
177 260
177 271
177 275
177 276
177 285
177 318
177 325
177 327
177 329
177 333
177 336
177 357
177 361
177 374
177 377
177 384
177 386
177 388
177 437
177 447
177 466
177 467
177 473
177 475
177 476
177 483
177 498
178 191
178 194
178 258
178 259
178 263
178 267
178 283
178 286
178 289
178 292
178 295
178 302
178 313
178 315
178 326
178 333
178 345
178 354
178 366
178 384
178 391
178 394
178 397
178 406
178 413
178 438
178 442
178 457
178 459
178 472
178 490
178 491
179 187
179 191
179 192
179 222
179 238
179 262
179 263
179 274
179 326
179 327
179 335
179 343
179 357
179 359
179 369
179 385
179 398
179 409
179 413
179 416
179 417
179 436
179 443
179 451
179 459
179 463
179 464
179 468
179 486
179 491
179 494
180 184
180 188
180 191
180 196
180 200
180 208
180 214
180 222
180 230
180 231
180 236
180 275
180 276
180 278
180 305
180 316
180 323
180 366
180 368
180 381
180 410
180 447
180 458
180 464
180 477
180 489
180 493
180 495
180 499
181 209
181 214
181 223
181 228
181 255
181 269
181 311
181 321
181 339
181 350
181 352
181 353
181 357
181 373
181 395
181 414
181 420
181 424
181 434
181 437
181 447
181 476
181 491
181 493
181 498
182 183
182 189
182 191
182 207
182 229
182 239
182 254
182 264
182 277
182 293
182 314
182 324
182 382
182 405
182 406
182 413
182 460
182 466
182 474
182 487
183 203
183 207
183 212
183 214
183 247
183 249
183 251
183 267
183 282
183 291
183 311
183 313
183 331
183 336
183 339
183 349
183 350
183 352
183 388
183 390
183 402
183 418
183 444
183 467
183 468
183 471
183 478
183 488
184 204
184 205
184 213
184 215
184 219
184 222
184 235
184 239
184 246
184 277
184 279
184 305
184 315
184 325
184 327
184 331
184 334
184 336
184 341
184 346
184 351
184 370
184 373
184 374
184 386
184 416
184 418
184 423
184 425
184 443
184 447
184 449
184 451
185 201
185 210
185 213
185 218
185 224
185 234
185 240
185 247
185 249
185 255
185 259
185 261
185 266
185 269
185 272
185 274
185 275
185 293
185 295
185 304
185 311
185 313
185 321
185 350
185 365
185 386
185 401
185 450
185 456
185 465
185 480
185 485
185 493
186 188
186 217
186 223
186 225
186 238
186 239
186 262
186 265
186 270
186 276
186 286
186 298
186 335
186 341
186 354
186 356
186 373
186 386
186 396
186 407
186 441
186 443
186 453
186 482
186 495
187 191
187 194
187 198
187 199
187 207
187 217
187 221
187 223
187 232
187 233
187 252
187 258
187 272
187 276
187 283
187 287
187 288
187 289
187 303
187 322
187 324
187 337
187 340
187 343
187 347
187 377
187 389
187 390
187 399
187 442
187 462
187 464
187 486
187 490
187 495
188 196
188 280
188 312
188 321
188 323
188 327
188 352
188 368
188 374
188 390
188 393
188 422
188 429
188 449
188 452
188 455
188 462
188 496
189 191
189 192
189 195
189 224
189 233
189 257
189 258
189 274
189 287
189 300
189 301
189 302
189 310
189 313
189 317
189 325
189 336
189 341
189 346
189 348
189 357
189 359
189 371
189 380
189 387
189 388
189 414
189 425
189 431
189 441
189 454
189 463
189 474
189 476
189 477
189 496
190 198
190 231
190 252
190 265
190 266
190 279
190 282
190 286
190 308
190 316
190 341
190 374
190 375
190 394
190 421
190 487
190 490
190 495
191 203
191 204
191 207
191 209
191 226
191 240
191 246
191 267
191 268
191 280
191 283
191 299
191 306
191 307
191 314
191 320
191 324
191 329
191 331
191 353
191 354
191 361
191 362
191 365
191 395
191 407
191 414
191 419
191 422
191 423
191 438
191 451
191 464
191 468
191 469
191 483
191 489
192 203
192 256
192 258
192 259
192 272
192 280
192 288
192 304
192 310
192 320
192 331
192 333
192 350
192 358
192 374
192 412
192 416
192 437
192 439
192 450
192 454
192 461
192 463
192 470
192 475
192 488
192 489
192 490
192 495
192 498
193 196
193 200
193 210
193 234
193 237
193 240
193 252
193 289
193 337
193 338
193 341
193 351
193 355
193 359
193 374
193 377
193 379
193 382
193 400
193 410
193 415
193 421
193 448
193 456
193 459
193 478
194 215
194 217
194 251
194 258
194 275
194 292
194 294
194 301
194 315
194 321
194 323
194 332
194 336
194 339
194 341
194 357
194 362
194 383
194 394
194 405
194 411
194 417
194 427
194 430
194 442
194 458
194 462
194 467
194 468
194 481
194 486
195 200
195 203
195 204
195 209
195 213
195 229
195 233
195 243
195 264
195 274
195 278
195 286
195 288
195 306
195 308
195 309
195 315
195 349
195 352
195 360
195 366
195 375
195 422
195 425
195 427
195 459
195 468
195 469
196 198
196 214
196 223
196 229
196 240
196 249
196 289
196 311
196 352
196 374
196 377
196 378
196 381
196 393
196 413
196 415
196 419
196 423
196 436
196 442
196 443
196 452
196 490
196 492
197 203
197 211
197 250
197 277
197 285
197 302
197 304
197 311
197 316
197 329
197 369
197 380
197 388
197 413
197 415
197 421
197 432
197 461
197 463
197 465
197 471
197 489
197 498
198 203
198 204
198 217
198 218
198 220
198 223
198 229
198 245
198 252
198 256
198 270
198 281
198 283
198 288
198 304
198 312
198 320
198 330
198 332
198 335
198 346
198 381
198 398
198 402
198 420
198 433
198 435
198 457
198 470
198 472
198 473
198 483
198 485
198 492
199 207
199 226
199 229
199 245
199 248
199 253
199 256
199 270
199 273
199 301
199 306
199 310
199 311
199 313
199 326
199 327
199 347
199 350
199 368
199 395
199 430
199 440
199 445
199 459
199 473
199 494
199 497
200 201
200 226
200 229
200 238
200 241
200 249
200 260
200 271
200 273
200 280
200 285
200 292
200 308
200 319
200 345
200 350
200 353
200 359
200 388
200 389
200 394
200 411
200 429
200 430
200 434
200 436
200 441
200 446
200 449
200 495
201 208
201 237
201 239
201 246
201 247
201 259
201 265
201 275
201 279
201 295
201 319
201 341
201 361
201 366
201 379
201 381
201 400
201 415
201 429
201 430
201 437
201 439
201 447
201 461
201 469
201 483
201 484
201 490
201 494
202 203
202 240
202 247
202 256
202 257
202 260
202 272
202 273
202 285
202 287
202 297
202 301
202 303
202 317
202 350
202 366
202 372
202 377
202 385
202 402
202 412
202 428
202 439
202 452
202 479
202 484
202 492
203 205
203 209
203 221
203 233
203 270
203 273
203 276
203 284
203 286
203 301
203 302
203 314
203 332
203 348
203 358
203 368
203 386
203 424
203 453
203 456
203 460
203 491
204 212
204 217
204 236
204 243
204 258
204 285
204 306
204 317
204 334
204 365
204 379
204 392
204 399
204 429
204 430
204 433
204 438
204 465
204 483
204 485
204 486
204 489
204 490
204 493
204 495
204 499
205 221
205 233
205 266
205 273
205 278
205 298
205 300
205 303
205 304
205 309
205 325
205 334
205 351
205 355
205 371
205 372
205 383
205 393
205 397
205 414
205 426
205 431
205 432
205 456
205 457
205 458
205 460
205 490
205 492
205 499
206 207
206 212
206 223
206 228
206 247
206 248
206 255
206 256
206 263
206 282
206 284
206 287
206 294
206 298
206 307
206 315
206 318
206 324
206 329
206 330
206 333
206 338
206 354
206 375
206 383
206 392
206 393
206 412
206 413
206 417
206 424
206 434
206 439
206 445
206 452
206 458
206 468
206 483
206 494
207 221
207 228
207 232
207 236
207 266
207 271
207 273
207 276
207 279
207 280
207 290
207 291
207 293
207 301
207 303
207 318
207 326
207 330
207 342
207 345
207 352
207 353
207 364
207 373
207 395
207 412
207 414
207 418
207 439
207 445
207 447
207 455
207 474
207 492
207 499
208 220
208 222
208 243
208 263
208 267
208 272
208 289
208 291
208 295
208 316
208 317
208 323
208 332
208 349
208 351
208 358
208 370
208 405
208 406
208 411
208 422
208 457
208 470
208 482
208 484
209 218
209 219
209 227
209 228
209 242
209 248
209 271
209 280
209 281
209 300
209 303
209 322
209 334
209 342
209 348
209 351
209 361
209 377
209 395
209 404
209 424
209 448
209 460
209 468
209 484
210 229
210 236
210 240
210 258
210 284
210 289
210 294
210 297
210 306
210 320
210 332
210 334
210 346
210 371
210 373
210 387
210 389
210 414
210 415
210 426
210 434
210 470
210 499
211 214
211 216
211 217
211 237
211 241
211 245
211 260
211 261
211 270
211 275
211 280
211 291
211 293
211 294
211 301
211 307
211 308
211 333
211 361
211 370
211 396
211 400
211 412
211 418
211 421
211 425
211 430
211 431
211 435
211 459
211 462
211 471
212 216
212 238
212 245
212 261
212 270
212 272
212 279
212 282
212 299
212 312
212 340
212 351
212 352
212 373
212 376
212 380
212 390
212 404
212 414
212 422
212 424
212 432
212 472
212 478
212 486
212 488
212 495
213 227
213 229
213 233
213 243
213 251
213 269
213 270
213 281
213 285
213 297
213 302
213 318
213 323
213 331
213 364
213 367
213 374
213 421
213 424
213 440
213 441
213 443
213 448
213 464
214 220
214 221
214 224
214 234
214 241
214 245
214 258
214 266
214 267
214 279
214 289
214 291
214 304
214 309
214 312
214 323
214 329
214 340
214 353
214 355
214 359
214 362
214 364
214 378
214 407
214 414
214 419
214 427
214 459
214 477
214 498
215 229
215 230
215 234
215 246
215 258
215 275
215 278
215 300
215 302
215 312
215 316
215 317
215 331
215 332
215 338
215 345
215 357
215 359
215 372
215 399
215 400
215 408
215 417
215 421
215 425
215 429
215 431
215 444
215 452
215 454
215 456
216 228
216 232
216 233
216 236
216 242
216 245
216 263
216 270
216 286
216 297
216 298
216 318
216 321
216 333
216 334
216 345
216 358
216 372
216 389
216 455
216 466
216 482
216 490
216 492
217 226
217 231
217 237
217 239
217 247
217 291
217 300
217 304
217 307
217 309
217 327
217 343
217 355
217 356
217 369
217 384
217 398
217 437
217 449
217 482
217 490
218 229
218 233
218 235
218 238
218 265
218 291
218 293
218 336
218 340
218 350
218 373
218 380
218 383
218 393
218 416
218 417
218 427
218 431
218 445
218 447
218 496
219 222
219 223
219 242
219 266
219 294
219 304
219 306
219 320
219 332
219 333
219 340
219 341
219 347
219 366
219 385
219 386
219 392
219 396
219 397
219 398
219 424
219 442
219 444
219 463
219 466
219 477
220 222
220 241
220 246
220 253
220 254
220 262
220 264
220 273
220 274
220 278
220 281
220 282
220 294
220 299
220 304
220 310
220 337
220 338
220 348
220 360
220 368
220 375
220 376
220 402
220 415
220 420
220 432
220 441
220 453
220 476
220 477
220 478
220 494
221 229
221 231
221 238
221 246
221 254
221 264
221 291
221 312
221 322
221 325
221 335
221 346
221 351
221 354
221 358
221 394
221 398
221 414
221 417
221 422
221 435
221 449
221 469
221 470
221 482
221 483
221 494
221 498
222 223
222 225
222 231
222 244
222 246
222 256
222 264
222 272
222 290
222 295
222 296
222 299
222 301
222 306
222 310
222 329
222 336
222 343
222 344
222 349
222 355
222 356
222 357
222 361
222 364
222 379
222 401
222 414
222 422
222 433
222 439
222 441
222 451
222 467
222 471
222 480
222 484
222 495
223 226
223 238
223 261
223 263
223 278
223 280
223 283
223 298
223 305
223 321
223 336
223 356
223 372
223 375
223 378
223 382
223 417
223 432
223 447
223 474
223 482
223 491
223 496
224 230
224 256
224 264
224 310
224 321
224 334
224 335
224 344
224 350
224 362
224 367
224 396
224 449
224 455
224 463
224 491
224 493
224 498
225 232
225 240
225 243
225 258
225 269
225 277
225 279
225 280
225 282
225 285
225 301
225 308
225 312
225 317
225 329
225 343
225 350
225 380
225 385
225 392
225 393
225 395
225 416
225 451
225 459
225 488
225 499
226 228
226 273
226 282
226 284
226 326
226 330
226 332
226 345
226 351
226 384
226 396
226 401
226 425
226 440
226 467
226 485
226 496
227 237
227 251
227 268
227 320
227 326
227 335
227 343
227 378
227 386
227 388
227 389
227 415
227 417
227 424
227 452
227 478
227 486
228 232
228 233
228 234
228 240
228 244
228 249
228 262
228 293
228 301
228 320
228 329
228 340
228 346
228 347
228 349
228 350
228 354
228 361
228 405
228 407
228 419
228 432
228 462
228 464
228 468
228 481
228 494
229 232
229 233
229 248
229 257
229 262
229 266
229 272
229 300
229 323
229 342
229 355
229 377
229 383
229 388
229 395
229 406
229 408
229 418
229 425
229 441
229 466
229 473
229 481
230 243
230 268
230 269
230 279
230 285
230 317
230 320
230 337
230 347
230 363
230 384
230 385
230 387
230 398
230 432
230 436
230 457
230 462
230 480
230 485
230 496
231 232
231 244
231 285
231 286
231 287
231 296
231 300
231 308
231 329
231 338
231 341
231 354
231 358
231 360
231 375
231 411
231 436
231 442
231 445
231 452
231 488
231 492
231 498
232 247
232 251
232 270
232 274
232 288
232 289
232 296
232 333
232 338
232 342
232 349
232 352
232 353
232 359
232 364
232 378
232 380
232 382
232 394
232 404
232 411
232 435
232 446
232 452
232 471
232 477
232 485
232 495
233 237
233 247
233 254
233 262
233 269
233 281
233 282
233 286
233 287
233 301
233 308
233 309
233 320
233 327
233 332
233 342
233 344
233 354
233 367
233 373
233 376
233 401
233 411
233 413
233 417
233 419
233 447
233 453
233 454
233 460
233 463
233 475
233 481
233 483
234 239
234 240
234 251
234 266
234 286
234 298
234 343
234 345
234 347
234 351
234 361
234 372
234 375
234 390
234 391
234 393
234 400
234 407
234 410
234 416
234 428
234 444
234 491
235 257
235 281
235 293
235 306
235 318
235 331
235 345
235 352
235 368
235 376
235 407
235 412
235 414
235 443
235 472
235 492
235 493
235 498
235 499
236 248
236 249
236 251
236 254
236 288
236 309
236 314
236 317
236 334
236 335
236 336
236 339
236 347
236 360
236 394
236 403
236 411
236 426
236 429
236 432
236 436
236 444
236 446
236 447
236 472
236 481
236 489
237 245
237 259
237 262
237 271
237 274
237 312
237 316
237 320
237 332
237 334
237 344
237 375
237 400
237 401
237 417
237 444
237 453
237 460
237 465
237 476
238 249
238 257
238 291
238 292
238 300
238 311
238 320
238 334
238 336
238 354
238 363
238 375
238 386
238 387
238 405
238 414
238 423
238 433
238 460
238 480
238 481
238 491
238 495
238 498
239 241
239 243
239 249
239 250
239 286
239 298
239 303
239 308
239 312
239 322
239 324
239 360
239 364
239 376
239 415
239 431
239 434
239 450
239 453
239 456
239 464
239 467
239 470
239 479
239 489
239 490
240 261
240 271
240 272
240 291
240 296
240 299
240 300
240 319
240 321
240 323
240 330
240 334
240 342
240 346
240 356
240 358
240 371
240 377
240 384
240 385
240 389
240 397
240 441
240 449
240 452
240 456
240 462
240 464
240 490
241 249
241 284
241 297
241 305
241 322
241 335
241 349
241 360
241 362
241 367
241 377
241 383
241 392
241 395
241 399
241 400
241 403
241 411
241 421
241 437
241 438
241 448
241 461
241 472
241 496
242 269
242 274
242 279
242 282
242 305
242 318
242 320
242 332
242 346
242 349
242 353
242 358
242 371
242 405
242 418
242 444
242 451
242 459
242 461
242 469
242 490
242 495
243 248
243 256
243 264
243 275
243 305
243 316
243 319
243 351
243 352
243 373
243 392
243 408
243 412
243 414
243 415
243 416
243 418
243 425
243 430
243 436
243 446
243 457
243 462
243 464
243 474
244 253
244 264
244 270
244 277
244 287
244 293
244 308
244 319
244 333
244 347
244 348
244 351
244 360
244 362
244 366
244 388
244 403
244 408
244 411
244 420
244 439
244 449
244 452
244 478
244 486
245 255
245 267
245 272
245 274
245 282
245 299
245 328
245 334
245 335
245 354
245 363
245 372
245 377
245 378
245 388
245 396
245 425
245 448
245 454
245 461
245 484
245 486
245 497
246 260
246 269
246 282
246 316
246 335
246 336
246 342
246 386
246 387
246 389
246 394
246 398
246 401
246 407
246 421
246 425
246 434
246 463
246 474
246 479
247 262
247 264
247 274
247 281
247 285
247 287
247 293
247 298
247 299
247 301
247 306
247 310
247 336
247 347
247 364
247 371
247 384
247 392
247 402
247 416
247 426
247 429
247 434
247 479
247 480
247 482
247 493
247 494
247 496
248 256
248 287
248 288
248 299
248 302
248 318
248 325
248 332
248 349
248 350
248 351
248 357
248 373
248 411
248 440
248 441
248 443
248 444
248 472
248 477
248 490
248 494
249 259
249 268
249 297
249 298
249 306
249 311
249 315
249 325
249 330
249 334
249 337
249 342
249 361
249 369
249 371
249 399
249 406
249 427
249 439
249 441
249 467
249 471
249 472
249 481
249 483
250 272
250 315
250 334
250 345
250 349
250 350
250 358
250 367
250 370
250 371
250 402
250 404
250 412
250 413
250 417
250 419
250 451
250 474
250 477
250 478
250 496
250 497
251 253
251 259
251 274
251 281
251 283
251 286
251 337
251 347
251 351
251 355
251 363
251 380
251 414
251 430
251 431
251 438
251 442
251 451
251 455
251 460
251 476
252 255
252 311
252 312
252 326
252 329
252 334
252 340
252 358
252 363
252 370
252 373
252 376
252 379
252 399
252 408
252 420
252 428
252 430
252 442
252 466
252 472
252 478
252 481
252 482
252 497
253 267
253 284
253 289
253 297
253 304
253 307
253 316
253 317
253 319
253 342
253 354
253 356
253 371
253 372
253 379
253 382
253 407
253 409
253 424
253 425
253 469
253 478
253 495
254 264
254 266
254 268
254 278
254 279
254 301
254 323
254 341
254 351
254 356
254 370
254 378
254 389
254 391
254 428
254 429
254 434
254 440
254 441
254 483
254 498
255 257
255 262
255 266
255 274
255 296
255 307
255 309
255 310
255 311
255 328
255 329
255 335
255 339
255 349
255 357
255 359
255 378
255 392
255 393
255 395
255 397
255 398
255 409
255 423
255 428
255 439
255 446
255 458
255 480
255 483
255 497
256 258
256 260
256 264
256 272
256 298
256 311
256 321
256 330
256 340
256 341
256 346
256 356
256 366
256 375
256 390
256 399
256 405
256 442
257 269
257 283
257 297
257 355
257 362
257 395
257 407
257 428
257 438
257 442
257 455
257 468
257 469
257 472
257 474
257 475
257 477
257 483
257 487
258 268
258 275
258 304
258 307
258 316
258 343
258 349
258 378
258 387
258 418
258 420
258 428
258 456
259 260
259 279
259 282
259 283
259 285
259 297
259 330
259 336
259 357
259 371
259 376
259 398
259 414
259 417
259 431
259 447
259 458
259 468
259 481
259 485
260 263
260 275
260 276
260 298
260 331
260 346
260 357
260 369
260 378
260 391
260 401
260 403
260 411
260 416
260 431
260 458
260 464
260 469
260 481
260 492
260 498
261 274
261 282
261 290
261 306
261 307
261 320
261 339
261 343
261 347
261 364
261 389
261 398
261 403
261 410
261 419
261 421
261 447
261 464
261 480
261 483
262 274
262 284
262 288
262 312
262 316
262 331
262 335
262 336
262 353
262 389
262 400
262 401
262 406
262 423
262 425
262 426
262 443
262 452
262 456
262 466
262 468
262 488
263 283
263 298
263 299
263 303
263 308
263 313
263 332
263 336
263 343
263 359
263 363
263 392
263 402
263 403
263 405
263 414
263 419
263 429
263 433
263 441
263 479
263 491
263 499
264 266
264 275
264 278
264 291
264 298
264 307
264 319
264 324
264 345
264 375
264 377
264 378
264 381
264 383
264 387
264 397
264 416
264 432
264 438
264 445
264 458
264 459
264 462
264 464
264 481
264 482
264 496
265 269
265 281
265 300
265 301
265 302
265 314
265 328
265 337
265 346
265 359
265 368
265 369
265 372
265 373
265 389
265 390
265 395
265 409
265 410
265 415
265 418
265 440
265 448
265 458
265 474
265 485
265 487
265 493
266 270
266 271
266 273
266 277
266 283
266 290
266 319
266 320
266 327
266 328
266 347
266 348
266 357
266 369
266 407
266 434
266 442
266 452
266 458
266 463
266 464
266 477
266 493
266 499
267 273
267 281
267 323
267 324
267 331
267 335
267 343
267 356
267 372
267 387
267 393
267 420
267 432
267 442
267 443
267 458
267 461
267 465
267 479
267 484
268 279
268 289
268 290
268 314
268 317
268 323
268 328
268 337
268 342
268 343
268 350
268 355
268 367
268 418
268 421
268 422
268 425
268 457
268 483
268 494
269 293
269 297
269 320
269 321
269 334
269 350
269 371
269 377
269 381
269 396
269 411
269 435
269 458
269 463
269 469
269 497
270 272
270 302
270 307
270 329
270 336
270 345
270 349
270 360
270 394
270 402
270 404
270 424
270 446
270 447
270 482
270 483
270 486
270 493
271 275
271 280
271 308
271 321
271 323
271 342
271 359
271 366
271 375
271 382
271 386
271 395
271 400
271 401
271 404
271 415
271 424
271 441
271 449
271 452
271 495
271 496
272 281
272 297
272 300
272 301
272 336
272 357
272 358
272 359
272 362
272 366
272 406
272 425
272 439
272 463
272 479
272 493
272 498
273 277
273 290
273 300
273 310
273 311
273 339
273 343
273 354
273 385
273 392
273 403
273 415
273 463
273 477
273 479
273 486
273 487
273 488
273 491
273 494
274 295
274 313
274 319
274 326
274 329
274 340
274 351
274 358
274 370
274 378
274 386
274 399
274 409
274 420
274 422
274 434
274 461
274 468
274 485
275 276
275 281
275 288
275 292
275 317
275 326
275 335
275 342
275 347
275 363
275 365
275 393
275 401
275 406
275 429
275 432
275 440
275 471
275 497
276 290
276 299
276 339
276 344
276 349
276 352
276 364
276 372
276 382
276 391
276 397
276 400
276 401
276 406
276 413
276 415
276 430
276 431
276 440
276 456
276 479
277 290
277 293
277 312
277 325
277 343
277 344
277 349
277 396
277 400
277 406
277 414
277 416
277 424
277 462
277 466
277 490
278 292
278 294
278 296
278 320
278 321
278 324
278 325
278 330
278 335
278 341
278 359
278 366
278 374
278 378
278 386
278 388
278 395
278 396
278 398
278 405
278 420
278 426
278 432
278 435
278 459
278 478
278 499
279 293
279 327
279 328
279 359
279 361
279 398
279 399
279 401
279 407
279 413
279 429
279 439
279 465
279 471
279 473
279 478
279 496
280 289
280 301
280 308
280 310
280 316
280 338
280 342
280 362
280 365
280 367
280 375
280 380
280 385
280 388
280 392
280 393
280 404
280 413
280 433
280 446
280 459
280 466
280 474
280 476
280 480
280 481
280 485
280 493
281 291
281 292
281 345
281 351
281 373
281 378
281 395
281 399
281 408
281 411
281 430
281 453
281 458
281 483
282 283
282 294
282 297
282 312
282 324
282 342
282 364
282 365
282 369
282 408
282 416
282 418
282 437
282 456
282 463
282 467
282 495
283 292
283 321
283 322
283 343
283 359
283 369
283 371
283 383
283 391
283 404
283 411
283 419
283 446
283 451
283 471
283 480
283 491
284 320
284 321
284 334
284 351
284 364
284 367
284 375
284 386
284 401
284 403
284 417
284 442
284 444
284 455
284 462
284 480
284 490
285 314
285 339
285 354
285 390
285 400
285 407
285 431
285 441
285 442
285 459
285 460
285 462
285 485
285 492
285 497
286 296
286 298
286 315
286 317
286 341
286 348
286 363
286 386
286 411
286 432
286 436
286 448
286 451
286 456
286 488
286 490
287 292
287 318
287 319
287 320
287 329
287 332
287 359
287 366
287 372
287 393
287 395
287 398
287 403
287 413
287 426
287 430
287 440
287 448
287 451
287 452
287 458
287 474
287 479
287 485
288 298
288 305
288 308
288 321
288 342
288 387
288 390
288 395
288 403
288 422
288 429
288 440
288 444
288 453
288 483
288 486
288 487
289 304
289 317
289 319
289 336
289 339
289 363
289 367
289 383
289 385
289 388
289 398
289 416
289 422
289 429
289 454
289 460
289 489
289 491
290 326
290 338
290 342
290 351
290 362
290 380
290 394
290 432
290 443
290 448
290 458
290 460
290 461
290 466
290 470
290 477
290 487
291 314
291 338
291 349
291 355
291 381
291 387
291 408
291 412
291 441
291 449
291 450
291 460
291 462
291 467
291 484
291 495
292 293
292 294
292 297
292 298
292 322
292 325
292 356
292 358
292 368
292 377
292 380
292 392
292 399
292 416
292 420
292 422
292 434
292 438
292 447
292 467
292 481
292 487
292 499
293 299
293 310
293 339
293 341
293 394
293 395
293 410
293 430
293 433
293 443
293 457
293 482
293 484
294 309
294 318
294 337
294 353
294 371
294 385
294 386
294 407
294 409
294 428
294 452
294 454
294 457
294 466
294 479
294 486
294 490
294 491
294 492
294 493
294 495
294 496
294 497
295 303
295 305
295 308
295 318
295 326
295 329
295 335
295 361
295 363
295 379
295 396
295 404
295 422
295 424
295 426
295 449
295 453
295 456
295 461
295 463
295 471
295 490
295 493
295 498
296 306
296 323
296 327
296 339
296 354
296 361
296 368
296 371
296 372
296 404
296 406
296 431
296 432
296 449
296 456
296 471
296 488
297 306
297 322
297 329
297 330
297 332
297 335
297 345
297 351
297 354
297 391
297 395
297 397
297 405
297 408
297 409
297 410
297 473
297 481
298 316
298 325
298 327
298 335
298 336
298 339
298 347
298 368
298 379
298 381
298 390
298 449
298 462
298 471
298 473
299 304
299 317
299 322
299 323
299 344
299 355
299 360
299 394
299 402
299 418
299 421
299 429
299 435
299 445
299 447
299 450
299 455
299 457
299 468
299 481
299 484
299 487
299 492
299 498
300 312
300 313
300 325
300 329
300 339
300 350
300 367
300 374
300 384
300 388
300 399
300 402
300 405
300 415
300 421
300 423
300 428
300 430
300 431
300 458
300 463
300 472
300 478
300 482
300 485
300 488
300 497
301 321
301 346
301 373
301 381
301 393
301 394
301 396
301 405
301 436
301 442
301 443
301 447
301 452
301 454
302 316
302 334
302 339
302 341
302 344
302 345
302 348
302 354
302 371
302 375
302 393
302 396
302 398
302 399
302 406
302 411
302 417
302 452
302 460
302 461
302 489
302 497
303 307
303 330
303 335
303 354
303 364
303 372
303 385
303 401
303 413
303 435
303 436
303 458
303 468
303 490
304 320
304 337
304 341
304 346
304 360
304 361
304 366
304 376
304 385
304 389
304 397
304 446
304 462
304 481
304 494
304 497
305 307
305 314
305 366
305 383
305 402
305 418
305 445
305 461
305 484
306 334
306 339
306 341
306 356
306 359
306 369
306 370
306 385
306 389
306 400
306 405
306 414
306 418
306 426
306 434
306 435
306 444
306 446
306 453
306 455
306 485
307 309
307 329
307 335
307 344
307 371
307 374
307 380
307 389
307 393
307 405
307 406
307 407
307 413
307 420
307 421
307 426
307 434
307 442
307 453
307 470
307 485
307 489
308 328
308 331
308 335
308 336
308 346
308 348
308 354
308 364
308 377
308 383
308 388
308 399
308 406
308 410
308 422
308 451
308 473
308 478
308 496
309 321
309 337
309 355
309 362
309 366
309 368
309 375
309 378
309 386
309 389
309 390
309 391
309 416
309 419
309 420
309 432
309 436
309 457
309 459
310 311
310 325
310 329
310 346
310 365
310 368
310 370
310 383
310 386
310 401
310 403
310 418
310 432
310 437
310 455
310 463
310 469
310 474
310 492
310 497
311 313
311 325
311 336
311 339
311 365
311 394
311 413
311 414
311 417
311 455
311 457
311 466
311 480
311 496
312 341
312 348
312 352
312 374
312 394
312 425
312 427
312 428
312 434
312 442
312 444
312 452
312 470
312 479
312 488
312 491
313 320
313 324
313 330
313 338
313 345
313 357
313 369
313 372
313 385
313 396
313 397
313 416
313 417
313 430
313 444
313 448
313 450
313 453
313 466
313 467
313 475
313 480
313 499
314 318
314 320
314 329
314 383
314 392
314 397
314 399
314 409
314 430
314 433
314 437
314 438
314 441
314 447
314 469
314 479
314 485
315 331
315 358
315 359
315 361
315 409
315 433
315 440
315 441
315 442
315 445
315 480
315 481
315 499
316 349
316 358
316 360
316 363
316 391
316 395
316 447
316 451
316 463
316 471
316 479
316 495
316 496
316 497
317 336
317 345
317 346
317 350
317 369
317 371
317 376
317 381
317 386
317 403
317 410
317 415
317 445
317 460
317 463
317 467
317 473
317 478
317 495
318 322
318 330
318 332
318 340
318 344
318 350
318 356
318 368
318 377
318 394
318 397
318 403
318 433
318 446
318 461
318 470
318 475
318 477
318 478
318 491
318 498
318 499
319 320
319 341
319 344
319 370
319 391
319 393
319 415
319 424
319 426
319 429
319 434
319 444
319 450
319 454
319 462
319 463
319 472
320 336
320 339
320 345
320 362
320 380
320 409
320 421
320 463
320 474
321 339
321 366
321 375
321 376
321 392
321 406
321 416
321 418
321 426
321 443
321 446
321 465
321 466
321 475
321 484
321 498
321 499
322 328
322 332
322 334
322 347
322 352
322 383
322 392
322 398
322 409
322 419
322 447
322 461
322 468
322 470
322 475
322 477
322 480
322 490
323 348
323 351
323 361
323 367
323 372
323 374
323 406
323 408
323 422
323 424
323 434
323 439
323 440
323 441
323 442
323 443
323 448
323 451
324 334
324 336
324 343
324 366
324 372
324 380
324 384
324 399
324 400
324 415
324 430
324 432
324 439
324 455
324 466
324 468
324 472
324 480
325 326
325 327
325 347
325 349
325 366
325 370
325 390
325 411
325 414
325 433
325 439
325 450
325 476
326 329
326 349
326 357
326 359
326 361
326 363
326 383
326 393
326 398
326 399
326 437
326 455
326 463
326 488
326 489
326 494
327 329
327 335
327 356
327 370
327 376
327 381
327 401
327 408
327 412
327 416
327 420
327 440
327 462
327 483
327 493
328 329
328 360
328 363
328 365
328 372
328 378
328 386
328 397
328 400
328 411
328 412
328 421
328 424
328 425
328 435
328 450
328 460
328 474
328 478
329 345
329 361
329 367
329 370
329 386
329 393
329 432
329 438
329 445
329 448
329 449
329 451
329 456
329 469
329 472
329 485
329 487
330 333
330 339
330 352
330 358
330 371
330 377
330 398
330 403
330 417
330 425
330 426
330 446
330 452
330 483
330 484
331 342
331 350
331 359
331 363
331 381
331 384
331 393
331 395
331 398
331 415
331 416
331 423
331 447
331 476
331 481
332 344
332 355
332 357
332 365
332 367
332 371
332 377
332 386
332 392
332 401
332 405
332 406
332 421
332 423
332 441
332 448
333 343
333 346
333 366
333 370
333 388
333 390
333 398
333 399
333 424
333 426
333 428
333 432
333 440
333 481
333 484
333 492
334 360
334 361
334 373
334 411
334 424
334 430
334 438
334 440
334 442
334 445
334 446
334 453
334 461
334 475
334 479
334 486
335 336
335 369
335 381
335 395
335 415
335 438
335 446
335 457
335 462
335 470
336 364
336 373
336 383
336 410
336 446
336 460
336 482
336 487
336 489
336 493
337 339
337 367
337 387
337 389
337 392
337 396
337 398
337 403
337 413
337 430
337 448
337 453
337 455
337 485
337 487
337 496
337 497
337 499
338 347
338 368
338 375
338 387
338 410
338 413
338 420
338 435
338 443
338 451
338 465
338 468
338 470
338 472
338 475
338 483
338 491
338 494
339 355
339 364
339 366
339 369
339 370
339 392
339 408
339 418
339 478
339 494
340 350
340 367
340 376
340 409
340 422
340 443
340 446
340 459
340 466
340 480
340 486
340 495
341 350
341 354
341 359
341 362
341 367
341 373
341 392
341 397
341 451
341 458
341 462
341 474
341 475
341 478
341 484
341 495
342 354
342 382
342 383
342 387
342 400
342 404
342 409
342 410
342 413
342 418
342 431
342 434
342 437
342 456
342 471
342 472
342 473
342 483
342 488
342 490
343 359
343 369
343 381
343 382
343 399
343 420
343 436
343 441
343 443
343 462
343 470
343 476
343 478
344 350
344 356
344 359
344 372
344 375
344 376
344 394
344 395
344 399
344 412
344 416
344 418
344 420
344 423
344 443
344 463
344 477
344 480
344 485
344 491
344 492
345 350
345 351
345 354
345 367
345 370
345 373
345 397
345 400
345 432
345 435
345 436
345 477
345 488
345 493
345 499
346 365
346 367
346 373
346 382
346 406
346 412
346 423
346 436
346 439
346 455
346 471
346 474
346 478
346 493
346 496
346 497
347 356
347 364
347 382
347 387
347 400
347 405
347 413
347 418
347 448
347 450
347 489
347 498
348 363
348 378
348 380
348 382
348 383
348 388
348 403
348 415
348 420
348 426
348 428
348 443
348 444
348 451
348 453
348 496
349 357
349 360
349 373
349 375
349 401
349 405
349 417
349 421
349 430
349 434
349 445
349 451
349 453
349 459
349 460
349 462
350 359
350 386
350 404
350 407
350 409
350 439
350 466
350 496
350 499
351 365
351 366
351 369
351 377
351 423
351 424
351 434
351 459
351 473
351 484
351 490
352 357
352 382
352 403
352 430
352 432
352 437
352 442
352 450
352 469
352 482
352 488
353 362
353 365
353 366
353 368
353 372
353 373
353 379
353 390
353 397
353 399
353 418
353 420
353 424
353 469
353 489
353 494
353 498
354 364
354 381
354 405
354 408
354 411
354 421
354 451
354 458
354 459
354 468
354 487
354 492
354 494
355 356
355 357
355 359
355 364
355 372
355 376
355 383
355 403
355 410
355 430
355 436
355 447
355 466
355 470
355 472
356 361
356 379
356 385
356 388
356 402
356 407
356 421
356 425
356 435
356 441
356 458
356 469
356 494
356 498
357 374
357 392
357 396
357 397
357 406
357 421
357 435
357 453
357 459
357 478
357 493
358 359
358 369
358 381
358 388
358 403
358 407
358 413
358 420
358 424
358 426
358 427
358 435
358 451
358 462
358 480
358 488
358 494
359 377
359 384
359 385
359 410
359 426
359 429
359 436
359 450
359 466
359 467
359 469
359 496
360 369
360 383
360 393
360 415
360 429
360 456
360 476
360 485
360 489
361 367
361 370
361 385
361 387
361 390
361 411
361 416
361 418
361 423
361 425
361 441
361 449
361 486
362 363
362 371
362 374
362 394
362 398
362 460
362 461
362 470
363 367
363 373
363 397
363 403
363 404
363 425
363 426
363 427
363 468
363 473
364 370
364 373
364 375
364 379
364 388
364 389
364 396
364 417
364 419
364 447
364 448
364 449
364 455
364 458
364 474
365 368
365 372
365 380
365 403
365 405
365 417
365 426
365 430
365 434
365 459
365 494
365 496
366 367
366 370
366 372
366 379
366 395
366 397
366 398
366 407
366 416
366 419
366 450
366 463
366 465
366 472
366 473
366 480
367 368
367 374
367 381
367 385
367 386
367 406
367 408
367 411
367 416
367 427
367 431
367 446
367 449
367 471
367 475
367 476
367 498
368 389
368 401
368 407
368 420
368 434
368 435
369 370
369 384
369 390
369 414
369 420
369 449
369 454
369 455
369 475
370 372
370 392
370 393
370 403
370 421
370 424
370 425
370 435
370 440
370 443
370 459
370 463
370 467
370 494
371 372
371 373
371 396
371 412
371 422
371 424
371 442
371 444
371 445
371 447
371 459
371 490
372 398
372 400
372 408
372 409
372 412
372 433
372 434
372 468
372 481
372 490
372 497
373 390
373 400
373 420
373 439
373 479
374 382
374 384
374 386
374 388
374 409
374 422
374 475
374 484
374 486
375 378
375 388
375 389
375 390
375 391
375 408
375 411
375 421
375 433
375 440
375 450
375 473
375 490
375 493
375 496
376 380
376 395
376 404
376 408
376 415
376 426
376 430
376 434
376 459
376 465
376 467
376 476
376 494
377 380
377 399
377 403
377 420
377 422
377 449
377 461
377 482
377 491
378 384
378 389
378 395
378 396
378 398
378 410
378 420
378 421
378 424
378 425
378 427
378 441
378 443
378 452
378 475
379 381
379 388
379 390
379 395
379 413
379 414
379 441
379 479
379 490
379 498
380 382
380 390
380 402
380 405
380 406
380 407
380 418
380 439
380 440
380 463
380 498
380 499
381 399
381 414
381 416
381 428
381 438
381 439
381 448
381 463
381 472
381 481
381 490
381 499
382 404
382 423
382 439
382 463
382 472
382 481
382 482
382 499
383 388
383 393
383 395
383 415
383 424
383 451
383 493
384 393
384 398
384 406
384 412
384 422
384 424
384 439
384 455
384 461
384 478
384 484
384 497
385 402
385 443
385 453
385 476
385 481
385 491
386 390
386 399
386 431
386 438
386 448
386 453
386 455
386 461
386 464
386 488
386 491
386 493
386 495
386 496
387 394
387 413
387 447
387 490
388 389
388 393
388 401
388 404
388 408
388 422
388 431
388 438
388 448
388 462
388 463
388 485
388 497
388 499
389 427
389 430
389 437
389 452
389 471
389 483
390 395
390 408
390 409
390 423
390 425
390 441
390 448
390 455
390 465
390 470
390 477
390 478
390 480
390 490
391 440
391 446
391 457
391 469
391 482
392 402
392 403
392 420
392 436
392 437
392 444
392 493
393 396
393 399
393 403
393 407
393 410
393 435
393 437
393 440
393 469
394 400
394 434
394 435
394 463
394 473
394 482
394 489
394 490
395 405
395 429
395 432
395 439
395 476
395 477
395 481
395 482
395 484
395 499
396 399
396 400
396 402
396 411
396 416
396 442
396 444
396 446
396 449
396 472
396 475
396 485
397 400
397 403
397 413
397 415
397 416
397 437
397 444
397 461
397 465
397 468
397 469
397 470
397 477
397 492
398 406
398 420
398 440
398 441
398 455
398 461
398 462
398 470
398 486
398 496
399 402
399 413
399 415
399 425
399 426
399 428
399 429
399 433
399 445
399 448
399 460
399 464
399 474
399 479
399 488
399 491
400 427
400 439
400 446
400 449
400 455
400 461
400 470
401 431
401 443
401 445
401 461
401 465
401 471
401 482
401 487
401 488
401 497
402 412
402 429
402 431
402 477
402 492
402 494
403 410
403 452
403 458
403 484
404 422
404 427
404 446
404 458
404 460
404 468
404 473
404 474
404 487
404 489
404 492
404 496
405 427
405 428
405 449
405 482
405 494
406 434
406 437
406 438
406 444
406 446
406 464
406 476
406 485
406 496
407 412
407 426
407 440
407 460
407 469
407 471
407 475
407 478
407 496
408 412
408 418
408 468
408 479
408 489
409 425
409 443
409 456
409 464
409 471
409 478
409 484
409 489
410 416
410 419
410 459
410 465
410 475
410 479
410 489
410 493
411 415
411 444
411 454
411 471
411 475
411 493
412 416
412 432
412 434
412 450
412 473
412 476
412 479
412 482
413 423
413 427
413 473
413 482
413 485
413 489
413 494
413 496
414 417
414 419
414 430
414 435
414 436
414 442
414 459
414 470
414 491
414 498
415 457
415 478
415 484
415 485
415 488
416 424
416 426
416 441
416 454
416 476
416 482
416 486
416 492
417 446
417 450
417 472
417 474
417 487
417 492
418 423
418 424
418 432
418 447
418 449
418 453
418 456
418 474
418 492
419 431
419 468
420 421
420 427
420 440
420 454
420 457
420 472
420 489
421 426
421 431
421 436
421 439
421 444
421 466
421 467
421 473
421 477
421 486
421 489
422 430
422 442
422 445
422 453
422 466
422 471
422 478
422 480
423 429
423 443
423 463
423 491
424 426
424 430
424 435
424 444
424 448
424 468
424 474
424 495
424 497
424 499
425 427
425 430
425 431
425 457
425 468
425 496
426 438
426 441
426 443
426 446
426 462
426 464
426 488
426 494
426 499
427 430
427 444
427 449
427 456
427 472
427 474
427 475
427 478
427 481
427 486
427 487
428 442
428 462
428 465
428 474
429 430
429 446
429 499
430 456
430 458
430 469
430 490
431 448
431 454
431 455
431 470
431 472
431 478
431 487
431 489
431 493
431 498
432 441
432 450
432 480
432 483
432 496
433 436
433 438
433 446
433 461
433 470
433 477
434 448
434 456
434 468
434 470
434 481
434 499
435 441
435 446
435 463
435 470
435 473
435 476
435 480
435 488
435 490
435 495
436 461
436 466
436 467
436 475
436 480
436 489
437 441
437 474
437 481
437 485
437 489
437 493
438 443
438 445
438 471
438 475
438 477
438 478
438 486
438 487
438 490
439 455
439 473
439 491
439 493
440 446
440 462
440 469
440 491
441 451
441 483
441 499
442 445
442 450
442 451
442 457
442 459
442 471
442 481
442 488
443 444
443 450
443 456
443 475
443 480
443 488
443 497
444 457
444 463
444 465
444 475
444 490
445 454
445 457
445 460
445 468
445 478
445 496
446 450
446 482
446 486
446 492
446 498
447 468
447 478
447 497
448 454
448 456
448 463
448 470
448 492
449 469
449 473
449 476
449 482
449 495
449 497
450 459
450 473
450 491
451 462
451 483
452 453
452 457
452 463
452 475
452 481
452 486
452 487
452 493
453 456
453 486
453 489
453 498
454 468
454 475
454 479
454 495
455 460
455 472
455 485
455 495
455 496
456 460
457 459
457 484
458 473
458 474
458 487
458 489
459 476
459 490
459 493
459 497
460 491
460 492
460 499
461 480
462 474
462 483
462 492
462 496
463 464
463 487
464 467
464 492
464 495
465 481
466 477
466 483
466 494
467 484
468 481
468 486
468 498
469 481
469 482
469 487
470 491
471 478
471 479
471 485
471 496
472 484
472 493
473 485
473 488
473 493
473 494
473 496
474 490
474 498
476 477
476 493
477 485
477 494
478 489
480 482
480 494
483 492
483 499
484 495
484 499
485 489
485 495
487 491
489 495
491 498
492 494
497 499
