500 7706 0.5
0 4
0 163
0 167
0 184
0 207
0 209
0 229
0 244
0 247
0 277
0 313
0 329
0 342
0 344
0 415
0 417
0 418
0 426
0 456
0 499
1 39
1 47
1 61
1 72
1 75
1 79
1 81
1 87
1 92
1 105
1 165
1 182
1 217
1 221
1 241
1 254
1 270
1 271
1 272
1 286
1 302
1 317
1 323
1 356
1 389
1 409
1 430
1 437
1 452
1 471
1 472
2 15
2 44
2 85
2 86
2 94
2 101
2 104
2 118
2 130
2 132
2 136
2 144
2 157
2 163
2 164
2 195
2 198
2 205
2 279
2 298
2 307
2 308
2 335
2 345
2 361
2 373
2 389
2 392
2 414
2 415
2 474
2 482
2 492
3 65
3 70
3 84
3 129
3 152
3 169
3 171
3 200
3 237
3 251
3 259
3 335
3 372
3 391
3 421
3 479
3 481
4 8
4 44
4 48
4 51
4 99
4 124
4 132
4 153
4 167
4 171
4 197
4 198
4 204
4 214
4 237
4 249
4 257
4 260
4 274
4 276
4 277
4 342
4 345
4 349
4 353
4 364
4 376
4 385
4 386
4 405
4 415
4 425
4 456
4 485
4 486
4 499
5 31
5 51
5 62
5 63
5 72
5 96
5 102
5 117
5 144
5 211
5 217
5 246
5 257
5 289
5 304
5 306
5 314
5 315
5 334
5 346
5 384
5 392
5 394
5 443
6 9
6 23
6 36
6 37
6 41
6 47
6 59
6 65
6 102
6 106
6 111
6 124
6 142
6 159
6 178
6 195
6 203
6 218
6 223
6 252
6 264
6 271
6 298
6 336
6 339
6 351
6 353
6 384
6 406
6 408
6 427
6 433
6 434
6 437
6 450
6 480
6 485
7 12
7 15
7 18
7 42
7 44
7 46
7 67
7 112
7 117
7 139
7 146
7 156
7 168
7 202
7 219
7 224
7 258
7 277
7 281
7 307
7 312
7 345
7 354
7 377
7 387
7 403
7 420
7 422
7 431
7 461
7 464
7 471
7 481
8 16
8 38
8 49
8 55
8 92
8 93
8 99
8 114
8 116
8 177
8 181
8 182
8 216
8 259
8 266
8 268
8 278
8 284
8 285
8 309
8 313
8 331
8 414
8 418
8 424
8 452
8 456
8 473
8 482
9 19
9 31
9 68
9 74
9 92
9 126
9 143
9 157
9 169
9 192
9 204
9 206
9 212
9 213
9 223
9 239
9 246
9 272
9 277
9 279
9 287
9 307
9 315
9 341
9 392
9 404
9 485
9 491
10 19
10 25
10 26
10 40
10 44
10 48
10 54
10 56
10 61
10 67
10 81
10 84
10 99
10 108
10 129
10 141
10 142
10 196
10 209
10 325
10 343
10 358
10 359
10 394
10 400
10 405
10 424
10 425
10 435
10 445
10 466
10 473
11 22
11 57
11 65
11 73
11 91
11 97
11 98
11 127
11 172
11 174
11 242
11 251
11 272
11 287
11 338
11 368
11 376
11 377
11 384
11 393
11 399
11 423
11 429
11 465
11 497
12 25
12 45
12 63
12 87
12 101
12 106
12 135
12 136
12 144
12 157
12 191
12 194
12 208
12 209
12 236
12 246
12 249
12 279
12 286
12 339
12 351
12 354
12 383
12 410
12 420
12 432
12 449
12 496
13 30
13 32
13 44
13 81
13 116
13 144
13 153
13 180
13 229
13 232
13 234
13 244
13 252
13 269
13 274
13 282
13 287
13 297
13 381
13 385
13 405
13 412
13 435
13 455
13 465
13 493
14 18
14 25
14 29
14 38
14 55
14 64
14 80
14 104
14 113
14 119
14 129
14 133
14 143
14 151
14 183
14 201
14 211
14 219
14 231
14 243
14 275
14 314
14 318
14 327
14 345
14 357
14 370
14 412
14 448
14 486
14 494
14 495
15 18
15 42
15 57
15 71
15 90
15 97
15 99
15 103
15 109
15 110
15 117
15 134
15 165
15 166
15 171
15 192
15 206
15 254
15 260
15 269
15 320
15 323
15 326
15 346
15 352
15 364
15 380
15 382
15 402
15 425
15 432
15 452
16 21
16 40
16 41
16 54
16 73
16 76
16 87
16 101
16 106
16 117
16 125
16 140
16 183
16 227
16 230
16 270
16 298
16 305
16 315
16 317
16 318
16 362
16 384
16 390
16 460
17 26
17 31
17 45
17 91
17 100
17 101
17 112
17 143
17 164
17 204
17 246
17 247
17 315
17 323
17 373
17 414
17 469
17 478
17 492
18 27
18 30
18 32
18 41
18 57
18 62
18 69
18 101
18 132
18 133
18 140
18 144
18 169
18 170
18 226
18 250
18 260
18 270
18 274
18 301
18 315
18 323
18 386
18 402
18 420
18 468
18 471
18 495
19 27
19 49
19 63
19 67
19 77
19 88
19 112
19 136
19 187
19 189
19 231
19 246
19 286
19 292
19 313
19 347
19 400
19 407
19 416
19 423
19 429
19 430
19 436
19 463
19 465
19 489
20 41
20 44
20 51
20 55
20 93
20 140
20 143
20 146
20 150
20 152
20 159
20 160
20 191
20 195
20 311
20 316
20 336
20 342
20 347
20 350
20 353
20 388
20 395
20 404
20 416
20 437
20 451
20 461
20 462
20 496
21 53
21 77
21 107
21 109
21 119
21 124
21 130
21 143
21 158
21 177
21 181
21 186
21 238
21 250
21 251
21 303
21 308
21 347
21 418
21 419
21 449
21 474
21 478
21 494
22 34
22 42
22 58
22 76
22 121
22 126
22 130
22 133
22 136
22 138
22 177
22 220
22 222
22 229
22 340
22 362
22 375
22 420
22 427
22 430
22 441
22 492
22 496
23 43
23 47
23 48
23 81
23 82
23 106
23 142
23 149
23 154
23 166
23 176
23 218
23 219
23 269
23 280
23 308
23 314
23 398
23 407
23 414
23 418
23 467
23 478
23 479
23 484
24 60
24 75
24 89
24 97
24 113
24 125
24 141
24 143
24 148
24 151
24 199
24 200
24 217
24 241
24 260
24 326
24 357
24 384
24 426
24 447
24 473
25 27
25 32
25 33
25 34
25 37
25 71
25 82
25 95
25 96
25 110
25 117
25 150
25 160
25 168
25 182
25 198
25 201
25 219
25 282
25 284
25 287
25 293
25 297
25 302
25 334
25 338
25 353
25 354
25 366
25 374
25 376
25 394
25 404
25 445
25 455
25 471
25 480
25 495
26 42
26 49
26 52
26 77
26 90
26 138
26 157
26 167
26 172
26 182
26 190
26 215
26 219
26 221
26 224
26 259
26 277
26 279
26 285
26 316
26 337
26 366
26 372
26 392
26 398
26 404
26 452
26 453
26 462
26 475
27 42
27 59
27 61
27 70
27 90
27 91
27 100
27 120
27 154
27 160
27 188
27 219
27 260
27 263
27 292
27 313
27 316
27 327
27 333
27 346
27 365
27 377
27 378
27 391
27 415
27 469
27 470
27 498
28 63
28 97
28 112
28 117
28 134
28 139
28 148
28 160
28 167
28 192
28 196
28 205
28 208
28 222
28 238
28 248
28 271
28 276
28 317
28 320
28 330
28 368
28 393
28 403
28 414
28 419
28 422
28 429
28 449
28 472
28 485
28 489
29 50
29 58
29 73
29 93
29 116
29 131
29 139
29 152
29 177
29 186
29 200
29 203
29 223
29 224
29 251
29 254
29 269
29 280
29 285
29 329
29 331
29 332
29 366
29 403
29 411
29 432
29 444
29 445
29 447
29 454
29 495
30 37
30 51
30 58
30 74
30 79
30 134
30 144
30 153
30 199
30 203
30 227
30 258
30 266
30 275
30 279
30 281
30 283
30 297
30 307
30 333
30 335
30 368
30 369
30 390
30 402
30 403
30 404
30 412
30 416
30 462
30 481
30 485
31 47
31 53
31 153
31 175
31 187
31 199
31 233
31 271
31 294
31 306
31 311
31 337
31 345
31 354
31 371
31 376
31 436
31 437
31 453
31 478
31 481
32 52
32 61
32 94
32 104
32 107
32 138
32 151
32 162
32 165
32 181
32 206
32 216
32 234
32 238
32 258
32 260
32 273
32 283
32 303
32 309
32 337
32 339
32 346
32 354
32 358
32 386
32 397
32 423
32 424
32 431
32 447
32 455
32 497
33 39
33 46
33 58
33 79
33 110
33 111
33 120
33 135
33 148
33 163
33 171
33 182
33 192
33 207
33 220
33 222
33 236
33 285
33 288
33 290
33 300
33 304
33 311
33 339
33 368
33 369
33 379
33 429
33 453
33 455
33 463
33 474
33 478
33 483
34 39
34 87
34 88
34 140
34 142
34 235
34 263
34 280
34 314
34 336
34 351
34 397
34 410
34 457
34 469
34 484
34 498
35 39
35 92
35 93
35 129
35 130
35 161
35 162
35 189
35 207
35 212
35 268
35 313
35 324
35 334
35 355
35 362
35 379
35 410
35 425
35 443
35 445
35 457
35 458
35 472
35 477
35 492
36 67
36 68
36 71
36 75
36 90
36 97
36 122
36 142
36 170
36 193
36 198
36 202
36 214
36 232
36 274
36 283
36 291
36 296
36 298
36 323
36 333
36 335
36 336
36 343
36 384
36 386
36 414
36 443
36 481
36 482
37 50
37 54
37 61
37 68
37 73
37 94
37 103
37 107
37 128
37 143
37 181
37 183
37 198
37 200
37 207
37 212
37 215
37 220
37 223
37 229
37 234
37 252
37 253
37 254
37 256
37 264
37 270
37 286
37 337
37 385
37 394
37 403
37 440
37 442
37 461
37 462
37 479
37 482
37 483
37 493
37 497
38 52
38 64
38 105
38 106
38 107
38 118
38 122
38 125
38 141
38 170
38 183
38 222
38 243
38 268
38 272
38 297
38 318
38 350
38 365
38 374
38 377
38 378
38 390
38 397
38 402
38 406
38 414
38 438
38 449
38 455
38 475
38 476
38 484
39 71
39 80
39 83
39 84
39 104
39 107
39 114
39 129
39 171
39 187
39 198
39 221
39 240
39 243
39 247
39 253
39 333
39 369
39 382
39 394
39 398
39 400
39 408
39 420
39 425
39 427
39 430
39 445
39 450
39 453
39 473
40 62
40 87
40 98
40 101
40 109
40 111
40 137
40 149
40 181
40 202
40 205
40 213
40 239
40 262
40 266
40 271
40 275
40 278
40 334
40 339
40 350
40 391
40 404
40 434
40 442
40 446
40 451
40 480
41 49
41 65
41 67
41 73
41 75
41 91
41 104
41 105
41 108
41 138
41 143
41 150
41 172
41 176
41 209
41 226
41 247
41 286
41 311
41 314
41 334
41 343
41 369
41 385
41 386
41 404
41 415
41 417
41 424
41 431
41 443
41 444
41 474
41 494
42 69
42 70
42 73
42 78
42 86
42 93
42 101
42 112
42 129
42 148
42 178
42 196
42 201
42 202
42 208
42 230
42 275
42 297
42 338
42 342
42 345
42 354
42 364
42 382
42 395
42 409
42 436
42 450
42 468
42 494
43 49
43 55
43 77
43 90
43 98
43 99
43 100
43 112
43 156
43 173
43 175
43 188
43 203
43 210
43 221
43 223
43 245
43 263
43 267
43 275
43 360
43 366
43 376
43 396
43 400
43 413
43 415
43 416
43 433
43 440
43 450
43 454
43 490
44 55
44 84
44 89
44 96
44 102
44 115
44 156
44 163
44 178
44 187
44 208
44 231
44 242
44 246
44 248
44 266
44 297
44 320
44 332
44 367
44 372
44 403
44 411
44 433
44 476
45 54
45 75
45 76
45 93
45 99
45 100
45 140
45 141
45 173
45 206
45 226
45 240
45 244
45 246
45 267
45 298
45 310
45 348
45 369
45 370
45 384
45 412
45 417
45 444
45 447
45 480
46 50
46 81
46 89
46 93
46 100
46 104
46 119
46 139
46 143
46 147
46 151
46 152
46 164
46 165
46 175
46 178
46 182
46 187
46 192
46 238
46 302
46 311
46 330
46 337
46 345
46 361
46 380
46 397
46 437
46 445
46 453
46 468
46 481
46 484
46 488
46 497
47 53
47 64
47 68
47 79
47 81
47 94
47 101
47 110
47 125
47 140
47 170
47 178
47 186
47 192
47 202
47 251
47 257
47 263
47 278
47 296
47 328
47 332
47 333
47 343
47 370
47 379
47 395
47 435
47 461
47 477
47 496
48 65
48 95
48 109
48 148
48 213
48 217
48 229
48 232
48 238
48 244
48 263
48 270
48 312
48 315
48 333
48 339
48 350
48 353
48 369
48 385
48 391
48 406
48 410
48 411
48 443
48 465
48 471
48 475
48 477
49 94
49 118
49 145
49 148
49 155
49 193
49 217
49 223
49 231
49 239
49 240
49 258
49 273
49 293
49 310
49 320
49 355
49 369
49 402
49 418
49 419
49 422
49 424
49 490
50 77
50 81
50 83
50 85
50 122
50 129
50 130
50 147
50 148
50 150
50 153
50 161
50 164
50 172
50 208
50 212
50 310
50 324
50 333
50 349
50 375
50 378
50 399
50 415
50 444
50 450
50 484
51 104
51 113
51 139
51 173
51 175
51 194
51 227
51 230
51 238
51 244
51 282
51 286
51 288
51 348
51 350
51 364
51 385
51 396
51 400
51 402
51 426
51 431
51 439
51 469
51 489
52 58
52 81
52 86
52 106
52 146
52 207
52 219
52 225
52 229
52 230
52 251
52 257
52 279
52 288
52 294
52 295
52 304
52 311
52 335
52 341
52 343
52 347
52 356
52 395
52 433
52 444
52 453
52 456
52 474
52 480
53 62
53 68
53 115
53 134
53 157
53 162
53 165
53 177
53 203
53 206
53 234
53 272
53 278
53 304
53 308
53 313
53 371
53 394
53 413
53 449
53 453
53 458
53 461
53 464
53 465
53 473
54 58
54 71
54 89
54 122
54 140
54 178
54 242
54 258
54 283
54 284
54 297
54 308
54 320
54 328
54 329
54 357
54 376
54 378
54 398
54 402
54 431
54 454
54 485
55 58
55 63
55 77
55 85
55 87
55 114
55 123
55 141
55 168
55 176
55 177
55 184
55 193
55 238
55 241
55 262
55 263
55 281
55 285
55 298
55 323
55 329
55 332
55 338
55 357
55 364
55 374
55 403
55 407
55 410
55 423
55 424
55 439
55 455
55 463
55 498
56 59
56 79
56 119
56 130
56 135
56 140
56 142
56 152
56 156
56 179
56 200
56 223
56 235
56 253
56 261
56 290
56 310
56 342
56 347
56 367
56 396
56 406
56 424
56 436
56 451
56 457
56 458
56 466
56 471
56 484
56 486
57 59
57 87
57 90
57 117
57 125
57 148
57 162
57 177
57 218
57 229
57 242
57 277
57 348
57 353
57 384
57 385
57 387
57 401
57 414
57 437
57 447
57 472
57 474
58 83
58 85
58 94
58 98
58 105
58 111
58 141
58 164
58 191
58 272
58 282
58 287
58 298
58 318
58 330
58 333
58 343
58 354
58 361
58 379
58 395
58 424
58 494
58 497
59 71
59 74
59 91
59 101
59 122
59 142
59 173
59 202
59 214
59 226
59 249
59 253
59 254
59 269
59 270
59 272
59 286
59 296
59 318
59 359
59 360
59 369
59 372
59 373
59 379
59 414
59 415
59 436
59 453
59 475
59 483
60 107
60 110
60 116
60 146
60 150
60 177
60 183
60 185
60 200
60 214
60 225
60 267
60 274
60 277
60 333
60 346
60 349
60 356
60 380
60 386
60 390
60 396
60 410
60 420
60 434
60 440
60 469
60 476
60 484
60 492
60 499
61 66
61 82
61 100
61 162
61 171
61 177
61 247
61 263
61 285
61 292
61 316
61 358
61 368
61 369
61 377
61 393
61 402
61 414
61 471
61 473
62 75
62 79
62 93
62 106
62 114
62 166
62 198
62 207
62 214
62 225
62 233
62 235
62 255
62 257
62 267
62 272
62 279
62 283
62 292
62 305
62 331
62 365
62 366
62 367
62 368
62 391
62 400
62 407
62 423
62 424
62 437
62 498
63 75
63 80
63 85
63 102
63 104
63 126
63 135
63 191
63 206
63 214
63 235
63 236
63 278
63 286
63 313
63 341
63 345
63 346
63 355
63 370
63 371
63 382
63 385
63 396
63 412
63 425
63 468
63 477
63 490
64 65
64 69
64 76
64 90
64 115
64 127
64 130
64 142
64 144
64 160
64 168
64 208
64 237
64 241
64 257
64 269
64 284
64 287
64 293
64 314
64 342
64 355
64 356
64 436
64 480
65 70
65 75
65 86
65 88
65 102
65 106
65 146
65 151
65 161
65 170
65 185
65 202
65 209
65 218
65 227
65 237
65 239
65 240
65 263
65 297
65 304
65 315
65 321
65 330
65 383
65 424
65 433
65 484
65 490
66 151
66 162
66 166
66 171
66 179
66 188
66 215
66 236
66 265
66 272
66 287
66 296
66 304
66 325
66 341
66 363
66 364
66 367
66 419
66 429
66 430
66 450
66 463
66 475
66 493
67 111
67 112
67 113
67 164
67 165
67 171
67 203
67 221
67 224
67 234
67 348
67 355
67 356
67 366
67 387
67 393
67 401
67 409
67 445
67 457
67 470
67 471
67 472
67 477
67 495
68 71
68 120
68 127
68 135
68 138
68 162
68 184
68 196
68 210
68 223
68 348
68 356
68 365
68 369
68 373
68 379
68 395
68 400
68 401
68 408
68 421
68 424
68 437
68 465
68 484
68 490
69 103
69 111
69 120
69 124
69 125
69 145
69 157
69 183
69 184
69 192
69 197
69 230
69 235
69 250
69 253
69 270
69 273
69 280
69 286
69 309
69 311
69 315
69 332
69 337
69 347
69 358
69 360
69 375
69 380
69 398
69 450
69 474
69 475
69 477
69 485
69 496
70 104
70 135
70 157
70 163
70 171
70 196
70 197
70 206
70 217
70 243
70 251
70 276
70 326
70 327
70 357
70 387
70 400
70 465
70 475
71 92
71 146
71 158
71 174
71 181
71 189
71 193
71 201
71 232
71 257
71 270
71 279
71 314
71 326
71 344
71 355
71 366
71 380
71 381
71 392
71 407
71 409
71 410
71 467
71 468
71 474
72 97
72 113
72 131
72 135
72 137
72 138
72 145
72 167
72 176
72 184
72 210
72 211
72 219
72 255
72 257
72 261
72 271
72 272
72 286
72 312
72 323
72 332
72 338
72 349
72 391
72 403
72 406
72 424
72 481
72 489
72 494
72 496
73 79
73 98
73 100
73 109
73 117
73 118
73 133
73 135
73 156
73 161
73 166
73 188
73 212
73 225
73 245
73 259
73 297
73 316
73 321
73 352
73 356
73 376
73 422
73 431
73 442
73 444
73 447
73 486
73 491
74 146
74 162
74 196
74 221
74 227
74 249
74 257
74 315
74 328
74 333
74 349
74 366
74 372
74 399
74 414
74 431
74 475
74 478
74 489
75 76
75 77
75 100
75 103
75 115
75 133
75 136
75 147
75 170
75 182
75 224
75 244
75 245
75 274
75 284
75 311
75 316
75 328
75 337
75 363
75 369
75 382
75 387
75 390
75 409
75 438
75 450
75 451
75 453
75 497
76 79
76 185
76 201
76 224
76 245
76 256
76 265
76 269
76 274
76 299
76 314
76 320
76 340
76 343
76 361
76 372
76 395
76 403
76 439
76 443
77 89
77 91
77 92
77 98
77 108
77 120
77 137
77 138
77 144
77 152
77 196
77 199
77 224
77 241
77 274
77 292
77 306
77 315
77 327
77 344
77 391
77 407
77 428
77 430
77 443
77 475
77 495
78 92
78 111
78 113
78 121
78 136
78 139
78 162
78 177
78 191
78 193
78 204
78 214
78 254
78 275
78 279
78 286
78 295
78 322
78 349
78 354
78 373
78 381
78 400
78 404
78 406
78 432
78 437
78 438
78 463
78 495
79 105
79 128
79 170
79 180
79 186
79 214
79 247
79 252
79 258
79 268
79 312
79 313
79 340
79 351
79 352
79 387
79 411
79 420
79 421
79 444
79 474
80 83
80 110
80 117
80 118
80 124
80 133
80 157
80 210
80 214
80 223
80 235
80 248
80 251
80 256
80 259
80 276
80 290
80 306
80 312
80 329
80 334
80 342
80 367
80 382
80 393
80 412
80 422
80 452
80 461
80 463
80 476
81 109
81 123
81 142
81 152
81 154
81 175
81 177
81 178
81 196
81 211
81 214
81 221
81 227
81 241
81 256
81 291
81 294
81 301
81 305
81 306
81 372
81 413
81 437
81 448
81 451
81 460
81 473
81 489
82 90
82 155
82 158
82 175
82 182
82 195
82 196
82 197
82 228
82 232
82 237
82 245
82 272
82 299
82 312
82 315
82 322
82 357
82 389
82 397
82 412
82 439
82 447
82 458
82 463
82 472
82 473
82 476
82 481
82 494
82 495
83 88
83 100
83 104
83 158
83 188
83 199
83 203
83 209
83 218
83 227
83 252
83 281
83 288
83 324
83 326
83 332
83 341
83 358
83 411
83 418
83 424
83 426
83 428
83 430
83 482
83 483
83 491
84 95
84 100
84 104
84 108
84 139
84 164
84 181
84 187
84 192
84 196
84 198
84 229
84 230
84 242
84 283
84 288
84 291
84 311
84 341
84 364
84 393
84 397
84 426
84 446
84 475
84 494
85 101
85 103
85 113
85 165
85 168
85 193
85 200
85 212
85 218
85 230
85 231
85 241
85 254
85 263
85 278
85 289
85 318
85 340
85 361
85 381
85 395
85 413
86 122
86 127
86 130
86 197
86 203
86 209
86 218
86 223
86 224
86 242
86 304
86 319
86 341
86 346
86 361
86 365
86 368
86 380
86 406
86 407
86 411
86 445
86 454
86 457
86 460
87 112
87 113
87 121
87 148
87 154
87 163
87 171
87 180
87 209
87 237
87 281
87 310
87 313
87 323
87 327
87 332
87 374
87 400
87 433
87 441
87 462
87 465
87 473
87 477
87 498
88 113
88 137
88 151
88 179
88 268
88 274
88 293
88 298
88 309
88 323
88 359
88 388
88 393
88 401
88 407
88 411
88 420
88 421
88 425
88 488
89 98
89 119
89 174
89 179
89 197
89 246
89 299
89 307
89 315
89 356
89 365
89 401
89 403
89 410
89 424
89 432
89 441
89 478
89 487
90 107
90 187
90 188
90 206
90 216
90 218
90 256
90 304
90 331
90 340
90 346
90 350
90 354
90 399
90 422
90 431
90 492
91 108
91 172
91 174
91 184
91 185
91 192
91 206
91 233
91 264
91 273
91 278
91 311
91 320
91 324
91 333
91 358
91 359
91 394
91 397
91 400
91 440
91 479
91 483
92 103
92 116
92 127
92 139
92 158
92 164
92 191
92 213
92 216
92 217
92 264
92 271
92 294
92 315
92 338
92 347
92 348
92 358
92 384
92 409
92 426
92 432
92 447
92 460
92 463
92 488
93 102
93 113
93 140
93 143
93 174
93 196
93 225
93 234
93 244
93 247
93 257
93 264
93 269
93 274
93 289
93 293
93 301
93 341
93 350
93 367
93 411
93 414
93 416
93 423
93 450
93 458
93 467
93 470
93 472
93 487
93 491
94 104
94 128
94 130
94 150
94 164
94 188
94 190
94 200
94 201
94 210
94 213
94 216
94 226
94 245
94 258
94 356
94 371
94 381
94 391
94 395
94 396
94 397
94 411
94 414
94 418
94 464
94 499
95 111
95 115
95 116
95 144
95 155
95 156
95 195
95 213
95 220
95 222
95 225
95 238
95 250
95 261
95 274
95 285
95 296
95 311
95 319
95 324
95 350
95 368
95 397
95 416
95 457
95 458
95 481
96 100
96 112
96 113
96 114
96 117
96 121
96 130
96 152
96 153
96 163
96 182
96 241
96 245
96 265
96 286
96 346
96 383
96 387
96 398
96 412
96 418
96 426
96 446
96 452
96 471
96 491
97 110
97 121
97 152
97 154
97 157
97 166
97 179
97 188
97 194
97 210
97 224
97 236
97 252
97 265
97 274
97 287
97 300
97 311
97 327
97 341
97 399
97 414
97 427
97 428
97 435
97 438
97 446
97 450
98 107
98 154
98 160
98 162
98 206
98 265
98 282
98 305
98 354
98 390
98 427
98 428
98 445
98 478
98 490
98 498
99 100
99 127
99 173
99 231
99 238
99 254
99 262
99 274
99 282
99 292
99 300
99 316
99 321
99 331
99 332
99 333
99 364
99 448
99 454
99 458
99 475
100 130
100 131
100 146
100 177
100 187
100 202
100 238
100 260
100 265
100 320
100 329
100 331
100 363
100 375
100 392
100 400
100 410
100 418
100 423
100 431
100 444
100 446
100 454
100 457
100 475
100 476
100 482
100 499
101 124
101 152
101 155
101 166
101 173
101 180
101 200
101 226
101 236
101 262
101 275
101 293
101 305
101 319
101 322
101 326
101 361
101 374
101 388
101 398
101 406
101 420
101 429
101 433
101 435
101 439
101 443
101 454
101 458
101 466
101 490
101 493
102 110
102 120
102 136
102 145
102 149
102 183
102 205
102 208
102 210
102 246
102 273
102 275
102 283
102 289
102 294
102 300
102 317
102 347
102 351
102 384
102 404
102 410
102 442
102 453
102 457
102 466
103 105
103 117
103 128
103 136
103 159
103 199
103 222
103 283
103 306
103 315
103 317
103 358
103 366
103 367
103 378
103 396
103 402
103 405
103 413
103 419
103 453
103 466
103 483
104 115
104 166
104 193
104 210
104 221
104 242
104 248
104 258
104 302
104 311
104 316
104 322
104 346
104 348
104 374
104 381
104 387
104 400
104 407
104 421
104 426
104 438
104 442
104 449
104 463
104 475
104 476
105 163
105 174
105 180
105 200
105 201
105 208
105 218
105 226
105 233
105 238
105 240
105 243
105 251
105 282
105 289
105 290
105 300
105 312
105 321
105 354
105 361
105 374
105 383
105 385
105 446
105 468
105 481
105 490
106 108
106 118
106 124
106 150
106 160
106 172
106 195
106 229
106 250
106 269
106 278
106 281
106 283
106 301
106 314
106 319
106 336
106 350
106 363
106 367
106 397
106 401
106 415
106 420
106 446
106 455
106 458
106 476
107 118
107 119
107 132
107 137
107 141
107 169
107 175
107 231
107 257
107 284
107 330
107 336
107 339
107 370
107 398
107 400
107 413
107 414
107 450
107 478
107 479
107 483
107 484
107 489
108 144
108 150
108 158
108 207
108 234
108 250
108 263
108 266
108 290
108 312
108 323
108 335
108 361
108 405
108 413
108 415
108 441
108 496
108 497
108 498
109 120
109 123
109 125
109 137
109 138
109 140
109 152
109 155
109 162
109 165
109 166
109 182
109 190
109 208
109 230
109 262
109 282
109 307
109 308
109 314
109 319
109 320
109 333
109 334
109 407
109 409
109 413
109 414
109 421
109 429
109 442
109 459
109 464
109 471
109 472
109 478
109 479
109 481
109 482
109 484
110 141
110 156
110 161
110 163
110 208
110 222
110 249
110 261
110 268
110 338
110 370
110 376
110 420
110 462
110 472
110 478
110 481
110 482
111 113
111 186
111 208
111 257
111 274
111 309
111 320
111 372
111 387
111 395
111 400
111 402
111 430
111 458
111 463
112 131
112 149
112 163
112 171
112 193
112 211
112 242
112 266
112 272
112 275
112 276
112 283
112 284
112 293
112 325
112 328
112 333
112 344
112 347
112 350
112 352
112 354
112 367
112 372
112 381
112 388
112 440
112 445
112 461
112 471
112 491
112 492
112 495
113 123
113 128
113 172
113 209
113 216
113 227
113 237
113 239
113 262
113 302
113 306
113 337
113 354
113 369
113 373
113 391
113 473
113 482
113 492
113 498
114 118
114 126
114 132
114 139
114 161
114 170
114 175
114 180
114 190
114 191
114 193
114 199
114 241
114 252
114 261
114 268
114 278
114 299
114 335
114 343
114 349
114 357
114 358
114 362
114 363
114 415
114 444
114 448
114 480
114 498
115 132
115 161
115 166
115 197
115 202
115 219
115 223
115 228
115 243
115 268
115 317
115 374
115 391
115 397
115 403
115 426
115 437
115 443
115 448
115 483
116 122
116 146
116 164
116 224
116 254
116 258
116 268
116 275
116 282
116 287
116 288
116 289
116 328
116 338
116 343
116 346
116 354
116 362
116 366
116 393
116 409
116 414
116 433
116 453
116 462
116 466
116 473
116 491
117 126
117 140
117 146
117 153
117 160
117 181
117 184
117 187
117 190
117 199
117 239
117 274
117 281
117 288
117 290
117 317
117 323
117 339
117 348
117 349
117 363
117 366
117 372
117 376
117 406
117 423
117 426
117 434
117 436
117 467
117 470
117 489
118 120
118 150
118 201
118 289
118 291
118 307
118 314
118 327
118 345
118 370
118 371
118 374
118 376
118 384
118 388
118 400
118 430
118 463
118 472
118 482
119 139
119 163
119 166
119 181
119 187
119 198
119 199
119 225
119 226
119 228
119 248
119 303
119 326
119 328
119 348
119 353
119 434
119 443
119 444
119 448
119 456
119 464
119 465
119 466
119 477
119 491
120 130
120 141
120 169
120 215
120 246
120 293
120 305
120 325
120 369
120 374
120 395
120 408
120 416
120 467
121 124
121 137
121 147
121 162
121 167
121 183
121 187
121 196
121 223
121 252
121 288
121 291
121 296
121 299
121 303
121 323
121 329
121 339
121 348
121 359
121 362
121 363
121 370
121 380
121 394
121 403
121 407
121 416
121 420
121 429
121 436
121 443
121 449
121 467
121 474
121 489
121 497
122 134
122 149
122 151
122 166
122 168
122 187
122 212
122 219
122 220
122 278
122 301
122 306
122 310
122 321
122 322
122 333
122 358
122 364
122 372
122 385
122 406
122 407
122 412
122 423
122 455
122 466
122 499
123 128
123 133
123 135
123 194
123 206
123 209
123 217
123 233
123 247
123 257
123 275
123 297
123 304
123 309
123 312
123 317
123 329
123 331
123 364
123 369
123 396
123 399
123 428
123 431
123 435
123 450
123 456
123 458
124 147
124 186
124 191
124 210
124 254
124 273
124 304
124 320
124 346
124 369
124 466
124 493
124 497
124 498
125 128
125 132
125 149
125 205
125 230
125 277
125 280
125 331
125 341
125 355
125 382
125 386
125 419
125 433
125 441
125 449
125 486
125 491
126 128
126 144
126 179
126 188
126 209
126 233
126 238
126 247
126 250
126 255
126 282
126 306
126 307
126 318
126 336
126 344
126 354
126 372
126 396
126 403
126 432
126 450
126 452
126 464
126 475
126 487
127 132
127 141
127 165
127 180
127 190
127 194
127 212
127 221
127 226
127 252
127 254
127 256
127 275
127 285
127 294
127 304
127 323
127 326
127 354
127 367
127 380
127 399
127 403
127 405
127 417
127 419
127 423
127 482
127 492
128 152
128 157
128 167
128 177
128 214
128 241
128 248
128 267
128 280
128 313
128 367
128 377
128 403
128 404
128 439
128 441
128 454
128 457
128 477
129 132
129 137
129 174
129 192
129 209
129 213
129 214
129 227
129 230
129 232
129 246
129 250
129 267
129 269
129 270
129 275
129 280
129 295
129 299
129 300
129 309
129 315
129 323
129 339
129 408
129 433
129 485
129 492
130 136
130 148
130 155
130 161
130 167
130 187
130 225
130 235
130 245
130 251
130 256
130 257
130 274
130 284
130 285
130 315
130 335
130 393
130 395
130 398
130 402
130 419
130 429
130 448
130 449
130 470
130 472
130 489
131 161
131 194
131 206
131 213
131 217
131 218
131 249
131 272
131 283
131 297
131 305
131 309
131 324
131 330
131 386
131 399
131 420
131 422
131 436
131 466
131 490
132 185
132 189
132 222
132 238
132 259
132 261
132 270
132 273
132 284
132 287
132 289
132 336
132 344
132 349
132 350
132 356
132 373
132 378
132 396
132 401
132 407
132 413
132 414
132 416
132 423
132 465
132 478
132 484
133 150
133 155
133 173
133 194
133 202
133 218
133 246
133 255
133 275
133 276
133 277
133 286
133 295
133 299
133 305
133 326
133 362
133 363
133 373
133 374
133 419
133 421
133 444
133 455
133 477
133 486
133 496
134 146
134 163
134 165
134 168
134 181
134 193
134 250
134 259
134 265
134 290
134 327
134 343
134 380
134 384
134 388
134 389
134 407
134 411
134 423
134 439
134 456
134 462
134 470
134 478
134 483
134 488
134 499
135 143
135 144
135 161
135 209
135 221
135 227
135 254
135 258
135 271
135 277
135 279
135 281
135 309
135 314
135 330
135 339
135 354
135 361
135 365
135 377
135 385
135 395
135 399
135 410
135 424
135 436
135 452
135 474
135 492
136 173
136 186
136 204
136 268
136 269
136 295
136 316
136 356
136 360
136 400
136 421
136 490
136 493
137 147
137 169
137 188
137 197
137 199
137 258
137 277
137 304
137 329
137 340
137 347
137 381
137 382
137 417
137 420
137 434
137 439
137 445
137 468
137 477
138 166
138 188
138 205
138 232
138 260
138 264
138 288
138 301
138 342
138 343
138 356
138 366
138 387
138 406
138 418
138 422
138 423
138 433
138 446
138 478
138 497
139 142
139 150
139 209
139 222
139 223
139 235
139 239
139 308
139 326
139 349
139 370
139 410
139 418
139 419
139 427
139 439
139 450
139 452
139 476
139 486
139 496
140 142
140 156
140 177
140 179
140 184
140 197
140 203
140 215
140 246
140 253
140 254
140 286
140 290
140 305
140 312
140 316
140 322
140 343
140 345
140 361
140 406
140 407
140 415
140 479
140 496
141 156
141 158
141 171
141 197
141 206
141 214
141 226
141 242
141 256
141 290
141 302
141 333
141 360
141 373
141 411
141 433
141 447
141 460
141 461
141 484
142 160
142 187
142 221
142 238
142 265
142 272
142 274
142 294
142 295
142 331
142 334
142 342
142 358
142 359
142 381
142 398
142 399
142 420
142 456
142 465
142 467
142 482
142 499
143 147
143 190
143 222
143 294
143 309
143 322
143 326
143 332
143 340
143 347
143 367
143 378
143 379
143 383
143 384
143 388
143 426
143 435
143 450
143 493
144 157
144 177
144 184
144 199
144 239
144 251
144 296
144 335
144 347
144 353
144 358
144 367
144 378
144 387
144 409
144 454
144 457
144 468
144 470
144 492
144 499
145 153
145 154
145 159
145 169
145 180
145 204
145 218
145 251
145 253
145 256
145 324
145 331
145 348
145 378
145 420
145 421
145 477
146 155
146 162
146 172
146 180
146 186
146 249
146 259
146 283
146 338
146 345
146 346
146 399
146 407
146 414
146 440
146 479
146 491
146 494
147 148
147 166
147 172
147 179
147 182
147 224
147 241
147 251
147 252
147 266
147 292
147 299
147 301
147 306
147 313
147 338
147 360
147 361
147 471
147 477
147 482
147 488
148 155
148 157
148 173
148 178
148 215
148 226
148 230
148 251
148 284
148 286
148 289
148 296
148 325
148 341
148 371
148 376
148 381
148 385
148 409
148 414
148 443
148 489
148 495
149 151
149 171
149 173
149 180
149 197
149 215
149 217
149 288
149 297
149 304
149 305
149 318
149 338
149 381
149 384
149 403
149 435
149 436
149 463
149 471
150 151
150 156
150 197
150 207
150 209
150 240
150 293
150 305
150 309
150 314
150 319
150 330
150 352
150 369
150 371
150 380
150 398
150 400
150 411
150 418
150 419
150 443
150 455
150 490
151 153
151 192
151 227
151 280
151 307
151 308
151 318
151 323
151 355
151 425
152 159
152 163
152 164
152 165
152 170
152 190
152 218
152 229
152 237
152 245
152 252
152 272
152 275
152 324
152 373
152 382
152 392
152 404
152 422
152 463
152 482
152 483
153 154
153 178
153 212
153 214
153 218
153 227
153 295
153 298
153 339
153 347
153 385
153 448
153 460
154 156
154 185
154 187
154 217
154 223
154 254
154 262
154 263
154 264
154 268
154 323
154 351
154 355
154 374
154 384
154 389
154 430
154 438
154 447
154 468
154 487
154 492
154 499
155 171
155 172
155 212
155 227
155 231
155 234
155 236
155 252
155 279
155 300
155 305
155 316
155 326
155 340
155 348
155 351
155 385
155 386
155 391
155 394
155 400
155 403
155 409
155 413
155 425
155 428
155 437
155 470
156 163
156 167
156 177
156 184
156 198
156 207
156 217
156 220
156 228
156 231
156 258
156 266
156 281
156 297
156 357
156 363
156 376
156 390
156 392
156 436
156 453
156 457
156 470
156 487
157 187
157 198
157 216
157 229
157 238
157 264
157 268
157 272
157 286
157 299
157 322
157 360
157 385
157 396
157 399
157 413
157 447
157 451
157 456
157 463
157 482
157 490
158 214
158 247
158 254
158 276
158 295
158 301
158 305
158 310
158 342
158 370
158 384
158 411
158 460
158 464
158 472
158 485
159 168
159 170
159 175
159 178
159 181
159 188
159 213
159 252
159 256
159 265
159 290
159 302
159 315
159 316
159 320
159 325
159 350
159 351
159 394
159 395
159 401
159 415
159 435
159 451
159 478
159 479
159 499
160 167
160 176
160 181
160 184
160 193
160 197
160 203
160 229
160 233
160 285
160 287
160 295
160 299
160 301
160 319
160 327
160 330
160 334
160 352
160 359
160 367
160 381
160 391
160 407
160 430
160 431
160 472
161 164
161 167
161 174
161 193
161 217
161 219
161 220
161 241
161 248
161 276
161 277
161 298
161 313
161 321
161 334
161 337
161 348
161 360
161 365
161 373
161 384
161 392
161 394
161 414
161 416
161 454
161 457
161 472
161 494
162 166
162 172
162 180
162 193
162 204
162 211
162 229
162 256
162 264
162 278
162 320
162 341
162 354
162 388
162 435
162 462
162 487
163 169
163 170
163 215
163 225
163 230
163 263
163 277
163 313
163 361
163 365
163 426
163 458
164 185
164 233
164 260
164 268
164 286
164 290
164 313
164 326
164 330
164 331
164 341
164 348
164 351
164 353
164 416
164 419
164 478
164 483
164 498
165 190
165 223
165 228
165 298
165 307
165 330
165 350
165 376
165 397
165 400
165 409
165 462
165 465
165 469
165 472
165 477
165 486
165 487
166 167
166 187
166 188
166 205
166 222
166 248
166 268
166 317
166 328
166 342
166 345
166 379
166 396
166 437
166 447
166 448
166 468
166 478
166 488
166 492
166 493
166 498
167 170
167 175
167 183
167 193
167 205
167 213
167 220
167 222
167 246
167 257
167 293
167 315
167 328
167 338
167 397
167 401
167 467
167 496
168 184
168 188
168 196
168 199
168 210
168 213
168 241
168 249
168 256
168 296
168 316
168 321
168 365
168 368
168 391
168 406
168 409
168 446
168 482
168 497
169 177
169 234
169 253
169 256
169 265
169 283
169 300
169 304
169 305
169 320
169 324
169 328
169 336
169 346
169 362
169 366
169 379
169 397
169 417
169 448
169 494
170 202
170 215
170 222
170 247
170 248
170 259
170 260
170 261
170 278
170 296
170 312
170 333
170 338
170 341
170 361
170 362
170 364
170 394
170 417
170 425
170 446
170 458
170 498
170 499
171 196
171 199
171 256
171 262
171 263
171 271
171 292
171 308
171 314
171 318
171 323
171 346
171 351
171 355
171 362
171 424
171 464
171 465
171 481
172 178
172 181
172 201
172 209
172 210
172 221
172 228
172 240
172 249
172 255
172 274
172 281
172 283
172 298
172 328
172 400
172 406
172 428
172 449
172 450
172 469
172 478
172 489
173 193
173 205
173 282
173 286
173 290
173 316
173 373
173 377
173 398
173 424
173 441
173 459
173 481
174 190
174 200
174 228
174 250
174 269
174 290
174 302
174 305
174 326
174 366
174 384
174 389
174 390
174 426
174 443
174 460
174 485
174 486
174 490
175 192
175 199
175 211
175 218
175 227
175 232
175 255
175 256
175 264
175 315
175 344
175 349
175 375
175 381
175 407
175 438
175 441
175 446
175 466
175 471
175 490
176 196
176 224
176 233
176 237
176 247
176 254
176 282
176 290
176 306
176 311
176 312
176 316
176 318
176 326
176 366
176 368
176 373
176 400
176 417
176 430
176 473
177 204
177 211
177 218
177 247
177 254
177 258
177 261
177 281
177 290
177 295
177 313
177 327
177 331
177 368
177 397
177 405
177 447
177 467
177 499
178 182
178 188
178 200
178 214
178 228
178 238
178 243
178 257
178 268
178 279
178 288
178 291
178 295
178 299
178 336
178 396
178 437
178 457
178 467
178 470
178 474
178 488
178 489
179 185
179 213
179 214
179 224
179 317
179 327
179 337
179 340
179 345
179 346
179 368
179 372
179 379
179 393
179 427
179 428
179 443
179 446
179 447
179 453
179 459
179 467
179 471
180 184
180 220
180 256
180 296
180 337
180 345
180 358
180 363
180 366
180 367
180 376
180 378
180 382
180 397
180 405
180 412
180 413
180 442
180 466
180 467
180 474
181 182
181 204
181 240
181 278
181 279
181 283
181 319
181 326
181 330
181 364
181 396
181 417
181 434
181 451
181 479
182 186
182 200
182 255
182 256
182 290
182 292
182 314
182 332
182 339
182 342
182 351
182 360
182 370
182 387
182 425
182 427
182 445
182 448
182 453
182 467
182 485
183 205
183 208
183 235
183 242
183 273
183 277
183 290
183 305
183 311
183 325
183 328
183 336
183 343
183 346
183 359
183 373
183 384
183 411
183 415
183 418
183 432
183 435
183 443
183 450
183 451
183 452
183 469
183 492
184 193
184 201
184 218
184 232
184 253
184 255
184 271
184 318
184 320
184 366
184 379
184 392
184 395
184 415
184 420
184 429
184 430
184 446
184 456
185 216
185 219
185 232
185 254
185 283
185 297
185 355
185 393
185 429
185 445
185 466
185 469
185 470
185 496
186 191
186 194
186 197
186 202
186 241
186 246
186 248
186 271
186 276
186 277
186 278
186 305
186 328
186 331
186 368
186 396
186 412
186 426
186 463
186 485
186 492
187 192
187 195
187 207
187 211
187 222
187 243
187 252
187 291
187 337
187 362
187 391
187 393
187 401
187 406
187 416
187 422
187 424
187 441
187 486
187 491
188 195
188 204
188 208
188 209
188 229
188 234
188 235
188 240
188 245
188 246
188 253
188 255
188 278
188 281
188 332
188 337
188 360
188 365
188 377
188 415
188 451
188 491
189 208
189 232
189 276
189 291
189 312
189 317
189 379
189 398
189 401
189 413
189 425
189 426
189 430
189 432
189 434
189 436
189 441
189 443
189 445
189 461
189 487
189 490
189 492
190 196
190 245
190 288
190 314
190 346
190 354
190 365
190 393
190 431
190 432
190 436
190 470
190 497
191 192
191 237
191 250
191 263
191 286
191 298
191 302
191 311
191 346
191 349
191 374
191 387
191 430
191 458
191 464
192 197
192 199
192 219
192 251
192 259
192 270
192 288
192 298
192 300
192 302
192 325
192 351
192 356
192 381
192 394
192 402
192 412
192 415
192 438
192 447
192 467
192 489
192 497
192 498
192 499
193 208
193 210
193 211
193 250
193 252
193 267
193 298
193 299
193 320
193 338
193 362
193 364
193 371
193 402
193 452
193 474
193 499
194 196
194 215
194 221
194 237
194 244
194 263
194 271
194 280
194 296
194 301
194 330
194 331
194 353
194 376
194 378
194 379
194 418
194 449
194 454
194 473
195 196
195 200
195 202
195 209
195 252
195 279
195 291
195 294
195 316
195 336
195 360
195 378
195 401
195 418
195 422
195 423
195 435
195 444
195 460
195 465
195 474
195 476
195 478
195 491
196 239
196 241
196 269
196 280
196 293
196 345
196 370
196 391
196 395
196 398
196 428
196 434
196 435
196 460
196 462
196 477
197 203
197 215
197 221
197 223
197 251
197 271
197 293
197 300
197 319
197 320
197 342
197 353
197 362
197 373
197 376
197 383
197 391
197 393
197 433
197 448
198 203
198 213
198 217
198 248
198 256
198 269
198 277
198 294
198 304
198 365
198 380
198 382
198 389
198 392
198 407
198 419
198 426
198 429
198 465
198 473
198 475
198 489
199 222
199 227
199 228
199 245
199 246
199 254
199 260
199 275
199 323
199 334
199 336
199 378
199 403
199 413
199 437
199 443
199 449
199 472
199 475
199 481
199 483
199 499
200 206
200 208
200 265
200 277
200 301
200 307
200 317
200 331
200 335
200 336
200 352
200 364
200 365
200 387
200 389
200 391
200 395
200 402
200 405
200 425
200 433
200 437
200 455
200 483
200 495
200 499
201 207
201 209
201 224
201 231
201 240
201 247
201 252
201 262
201 294
201 327
201 329
201 354
201 383
201 385
201 389
201 395
201 414
201 430
201 450
201 461
201 463
201 475
201 489
202 216
202 239
202 262
202 270
202 339
202 346
202 347
202 367
202 373
202 394
202 403
202 405
202 407
202 414
202 418
202 423
202 432
202 438
202 451
202 454
202 477
202 480
202 496
203 267
203 303
203 304
203 349
203 396
203 416
203 456
203 458
203 459
203 461
203 467
203 474
203 485
203 492
204 206
204 228
204 229
204 240
204 256
204 294
204 339
204 355
204 356
204 425
204 430
204 435
204 447
204 472
204 477
204 496
204 498
205 227
205 242
205 291
205 297
205 333
205 339
205 374
205 387
205 433
205 467
205 469
205 497
206 207
206 227
206 269
206 275
206 289
206 313
206 352
206 355
206 378
206 390
206 435
206 441
206 462
206 469
206 474
206 481
207 218
207 232
207 236
207 259
207 265
207 271
207 288
207 317
207 373
207 390
207 393
207 401
207 419
207 433
207 459
207 468
207 471
208 232
208 233
208 240
208 251
208 276
208 289
208 304
208 315
208 355
208 360
208 369
208 423
208 429
208 431
208 439
208 446
208 451
208 458
209 217
209 231
209 264
209 294
209 324
209 363
209 378
209 391
209 394
209 403
209 414
209 427
209 439
209 452
209 456
210 214
210 215
210 232
210 238
210 247
210 268
210 269
210 272
210 275
210 283
210 294
210 345
210 347
210 351
210 361
210 397
210 405
210 424
210 442
210 458
210 482
210 497
211 313
211 371
211 379
211 382
211 386
211 400
211 410
211 434
211 460
211 465
211 490
211 494
211 498
212 222
212 244
212 249
212 266
212 271
212 284
212 288
212 298
212 306
212 338
212 434
212 437
212 445
212 450
212 461
212 473
213 219
213 220
213 252
213 261
213 279
213 300
213 301
213 318
213 338
213 352
213 360
213 404
213 421
213 466
214 226
214 236
214 257
214 265
214 316
214 334
214 343
214 344
214 352
214 372
214 376
214 379
214 386
214 391
214 402
214 408
214 414
214 447
214 454
214 472
214 482
214 495
214 496
215 235
215 238
215 250
215 279
215 330
215 349
215 369
215 382
215 465
215 472
216 224
216 239
216 264
216 267
216 278
216 288
216 306
216 308
216 324
216 352
216 355
216 386
216 404
216 406
216 429
216 462
217 229
217 232
217 237
217 261
217 271
217 299
217 329
217 367
217 368
217 398
217 443
217 453
217 463
218 231
218 256
218 268
218 301
218 309
218 319
218 325
218 339
218 349
218 353
218 374
218 375
218 396
218 405
218 440
219 232
219 261
219 290
219 338
219 341
219 354
219 386
219 390
219 401
219 402
219 417
219 420
219 424
219 441
219 451
219 453
219 460
219 462
219 466
219 468
219 494
219 496
220 228
220 251
220 272
220 319
220 330
220 331
220 351
220 357
220 383
220 396
220 401
220 424
220 436
220 446
220 468
220 482
220 488
220 496
221 248
221 254
221 276
221 296
221 297
221 313
221 330
221 332
221 333
221 341
221 344
221 355
221 358
221 364
221 396
221 400
221 407
221 410
221 425
221 448
221 452
221 484
221 490
222 233
222 244
222 256
222 291
222 318
222 320
222 329
222 337
222 363
222 365
222 367
222 378
222 389
222 397
222 400
222 417
222 428
222 438
222 443
222 462
222 468
223 231
223 250
223 289
223 305
223 328
223 346
223 350
223 366
223 374
223 392
223 408
223 442
223 443
223 479
223 489
224 292
224 312
224 313
224 329
224 334
224 347
224 367
224 376
224 405
224 407
224 428
224 440
224 445
224 450
224 470
224 471
224 484
224 494
225 238
225 241
225 262
225 273
225 289
225 299
225 351
225 372
225 411
225 421
225 439
225 454
225 461
225 470
225 484
225 492
225 494
226 241
226 254
226 278
226 295
226 299
226 336
226 341
226 364
226 371
226 393
226 416
226 417
226 426
226 440
226 442
226 454
226 464
226 472
226 477
227 238
227 258
227 259
227 265
227 292
227 309
227 328
227 375
227 394
227 422
227 431
227 433
227 440
227 474
227 491
227 499
228 251
228 260
228 272
228 313
228 322
228 326
228 338
228 375
228 389
228 393
228 397
228 404
228 432
228 456
228 465
228 467
228 475
228 491
228 495
229 259
229 285
229 343
229 382
229 406
229 419
229 421
229 428
229 448
229 452
229 488
230 262
230 272
230 290
230 303
230 309
230 310
230 317
230 336
230 355
230 374
230 394
230 398
230 421
230 480
230 498
231 246
231 254
231 259
231 273
231 315
231 320
231 394
231 402
231 410
231 420
231 426
231 435
231 442
231 447
231 458
231 471
231 483
232 235
232 266
232 277
232 294
232 302
232 335
232 350
232 365
232 369
232 376
232 390
232 459
233 245
233 302
233 304
233 327
233 336
233 338
233 362
233 376
233 397
233 404
233 422
233 453
233 472
233 481
234 248
234 255
234 258
234 269
234 286
234 292
234 294
234 308
234 325
234 336
234 370
234 371
234 402
234 405
234 413
234 418
234 436
234 453
234 467
235 267
235 274
235 284
235 290
235 292
235 309
235 318
235 334
235 351
235 352
235 368
235 381
235 419
235 426
235 446
235 461
235 476
236 243
236 250
236 279
236 301
236 304
236 329
236 342
236 366
236 393
236 397
237 289
237 293
237 302
237 358
237 369
237 372
237 400
237 401
237 431
237 451
237 457
237 475
238 242
238 243
238 251
238 255
238 260
238 283
238 289
238 315
238 317
238 325
238 354
238 357
238 366
238 400
238 419
238 438
238 446
238 466
239 245
239 261
239 279
239 281
239 320
239 325
239 329
239 354
239 379
239 396
239 425
239 437
239 440
239 461
239 494
240 246
240 250
240 257
240 283
240 307
240 313
240 362
240 367
240 419
240 439
240 475
241 243
241 246
241 270
241 278
241 312
241 341
241 351
241 365
241 411
241 422
241 433
241 466
241 470
241 474
241 478
241 491
241 496
242 244
242 274
242 278
242 333
242 340
242 343
242 364
242 367
242 380
242 447
242 457
242 459
242 473
243 285
243 291
243 293
243 301
243 319
243 321
243 337
243 347
243 355
243 356
243 357
243 359
243 367
243 369
243 370
243 383
243 410
243 414
243 420
243 424
243 442
243 458
243 475
243 484
244 245
244 279
244 281
244 308
244 309
244 319
244 325
244 330
244 332
244 340
244 342
244 347
244 351
244 358
244 372
244 383
244 478
245 259
245 271
245 278
245 280
245 323
245 328
245 341
245 356
245 414
245 419
245 430
245 435
245 476
246 255
246 262
246 265
246 284
246 297
246 315
246 318
246 332
246 333
246 344
246 345
246 374
246 376
246 394
246 429
246 435
246 438
246 446
246 476
246 480
246 481
246 485
247 250
247 254
247 255
247 260
247 281
247 293
247 296
247 315
247 320
247 327
247 365
247 392
247 402
247 406
247 410
247 415
247 426
247 432
247 453
247 455
247 472
247 481
247 489
247 499
248 303
248 327
248 338
248 342
248 345
248 360
248 366
248 372
248 375
248 385
248 390
248 397
248 403
248 406
248 412
248 423
248 429
248 431
248 435
248 440
248 444
248 445
248 453
248 480
248 489
248 490
249 264
249 265
249 268
249 271
249 274
249 291
249 307
249 328
249 349
249 350
249 362
249 365
249 372
249 437
249 439
249 445
249 462
249 468
249 475
250 267
250 281
250 291
250 299
250 300
250 308
250 309
250 325
250 337
250 359
250 366
250 376
250 384
250 394
250 408
250 413
250 415
250 421
250 452
250 461
251 270
251 272
251 274
251 295
251 314
251 349
251 350
251 358
251 379
251 383
251 393
251 422
251 433
251 466
251 473
251 499
252 271
252 298
252 312
252 332
252 336
252 341
252 342
252 360
252 364
252 373
252 392
252 399
252 425
252 443
252 454
252 469
252 478
252 488
252 498
252 499
253 281
253 289
253 303
253 318
253 360
253 366
253 372
253 389
253 398
253 412
253 421
253 423
253 428
253 456
253 480
253 485
253 492
254 269
254 305
254 325
254 355
254 371
254 383
254 401
254 409
254 430
254 471
254 494
255 260
255 314
255 320
255 331
255 355
255 407
255 415
255 431
255 437
255 450
255 464
255 478
255 499
256 273
256 277
256 279
256 334
256 353
256 354
256 358
256 368
256 436
256 447
256 493
256 494
256 498
257 263
257 266
257 302
257 311
257 313
257 317
257 328
257 360
257 363
257 378
257 385
257 395
257 396
257 409
257 428
258 275
258 320
258 325
258 330
258 332
258 375
258 381
258 384
258 420
258 448
258 454
258 464
258 469
258 474
258 480
258 485
258 488
259 262
259 267
259 289
259 310
259 327
259 342
259 348
259 358
259 366
259 370
259 384
259 443
259 461
259 491
260 287
260 290
260 307
260 322
260 367
260 422
260 431
260 477
260 480
261 298
261 303
261 340
261 341
261 352
261 401
261 418
261 423
261 436
261 457
261 471
261 480
261 484
262 288
262 335
262 339
262 353
262 355
262 370
262 406
262 411
262 428
262 474
262 475
262 486
262 490
262 492
263 319
263 328
263 333
263 334
263 336
263 338
263 339
263 379
263 382
263 391
263 429
263 435
263 441
263 445
263 470
263 497
264 366
264 389
264 407
264 412
264 414
264 425
264 439
264 479
264 481
264 489
265 314
265 332
265 335
265 352
265 365
265 399
265 401
265 404
265 426
265 429
265 437
265 448
265 464
265 485
265 497
266 277
266 286
266 299
266 306
266 343
266 348
266 355
266 372
266 396
266 433
266 440
266 451
266 463
266 473
266 484
266 486
267 271
267 297
267 328
267 334
267 357
267 361
267 366
267 373
267 376
267 385
267 395
267 412
267 415
267 423
267 442
267 458
267 460
267 475
267 488
268 320
268 350
268 377
268 378
268 416
268 440
268 450
268 461
268 466
268 484
268 496
269 301
269 310
269 327
269 339
269 343
269 346
269 353
269 366
269 395
269 403
269 425
269 439
269 446
269 466
269 467
269 479
269 492
269 496
270 283
270 296
270 322
270 334
270 337
270 364
270 368
270 377
270 413
270 431
270 488
270 494
271 288
271 291
271 292
271 361
271 366
271 394
271 395
271 402
271 415
271 474
271 477
271 487
272 275
272 286
272 287
272 292
272 296
272 304
272 313
272 319
272 332
272 356
272 388
272 389
272 397
272 400
272 430
272 431
272 438
272 448
272 462
272 469
272 472
272 473
272 477
272 480
272 495
273 301
273 304
273 332
273 361
273 366
273 377
273 390
273 394
273 397
273 463
273 476
273 487
274 284
274 285
274 318
274 373
274 390
274 400
274 402
274 417
274 423
274 434
274 447
274 448
274 471
274 482
275 278
275 325
275 327
275 335
275 337
275 338
275 355
275 368
275 370
275 382
275 413
275 427
275 448
275 450
275 483
276 329
276 341
276 351
276 377
276 378
276 382
276 401
276 410
276 420
276 430
276 446
276 453
276 465
277 293
277 303
277 307
277 310
277 326
277 337
277 341
277 371
277 374
277 375
277 378
277 387
277 389
277 410
277 436
277 444
277 446
277 449
277 494
278 296
278 310
278 312
278 313
278 331
278 370
278 403
278 405
278 419
278 421
278 423
278 427
278 429
278 452
278 473
278 480
278 496
279 286
279 287
279 294
279 331
279 429
279 438
279 440
279 478
279 497
280 283
280 293
280 299
280 303
280 310
280 343
280 344
280 347
280 376
280 378
280 415
280 423
280 476
280 477
281 301
281 321
281 326
281 327
281 329
281 464
281 479
281 492
282 339
282 395
282 429
282 441
282 442
282 445
282 484
282 493
283 287
283 298
283 322
283 347
283 377
283 393
283 399
283 413
283 424
283 452
283 460
284 294
284 311
284 365
284 372
284 376
284 425
284 432
284 433
284 442
284 450
284 461
284 472
284 498
285 286
285 289
285 301
285 306
285 309
285 346
285 356
285 404
285 408
285 410
285 418
285 433
285 482
286 302
286 324
286 336
286 349
286 370
286 401
286 407
286 433
286 437
286 479
286 490
287 317
287 326
287 331
287 337
287 361
287 375
287 388
287 389
287 392
287 395
287 414
287 432
287 434
287 439
287 444
287 465
287 466
287 468
287 487
288 367
288 368
288 380
288 406
288 428
288 444
288 445
288 461
289 301
289 319
289 325
289 349
289 361
289 377
289 381
289 382
289 452
289 460
289 481
289 486
289 499
290 292
290 293
290 316
290 344
290 380
290 389
290 400
290 405
290 425
290 438
290 448
290 487
290 492
291 295
291 301
291 309
291 354
291 357
291 365
291 384
291 386
291 392
291 395
291 435
291 462
291 470
291 481
291 487
291 491
292 308
292 311
292 331
292 346
292 369
292 384
292 482
292 486
292 497
293 311
293 321
293 327
293 346
293 395
293 426
293 434
293 438
293 445
293 483
293 487
293 489
293 495
293 499
294 295
294 314
294 322
294 336
294 370
294 391
294 450
294 465
294 486
294 493
294 494
294 499
295 305
295 311
295 317
295 321
295 361
295 420
295 422
295 434
295 442
295 458
295 482
295 492
295 498
296 299
296 304
296 355
296 375
296 395
296 404
297 317
297 333
297 359
297 368
297 379
297 393
297 396
297 403
297 414
297 428
297 473
298 301
298 302
298 313
298 377
298 444
298 493
299 324
299 325
299 328
299 336
299 398
299 420
299 446
299 453
299 479
300 317
300 329
300 338
300 355
300 356
300 359
300 363
300 382
300 400
300 414
300 424
300 426
300 445
300 484
300 486
301 321
301 335
301 364
301 365
301 392
301 433
301 473
301 474
301 491
302 310
302 330
302 337
302 351
302 359
302 384
302 387
302 394
302 413
302 426
302 444
302 467
303 307
303 314
303 318
303 320
303 323
303 365
303 367
303 382
303 411
303 456
303 463
303 476
303 481
303 497
304 305
304 382
304 384
304 389
304 393
304 402
304 440
304 452
304 463
305 309
305 315
305 322
305 323
305 335
305 339
305 344
305 349
305 369
305 383
305 389
305 391
305 412
305 421
305 441
305 454
305 459
305 472
305 493
305 499
306 312
306 321
306 342
306 371
306 382
306 429
306 433
306 472
306 474
306 479
306 483
306 484
307 309
307 319
307 330
307 344
307 369
307 391
307 440
307 444
307 493
308 310
308 327
308 341
308 351
308 356
308 362
308 364
308 373
308 375
308 376
308 379
308 401
308 404
308 457
309 312
309 345
309 348
309 359
309 396
309 417
309 421
309 433
309 449
309 450
309 465
309 478
310 333
310 334
310 344
310 349
310 385
310 396
310 399
310 403
310 413
310 445
310 446
310 464
310 478
310 493
310 496
311 337
311 357
311 391
311 393
311 399
311 402
311 431
311 461
311 473
311 480
312 335
312 348
312 391
312 412
312 447
312 462
312 468
312 489
312 497
313 326
313 360
313 387
313 399
313 416
313 430
313 435
313 455
313 490
313 491
314 320
314 327
314 348
314 370
314 375
314 381
314 383
314 422
314 423
314 438
314 451
314 461
315 333
315 344
315 354
315 356
315 378
315 380
315 388
315 392
315 402
315 449
315 450
315 453
315 486
315 492
316 331
316 359
316 362
316 370
316 379
316 394
316 409
316 470
316 475
316 487
316 493
317 360
317 394
317 402
317 408
317 423
317 435
317 458
317 491
317 492
317 496
318 329
318 352
318 396
318 399
318 403
318 414
318 426
318 481
318 493
318 495
319 326
319 345
319 362
319 420
319 427
319 447
319 471
319 473
319 477
319 481
319 486
320 336
320 341
320 352
320 414
320 435
320 457
320 463
320 471
321 337
321 347
321 359
321 376
321 381
321 412
321 413
321 431
321 497
322 362
322 366
322 370
322 372
322 391
322 395
322 405
322 454
322 456
322 466
322 485
322 487
322 491
323 340
323 346
323 350
323 364
323 391
323 402
323 423
323 424
323 446
323 448
323 469
323 475
324 335
324 338
324 366
324 372
324 402
324 453
324 461
324 464
324 477
324 498
325 339
325 385
325 400
325 410
325 431
325 443
325 468
325 478
325 481
325 484
326 337
326 339
326 358
326 388
326 417
326 426
326 437
326 441
326 447
327 328
327 361
327 362
327 381
327 391
327 397
327 406
327 419
327 425
327 428
327 437
327 449
327 463
327 471
327 474
327 476
327 498
328 333
328 347
328 370
328 390
328 391
328 397
328 402
328 403
328 451
328 453
328 458
328 472
328 489
329 335
329 365
329 372
329 380
329 384
329 393
329 405
329 407
329 409
329 423
329 432
329 443
329 457
329 466
329 489
330 336
330 369
330 378
330 397
330 408
330 410
330 465
330 468
331 346
331 371
331 373
331 379
331 387
331 407
331 418
331 430
331 445
331 485
331 488
331 490
331 492
331 497
332 336
332 358
332 385
332 411
332 447
332 479
332 482
332 485
332 492
333 346
333 366
333 376
333 402
333 423
333 454
333 455
333 460
333 462
333 477
333 484
333 489
334 336
334 337
334 338
334 343
334 358
334 363
334 421
334 431
334 434
334 452
334 460
335 336
335 340
335 367
335 382
335 447
335 449
335 478
336 343
336 354
336 355
336 358
336 375
336 376
336 378
336 389
336 404
336 405
336 426
336 482
336 495
337 351
337 411
337 434
337 453
337 486
337 494
338 374
338 377
338 392
338 411
338 430
338 436
338 455
338 461
338 491
338 496
338 497
338 499
339 351
339 353
339 355
339 389
339 413
339 422
339 430
339 445
339 450
339 458
339 466
339 485
340 361
340 396
340 432
340 436
340 438
340 453
340 463
340 464
340 474
340 485
341 347
341 353
341 384
341 424
341 428
341 443
341 470
341 475
342 353
342 372
342 380
342 391
342 422
342 430
342 433
342 491
343 344
343 390
343 396
343 413
343 427
343 479
343 490
343 498
344 387
344 402
344 406
344 424
344 438
344 445
344 455
345 354
345 356
345 401
345 403
345 406
345 411
345 412
345 437
345 471
345 480
345 494
346 392
346 412
346 421
346 462
346 486
346 498
347 351
347 386
347 390
347 422
347 447
347 474
347 477
347 485
347 487
347 488
348 351
348 374
348 375
348 405
348 418
348 423
348 438
348 452
348 461
348 476
349 393
349 398
349 415
349 423
349 442
349 447
349 460
349 474
349 475
350 353
350 362
350 420
350 426
350 428
350 446
350 452
350 457
350 465
350 481
350 483
350 486
351 370
351 377
351 400
351 412
351 421
351 448
351 474
351 496
352 376
352 386
352 415
352 429
352 456
352 478
352 488
352 493
353 361
353 376
353 395
353 414
353 427
353 437
353 460
353 462
353 463
353 466
353 469
353 470
353 476
354 355
354 363
354 409
354 411
354 414
354 452
354 466
354 479
354 483
354 485
355 377
355 381
355 411
355 417
355 418
355 422
355 431
355 459
356 361
356 372
356 398
356 410
356 441
356 457
356 481
356 482
356 497
356 498
357 362
357 364
357 370
357 383
357 420
357 424
357 431
357 450
357 474
358 364
358 387
358 453
358 476
358 481
358 489
359 364
359 377
359 384
359 391
359 447
359 453
359 459
359 499
360 365
360 376
360 383
360 386
360 430
360 443
360 445
360 469
360 473
360 475
361 387
361 390
361 428
361 432
361 464
361 485
362 364
362 367
362 418
362 424
362 427
362 436
362 443
362 488
363 374
363 375
363 408
363 419
363 453
363 461
363 475
363 479
363 495
364 394
364 435
364 440
364 451
364 461
364 463
364 464
364 465
364 476
365 371
365 379
365 417
365 421
365 422
365 447
365 464
365 481
366 389
366 394
366 420
366 430
366 461
366 462
366 474
366 478
366 492
366 495
367 384
367 385
367 432
367 438
367 442
367 459
367 474
368 405
368 415
368 420
368 421
368 464
368 496
369 372
369 387
369 389
369 445
369 456
369 461
369 471
369 495
370 386
370 388
370 415
370 426
370 435
370 492
371 375
371 392
371 406
371 429
371 431
371 491
371 492
372 378
372 390
372 448
373 375
373 377
373 382
373 413
373 417
373 433
373 437
373 469
373 477
373 479
373 487
373 489
373 498
374 386
374 428
374 446
374 453
374 468
374 470
374 493
375 381
375 386
375 400
375 431
375 440
375 443
375 446
375 481
375 483
375 493
376 386
376 391
376 414
376 490
376 499
377 392
377 394
377 395
377 397
377 414
377 428
377 434
377 468
377 477
377 491
377 495
378 384
378 426
378 442
378 477
378 487
379 383
379 422
379 432
379 448
380 396
380 413
380 418
380 431
380 436
380 445
380 466
380 473
380 485
380 496
381 397
381 410
381 426
381 468
381 486
381 494
382 385
382 392
382 440
382 450
382 489
382 494
383 388
383 404
383 420
383 421
383 425
383 440
383 441
383 464
383 465
383 499
384 388
384 418
384 425
385 410
385 417
385 426
385 450
385 463
385 469
385 485
386 395
386 442
386 460
386 476
386 478
387 419
387 433
387 450
387 457
387 475
387 496
388 424
388 425
388 458
388 462
388 469
388 482
388 495
389 394
389 399
389 435
389 443
389 456
389 459
389 460
389 490
389 492
390 411
390 425
390 427
390 474
390 475
390 482
390 490
390 497
391 409
391 435
391 474
391 475
391 476
392 406
392 409
392 424
392 441
392 479
393 421
393 441
393 480
394 402
394 413
394 449
394 469
394 475
395 400
395 407
395 438
395 452
395 474
396 426
396 434
396 437
396 439
396 441
396 446
396 485
396 499
397 400
397 415
397 426
397 495
398 427
398 436
398 446
398 457
398 471
399 428
399 435
399 451
400 423
400 441
400 446
400 447
400 466
400 491
401 423
401 437
401 455
401 471
401 479
401 481
402 406
402 431
402 440
402 475
402 480
402 481
402 488
403 431
403 451
403 462
404 413
404 486
405 410
405 434
405 491
405 497
406 470
406 489
407 408
407 420
407 429
407 437
407 447
407 469
407 473
407 477
407 488
407 493
408 418
408 448
408 461
408 491
408 498
409 410
409 433
409 444
409 467
409 481
410 420
410 431
410 436
410 463
410 472
410 486
410 494
410 496
411 476
411 487
412 432
412 435
412 447
412 468
412 486
413 424
413 427
413 435
413 456
413 462
413 463
413 467
413 484
414 438
414 459
414 464
415 430
415 439
415 442
415 445
415 467
415 469
415 474
415 483
416 437
416 441
416 443
416 450
416 469
416 487
416 496
417 443
417 452
417 457
417 473
417 485
417 486
417 499
418 419
418 426
418 452
418 458
418 459
418 467
418 473
418 486
419 453
419 472
419 499
420 426
420 444
420 453
420 459
420 472
421 457
421 477
421 483
421 489
422 436
422 464
423 424
423 447
423 460
423 469
423 482
424 434
424 445
424 471
424 473
424 478
424 486
425 463
425 467
426 428
426 430
426 436
426 439
426 471
427 453
427 460
427 486
428 444
428 479
428 499
429 487
429 488
429 490
429 495
430 443
430 447
430 461
430 465
430 468
430 487
430 494
431 442
431 445
431 455
431 460
431 463
431 468
431 479
431 482
431 499
432 492
432 495
433 434
433 449
433 450
433 466
433 477
433 486
434 451
434 460
434 481
434 482
434 485
435 436
435 451
435 489
436 448
436 460
436 466
436 471
436 483
437 442
437 445
437 453
437 462
438 444
438 446
438 456
438 463
438 472
438 487
439 441
439 481
439 497
440 453
441 451
441 490
442 448
442 452
442 465
442 497
443 445
443 482
443 493
444 450
444 456
444 465
445 468
445 499
446 463
446 477
446 483
446 490
447 454
447 465
447 479
447 482
447 487
448 490
448 494
448 499
449 451
449 459
449 465
449 470
449 482
450 455
450 499
451 465
451 466
451 473
451 482
451 490
452 476
453 454
453 461
454 464
454 468
454 484
454 486
455 490
455 496
456 461
456 474
456 482
456 487
456 499
457 460
457 479
457 498
458 486
459 463
459 476
459 481
459 484
460 478
460 490
461 467
461 473
461 484
461 499
462 480
462 484
462 488
463 472
463 476
463 484
463 495
464 472
464 476
464 489
464 494
465 484
466 470
466 474
466 493
466 495
466 499
467 468
467 475
467 477
467 478
468 482
469 473
469 474
469 479
469 486
469 489
470 495
473 477
473 486
473 487
474 491
477 485
477 487
477 488
481 496
481 498
484 499
485 490
485 497
486 495
487 494
488 495
490 491
490 497
498 499
