300 2620 0.8
0 2
0 5
0 22
0 49
0 77
0 80
0 117
0 141
0 172
0 175
0 194
0 226
0 275
0 298
0 299
1 33
1 71
1 81
1 125
1 131
1 148
1 159
1 175
1 194
1 213
1 243
1 262
1 263
1 291
2 19
2 27
2 54
2 142
2 157
2 167
2 172
2 176
2 182
2 188
2 201
2 232
2 251
2 260
2 267
2 286
2 294
2 298
3 22
3 24
3 38
3 40
3 69
3 75
3 90
3 102
3 110
3 126
3 140
3 163
3 195
3 200
3 231
3 236
3 241
3 243
3 253
3 254
3 275
3 280
4 23
4 33
4 35
4 51
4 52
4 91
4 111
4 120
4 135
4 226
4 237
4 251
4 275
4 285
4 295
5 15
5 30
5 70
5 92
5 106
5 120
5 136
5 156
5 159
5 227
5 247
5 255
5 264
5 279
6 79
6 91
6 109
6 160
6 168
6 192
6 205
6 214
6 222
6 241
6 249
6 250
6 251
6 274
7 27
7 57
7 67
7 80
7 129
7 178
7 180
7 191
7 214
7 218
7 251
7 259
7 279
8 11
8 50
8 55
8 70
8 85
8 88
8 151
8 156
8 159
8 174
8 176
8 197
8 215
8 232
8 244
8 256
8 269
9 28
9 29
9 52
9 54
9 113
9 119
9 120
9 122
9 134
9 136
9 139
9 140
9 145
9 151
9 164
9 168
9 171
9 180
9 188
9 190
9 205
9 212
9 233
9 239
9 252
9 263
9 272
9 284
10 56
10 57
10 70
10 78
10 85
10 125
10 147
10 165
10 178
10 225
10 230
10 251
10 259
10 284
11 28
11 34
11 41
11 42
11 62
11 119
11 146
11 155
11 173
11 177
11 183
11 195
11 196
11 200
11 206
11 237
11 243
11 268
11 274
11 280
11 282
11 287
12 27
12 53
12 96
12 108
12 119
12 139
12 143
12 152
12 189
12 191
12 205
12 211
12 223
12 240
12 276
13 73
13 78
13 79
13 85
13 97
13 113
13 119
13 190
13 191
13 193
13 195
13 206
13 260
13 280
14 18
14 33
14 109
14 135
14 146
14 155
14 162
14 206
14 214
14 221
14 223
14 227
14 229
14 241
14 245
14 254
14 256
14 264
14 288
15 31
15 34
15 41
15 42
15 49
15 50
15 75
15 89
15 96
15 107
15 118
15 128
15 137
15 190
15 211
15 231
15 240
15 258
15 284
15 286
15 296
16 95
16 97
16 130
16 145
16 148
16 181
16 212
16 223
16 268
16 292
17 22
17 38
17 50
17 58
17 69
17 127
17 130
17 159
17 169
17 174
17 183
17 198
17 209
17 218
17 234
17 258
17 276
17 281
17 297
18 71
18 75
18 92
18 93
18 112
18 147
18 165
18 181
18 183
18 199
18 239
18 249
18 277
18 285
18 287
19 44
19 73
19 90
19 93
19 118
19 120
19 139
19 146
19 171
19 174
19 195
20 21
20 24
20 41
20 46
20 49
20 126
20 128
20 144
20 154
20 171
20 195
20 199
20 220
20 251
20 257
20 266
20 270
20 273
21 45
21 60
21 110
21 115
21 132
21 150
21 166
21 204
21 223
21 257
21 287
21 288
22 49
22 74
22 76
22 80
22 148
22 149
22 158
22 184
22 192
22 198
22 210
22 227
22 233
22 269
22 295
23 40
23 45
23 51
23 52
23 69
23 74
23 77
23 103
23 201
23 218
23 219
23 227
23 240
23 256
23 278
24 38
24 52
24 58
24 70
24 100
24 104
24 109
24 173
24 193
24 205
24 215
24 227
24 271
24 298
25 66
25 103
25 123
25 124
25 135
25 148
25 189
25 205
25 206
25 214
25 224
25 237
25 249
25 251
25 297
26 42
26 92
26 94
26 152
26 198
26 234
26 262
27 39
27 71
27 78
27 79
27 137
27 140
27 169
27 220
27 242
27 250
27 254
27 282
27 284
27 296
27 297
28 42
28 85
28 115
28 135
28 152
28 159
28 160
28 169
28 172
28 185
28 213
28 219
28 253
28 275
28 285
28 288
29 109
29 121
29 143
29 144
29 179
29 181
29 294
30 71
30 78
30 82
30 108
30 138
30 150
30 153
30 165
30 204
30 218
30 228
30 251
30 263
30 266
30 276
30 290
31 48
31 72
31 111
31 125
31 165
31 175
31 187
31 211
31 220
31 262
31 279
32 41
32 49
32 78
32 111
32 128
32 157
32 174
32 182
32 206
32 217
32 225
32 228
32 232
32 256
32 268
32 291
33 35
33 40
33 124
33 125
33 130
33 136
33 182
33 189
33 211
33 218
33 246
33 255
33 271
33 274
33 299
34 69
34 97
34 98
34 101
34 116
34 128
34 151
34 177
34 178
34 183
34 203
34 221
34 227
34 241
34 256
34 260
34 283
35 39
35 42
35 45
35 61
35 90
35 111
35 151
35 163
35 206
35 228
35 232
35 238
35 268
35 276
35 280
35 283
35 295
36 79
36 85
36 101
36 117
36 146
36 153
36 186
36 192
36 215
36 236
36 251
36 259
37 42
37 46
37 47
37 83
37 85
37 109
37 113
37 152
37 175
37 178
37 184
37 192
37 249
37 280
38 61
38 68
38 72
38 89
38 96
38 142
38 190
38 218
38 222
38 228
38 236
38 261
38 299
39 58
39 76
39 93
39 106
39 112
39 126
39 127
39 152
39 161
39 169
39 184
39 216
39 223
39 228
39 232
39 233
39 236
39 282
39 284
39 287
40 72
40 75
40 76
40 154
40 170
40 171
40 194
40 215
40 216
40 217
40 235
40 260
40 268
40 282
40 297
40 299
41 61
41 64
41 75
41 113
41 115
41 117
41 134
41 136
41 157
41 158
41 165
41 168
41 180
41 182
41 188
41 189
41 204
41 260
41 279
41 294
42 46
42 56
42 71
42 93
42 118
42 122
42 214
42 234
42 246
42 254
42 294
42 299
43 47
43 74
43 89
43 97
43 115
43 122
43 134
43 137
43 172
43 179
43 208
43 236
43 240
43 246
43 260
43 262
43 267
43 294
43 296
44 58
44 72
44 77
44 82
44 113
44 115
44 141
44 161
44 163
44 166
44 175
44 185
44 206
44 211
44 221
44 223
44 226
44 236
44 249
44 269
44 271
44 288
45 51
45 71
45 89
45 95
45 130
45 141
45 148
45 163
45 185
45 220
45 245
45 251
45 263
45 266
45 268
45 272
45 283
45 298
46 51
46 57
46 61
46 87
46 118
46 158
46 168
46 180
46 250
46 252
46 277
47 74
47 88
47 108
47 132
47 146
47 161
47 167
47 181
47 188
47 194
47 223
47 226
47 233
47 258
47 268
47 270
47 274
47 283
48 57
48 94
48 108
48 113
48 116
48 119
48 120
48 140
48 147
48 155
48 211
48 213
48 220
48 235
48 275
48 281
48 295
49 61
49 74
49 100
49 104
49 129
49 160
49 186
49 189
49 192
49 202
49 222
49 268
49 279
49 298
50 94
50 103
50 110
50 128
50 154
50 157
50 196
50 206
50 207
50 216
50 264
50 269
51 71
51 89
51 92
51 93
51 159
51 190
51 216
51 259
51 262
51 266
51 270
52 64
52 80
52 81
52 94
52 96
52 119
52 166
52 184
52 201
52 222
52 254
52 271
52 296
53 76
53 87
53 93
53 97
53 140
53 149
53 164
53 170
53 191
53 200
53 208
53 220
53 231
53 273
54 70
54 103
54 108
54 131
54 161
54 174
54 177
54 190
54 194
54 234
54 237
54 247
54 251
54 265
54 270
54 288
55 69
55 92
55 102
55 103
55 113
55 141
55 146
55 147
55 150
55 196
55 204
55 237
55 258
56 60
56 65
56 68
56 83
56 139
56 161
56 198
56 226
56 244
56 275
56 289
57 59
57 65
57 69
57 77
57 98
57 123
57 133
57 156
57 163
57 178
57 182
57 187
57 191
57 206
57 223
57 227
57 240
57 243
57 255
57 259
57 278
57 280
57 288
57 291
58 61
58 64
58 80
58 84
58 137
58 157
58 161
58 166
58 169
58 207
58 226
58 235
58 254
58 282
58 286
59 72
59 89
59 135
59 165
59 194
59 208
59 218
59 231
59 235
59 265
60 71
60 74
60 102
60 107
60 117
60 150
60 151
60 157
60 160
60 190
60 225
60 236
60 253
60 281
60 284
60 291
61 76
61 96
61 99
61 122
61 147
61 157
61 159
61 176
61 201
61 212
61 234
61 266
62 63
62 86
62 89
62 92
62 101
62 111
62 122
62 140
62 179
62 193
62 225
62 238
62 241
62 258
62 284
62 293
63 87
63 89
63 103
63 107
63 111
63 117
63 129
63 150
63 156
63 172
63 174
63 189
63 199
63 213
63 262
63 285
63 292
63 299
64 82
64 84
64 97
64 98
64 124
64 126
64 132
64 138
64 161
64 200
64 223
64 239
64 247
64 259
64 274
64 287
64 288
64 297
65 85
65 95
65 97
65 102
65 116
65 167
65 170
65 245
65 254
65 282
65 298
65 299
66 103
66 115
66 134
66 149
66 158
66 198
66 240
66 253
66 260
67 91
67 97
67 99
67 102
67 103
67 121
67 134
67 161
67 166
67 170
67 196
67 243
67 270
68 146
68 180
68 208
68 226
68 235
68 264
69 93
69 108
69 123
69 127
69 161
69 169
69 173
69 195
69 198
69 199
69 215
69 238
69 239
69 246
69 260
69 286
70 133
70 139
70 142
70 171
70 177
70 182
70 197
70 210
70 225
70 250
70 284
70 286
70 294
71 92
71 115
71 143
71 159
71 170
71 184
71 212
71 223
71 227
71 243
71 262
71 277
72 75
72 118
72 119
72 136
72 161
72 194
72 197
72 200
72 212
72 222
72 223
72 248
72 260
72 272
72 277
72 293
73 102
73 119
73 122
73 152
73 181
73 189
73 192
73 213
73 248
73 250
73 263
73 276
73 279
73 280
73 299
74 98
74 105
74 112
74 118
74 135
74 139
74 143
74 189
74 191
74 217
74 221
74 240
74 280
75 77
75 80
75 82
75 87
75 90
75 95
75 119
75 132
75 151
75 209
75 210
75 211
75 233
75 267
75 278
75 286
76 102
76 111
76 120
76 128
76 165
76 218
76 242
76 243
76 253
76 260
76 264
76 298
77 78
77 136
77 138
77 143
77 149
77 155
77 166
77 180
77 218
77 224
77 237
77 241
77 249
77 251
78 107
78 129
78 140
78 143
78 154
78 165
78 171
78 174
78 175
78 188
78 190
78 199
78 230
78 236
78 271
78 298
78 299
79 133
79 145
79 152
79 159
79 214
79 217
79 237
79 254
79 276
80 107
80 109
80 146
80 154
80 162
80 195
80 196
80 198
80 206
80 209
80 238
80 242
80 274
80 276
80 283
80 291
80 297
81 130
81 149
81 182
81 187
81 194
81 249
81 259
81 286
82 93
82 96
82 102
82 104
82 174
82 190
82 192
82 202
82 227
82 231
82 244
82 256
82 271
82 279
82 296
83 88
83 90
83 91
83 112
83 118
83 132
83 150
83 202
83 204
83 241
83 246
83 249
83 274
83 280
83 297
84 89
84 93
84 99
84 114
84 117
84 133
84 141
84 171
84 174
84 188
84 204
84 209
84 270
84 284
84 285
84 295
85 95
85 106
85 115
85 118
85 130
85 191
85 197
85 205
85 206
85 213
85 218
85 224
85 240
85 246
85 266
85 272
85 295
86 95
86 101
86 120
86 122
86 140
86 169
86 195
86 209
86 212
86 233
86 234
86 239
86 241
86 262
86 291
86 292
87 89
87 111
87 134
87 139
87 174
87 192
87 223
87 253
87 296
88 113
88 141
88 149
88 163
88 199
88 222
88 226
88 241
88 243
88 254
88 273
88 279
88 284
88 299
89 106
89 111
89 124
89 134
89 150
89 157
89 171
89 190
89 194
89 228
89 233
90 153
90 188
90 194
90 211
90 213
90 236
90 256
90 259
90 289
91 92
91 114
91 115
91 137
91 139
91 190
91 218
91 228
91 230
91 268
91 289
91 295
92 98
92 100
92 107
92 123
92 138
92 167
92 192
92 203
92 209
92 218
92 268
92 275
93 101
93 139
93 141
93 142
93 148
93 179
93 204
93 206
93 223
93 290
94 110
94 124
94 130
94 159
94 165
94 179
94 181
94 192
94 195
94 202
94 207
94 215
94 297
95 109
95 113
95 119
95 130
95 168
95 178
95 214
95 245
95 264
95 279
95 286
95 296
96 97
96 103
96 120
96 141
96 155
96 174
96 196
96 237
96 260
96 271
96 292
97 128
97 133
97 171
97 172
97 190
97 213
97 216
97 228
97 236
97 242
97 246
97 262
97 279
98 177
98 212
98 215
98 231
98 239
98 272
98 276
98 287
98 288
99 107
99 111
99 127
99 131
99 160
99 166
99 170
99 225
99 228
99 247
99 263
99 271
99 286
100 119
100 151
100 159
100 177
100 182
100 191
100 208
100 211
100 263
100 270
100 282
101 106
101 115
101 120
101 137
101 158
101 164
101 168
101 241
101 276
101 296
102 110
102 112
102 125
102 152
102 187
102 257
102 283
102 287
102 296
103 115
103 121
103 146
103 165
103 182
103 196
103 205
103 234
103 245
103 274
103 291
103 294
104 106
104 140
104 145
104 169
104 209
104 211
104 214
104 228
104 234
104 272
104 274
104 281
105 113
105 120
105 121
105 141
105 143
105 146
105 170
105 196
105 246
105 268
105 280
105 296
106 113
106 141
106 187
106 218
106 253
106 270
106 274
106 292
107 127
107 133
107 162
107 164
107 212
107 222
107 229
107 266
107 268
107 278
107 286
108 142
108 146
108 152
108 179
108 192
108 219
108 225
108 268
108 273
108 277
108 295
109 110
109 167
109 174
109 194
109 199
109 235
110 123
110 155
110 162
110 169
110 177
110 197
110 202
110 214
110 215
110 217
110 219
110 229
110 273
110 283
110 287
111 143
111 155
111 158
111 179
111 183
111 261
111 262
111 264
111 289
112 115
112 119
112 125
112 187
112 224
112 242
112 267
112 271
112 277
112 285
112 289
112 292
113 120
113 125
113 144
113 178
113 183
113 191
113 199
113 245
113 254
113 265
113 275
113 276
114 116
114 119
114 124
114 139
114 171
114 173
114 193
114 207
114 222
114 245
114 282
114 294
115 188
115 212
115 219
115 244
115 258
115 270
115 278
116 158
116 160
116 195
116 216
116 218
116 222
116 239
116 261
117 124
117 149
117 180
117 191
117 201
117 257
117 273
117 287
117 291
118 134
118 138
118 144
118 157
118 177
118 206
118 220
118 225
118 250
119 122
119 144
119 208
119 213
119 238
119 256
119 257
119 258
120 124
120 156
120 168
120 210
120 230
120 235
120 245
120 269
120 274
121 142
121 154
121 161
121 174
121 180
121 188
121 195
121 196
121 207
121 215
121 221
121 248
121 270
121 277
121 295
122 130
122 194
122 222
122 292
123 139
123 213
123 223
123 231
123 237
123 244
123 273
124 137
124 141
124 146
124 147
124 155
124 156
124 187
124 191
124 214
124 217
124 235
124 258
124 289
125 131
125 166
125 176
125 202
125 204
125 215
125 216
125 239
125 273
125 281
125 285
126 145
126 179
126 180
126 191
126 217
126 232
126 271
126 278
126 288
127 142
127 185
127 196
127 211
127 224
127 225
127 254
127 277
127 299
128 130
128 141
128 172
128 184
128 192
128 223
128 247
128 260
128 291
129 153
129 155
129 176
129 197
129 213
129 222
129 241
129 297
130 143
130 168
130 174
130 180
130 206
130 211
130 230
130 252
130 275
131 156
131 163
131 174
131 191
131 217
131 220
131 236
131 243
131 263
131 264
131 266
132 137
132 142
132 148
132 150
132 157
132 180
132 202
132 220
133 151
133 171
133 191
133 204
133 208
133 231
133 258
133 261
133 294
134 135
134 143
134 146
134 159
134 171
134 195
134 211
134 227
134 231
134 232
134 285
134 299
135 144
135 156
135 160
135 162
135 197
135 203
135 237
135 238
135 264
135 291
136 137
136 147
136 148
136 177
136 186
136 193
136 206
136 243
136 252
136 268
136 281
136 282
136 287
136 297
137 170
137 177
137 188
137 202
137 210
137 214
137 234
137 251
137 291
137 298
138 234
138 248
138 257
138 265
138 273
138 292
139 142
139 143
139 172
139 184
139 199
139 202
139 203
139 220
139 233
139 253
139 268
140 145
140 176
140 192
140 194
140 201
140 203
140 215
140 240
140 243
140 248
140 252
140 273
141 152
141 154
141 188
141 191
141 195
141 208
141 220
141 256
142 183
142 213
142 232
142 247
142 251
142 277
142 299
143 151
143 155
143 176
143 178
143 184
143 202
143 203
143 209
143 219
143 220
143 261
143 266
143 298
144 160
144 163
144 189
144 199
144 202
144 206
144 211
144 221
144 234
144 254
144 274
145 147
145 176
145 189
145 234
145 235
145 251
145 252
145 264
145 278
145 284
145 287
145 293
146 159
146 192
146 217
146 228
146 229
146 251
146 274
146 281
147 189
147 204
147 207
147 211
147 216
147 217
147 250
147 252
147 254
147 275
147 280
147 284
147 299
148 153
148 155
148 175
148 183
148 188
148 195
148 233
148 258
148 262
148 270
148 286
149 156
149 187
149 222
149 228
149 246
149 260
149 271
149 289
150 166
150 173
150 201
150 207
150 221
150 234
150 239
150 241
150 264
150 299
151 163
151 181
151 186
151 280
151 285
152 158
152 173
152 182
152 183
152 186
152 194
152 195
152 201
152 204
152 228
152 231
152 244
152 268
152 272
152 278
152 292
153 162
153 188
153 236
153 237
153 254
153 260
153 277
153 295
154 188
154 203
154 216
154 239
154 241
154 250
154 254
154 263
154 282
155 167
155 180
155 193
155 198
155 283
156 235
156 241
156 242
156 248
156 261
156 264
156 277
156 289
157 182
157 189
157 208
157 214
157 252
157 263
157 271
157 275
158 191
158 204
158 209
158 223
158 230
158 247
158 267
158 286
158 291
159 160
159 164
159 176
159 187
159 196
159 201
159 258
160 174
160 177
160 217
160 225
160 237
160 241
160 246
160 257
160 266
161 170
161 184
161 204
161 215
161 227
161 295
162 199
162 209
162 212
162 218
162 247
162 266
162 285
162 292
162 297
163 182
163 183
163 188
163 222
163 253
163 262
163 279
163 298
164 167
164 170
164 206
164 242
164 267
164 294
165 172
165 180
165 193
165 198
165 215
165 278
166 188
166 191
166 218
166 222
166 234
166 235
166 282
167 168
167 196
167 221
167 234
167 240
167 250
167 278
167 287
168 176
168 185
168 213
168 222
168 231
168 246
168 262
168 269
168 270
169 176
169 190
169 193
169 202
169 209
169 217
169 234
169 238
169 244
169 245
169 247
169 251
169 262
169 272
169 290
169 292
170 179
170 181
170 197
170 202
170 203
170 212
170 255
170 297
171 186
171 201
171 221
171 248
171 257
171 266
172 178
172 215
172 218
172 227
172 238
172 242
172 249
172 264
173 207
173 217
173 222
173 226
173 280
173 286
174 196
174 205
174 245
174 249
174 267
174 274
174 280
175 179
175 181
175 204
175 208
175 290
176 194
176 234
176 251
176 265
176 288
176 290
177 186
177 195
177 196
177 217
177 222
177 264
177 277
177 278
178 186
178 195
178 207
178 215
178 229
178 248
178 256
178 264
178 270
178 271
178 275
178 297
179 212
179 214
179 229
179 231
179 255
179 256
179 262
179 268
179 297
180 194
180 225
180 236
180 237
180 256
180 263
180 282
181 220
181 228
181 229
181 248
181 250
181 279
182 203
182 206
182 210
182 274
182 283
182 286
183 186
183 218
183 271
183 288
183 292
184 190
184 208
184 215
184 233
184 237
184 245
184 248
184 270
184 291
184 296
185 213
185 216
185 241
185 247
185 250
186 213
186 219
186 239
186 247
186 258
186 260
186 285
186 287
186 293
187 192
187 195
187 207
187 209
187 218
187 275
187 277
188 210
188 232
188 238
188 249
188 250
188 254
188 260
188 263
188 268
188 275
189 202
189 203
189 287
190 234
190 246
190 252
190 286
191 198
191 200
191 204
191 206
191 217
191 254
191 281
191 289
192 219
192 233
192 238
192 249
192 263
192 276
192 290
193 232
193 285
194 208
194 213
194 216
194 237
194 238
194 251
194 252
194 258
194 259
194 265
195 224
195 232
195 258
195 261
195 270
195 299
196 197
196 225
196 226
196 239
196 240
196 242
196 270
196 292
196 296
197 235
197 270
197 288
198 199
198 238
198 249
198 286
198 298
199 200
199 203
199 240
199 254
200 202
200 207
200 210
200 226
200 228
200 234
200 262
200 286
201 218
201 249
201 265
201 298
202 205
202 217
202 218
202 221
202 231
202 250
202 255
202 261
202 263
203 257
203 258
203 290
203 292
204 225
204 234
204 241
204 244
204 257
204 282
204 290
204 291
205 220
205 236
205 242
205 259
205 283
206 231
206 244
206 263
206 266
206 271
206 283
206 286
206 287
207 240
207 250
207 270
207 290
208 269
208 297
209 222
209 237
209 240
209 257
209 280
210 267
210 272
210 292
211 221
211 245
211 258
211 260
212 215
212 219
212 261
212 262
212 289
213 216
213 229
213 242
213 271
213 296
213 299
214 215
214 247
214 249
214 270
214 287
215 220
215 223
215 249
215 266
215 275
216 242
216 243
216 274
216 282
216 296
216 298
217 221
217 229
217 255
217 267
217 289
218 221
218 237
218 241
218 244
218 257
218 284
219 261
219 282
219 286
219 289
219 293
220 235
220 237
220 254
220 284
220 294
220 296
221 254
221 259
221 271
221 280
221 286
222 226
222 265
223 238
223 288
224 227
224 238
224 266
224 292
224 293
224 295
225 243
225 256
225 258
225 265
225 296
225 299
226 242
226 246
226 249
226 252
226 253
227 231
227 252
227 254
228 230
228 240
228 244
228 269
228 292
229 231
229 260
229 261
229 288
229 290
230 238
230 243
231 243
231 265
231 278
231 281
231 294
232 237
232 272
232 276
232 297
233 258
233 272
233 275
233 287
234 242
234 249
234 261
234 278
234 279
234 288
235 250
235 275
236 244
236 245
236 284
237 258
237 266
238 245
238 246
238 252
238 284
238 291
239 247
239 268
240 257
240 262
240 265
240 276
240 281
240 295
240 297
240 298
241 250
242 257
242 259
242 265
242 276
242 280
242 285
242 289
243 254
243 255
243 270
243 273
244 245
244 257
244 259
244 286
244 296
245 252
245 275
245 282
245 293
246 250
246 255
246 289
248 266
248 288
248 299
249 273
249 282
249 285
249 292
249 296
250 252
251 253
251 266
251 269
252 265
252 299
253 268
253 270
253 274
253 285
254 279
255 260
255 271
255 277
255 290
255 292
256 258
256 259
256 278
256 299
258 262
258 270
258 279
258 288
259 296
260 279
262 272
262 274
262 287
262 290
262 296
263 266
263 279
263 289
263 290
263 294
264 289
265 280
265 296
265 299
266 275
266 276
266 279
266 285
267 283
269 272
269 273
270 298
271 275
272 273
272 274
273 284
273 286
273 294
274 284
275 281
275 293
275 295
277 295
278 279
278 298
278 299
280 281
280 289
281 287
282 283
282 294
284 297
285 293
285 294
287 298
287 299
288 296
291 293
294 298
295 299
297 299
