400 4756 0.8
0 38
0 49
0 110
0 139
0 189
0 190
0 197
0 202
0 211
0 230
0 247
0 249
0 253
0 283
0 287
0 339
0 344
0 367
0 370
1 36
1 63
1 91
1 105
1 114
1 122
1 126
1 158
1 192
1 205
1 224
1 233
1 244
1 248
1 252
1 254
1 258
1 271
1 283
1 309
1 322
1 325
1 326
1 330
1 339
1 356
1 361
1 365
1 377
1 388
2 17
2 28
2 33
2 42
2 64
2 65
2 79
2 83
2 92
2 98
2 102
2 151
2 157
2 173
2 176
2 202
2 209
2 210
2 225
2 237
2 246
2 271
2 303
2 341
2 385
2 395
3 14
3 55
3 57
3 77
3 79
3 121
3 122
3 160
3 173
3 175
3 189
3 215
3 222
3 224
3 227
3 229
3 239
3 255
3 258
3 259
3 282
3 290
3 338
3 351
3 358
3 361
3 369
3 374
3 379
3 395
4 36
4 40
4 72
4 74
4 116
4 129
4 143
4 146
4 164
4 170
4 176
4 246
4 262
4 284
4 295
4 314
4 329
4 330
4 346
4 349
4 353
5 60
5 63
5 78
5 85
5 101
5 104
5 110
5 114
5 146
5 210
5 234
5 242
5 259
5 277
5 289
5 329
5 331
5 335
5 368
5 377
5 395
6 11
6 22
6 40
6 49
6 91
6 102
6 123
6 127
6 173
6 216
6 239
6 241
6 271
6 287
6 303
6 316
6 320
6 367
7 11
7 13
7 43
7 69
7 77
7 91
7 102
7 115
7 128
7 137
7 178
7 234
7 253
7 267
7 307
7 319
7 324
7 342
7 359
7 366
8 78
8 82
8 103
8 148
8 175
8 183
8 191
8 207
8 219
8 228
8 248
8 262
8 271
8 284
8 288
8 303
8 313
8 326
8 339
8 396
9 32
9 75
9 95
9 109
9 116
9 127
9 135
9 146
9 147
9 149
9 172
9 233
9 295
9 314
9 336
9 338
9 350
9 395
10 17
10 31
10 34
10 69
10 79
10 85
10 96
10 106
10 126
10 128
10 141
10 157
10 159
10 175
10 179
10 234
10 235
10 299
10 304
10 315
10 325
10 327
10 387
10 389
11 12
11 19
11 47
11 66
11 86
11 113
11 121
11 145
11 274
11 308
11 315
11 321
11 340
11 346
11 394
12 22
12 68
12 76
12 84
12 106
12 134
12 182
12 201
12 214
12 218
12 222
12 235
12 260
12 278
12 288
12 293
12 306
12 307
12 310
12 320
12 332
12 346
12 349
12 363
13 50
13 60
13 61
13 73
13 95
13 101
13 136
13 142
13 143
13 171
13 180
13 200
13 204
13 206
13 258
13 290
13 296
13 310
13 330
13 334
13 336
13 343
13 353
13 397
13 398
14 37
14 56
14 65
14 95
14 104
14 120
14 134
14 191
14 195
14 199
14 216
14 238
14 258
14 294
14 302
14 309
14 314
14 318
14 330
14 334
14 337
14 345
14 380
15 21
15 47
15 52
15 80
15 86
15 91
15 96
15 101
15 107
15 116
15 135
15 137
15 156
15 167
15 187
15 234
15 236
15 238
15 250
15 251
15 275
15 321
15 329
15 389
16 18
16 24
16 27
16 45
16 56
16 120
16 122
16 137
16 139
16 155
16 156
16 160
16 173
16 191
16 192
16 222
16 233
16 234
16 239
16 257
16 259
16 260
16 265
16 275
16 292
16 342
16 355
16 359
16 361
16 362
16 365
16 383
17 28
17 33
17 60
17 124
17 125
17 147
17 154
17 159
17 169
17 236
17 245
17 253
17 256
17 258
17 301
17 325
18 61
18 84
18 100
18 102
18 106
18 115
18 118
18 129
18 151
18 183
18 199
18 219
18 247
18 266
18 284
18 295
18 311
18 339
18 347
18 349
18 362
18 365
18 368
18 386
19 34
19 35
19 46
19 81
19 88
19 110
19 129
19 135
19 147
19 151
19 152
19 169
19 175
19 176
19 180
19 207
19 210
19 240
19 282
19 289
19 341
19 355
19 372
19 374
19 388
19 397
20 35
20 46
20 54
20 59
20 74
20 77
20 102
20 104
20 117
20 127
20 130
20 136
20 140
20 142
20 168
20 204
20 255
20 269
20 296
20 299
20 308
20 309
20 328
20 332
20 334
20 350
20 363
20 385
21 29
21 32
21 51
21 74
21 90
21 100
21 172
21 180
21 195
21 218
21 229
21 257
21 271
21 279
21 297
21 315
21 348
21 399
22 95
22 132
22 134
22 136
22 193
22 205
22 208
22 209
22 227
22 249
22 266
22 277
22 285
22 288
22 297
22 327
22 363
22 370
22 374
22 392
23 48
23 52
23 82
23 89
23 165
23 168
23 189
23 212
23 221
23 240
23 241
23 269
23 276
23 309
23 318
23 325
23 362
23 376
23 386
23 393
24 33
24 41
24 113
24 128
24 161
24 166
24 178
24 239
24 295
24 296
24 331
24 341
24 360
24 371
24 384
24 386
25 43
25 70
25 71
25 89
25 98
25 102
25 106
25 123
25 127
25 139
25 144
25 157
25 178
25 185
25 223
25 228
25 261
25 270
25 271
25 298
25 299
25 300
25 327
25 337
25 349
25 370
25 376
25 399
26 28
26 39
26 55
26 58
26 77
26 79
26 84
26 94
26 110
26 115
26 149
26 151
26 208
26 212
26 240
26 243
26 277
26 306
26 312
26 314
26 345
26 361
27 61
27 121
27 164
27 178
27 222
27 251
27 316
27 336
27 342
27 376
28 89
28 115
28 138
28 146
28 150
28 162
28 173
28 196
28 252
28 254
28 259
28 278
28 299
28 304
28 365
29 66
29 73
29 78
29 85
29 160
29 161
29 197
29 207
29 270
29 281
29 284
29 308
29 323
29 333
29 344
29 384
29 394
29 396
29 397
30 37
30 41
30 85
30 86
30 89
30 106
30 107
30 131
30 135
30 149
30 152
30 163
30 167
30 168
30 212
30 225
30 288
30 315
30 320
30 378
30 387
30 392
31 53
31 54
31 110
31 119
31 136
31 159
31 208
31 268
31 280
31 292
31 313
31 328
31 358
31 364
31 389
32 49
32 76
32 114
32 157
32 176
32 211
32 242
32 257
32 320
33 37
33 49
33 62
33 64
33 68
33 109
33 152
33 153
33 189
33 196
33 198
33 226
33 250
33 255
33 263
33 274
33 302
33 334
33 359
33 364
33 382
33 394
33 398
34 36
34 48
34 69
34 97
34 102
34 149
34 166
34 176
34 226
34 227
34 232
34 248
34 249
34 271
34 311
34 321
34 349
34 357
35 47
35 63
35 77
35 80
35 93
35 96
35 115
35 120
35 140
35 176
35 192
35 219
35 226
35 253
35 255
35 257
35 263
35 283
35 312
35 325
35 326
35 362
35 374
36 46
36 52
36 53
36 60
36 66
36 81
36 97
36 112
36 148
36 167
36 170
36 197
36 202
36 209
36 263
36 274
36 278
36 303
36 306
36 339
36 369
36 379
36 380
36 383
37 57
37 79
37 96
37 98
37 104
37 149
37 154
37 156
37 163
37 167
37 176
37 229
37 239
37 251
37 310
37 314
37 322
37 334
37 361
37 387
38 59
38 70
38 95
38 112
38 120
38 133
38 164
38 178
38 208
38 236
38 250
38 258
38 304
38 306
38 309
38 316
38 331
38 333
39 78
39 136
39 220
39 231
39 243
39 247
39 296
39 321
39 323
39 356
40 79
40 97
40 129
40 137
40 138
40 183
40 196
40 224
40 240
40 271
40 292
40 298
40 341
40 354
40 360
40 366
40 370
40 378
40 387
40 396
41 49
41 103
41 104
41 107
41 112
41 119
41 135
41 144
41 155
41 193
41 279
41 298
41 307
41 308
41 309
41 320
41 326
41 327
41 329
41 335
41 384
41 390
42 75
42 96
42 152
42 160
42 189
42 193
42 203
42 237
42 239
42 246
42 258
42 293
42 303
42 304
42 312
42 334
42 360
42 362
42 366
42 368
42 382
42 389
43 52
43 64
43 65
43 86
43 108
43 138
43 155
43 175
43 180
43 181
43 193
43 196
43 197
43 215
43 237
43 242
43 266
43 292
43 295
43 303
43 318
43 329
43 342
43 347
43 359
43 386
44 74
44 78
44 94
44 101
44 110
44 122
44 149
44 169
44 175
44 232
44 290
44 297
44 300
44 302
44 321
44 341
44 362
44 369
44 376
44 389
44 391
45 47
45 70
45 85
45 93
45 105
45 110
45 121
45 125
45 135
45 140
45 156
45 161
45 167
45 173
45 199
45 250
45 266
45 276
45 293
45 309
45 319
46 55
46 64
46 109
46 115
46 117
46 127
46 142
46 186
46 194
46 235
46 237
46 240
46 271
46 273
46 292
46 306
46 307
46 312
46 313
46 314
46 329
46 341
46 349
46 368
46 378
46 391
47 115
47 132
47 143
47 155
47 182
47 206
47 239
47 272
47 282
47 284
47 295
47 307
47 316
47 338
47 341
48 55
48 72
48 102
48 142
48 153
48 160
48 164
48 166
48 173
48 175
48 186
48 225
48 241
48 248
48 269
48 344
48 364
48 366
48 379
49 72
49 94
49 96
49 104
49 123
49 143
49 167
49 177
49 180
49 188
49 201
49 202
49 221
49 251
49 252
49 260
49 269
49 294
49 295
49 298
49 303
49 304
49 310
49 357
49 358
49 397
50 65
50 72
50 73
50 87
50 92
50 105
50 110
50 115
50 125
50 151
50 154
50 209
50 242
50 245
50 280
50 294
50 315
50 319
50 394
51 53
51 61
51 66
51 79
51 81
51 97
51 103
51 105
51 147
51 157
51 172
51 176
51 185
51 187
51 200
51 201
51 211
51 245
51 251
51 252
51 267
51 270
51 281
51 292
51 309
51 316
51 365
51 378
51 382
51 395
52 69
52 79
52 97
52 99
52 114
52 121
52 161
52 170
52 175
52 180
52 183
52 204
52 210
52 219
52 242
52 260
52 276
52 288
52 301
52 303
52 316
52 345
52 372
52 384
53 60
53 78
53 83
53 89
53 112
53 121
53 126
53 164
53 177
53 188
53 197
53 264
53 285
53 287
53 293
53 314
53 360
53 385
53 391
53 399
54 62
54 72
54 90
54 116
54 134
54 138
54 175
54 194
54 196
54 236
54 252
54 274
54 289
54 307
54 365
55 59
55 76
55 104
55 106
55 115
55 120
55 121
55 126
55 130
55 132
55 156
55 177
55 186
55 191
55 224
55 232
55 243
55 288
55 289
55 309
55 313
55 318
55 319
55 376
55 395
55 397
56 58
56 91
56 110
56 119
56 156
56 213
56 259
56 287
56 289
56 302
56 310
56 334
56 376
57 61
57 68
57 102
57 139
57 241
57 253
57 256
57 309
57 341
57 364
57 376
58 77
58 93
58 123
58 147
58 158
58 159
58 185
58 196
58 197
58 198
58 222
58 226
58 255
58 306
58 317
58 320
58 342
58 351
58 393
58 395
58 399
59 85
59 86
59 108
59 110
59 117
59 130
59 162
59 183
59 197
59 209
59 252
59 257
59 275
59 299
59 327
59 374
59 386
60 68
60 72
60 115
60 141
60 151
60 171
60 172
60 177
60 209
60 212
60 217
60 231
60 235
60 244
60 245
60 305
60 325
60 333
60 341
61 80
61 87
61 93
61 100
61 109
61 131
61 153
61 156
61 158
61 176
61 183
61 205
61 223
61 230
61 233
61 274
61 284
61 308
61 322
61 328
61 349
61 362
61 372
61 380
62 73
62 96
62 170
62 174
62 212
62 241
62 258
62 266
62 282
62 292
62 308
62 322
62 333
62 350
62 370
63 83
63 99
63 119
63 164
63 165
63 167
63 174
63 237
63 264
63 281
63 326
63 328
63 360
63 392
64 66
64 70
64 79
64 80
64 102
64 113
64 125
64 139
64 147
64 158
64 178
64 182
64 188
64 213
64 227
64 284
64 285
64 287
64 345
64 362
64 375
65 92
65 106
65 111
65 116
65 118
65 123
65 157
65 171
65 201
65 209
65 212
65 277
65 280
65 301
65 306
65 319
65 327
65 331
65 350
65 351
65 354
65 355
65 358
65 371
65 385
65 398
66 69
66 71
66 74
66 124
66 140
66 147
66 149
66 155
66 176
66 181
66 217
66 226
66 229
66 245
66 256
66 265
66 268
66 274
66 279
66 284
66 285
66 286
66 310
66 325
66 334
66 337
66 344
66 345
66 346
66 350
66 388
66 398
67 74
67 131
67 179
67 187
67 191
67 208
67 217
67 226
67 227
67 230
67 250
67 255
67 266
67 282
67 298
67 331
67 334
67 335
67 364
68 82
68 125
68 137
68 143
68 156
68 198
68 200
68 236
68 243
68 286
68 303
68 321
68 343
68 368
69 126
69 158
69 161
69 165
69 167
69 178
69 196
69 215
69 219
69 220
69 225
69 233
69 262
69 267
69 293
69 319
69 321
69 336
69 351
69 379
70 75
70 89
70 92
70 109
70 130
70 131
70 143
70 162
70 165
70 191
70 206
70 211
70 214
70 218
70 231
70 252
70 260
70 268
70 284
70 301
70 305
70 330
70 361
70 364
70 370
70 396
71 92
71 115
71 117
71 175
71 181
71 208
71 226
71 236
71 263
71 268
71 270
71 280
71 284
71 290
71 295
71 309
71 315
71 336
71 338
71 364
71 379
71 380
71 391
71 396
72 87
72 91
72 92
72 135
72 138
72 153
72 177
72 228
72 230
72 251
72 255
72 264
72 275
72 282
72 288
72 323
72 327
72 329
72 343
72 362
72 376
73 87
73 103
73 124
73 131
73 146
73 155
73 158
73 169
73 171
73 174
73 178
73 185
73 202
73 209
73 217
73 266
73 275
73 326
73 351
73 361
73 379
74 97
74 107
74 108
74 130
74 136
74 169
74 175
74 201
74 206
74 222
74 250
74 264
74 277
74 299
74 314
74 317
74 356
74 359
74 366
74 378
74 384
75 96
75 106
75 111
75 124
75 142
75 144
75 148
75 154
75 165
75 201
75 204
75 206
75 223
75 233
75 265
75 322
75 323
75 340
75 345
75 380
75 397
76 79
76 118
76 128
76 165
76 182
76 184
76 211
76 220
76 237
76 291
76 296
76 298
76 337
76 342
76 345
76 378
76 382
76 385
77 114
77 124
77 141
77 149
77 173
77 175
77 176
77 184
77 196
77 225
77 245
77 266
77 277
77 314
77 330
77 340
77 370
77 399
78 109
78 136
78 147
78 166
78 174
78 209
78 214
78 247
78 285
78 297
78 302
78 316
78 375
78 378
79 119
79 123
79 135
79 163
79 225
79 229
79 232
79 249
79 300
79 311
79 347
79 361
79 363
79 367
79 395
79 399
80 92
80 93
80 102
80 111
80 112
80 118
80 139
80 165
80 170
80 178
80 190
80 191
80 213
80 215
80 235
80 237
80 252
80 260
80 283
80 288
80 297
80 308
80 322
80 324
80 325
80 327
80 330
80 332
80 334
80 348
80 356
80 368
80 369
80 391
80 398
81 123
81 161
81 168
81 176
81 181
81 190
81 205
81 218
81 227
81 232
81 243
81 266
81 299
81 301
81 325
81 328
81 345
81 357
81 374
81 385
82 98
82 122
82 128
82 134
82 135
82 150
82 163
82 164
82 180
82 182
82 198
82 222
82 309
82 317
82 320
82 329
82 368
82 382
83 86
83 95
83 107
83 109
83 143
83 150
83 153
83 156
83 158
83 168
83 176
83 192
83 197
83 238
83 251
83 266
83 282
83 304
83 325
83 345
84 103
84 118
84 120
84 148
84 175
84 180
84 193
84 265
84 278
84 289
84 331
84 336
84 353
84 354
85 116
85 121
85 171
85 200
85 204
85 218
85 224
85 239
85 248
85 254
85 328
85 329
85 333
85 369
85 371
86 140
86 141
86 167
86 180
86 200
86 243
86 254
86 264
86 281
86 283
86 307
86 355
86 372
86 386
86 391
86 392
87 95
87 138
87 156
87 180
87 268
87 275
87 283
87 302
87 313
88 91
88 100
88 102
88 105
88 138
88 145
88 151
88 155
88 165
88 201
88 244
88 257
88 302
88 309
88 325
88 332
88 369
88 370
88 371
88 384
89 93
89 107
89 111
89 132
89 148
89 159
89 162
89 165
89 166
89 170
89 184
89 240
89 245
89 251
89 276
89 301
89 311
89 329
89 339
89 347
90 121
90 130
90 133
90 169
90 204
90 208
90 227
90 232
90 251
90 269
90 279
90 309
90 317
90 326
90 327
90 344
90 378
90 389
90 393
91 96
91 104
91 126
91 168
91 180
91 183
91 196
91 207
91 229
91 241
91 242
91 253
91 273
91 293
91 332
91 340
91 354
91 371
91 375
92 104
92 111
92 120
92 156
92 173
92 176
92 180
92 187
92 189
92 197
92 213
92 220
92 233
92 258
92 279
92 316
92 331
92 347
92 371
92 375
92 383
92 390
93 103
93 123
93 135
93 161
93 163
93 182
93 244
93 285
93 293
93 337
93 359
93 363
93 365
93 368
93 369
93 371
93 386
93 393
94 97
94 107
94 114
94 126
94 128
94 174
94 180
94 194
94 243
94 270
94 280
94 297
94 314
94 326
94 367
94 368
95 96
95 103
95 210
95 224
95 246
95 247
95 320
95 330
95 383
96 111
96 149
96 169
96 176
96 201
96 203
96 211
96 224
96 237
96 251
96 260
96 265
96 268
96 290
96 302
96 305
96 323
96 327
96 334
96 343
96 360
96 394
97 113
97 204
97 222
97 232
97 235
97 236
97 248
97 321
97 324
97 375
97 384
97 386
97 389
98 146
98 154
98 184
98 189
98 232
98 260
98 268
98 282
98 314
98 321
99 108
99 112
99 129
99 131
99 152
99 160
99 172
99 189
99 211
99 214
99 216
99 223
99 238
99 252
99 274
99 282
99 285
99 305
99 334
99 344
99 350
99 363
99 394
99 397
100 145
100 151
100 162
100 172
100 195
100 213
100 247
100 302
100 304
100 307
100 349
100 356
100 363
100 366
100 382
100 383
101 103
101 108
101 118
101 125
101 128
101 148
101 166
101 194
101 208
101 216
101 294
101 296
101 313
101 316
101 341
101 352
101 394
102 117
102 119
102 143
102 147
102 163
102 236
102 259
102 268
102 270
102 300
102 345
102 349
102 355
102 364
103 117
103 118
103 157
103 176
103 199
103 229
103 235
103 238
103 242
103 249
103 276
103 282
103 288
103 289
103 299
103 305
103 324
103 329
103 341
103 371
104 120
104 130
104 141
104 146
104 148
104 151
104 159
104 180
104 181
104 182
104 229
104 230
104 263
104 300
104 305
104 311
104 378
104 388
104 394
105 107
105 126
105 154
105 188
105 190
105 249
105 253
105 267
105 271
105 274
105 280
105 281
105 282
105 311
105 335
105 365
105 376
106 116
106 125
106 132
106 137
106 157
106 180
106 192
106 193
106 280
106 290
106 302
106 305
106 335
106 336
106 360
106 383
107 113
107 119
107 127
107 195
107 218
107 225
107 262
107 284
107 307
107 309
107 341
107 345
107 346
107 357
107 367
107 376
107 392
108 110
108 127
108 128
108 153
108 164
108 178
108 231
108 251
108 262
108 264
108 271
108 284
108 304
108 320
108 327
108 345
108 368
108 389
109 110
109 121
109 140
109 141
109 170
109 231
109 254
109 270
109 277
109 327
109 369
109 381
110 123
110 136
110 154
110 159
110 166
110 212
110 218
110 224
110 231
110 240
110 269
110 271
110 282
110 326
110 335
110 348
110 350
110 353
110 355
110 377
110 384
110 398
111 123
111 130
111 187
111 189
111 240
111 241
111 244
111 288
111 303
111 313
111 335
111 377
111 381
111 398
112 124
112 129
112 137
112 141
112 167
112 172
112 190
112 242
112 247
112 272
112 278
112 290
112 306
112 315
112 339
112 341
112 342
112 369
112 373
112 375
112 381
112 395
113 119
113 150
113 180
113 194
113 249
113 253
113 255
113 262
113 274
113 298
113 348
113 361
114 143
114 154
114 168
114 172
114 188
114 190
114 229
114 245
114 257
114 272
114 276
114 290
114 294
114 350
114 355
114 360
114 383
115 138
115 152
115 164
115 174
115 185
115 192
115 194
115 198
115 236
115 240
115 262
115 277
115 303
115 307
115 331
115 339
115 367
115 378
116 118
116 130
116 131
116 139
116 151
116 159
116 193
116 202
116 216
116 236
116 241
116 253
116 254
116 303
116 314
116 342
116 349
116 352
116 355
116 392
117 208
117 232
117 254
117 257
117 261
117 263
117 265
117 279
117 294
117 295
117 305
117 346
117 380
117 387
117 397
118 128
118 132
118 169
118 171
118 172
118 186
118 187
118 211
118 229
118 232
118 238
118 300
118 313
118 337
118 347
118 356
118 358
118 371
119 120
119 139
119 149
119 152
119 171
119 178
119 193
119 238
119 249
119 260
119 272
119 310
119 318
119 320
119 356
119 368
120 124
120 160
120 172
120 178
120 194
120 248
120 253
120 289
120 302
120 309
120 315
120 330
121 154
121 184
121 210
121 218
121 229
121 254
121 258
121 279
121 293
121 322
121 333
121 345
121 347
121 348
121 393
122 154
122 158
122 159
122 172
122 194
122 216
122 226
122 254
122 311
122 312
122 328
122 335
122 341
122 372
122 377
122 378
122 387
123 125
123 146
123 194
123 206
123 210
123 213
123 244
123 246
123 253
123 290
123 296
123 307
123 313
123 316
123 384
123 391
124 131
124 193
124 195
124 209
124 224
124 226
124 229
124 236
124 283
124 286
124 288
124 293
124 312
124 330
124 332
124 345
124 348
124 352
124 358
124 359
124 364
124 382
124 392
125 162
125 180
125 187
125 193
125 223
125 227
125 236
125 241
125 262
125 271
125 289
125 304
125 340
125 345
125 352
125 381
126 139
126 141
126 144
126 164
126 168
126 175
126 176
126 182
126 188
126 216
126 242
126 259
126 260
126 280
126 284
126 316
126 348
126 360
126 366
126 387
126 391
126 398
127 136
127 141
127 162
127 166
127 192
127 219
127 227
127 228
127 235
127 237
127 280
127 353
127 366
127 386
127 391
128 169
128 220
128 283
128 320
128 325
128 351
128 356
128 369
128 398
129 151
129 180
129 205
129 207
129 208
129 243
129 271
129 306
129 316
129 356
129 370
130 191
130 238
130 239
130 259
130 298
130 302
130 306
130 327
130 333
130 334
130 357
130 389
131 139
131 173
131 182
131 186
131 199
131 201
131 255
131 267
131 290
131 360
132 135
132 153
132 170
132 176
132 177
132 180
132 185
132 197
132 213
132 216
132 229
132 244
132 254
132 256
132 262
132 267
132 272
132 278
132 289
132 331
132 383
132 394
133 139
133 166
133 173
133 176
133 195
133 227
133 299
133 327
133 333
133 371
133 376
133 384
133 386
133 387
134 148
134 201
134 256
134 264
134 269
134 295
134 365
134 374
134 398
135 136
135 137
135 142
135 159
135 171
135 190
135 216
135 217
135 231
135 233
135 258
135 261
135 269
135 277
135 342
135 364
135 383
135 390
136 152
136 160
136 174
136 177
136 178
136 181
136 192
136 202
136 213
136 220
136 222
136 248
136 256
136 262
136 270
136 280
136 284
136 288
136 305
136 318
136 330
136 343
136 361
136 364
136 392
137 138
137 140
137 141
137 167
137 172
137 215
137 246
137 252
137 260
137 264
137 270
137 306
137 310
137 322
137 342
137 358
137 368
137 375
137 394
137 396
138 140
138 145
138 149
138 171
138 203
138 205
138 228
138 271
138 275
138 276
138 286
138 289
138 304
138 310
138 314
138 345
138 353
138 399
139 145
139 151
139 176
139 190
139 225
139 238
139 248
139 258
139 264
139 268
139 274
139 281
139 287
139 294
139 304
139 326
139 355
139 379
139 396
140 142
140 197
140 198
140 205
140 215
140 222
140 260
140 264
140 276
140 285
140 346
140 379
140 387
141 157
141 160
141 175
141 193
141 199
141 227
141 238
141 239
141 252
141 254
141 255
141 257
141 259
141 264
141 280
141 285
141 291
141 304
141 338
141 339
141 355
141 379
141 387
142 145
142 166
142 168
142 179
142 187
142 207
142 212
142 217
142 226
142 244
142 278
142 339
142 345
142 355
142 376
143 161
143 205
143 215
143 250
143 272
143 277
143 293
143 317
143 326
143 328
143 348
143 366
143 374
143 382
143 397
144 157
144 162
144 167
144 174
144 177
144 185
144 190
144 195
144 217
144 220
144 247
144 257
144 259
144 286
144 288
144 308
144 313
144 323
144 324
144 342
144 356
144 366
144 385
145 178
145 220
145 228
145 302
145 315
145 326
145 343
145 351
145 358
145 361
145 369
146 152
146 180
146 202
146 226
146 234
146 241
146 263
146 265
146 270
146 272
146 284
146 323
146 324
146 337
146 362
146 377
147 162
147 170
147 173
147 185
147 204
147 215
147 266
147 285
147 298
147 306
147 324
147 325
147 355
147 356
147 388
148 153
148 193
148 199
148 214
148 269
148 281
148 283
148 288
148 309
148 366
148 380
149 167
149 181
149 202
149 230
149 249
149 253
149 293
149 335
149 342
149 362
149 382
149 384
149 386
150 188
150 199
150 204
150 209
150 214
150 215
150 228
150 234
150 251
150 300
150 395
151 172
151 177
151 227
151 232
151 254
151 256
151 281
151 286
151 298
151 304
151 316
151 320
151 340
151 360
151 385
151 386
152 153
152 157
152 173
152 186
152 197
152 211
152 212
152 216
152 228
152 229
152 246
152 262
152 304
152 307
152 341
152 382
153 176
153 192
153 198
153 231
153 238
153 240
153 242
153 261
153 266
153 272
153 315
153 316
153 326
153 340
153 343
153 369
153 380
153 395
154 161
154 180
154 185
154 195
154 256
154 276
154 283
154 314
154 341
154 353
154 357
154 369
154 385
154 397
155 156
155 159
155 173
155 175
155 199
155 208
155 214
155 218
155 257
155 298
155 315
155 318
155 342
155 351
155 383
155 389
156 176
156 182
156 193
156 196
156 240
156 290
156 293
156 328
156 333
156 346
156 353
156 355
156 364
156 383
156 387
157 164
157 165
157 204
157 206
157 218
157 263
157 265
157 276
157 286
157 288
157 317
157 337
157 360
157 364
157 373
157 381
157 387
157 394
157 397
158 172
158 191
158 200
158 205
158 207
158 209
158 263
158 286
158 301
158 306
158 336
158 338
158 344
158 345
158 357
158 359
158 377
158 393
159 166
159 249
159 259
159 267
159 277
159 293
159 303
159 345
160 165
160 183
160 193
160 194
160 205
160 217
160 293
160 295
160 302
160 341
160 343
160 351
160 367
160 396
161 203
161 240
161 256
161 274
161 277
161 284
161 299
161 300
161 309
161 310
161 313
161 314
161 341
161 348
161 362
161 384
162 196
162 218
162 223
162 225
162 228
162 241
162 249
162 270
162 271
162 298
162 312
162 314
162 339
162 348
162 350
162 357
162 369
163 187
163 223
163 229
163 252
163 281
163 317
163 318
163 325
163 326
163 335
163 342
163 347
163 348
163 350
163 360
163 361
163 387
164 167
164 168
164 176
164 186
164 194
164 227
164 235
164 238
164 239
164 245
164 262
164 306
164 310
164 326
164 332
164 360
164 367
165 168
165 192
165 202
165 211
165 230
165 243
165 249
165 264
165 292
165 379
165 394
166 173
166 180
166 183
166 210
166 213
166 228
166 239
166 251
166 267
166 268
166 276
166 307
166 325
166 327
166 344
166 395
167 172
167 174
167 180
167 184
167 195
167 196
167 203
167 232
167 260
167 266
167 273
167 283
167 293
167 314
167 323
167 339
167 352
167 367
167 384
167 392
168 169
168 176
168 181
168 208
168 227
168 229
168 233
168 254
168 263
168 276
168 296
168 316
168 335
168 352
168 360
168 363
168 364
168 367
168 369
168 380
168 387
169 176
169 185
169 191
169 194
169 195
169 205
169 207
169 229
169 265
169 267
169 273
169 282
169 296
169 308
169 320
169 323
169 334
169 340
169 354
169 362
170 186
170 257
170 260
170 266
170 290
170 302
170 306
170 316
170 330
170 335
170 390
170 392
171 192
171 222
171 233
171 236
171 249
171 256
171 275
171 288
171 291
171 299
171 321
171 355
171 356
171 361
172 179
172 223
172 229
172 235
172 244
172 251
172 256
172 258
172 270
172 286
172 287
172 297
172 298
172 299
172 313
172 347
172 350
172 356
172 390
172 393
172 395
173 185
173 194
173 196
173 219
173 225
173 239
173 263
173 268
173 278
173 297
173 314
173 331
173 339
173 344
173 360
173 394
174 197
174 206
174 223
174 227
174 232
174 233
174 237
174 259
174 273
174 276
174 281
174 319
174 331
174 334
174 346
174 376
174 395
175 190
175 231
175 237
175 245
175 260
175 291
175 314
175 334
175 345
175 386
175 394
176 182
176 223
176 226
176 231
176 237
176 252
176 271
176 276
176 301
176 317
176 328
176 332
176 341
177 188
177 191
177 203
177 265
177 266
177 283
177 304
177 322
177 347
177 349
177 363
177 372
177 379
177 382
177 386
177 398
177 399
178 196
178 205
178 206
178 226
178 241
178 271
178 278
178 281
178 287
178 313
178 316
178 329
178 331
178 339
178 374
178 375
178 381
179 186
179 194
179 208
179 254
179 261
179 282
179 308
179 313
179 364
179 368
180 190
180 195
180 200
180 206
180 209
180 226
180 258
180 267
180 285
180 305
180 308
180 338
180 353
180 370
180 389
181 187
181 198
181 200
181 203
181 244
181 254
181 270
181 272
181 295
181 300
181 323
181 333
181 344
181 353
181 367
182 194
182 261
182 267
182 282
182 305
182 312
182 313
182 331
182 355
182 359
182 375
182 376
182 378
182 387
183 189
183 191
183 211
183 219
183 252
183 267
183 268
183 284
183 294
183 308
183 314
183 326
183 343
183 367
183 381
183 394
183 396
183 399
184 192
184 195
184 196
184 215
184 229
184 263
184 300
184 342
184 343
184 381
185 187
185 261
185 272
185 274
185 283
185 294
185 304
185 339
185 341
185 365
185 373
185 386
186 190
186 193
186 208
186 216
186 220
186 263
186 270
186 281
186 284
186 323
186 328
186 334
186 346
186 353
186 372
186 399
187 264
187 298
187 328
187 354
187 356
187 357
187 366
187 395
188 194
188 223
188 230
188 231
188 235
188 238
188 258
188 265
188 273
188 276
188 292
188 296
188 304
188 310
188 329
188 335
188 338
188 353
188 363
188 379
188 382
188 396
189 201
189 220
189 221
189 235
189 258
189 272
189 293
189 297
189 334
189 337
189 339
189 341
189 346
189 368
189 372
189 385
190 196
190 235
190 283
190 314
190 321
190 324
190 326
190 340
190 383
190 390
190 394
191 204
191 209
191 220
191 249
191 258
191 282
191 290
191 352
191 363
191 376
191 384
192 198
192 199
192 201
192 204
192 205
192 209
192 215
192 256
192 263
192 298
192 321
192 323
192 330
192 339
192 345
192 352
192 357
192 363
193 201
193 221
193 270
193 313
193 319
193 336
193 357
193 379
194 208
194 328
194 334
194 383
194 393
194 397
195 206
195 243
195 245
195 272
195 289
195 322
195 334
195 336
195 345
195 359
195 360
195 374
196 220
196 224
196 241
196 250
196 276
196 304
196 324
196 355
196 364
196 390
196 393
197 232
197 234
197 262
197 266
197 279
197 287
197 303
197 331
197 336
197 337
197 339
197 347
197 350
197 359
197 370
197 395
198 200
198 209
198 229
198 239
198 249
198 269
198 304
198 308
198 327
198 329
198 336
198 347
198 390
198 394
199 200
199 219
199 225
199 230
199 250
199 252
199 253
199 263
199 288
199 292
199 323
199 340
199 342
199 358
199 369
199 375
199 391
199 399
200 223
200 228
200 242
200 246
200 278
200 295
200 299
200 302
200 305
200 327
200 363
200 373
200 385
201 203
201 221
201 309
201 317
201 323
201 342
201 357
201 362
201 364
201 366
201 390
201 397
202 226
202 306
202 315
202 333
202 339
202 366
202 367
202 371
202 388
203 214
203 229
203 240
203 241
203 273
203 276
203 288
203 315
203 355
203 374
203 377
204 235
204 259
204 287
204 290
204 297
204 300
204 315
204 316
204 333
204 341
204 354
204 394
204 396
205 239
205 255
205 274
205 297
205 356
205 383
206 227
206 247
206 252
206 278
206 313
206 328
206 341
206 343
206 349
206 355
206 374
206 383
206 387
206 391
207 270
207 295
207 368
207 383
208 217
208 219
208 220
208 231
208 235
208 242
208 277
208 284
208 320
208 324
208 330
208 356
208 393
209 212
209 214
209 235
209 247
209 278
209 282
209 303
209 317
209 318
209 354
209 357
210 211
210 222
210 224
210 243
210 248
210 317
210 376
210 384
210 385
211 213
211 218
211 232
211 233
211 270
211 295
211 298
211 309
211 310
211 311
211 325
211 331
211 369
211 384
212 219
212 223
212 245
212 261
212 274
212 287
212 303
212 319
212 322
212 331
213 219
213 236
213 245
213 246
213 282
213 297
213 309
213 312
213 352
213 360
213 367
213 368
213 377
213 383
213 387
214 224
214 263
214 273
214 287
214 291
214 318
214 339
214 371
215 230
215 235
215 237
215 246
215 254
215 287
215 288
215 320
215 346
215 362
215 367
215 373
215 376
215 381
216 235
216 364
217 220
217 245
217 249
217 269
217 288
217 290
217 295
217 327
217 334
217 336
217 352
217 360
218 219
218 243
218 284
218 319
218 321
218 334
218 343
218 396
219 224
219 229
219 243
219 261
219 307
219 370
220 238
220 261
220 270
220 337
220 361
220 371
221 275
221 298
221 321
221 336
221 339
221 358
221 361
221 378
221 388
221 390
221 396
222 232
222 250
222 264
222 277
222 283
222 334
222 342
222 346
222 383
222 391
223 224
223 230
223 240
223 247
223 258
223 267
223 285
223 306
223 328
223 334
223 335
223 340
223 356
223 367
223 376
224 229
224 242
224 245
224 275
224 303
224 320
224 321
224 322
224 336
224 340
224 343
224 348
224 368
224 375
224 393
224 396
225 226
225 227
225 231
225 233
225 243
225 249
225 273
225 279
225 293
225 299
225 320
225 345
225 362
225 367
225 378
225 382
226 240
226 242
226 271
226 277
226 356
226 362
226 382
226 384
226 388
226 395
226 399
227 258
227 290
227 299
227 308
227 316
227 317
227 340
227 342
227 375
227 388
228 238
228 249
228 250
228 262
228 286
228 295
228 316
228 317
228 327
228 341
228 349
228 360
228 363
228 367
228 395
229 263
229 277
229 303
229 306
229 307
229 316
229 324
229 327
229 328
229 336
229 340
229 345
229 393
229 394
229 399
230 262
230 276
230 277
230 280
230 283
230 297
230 306
230 348
231 239
231 242
231 249
231 255
231 271
231 288
231 315
231 335
231 339
231 344
231 356
231 364
231 367
231 368
231 371
232 236
232 255
232 257
232 259
232 262
232 281
232 309
232 332
232 389
233 236
233 240
233 254
233 263
233 271
233 286
233 287
233 294
233 310
233 314
233 345
233 350
233 352
233 353
233 376
233 384
234 238
234 245
234 263
234 287
234 347
234 365
234 367
234 372
234 382
234 392
234 394
235 247
235 273
235 310
235 327
235 364
235 371
235 399
236 239
236 242
236 269
236 275
236 288
236 331
236 348
236 376
237 265
237 299
237 305
237 311
237 333
237 347
238 245
238 246
238 252
238 259
238 265
238 267
238 296
238 309
238 347
238 352
238 365
238 368
238 370
238 381
239 262
239 292
239 305
239 319
239 321
239 347
239 359
239 382
239 386
239 398
240 299
240 313
240 332
240 349
240 359
240 383
240 395
241 259
241 269
241 299
241 302
241 323
241 336
241 338
241 389
242 257
242 285
242 287
242 297
242 326
242 348
242 355
242 394
243 264
243 265
243 298
243 302
243 319
243 325
243 327
243 339
243 356
243 358
243 385
243 397
244 253
244 259
244 266
244 268
244 287
244 291
244 318
244 385
245 263
245 277
245 286
245 295
245 317
245 342
245 370
245 377
245 392
245 394
246 247
246 249
246 270
246 280
246 287
246 335
246 352
246 359
246 379
247 248
247 276
247 295
247 297
247 331
247 365
247 384
247 386
247 393
247 396
248 280
248 294
248 295
248 300
248 301
248 306
248 320
248 335
248 344
248 363
248 364
248 365
248 368
248 375
248 390
249 305
249 338
249 348
249 378
249 381
249 391
249 392
250 265
250 274
250 285
250 334
250 346
250 349
250 368
250 384
251 275
251 308
251 340
251 367
252 267
252 270
252 273
252 279
252 282
252 299
252 314
252 320
252 331
252 337
252 355
252 363
252 388
253 292
253 302
253 353
253 386
254 256
254 302
254 327
254 344
254 345
254 368
254 373
254 388
254 389
254 391
254 393
254 397
255 260
255 280
255 301
255 321
255 341
255 372
255 374
255 385
256 280
256 314
256 326
256 333
256 335
256 336
256 349
256 374
256 394
257 268
257 300
257 323
257 334
257 364
258 271
258 277
258 280
258 281
258 303
258 336
258 341
258 342
258 351
258 357
258 366
258 382
258 390
258 399
259 261
259 277
259 287
259 288
259 367
259 374
260 264
260 271
260 273
260 284
260 289
260 334
260 372
260 379
260 381
261 331
261 342
261 348
261 355
261 373
261 384
262 275
262 287
262 376
263 273
263 294
263 306
263 322
263 358
263 379
263 397
264 276
264 294
264 301
264 319
264 321
264 352
264 381
264 385
264 392
265 281
265 293
265 298
265 307
265 323
265 327
265 334
265 351
265 360
265 380
266 299
266 344
266 367
266 369
267 273
267 277
267 299
267 305
267 321
267 394
267 397
268 303
268 311
268 331
268 369
269 274
269 295
269 297
269 305
269 319
269 335
269 341
269 347
269 349
269 381
269 390
269 395
269 399
270 286
270 306
270 333
270 373
270 379
270 380
270 389
270 390
270 398
271 361
271 382
271 398
272 288
272 306
272 327
272 358
272 367
272 376
272 379
272 397
273 284
273 288
273 313
273 345
273 355
273 357
273 363
273 393
273 394
274 290
274 294
274 300
274 321
274 327
274 376
274 389
274 398
275 284
275 288
275 298
275 313
275 315
275 316
275 326
275 349
275 360
276 300
276 320
276 321
276 324
276 325
276 334
276 336
276 363
276 372
276 378
276 383
277 287
277 290
277 291
277 301
277 303
277 310
277 312
277 321
277 340
277 349
277 362
277 374
277 393
277 398
278 306
278 321
278 387
279 282
279 283
279 294
279 312
279 321
279 335
279 351
280 283
280 286
280 289
280 316
280 340
280 347
280 374
280 375
280 390
281 299
281 330
281 345
281 347
281 364
281 380
281 384
282 325
282 327
282 328
282 333
282 347
282 350
282 363
282 388
283 349
283 362
283 384
283 393
284 301
284 314
284 328
284 354
284 368
284 374
284 377
284 391
285 309
285 310
285 321
285 340
285 343
285 355
285 362
285 375
285 379
285 386
286 292
286 331
286 363
287 291
287 295
287 297
287 326
287 329
287 351
287 368
287 372
287 399
288 299
288 330
288 337
288 388
288 398
289 309
289 317
289 325
289 343
289 368
289 377
289 389
290 301
290 331
290 339
290 340
290 354
290 361
290 362
290 377
290 379
291 318
291 331
291 344
291 346
291 348
291 351
291 364
291 371
291 374
291 393
291 398
292 320
292 331
292 338
292 355
292 368
292 369
292 374
293 296
293 299
293 314
293 316
293 357
293 369
293 381
294 308
294 316
294 339
294 399
295 300
295 398
296 305
296 331
296 338
296 370
296 376
297 306
297 307
297 317
297 342
297 363
297 384
297 395
298 339
298 355
298 357
298 361
298 390
298 391
299 301
299 310
299 312
299 316
299 320
299 346
299 348
299 351
299 357
299 358
299 359
300 334
300 391
301 336
301 337
301 342
301 350
301 389
302 313
302 330
302 335
302 348
302 353
302 375
303 336
303 337
304 327
304 359
304 365
304 367
304 373
304 375
304 379
304 382
304 391
305 338
305 368
305 371
306 317
306 324
306 330
306 334
306 353
306 375
307 332
307 369
307 379
307 383
307 391
307 394
308 339
308 342
308 347
308 348
308 387
309 325
309 330
309 334
309 339
309 358
309 384
310 318
310 328
310 344
311 312
311 324
311 342
311 349
311 367
311 369
312 316
312 318
312 322
312 326
312 341
312 346
312 348
312 393
312 394
313 323
313 326
313 328
313 332
313 371
313 374
313 385
314 316
314 329
314 337
314 369
314 384
315 327
315 346
315 354
315 361
315 367
315 372
315 375
316 320
316 354
316 359
316 370
316 398
317 320
317 326
317 355
317 379
318 349
318 387
319 320
319 336
320 350
320 374
320 384
321 343
321 373
321 377
321 388
322 329
322 381
322 389
323 325
323 360
323 364
323 376
323 389
323 390
324 330
324 342
324 351
324 373
324 385
324 388
324 389
325 327
325 329
325 330
325 342
325 387
326 338
327 341
327 342
327 367
327 376
327 382
328 329
328 345
328 374
328 381
328 382
328 385
328 390
329 355
329 366
329 374
329 398
330 334
330 361
331 339
331 348
331 379
332 334
332 338
332 347
332 359
332 368
332 374
333 351
333 360
333 365
334 363
335 377
336 346
336 373
337 372
338 343
338 355
338 364
338 371
338 395
339 362
339 395
340 362
340 371
340 373
340 377
340 386
341 360
341 394
342 343
342 344
342 351
342 359
342 363
342 376
342 384
342 393
343 361
343 364
343 367
343 382
343 393
344 350
344 352
344 367
344 385
344 393
345 390
345 394
345 397
346 371
346 380
346 387
347 376
347 384
348 364
348 368
348 387
348 397
349 385
350 360
350 374
350 377
350 379
351 353
351 355
351 360
352 355
352 376
354 360
354 368
355 365
355 367
355 376
356 375
357 374
357 392
358 360
358 374
358 376
358 385
359 371
360 361
360 367
360 375
361 365
361 374
361 396
362 365
362 379
362 384
363 374
363 375
363 391
364 370
364 382
364 391
364 392
365 369
365 383
366 374
366 388
366 390
367 369
367 375
367 388
367 396
368 381
369 375
369 382
369 392
370 381
370 382
370 397
373 383
373 397
375 387
376 382
377 379
377 386
377 397
378 381
379 383
380 391
380 395
381 392
382 383
382 384
383 385
384 394
386 389
386 399
388 391
390 392
390 393
393 399
394 399
