400 4120 0.5
0 4
0 5
0 21
0 22
0 25
0 47
0 62
0 77
0 97
0 98
0 140
0 148
0 158
0 163
0 167
0 193
0 214
0 231
0 237
0 324
0 334
0 335
0 360
0 395
1 8
1 35
1 47
1 59
1 90
1 92
1 102
1 111
1 120
1 138
1 149
1 166
1 167
1 169
1 180
1 183
1 185
1 194
1 201
1 210
1 272
1 273
1 287
1 298
1 305
1 326
1 328
1 337
1 390
2 18
2 26
2 35
2 63
2 104
2 186
2 191
2 192
2 202
2 259
2 275
2 277
2 279
2 290
2 303
2 337
2 364
3 5
3 23
3 25
3 27
3 30
3 35
3 56
3 61
3 69
3 85
3 104
3 109
3 130
3 131
3 140
3 142
3 219
3 282
3 297
3 309
3 330
3 334
3 367
3 368
3 375
3 387
3 389
3 391
4 38
4 64
4 81
4 93
4 112
4 118
4 132
4 166
4 169
4 247
4 253
4 284
4 289
4 293
4 317
4 337
4 375
5 57
5 82
5 88
5 100
5 117
5 123
5 130
5 159
5 192
5 223
5 233
5 254
5 259
5 265
5 269
5 295
5 300
5 305
5 307
5 314
5 324
5 355
5 362
5 366
5 373
5 398
6 14
6 69
6 81
6 104
6 166
6 202
6 209
6 237
6 271
6 280
6 306
6 318
6 324
6 336
6 365
6 367
6 396
7 19
7 22
7 41
7 58
7 83
7 113
7 132
7 145
7 152
7 183
7 195
7 200
7 204
7 246
7 335
7 345
7 357
7 386
8 40
8 41
8 46
8 47
8 67
8 70
8 80
8 84
8 118
8 136
8 153
8 154
8 159
8 168
8 174
8 176
8 187
8 221
8 231
8 247
8 314
8 334
8 372
8 377
8 380
8 388
9 35
9 41
9 63
9 73
9 83
9 106
9 111
9 175
9 192
9 205
9 209
9 239
9 245
9 260
9 266
9 269
9 281
9 282
9 316
9 323
9 348
9 350
9 372
9 388
9 392
10 22
10 68
10 88
10 150
10 167
10 180
10 186
10 188
10 208
10 209
10 241
10 255
10 261
10 276
10 306
10 339
10 349
10 351
11 19
11 26
11 32
11 43
11 73
11 79
11 87
11 112
11 118
11 123
11 135
11 136
11 141
11 145
11 157
11 166
11 209
11 236
11 244
11 245
11 252
11 299
11 307
11 334
11 343
11 370
11 377
12 15
12 18
12 23
12 29
12 34
12 74
12 111
12 121
12 126
12 128
12 151
12 172
12 176
12 238
12 264
12 267
12 287
12 301
12 340
12 351
12 396
12 398
13 17
13 27
13 49
13 63
13 66
13 71
13 72
13 122
13 146
13 153
13 154
13 160
13 164
13 168
13 170
13 206
13 211
13 219
13 241
13 247
13 250
13 265
13 281
13 300
13 301
13 311
13 312
13 356
13 370
14 21
14 46
14 47
14 111
14 138
14 148
14 217
14 222
14 244
14 262
14 265
14 269
14 273
14 328
14 347
14 359
14 382
14 383
15 21
15 36
15 54
15 62
15 117
15 142
15 148
15 190
15 232
15 236
15 242
15 261
15 262
15 265
15 304
15 328
15 338
15 339
15 346
15 396
16 21
16 149
16 176
16 244
16 248
16 249
16 258
16 305
16 321
16 329
16 368
16 369
17 18
17 32
17 72
17 88
17 119
17 188
17 190
17 232
17 236
17 262
17 264
17 281
17 283
17 300
17 301
17 309
17 317
18 45
18 52
18 84
18 131
18 173
18 200
18 211
18 222
18 225
18 248
18 285
18 344
18 355
18 362
18 367
18 378
18 389
18 398
19 20
19 22
19 71
19 76
19 110
19 118
19 150
19 212
19 227
19 244
19 292
19 304
19 314
19 322
19 371
20 21
20 38
20 40
20 60
20 61
20 64
20 77
20 78
20 98
20 102
20 115
20 124
20 127
20 138
20 156
20 200
20 208
20 214
20 231
20 269
20 314
20 342
20 355
21 67
21 76
21 99
21 104
21 148
21 149
21 151
21 152
21 154
21 165
21 175
21 200
21 204
21 212
21 219
21 226
21 250
21 262
21 266
21 268
21 288
21 301
21 316
21 320
21 339
21 371
22 24
22 38
22 43
22 51
22 65
22 75
22 81
22 109
22 111
22 193
22 195
22 199
22 201
22 206
22 232
22 285
22 294
22 295
22 297
22 310
22 313
22 337
22 345
22 348
22 353
22 397
23 36
23 64
23 81
23 109
23 110
23 117
23 171
23 228
23 235
23 243
23 279
23 282
23 284
23 294
23 306
23 309
23 313
23 335
23 376
24 28
24 31
24 50
24 68
24 71
24 86
24 115
24 153
24 167
24 170
24 189
24 247
24 263
24 284
24 304
24 347
24 358
24 367
24 376
24 391
24 392
25 29
25 40
25 55
25 66
25 67
25 95
25 99
25 140
25 181
25 190
25 192
25 235
25 276
25 297
25 314
25 315
25 339
25 358
25 367
25 385
26 28
26 42
26 50
26 53
26 73
26 115
26 131
26 159
26 161
26 183
26 191
26 208
26 261
26 271
26 274
26 382
26 394
26 398
27 30
27 40
27 58
27 89
27 97
27 114
27 129
27 145
27 168
27 170
27 174
27 175
27 186
27 194
27 200
27 212
27 217
27 271
27 311
27 318
27 330
27 345
27 354
27 390
28 35
28 58
28 85
28 90
28 92
28 95
28 122
28 165
28 177
28 204
28 231
28 239
28 275
28 294
28 326
28 349
29 55
29 62
29 131
29 165
29 181
29 222
29 262
29 269
29 278
29 287
29 311
29 313
29 329
29 342
29 362
29 363
29 370
30 62
30 70
30 87
30 111
30 139
30 157
30 177
30 180
30 182
30 197
30 205
30 217
30 248
30 283
30 327
30 359
30 367
30 385
31 42
31 68
31 81
31 86
31 92
31 112
31 181
31 221
31 228
31 255
31 259
31 268
31 313
31 387
31 393
32 39
32 66
32 80
32 87
32 92
32 93
32 94
32 154
32 163
32 179
32 187
32 200
32 204
32 225
32 229
32 268
32 296
32 311
32 330
32 367
32 368
32 393
32 396
33 96
33 140
33 142
33 194
33 246
33 248
33 291
33 300
33 304
33 308
33 319
33 375
33 378
33 383
33 388
34 49
34 51
34 61
34 77
34 79
34 84
34 94
34 99
34 101
34 109
34 115
34 119
34 120
34 159
34 182
34 196
34 215
34 224
34 243
34 270
34 278
34 285
34 299
34 329
34 365
34 370
34 387
34 393
34 395
35 43
35 101
35 133
35 137
35 143
35 183
35 196
35 200
35 207
35 218
35 231
35 237
35 248
35 267
35 278
35 306
35 322
35 331
35 334
35 388
36 159
36 161
36 171
36 209
36 216
36 223
36 251
36 287
36 293
36 297
36 304
36 345
36 363
36 393
37 76
37 89
37 103
37 134
37 138
37 142
37 147
37 190
37 235
37 250
37 262
37 285
37 299
37 358
37 361
37 380
37 396
38 43
38 57
38 64
38 76
38 81
38 82
38 83
38 93
38 97
38 112
38 124
38 159
38 174
38 177
38 178
38 182
38 225
38 235
38 241
38 288
38 291
38 293
38 294
38 336
38 348
38 360
38 387
39 112
39 115
39 136
39 171
39 207
39 218
39 234
39 302
39 317
39 340
39 344
39 347
39 373
40 45
40 59
40 108
40 110
40 133
40 145
40 147
40 158
40 166
40 174
40 188
40 197
40 199
40 225
40 238
40 310
40 315
40 365
40 377
41 116
41 120
41 154
41 169
41 184
41 191
41 202
41 225
41 226
41 256
41 260
41 269
41 285
41 346
41 375
41 388
42 61
42 63
42 85
42 92
42 96
42 108
42 117
42 140
42 225
42 245
42 263
42 292
42 296
42 393
43 57
43 86
43 88
43 89
43 149
43 241
43 253
43 319
43 327
43 376
44 50
44 126
44 150
44 159
44 170
44 183
44 285
44 301
44 340
44 350
44 395
45 63
45 77
45 80
45 91
45 93
45 98
45 117
45 138
45 220
45 295
45 296
45 348
45 361
45 362
45 373
46 59
46 67
46 68
46 73
46 74
46 93
46 140
46 148
46 162
46 165
46 172
46 227
46 231
46 241
46 322
46 328
46 375
47 61
47 71
47 84
47 93
47 111
47 118
47 169
47 203
47 209
47 245
47 263
47 283
47 293
47 389
47 393
47 397
48 95
48 131
48 172
48 179
48 197
48 205
48 251
48 255
48 258
48 261
48 275
48 280
48 336
48 374
48 383
48 391
49 57
49 60
49 74
49 106
49 139
49 141
49 169
49 194
49 207
49 226
49 263
49 281
49 294
49 314
49 328
49 340
49 369
50 78
50 115
50 135
50 147
50 184
50 226
50 234
50 257
50 287
50 290
50 368
50 381
51 54
51 57
51 63
51 129
51 148
51 149
51 175
51 206
51 210
51 233
51 277
51 294
51 334
51 336
51 374
52 149
52 161
52 163
52 217
52 220
52 248
52 257
52 280
52 337
52 340
52 358
52 366
52 375
53 113
53 128
53 145
53 147
53 181
53 192
53 194
53 198
53 229
53 234
53 259
53 293
53 303
53 326
53 347
53 352
54 65
54 69
54 103
54 144
54 145
54 147
54 151
54 154
54 167
54 181
54 182
54 200
54 251
54 261
54 275
54 320
54 340
54 344
54 396
55 60
55 103
55 114
55 122
55 125
55 156
55 176
55 177
55 205
55 212
55 230
55 233
55 277
55 285
55 287
55 295
55 309
55 358
55 368
55 375
56 85
56 86
56 107
56 124
56 140
56 217
56 255
56 261
56 267
56 306
56 314
56 322
56 343
56 348
56 392
56 397
57 85
57 110
57 156
57 171
57 190
57 202
57 206
57 219
57 220
57 283
57 308
57 311
57 342
57 373
57 388
58 76
58 78
58 80
58 82
58 90
58 94
58 102
58 144
58 175
58 213
58 216
58 218
58 226
58 282
58 287
58 294
58 316
58 343
58 351
58 362
58 368
58 383
59 60
59 93
59 125
59 185
59 194
59 200
59 270
59 319
59 321
59 327
60 84
60 87
60 137
60 142
60 146
60 148
60 155
60 162
60 183
60 192
60 196
60 212
60 224
60 260
60 267
60 277
60 327
60 341
60 378
61 87
61 174
61 236
61 275
61 314
61 335
61 342
61 345
61 395
62 69
62 86
62 124
62 127
62 129
62 136
62 149
62 153
62 157
62 185
62 187
62 215
62 222
62 230
62 253
62 255
62 325
62 333
62 340
62 353
62 384
63 95
63 126
63 148
63 149
63 164
63 166
63 223
63 268
63 273
63 279
63 287
63 350
63 367
63 388
64 100
64 101
64 181
64 189
64 218
64 238
64 244
64 277
64 286
64 294
64 300
64 301
64 302
64 307
64 311
64 330
64 344
64 363
64 399
65 161
65 181
65 245
65 247
65 260
65 262
65 269
65 278
65 279
65 324
65 325
65 343
65 348
65 350
65 351
65 393
66 73
66 75
66 109
66 112
66 145
66 159
66 160
66 212
66 228
66 232
66 263
66 274
66 277
66 282
66 284
66 305
66 322
66 342
66 364
66 389
66 390
67 79
67 107
67 110
67 116
67 169
67 202
67 223
67 232
67 246
67 320
67 336
67 380
68 70
68 102
68 105
68 125
68 141
68 150
68 159
68 181
68 185
68 194
68 200
68 206
68 221
68 243
68 300
68 314
68 319
68 348
68 356
68 365
68 376
68 392
69 71
69 81
69 110
69 136
69 166
69 194
69 198
69 199
69 200
69 209
69 232
69 236
69 273
69 285
69 303
69 340
69 374
69 390
70 77
70 96
70 98
70 114
70 141
70 154
70 171
70 179
70 195
70 208
70 210
70 246
70 249
70 252
70 268
70 269
70 298
70 310
70 311
70 312
70 347
71 218
71 220
71 236
71 245
71 246
71 248
71 325
71 332
71 333
71 361
71 368
71 374
71 396
72 83
72 109
72 162
72 167
72 171
72 177
72 179
72 194
72 210
72 212
72 231
72 267
72 295
72 306
72 327
72 349
72 371
72 376
72 396
72 399
73 88
73 90
73 94
73 96
73 133
73 158
73 203
73 207
73 221
73 268
73 276
73 278
73 295
73 315
73 331
73 343
73 356
73 357
73 381
73 393
74 80
74 144
74 159
74 168
74 212
74 213
74 214
74 232
74 253
74 268
74 286
74 293
74 307
74 308
74 322
74 333
74 353
74 376
75 125
75 136
75 146
75 173
75 182
75 190
75 209
75 212
75 213
75 233
75 243
75 260
75 265
75 269
75 317
75 335
75 363
75 375
75 381
75 397
75 398
76 78
76 119
76 123
76 136
76 201
76 225
76 246
76 253
76 266
76 272
76 290
76 301
76 304
76 316
76 317
76 318
76 351
76 373
76 374
76 388
76 392
77 101
77 115
77 134
77 173
77 220
77 249
77 285
77 361
77 381
77 398
78 112
78 129
78 139
78 175
78 187
78 328
78 332
78 363
78 376
78 388
79 105
79 124
79 136
79 160
79 180
79 189
79 210
79 234
79 251
79 262
79 286
79 303
79 307
79 353
80 83
80 84
80 112
80 115
80 133
80 134
80 191
80 213
80 217
80 218
80 236
80 262
80 270
80 339
80 366
80 390
80 391
80 396
81 128
81 157
81 169
81 189
81 215
81 264
81 275
81 280
81 294
81 308
81 325
81 328
81 330
81 386
81 393
82 85
82 89
82 103
82 137
82 146
82 153
82 178
82 179
82 180
82 216
82 223
82 236
82 238
82 282
82 332
82 341
82 360
82 391
83 115
83 165
83 169
83 175
83 178
83 180
83 181
83 188
83 191
83 212
83 213
83 228
83 266
83 274
83 282
83 295
83 298
83 317
83 331
83 391
84 97
84 99
84 127
84 131
84 132
84 155
84 172
84 175
84 234
84 245
84 270
84 272
84 276
84 292
84 312
84 319
84 322
84 335
85 111
85 124
85 149
85 161
85 188
85 207
85 223
85 230
85 233
85 250
85 264
85 317
85 328
85 368
85 392
85 394
86 169
86 237
86 252
86 260
86 272
86 274
86 327
86 335
87 88
87 117
87 121
87 155
87 157
87 175
87 192
87 197
87 262
87 268
87 271
87 320
88 94
88 95
88 101
88 110
88 147
88 166
88 178
88 183
88 198
88 211
88 215
88 217
88 222
88 225
88 232
88 250
88 261
88 295
88 378
89 126
89 131
89 132
89 135
89 167
89 200
89 211
89 229
89 259
89 260
89 265
89 268
89 294
89 304
89 337
89 341
89 386
89 399
90 93
90 104
90 115
90 130
90 147
90 168
90 188
90 209
90 254
90 326
90 331
90 339
90 341
90 346
90 360
90 361
90 363
90 373
90 374
90 392
91 105
91 116
91 122
91 155
91 160
91 167
91 173
91 181
91 195
91 302
91 305
91 308
91 322
91 341
91 366
91 368
91 380
91 394
92 95
92 148
92 171
92 173
92 175
92 194
92 220
92 224
92 230
92 240
92 241
92 242
92 267
92 276
92 281
92 306
92 323
93 105
93 115
93 136
93 139
93 150
93 191
93 255
93 257
93 273
93 286
93 288
93 300
93 301
93 319
93 324
93 380
94 116
94 123
94 124
94 149
94 181
94 231
94 247
94 269
94 323
94 330
94 337
95 115
95 173
95 175
95 190
95 192
95 203
95 212
95 225
95 227
95 237
95 260
95 270
95 281
95 283
95 288
95 296
95 297
95 310
95 361
95 375
95 395
96 142
96 166
96 193
96 215
96 263
96 286
96 299
96 325
96 338
96 344
96 369
96 374
96 377
96 378
96 382
96 389
97 106
97 117
97 137
97 139
97 144
97 147
97 172
97 178
97 184
97 189
97 196
97 201
97 221
97 261
97 322
97 341
97 367
97 387
97 397
98 112
98 146
98 162
98 163
98 217
98 234
98 281
98 318
98 335
98 348
98 365
98 366
98 370
99 121
99 125
99 133
99 140
99 145
99 167
99 203
99 209
99 222
99 249
99 269
99 309
99 310
99 317
99 323
99 340
99 386
99 394
100 103
100 118
100 154
100 161
100 192
100 246
100 270
100 272
100 283
100 341
100 366
100 385
100 389
100 398
101 103
101 122
101 196
101 204
101 221
101 238
101 258
101 323
102 145
102 161
102 178
102 197
102 201
102 209
102 224
102 228
102 253
102 262
102 263
102 278
102 294
102 313
102 325
102 331
102 340
102 344
102 367
102 388
103 181
103 223
103 231
103 234
103 252
103 275
103 297
103 332
103 358
103 372
103 378
104 115
104 129
104 161
104 165
104 173
104 175
104 191
104 198
104 225
104 227
104 229
104 286
104 308
104 328
104 338
104 350
104 352
104 360
104 374
105 143
105 167
105 194
105 223
105 234
105 251
105 257
105 278
105 282
105 312
105 360
105 383
105 393
106 113
106 116
106 131
106 139
106 148
106 167
106 181
106 193
106 245
106 250
106 283
106 288
107 131
107 215
107 218
107 226
107 262
107 267
107 275
107 294
107 326
107 328
107 347
107 379
107 384
108 131
108 160
108 182
108 188
108 195
108 199
108 218
108 250
108 259
108 284
108 291
108 296
108 304
108 319
108 338
108 370
109 110
109 143
109 159
109 178
109 180
109 186
109 206
109 247
109 280
109 325
109 332
109 346
109 351
109 389
110 116
110 135
110 191
110 220
110 231
110 244
110 248
110 281
110 289
110 310
110 322
110 328
110 354
110 366
110 377
110 385
110 399
111 159
111 168
111 176
111 184
111 187
111 203
111 243
111 261
111 271
111 288
111 296
111 318
111 343
111 354
111 373
111 380
111 386
112 113
112 122
112 125
112 179
112 203
112 254
112 272
112 278
112 285
112 307
112 333
112 391
113 114
113 134
113 140
113 144
113 146
113 207
113 208
113 210
113 215
113 234
113 254
113 255
113 258
113 304
113 314
113 330
113 331
113 332
113 338
113 350
113 357
113 390
114 129
114 142
114 146
114 150
114 173
114 181
114 219
114 242
114 248
114 273
114 280
114 281
114 293
114 311
114 373
114 398
115 129
115 140
115 148
115 173
115 176
115 202
115 204
115 205
115 212
115 219
115 225
115 271
115 279
115 283
115 306
115 326
115 351
115 362
115 375
115 398
116 120
116 213
116 227
116 234
116 237
116 271
116 318
116 321
116 330
116 390
117 128
117 138
117 179
117 181
117 235
117 258
117 267
117 270
117 279
117 281
117 295
117 297
117 307
117 326
117 356
117 396
118 122
118 139
118 143
118 152
118 165
118 167
118 185
118 197
118 214
118 222
118 236
118 241
118 261
118 272
118 309
118 337
118 344
118 367
118 369
118 382
119 130
119 147
119 164
119 171
119 185
119 211
119 214
119 216
119 218
119 232
119 236
119 247
119 265
119 268
119 285
119 365
119 388
119 399
120 139
120 152
120 156
120 158
120 176
120 199
120 216
120 229
120 233
120 239
120 272
120 280
120 300
120 331
120 352
120 362
120 378
121 140
121 228
121 236
121 246
121 248
121 277
121 302
121 306
121 326
121 327
121 328
121 331
121 337
121 338
121 393
122 135
122 139
122 145
122 180
122 259
122 268
122 276
122 295
122 336
122 380
122 386
123 134
123 164
123 186
123 223
123 262
123 268
123 281
123 318
123 322
124 125
124 157
124 236
124 242
124 275
124 291
124 334
124 336
124 364
124 366
124 383
124 390
125 139
125 140
125 170
125 172
125 190
125 202
125 213
125 220
125 222
125 225
125 243
125 267
125 279
125 281
125 284
125 295
125 304
125 363
125 377
125 394
126 131
126 192
126 214
126 226
126 240
126 307
126 316
126 334
126 353
126 366
126 390
127 140
127 141
127 145
127 174
127 175
127 258
127 289
127 300
127 317
127 325
127 334
127 335
127 336
127 361
127 365
127 394
128 135
128 206
128 208
128 243
128 258
128 287
128 289
128 298
128 300
128 350
128 382
128 399
129 158
129 170
129 182
129 188
129 203
129 205
129 208
129 225
129 238
129 242
129 264
129 277
129 278
129 279
129 292
129 326
129 331
129 347
130 160
130 182
130 213
130 217
130 247
130 269
130 303
130 320
130 347
130 351
130 358
130 382
131 140
131 144
131 153
131 168
131 200
131 236
131 279
131 323
131 345
131 352
131 359
131 388
132 160
132 172
132 181
132 184
132 239
132 257
132 263
132 296
132 297
132 318
132 328
132 330
132 336
132 337
132 339
132 374
132 389
133 155
133 163
133 216
133 239
133 261
133 276
133 290
133 309
133 323
133 327
133 332
133 346
133 358
133 383
133 387
133 391
134 140
134 148
134 150
134 187
134 229
134 252
134 272
134 276
134 307
134 311
134 320
134 347
134 359
135 137
135 159
135 174
135 183
135 189
135 194
135 198
135 220
135 227
135 241
135 277
135 296
135 347
135 354
135 362
135 366
135 398
136 171
136 183
136 194
136 204
136 245
136 281
136 288
136 347
136 357
137 149
137 172
137 186
137 192
137 195
137 205
137 207
137 217
137 241
137 268
137 307
137 321
137 327
137 356
137 372
137 399
138 148
138 161
138 181
138 184
138 201
138 237
138 285
138 288
138 290
138 293
138 319
138 320
138 347
138 374
138 376
139 163
139 179
139 181
139 197
139 204
139 207
139 232
139 258
139 268
139 273
139 276
139 279
139 288
139 298
139 337
139 338
139 349
139 351
140 151
140 155
140 168
140 196
140 197
140 213
140 233
140 245
140 275
140 292
140 294
140 345
140 378
141 144
141 151
141 167
141 168
141 198
141 206
141 207
141 216
141 219
141 254
141 273
141 317
141 326
141 354
141 380
141 385
142 186
142 208
142 280
142 283
142 305
142 314
142 324
142 334
142 369
142 381
142 399
143 161
143 208
143 210
143 255
143 291
143 301
143 304
143 311
143 347
143 374
143 385
143 387
143 388
143 393
143 395
143 398
144 145
144 205
144 213
144 256
144 263
144 269
144 279
144 314
144 317
144 327
144 355
144 361
144 370
145 159
145 233
145 266
145 277
145 286
145 316
145 334
145 336
145 377
145 378
146 148
146 184
146 234
146 274
146 302
146 304
146 352
146 381
146 399
147 153
147 157
147 158
147 159
147 162
147 163
147 174
147 267
147 297
147 299
147 302
147 338
147 343
147 395
147 399
148 180
148 216
148 221
148 236
148 256
148 324
148 326
148 348
148 357
148 361
148 384
148 390
148 391
148 396
149 152
149 193
149 209
149 214
149 225
149 236
149 266
149 316
149 320
149 322
149 324
149 332
149 341
149 359
149 360
149 374
150 151
150 177
150 183
150 228
150 245
150 246
150 254
150 283
150 287
150 316
150 322
150 343
150 371
151 161
151 166
151 186
151 195
151 253
151 266
151 268
151 296
151 324
151 326
151 352
151 390
152 153
152 178
152 187
152 198
152 204
152 212
152 221
152 231
152 236
152 237
152 238
152 267
152 272
152 282
152 309
153 159
153 186
153 193
153 209
153 219
153 257
153 299
153 312
153 316
153 328
153 333
153 351
153 356
154 158
154 193
154 210
154 239
154 257
154 289
154 308
154 338
154 370
154 378
154 390
155 174
155 280
155 302
155 307
155 312
155 336
155 362
155 380
156 175
156 190
156 229
156 238
156 242
156 249
156 253
156 272
156 294
156 303
156 311
156 333
156 349
156 352
156 364
156 369
156 380
157 158
157 183
157 205
157 254
157 256
157 283
157 295
157 328
157 333
157 338
157 373
157 395
157 399
158 167
158 177
158 180
158 208
158 211
158 248
158 252
158 255
158 264
158 286
158 302
158 321
158 334
158 351
158 376
158 381
159 162
159 199
159 200
159 220
159 223
159 240
159 262
159 278
159 280
159 303
159 309
159 315
159 320
159 327
159 370
159 398
160 168
160 201
160 234
160 236
160 256
160 316
160 318
160 352
160 366
160 369
160 390
161 202
161 204
161 211
161 225
161 310
161 327
161 342
161 345
161 348
161 355
161 389
162 174
162 189
162 195
162 208
162 215
162 223
162 241
162 263
162 353
162 368
162 385
162 398
163 181
163 185
163 228
163 229
163 234
163 261
163 282
163 315
163 316
163 320
163 352
163 378
163 383
163 393
164 168
164 181
164 196
164 228
164 249
164 262
164 293
164 315
164 359
165 171
165 172
165 177
165 180
165 196
165 199
165 209
165 242
165 305
165 313
165 346
165 350
165 370
165 383
165 385
165 393
165 395
166 171
166 178
166 182
166 204
166 217
166 234
166 239
166 288
166 298
166 305
166 322
166 326
166 337
166 338
166 339
167 176
167 179
167 188
167 231
167 239
167 260
167 262
167 307
167 363
168 175
168 197
168 212
168 245
168 261
168 266
168 268
168 277
168 278
168 282
168 305
168 335
168 339
168 341
168 348
168 350
168 393
169 191
169 218
169 222
169 225
169 235
169 263
169 267
169 268
169 298
169 301
169 307
169 320
169 344
169 379
169 399
170 218
170 254
170 261
170 267
170 299
170 320
170 342
170 349
170 352
170 376
170 386
171 184
171 188
171 244
171 250
171 254
171 302
171 309
171 311
171 379
172 193
172 261
172 273
172 281
172 293
172 324
172 362
172 367
173 174
173 203
173 209
173 242
173 251
173 266
173 282
173 289
173 317
173 320
173 342
173 343
173 344
173 374
173 385
174 188
174 189
174 197
174 211
174 219
174 230
174 235
174 258
174 295
174 345
174 347
174 367
175 208
175 218
175 242
175 245
175 256
175 287
175 291
175 352
175 372
176 194
176 210
176 224
176 226
176 230
176 255
176 349
176 359
176 360
176 365
176 394
176 398
177 236
177 237
177 238
177 257
177 297
177 308
177 340
177 353
177 357
177 360
177 394
177 399
178 181
178 182
178 187
178 190
178 196
178 200
178 218
178 223
178 230
178 237
178 250
178 258
178 283
178 287
178 289
178 293
178 321
178 371
179 201
179 211
179 236
179 275
179 322
179 334
179 387
180 191
180 202
180 252
180 308
180 316
180 318
180 372
181 205
181 263
181 283
181 295
181 305
181 318
181 319
181 346
182 183
182 190
182 252
182 291
182 321
182 331
182 393
183 202
183 212
183 234
183 239
183 243
183 248
183 268
183 312
183 314
183 346
183 362
183 366
183 376
184 222
184 230
184 351
184 390
185 193
185 216
185 221
185 263
185 326
185 343
185 397
186 188
186 192
186 241
186 248
186 261
186 274
186 279
186 290
186 294
186 303
186 318
186 342
186 381
186 396
187 188
187 206
187 243
187 314
187 349
187 378
187 396
188 205
188 207
188 237
188 247
188 256
188 259
188 260
188 289
188 299
188 308
188 349
188 364
188 381
188 387
188 399
189 210
189 248
189 261
189 303
189 334
189 350
189 352
189 376
189 377
189 384
189 390
190 199
190 235
190 248
190 263
190 312
190 319
190 326
190 340
190 376
191 249
191 271
191 273
191 300
191 351
191 370
192 193
192 233
192 251
192 270
192 274
192 282
192 284
192 301
192 332
192 353
192 367
192 369
193 238
193 264
193 272
193 273
193 305
193 316
193 339
193 340
193 341
193 344
193 359
193 362
193 370
193 378
194 250
194 252
194 287
194 292
194 296
194 355
194 356
194 368
194 387
194 388
195 204
195 287
195 303
195 320
195 322
195 329
195 350
195 364
195 372
195 373
195 392
195 397
196 197
196 200
196 203
196 276
196 288
196 327
196 328
196 348
196 350
196 352
196 365
196 391
197 212
197 245
197 248
197 255
197 263
197 267
197 280
197 282
197 298
197 376
197 383
197 390
198 241
198 304
198 327
198 363
198 370
198 378
198 386
199 200
199 210
199 243
199 259
199 307
199 340
199 356
200 231
200 258
200 275
200 299
200 300
200 305
200 313
200 321
200 333
200 371
200 373
200 383
200 396
201 206
201 214
201 293
201 358
201 396
202 222
202 259
202 279
202 325
202 384
203 253
203 265
203 319
203 343
203 346
203 365
203 391
203 392
204 281
204 286
204 310
204 333
204 371
205 295
205 337
205 391
206 216
206 245
206 273
206 350
206 373
206 385
206 397
207 234
207 244
207 261
207 303
207 312
207 320
207 352
208 219
208 222
208 233
208 250
208 274
208 278
208 281
208 283
208 328
208 375
209 238
209 249
209 316
209 355
209 370
209 372
210 212
210 222
210 237
210 238
210 244
210 252
210 256
210 273
210 303
210 310
210 324
210 332
210 371
210 379
210 384
210 392
211 218
211 249
211 251
211 286
211 295
211 345
211 368
211 376
211 397
212 221
212 235
212 248
212 264
212 324
212 325
212 330
212 337
212 338
212 342
212 349
213 227
213 260
213 286
213 291
213 320
213 324
213 328
213 334
213 382
214 226
214 233
214 322
214 338
214 366
214 372
215 239
215 259
215 283
215 291
215 327
215 336
215 341
215 359
215 379
215 384
216 219
216 231
216 245
216 289
216 330
216 336
216 342
216 355
216 375
216 398
217 264
217 291
217 300
217 305
217 308
217 315
217 368
218 250
218 256
218 262
218 264
218 265
218 314
218 337
218 345
218 366
219 233
219 239
219 337
219 380
220 268
220 324
220 329
220 351
221 239
221 241
221 245
221 257
221 277
221 282
221 283
221 289
221 308
221 311
221 315
221 329
221 338
221 378
221 387
221 397
222 236
222 241
222 243
222 250
222 291
222 321
222 325
222 332
222 356
222 364
222 376
222 377
222 398
223 225
223 227
223 244
223 252
223 272
223 283
223 300
223 306
223 314
223 327
223 391
224 242
224 278
224 306
224 326
224 337
225 238
225 239
225 242
225 247
225 303
225 307
225 332
225 342
225 359
225 379
225 397
226 258
226 265
226 267
226 276
226 277
226 278
226 279
226 282
226 307
226 335
226 380
226 393
227 236
227 252
227 280
227 287
227 304
227 318
227 396
228 296
228 311
228 337
228 347
228 352
228 370
229 250
229 252
229 265
229 282
229 297
229 305
229 317
229 335
229 358
230 271
230 275
230 276
230 293
230 302
230 310
230 311
230 313
230 323
230 354
230 398
231 255
231 278
231 304
231 308
231 334
231 339
231 349
231 368
231 384
231 392
232 247
232 272
232 314
232 341
232 357
233 294
233 328
233 332
233 339
233 340
233 360
233 374
234 240
234 243
234 296
234 332
234 338
234 349
234 377
234 386
234 399
235 257
235 259
235 269
235 275
235 301
235 329
235 365
235 377
236 244
236 253
236 293
236 326
236 331
236 335
236 380
236 381
236 389
236 393
237 264
237 277
237 306
237 376
237 377
238 302
238 336
238 341
238 391
239 266
239 331
239 345
239 355
240 269
240 277
240 288
240 310
240 329
240 348
240 349
240 366
240 372
240 391
241 271
241 282
241 311
241 313
241 325
241 333
241 342
241 356
241 365
242 267
242 272
242 289
242 323
242 346
242 350
242 355
242 378
242 386
243 277
243 308
243 325
243 340
243 343
243 362
244 301
244 305
244 306
244 316
244 318
244 384
245 253
245 272
245 282
245 285
245 296
245 300
245 311
245 373
245 374
245 381
245 382
245 399
246 256
246 264
246 314
246 332
246 390
247 292
247 311
247 316
247 319
247 327
247 339
247 342
247 372
247 394
248 254
248 265
248 280
248 286
248 287
248 326
248 329
248 383
249 272
249 323
249 357
249 365
249 385
250 304
250 337
250 388
250 391
250 397
250 399
251 271
251 296
251 298
251 327
251 352
251 371
251 376
252 282
252 295
252 303
252 304
252 318
252 319
252 331
252 335
252 348
252 349
252 375
253 285
253 289
253 313
253 316
253 324
253 360
254 270
254 275
254 330
254 368
254 375
254 388
255 258
255 297
255 332
255 339
255 387
255 399
256 268
256 285
256 321
256 395
257 294
257 316
257 335
257 346
257 363
257 397
258 271
258 293
258 327
258 330
258 344
258 346
258 394
259 286
259 287
259 303
259 319
259 323
259 398
260 262
260 278
260 321
260 333
260 357
260 364
260 378
260 380
260 382
260 399
261 267
261 273
261 277
261 279
261 290
261 297
261 298
261 309
261 332
261 385
262 324
262 339
262 347
263 265
263 270
263 282
263 285
263 286
263 321
263 387
263 394
264 266
264 273
264 295
264 310
264 346
264 373
264 375
264 385
264 387
265 272
265 297
265 299
265 344
265 373
265 396
266 274
266 295
266 309
266 333
266 334
266 338
266 341
266 374
266 382
267 296
267 305
267 308
267 362
267 374
267 378
267 379
267 390
268 274
268 281
268 286
268 294
268 301
268 312
268 359
268 361
268 366
268 378
268 382
269 275
269 289
269 297
269 315
269 340
269 383
269 387
269 395
270 271
270 305
270 321
270 346
270 397
271 286
271 289
271 299
271 311
271 336
272 295
272 310
272 346
272 354
272 355
272 365
272 390
272 399
273 312
273 344
273 345
273 356
273 363
273 372
273 396
274 275
274 325
274 333
274 341
274 344
274 349
274 380
274 384
275 278
275 301
275 305
275 384
276 304
276 338
276 359
276 369
276 379
276 398
277 318
277 346
277 368
277 369
277 375
277 376
277 381
278 283
278 305
278 320
278 345
278 347
278 352
278 362
278 364
278 389
278 395
278 399
279 284
279 296
279 308
279 318
279 324
279 335
279 337
279 357
279 373
279 391
280 284
280 294
280 318
280 338
280 349
280 359
280 368
280 374
280 382
280 396
281 291
281 310
281 342
281 383
281 385
281 394
282 315
282 337
282 353
282 387
283 285
283 309
283 354
283 360
283 372
284 296
284 322
284 327
284 343
284 363
284 399
285 295
285 336
285 356
285 387
285 392
286 289
286 305
286 324
286 327
286 337
286 354
286 356
286 379
286 383
287 296
287 317
287 338
287 358
287 393
288 295
288 302
288 315
288 317
288 347
288 364
288 394
289 303
289 333
289 365
289 366
289 389
289 397
290 293
290 296
290 319
290 353
290 387
291 293
291 342
291 354
291 359
291 366
291 382
291 391
292 305
292 313
292 334
292 346
292 350
292 362
292 397
293 328
293 350
293 352
294 310
294 313
294 315
294 330
294 335
294 372
295 323
295 354
295 357
295 366
295 398
296 306
296 325
296 355
296 378
296 383
296 389
296 391
296 394
296 396
297 301
297 326
297 356
297 358
297 370
297 396
298 329
298 332
298 365
299 396
300 306
300 310
300 312
300 341
300 370
300 379
300 386
300 387
300 399
301 327
301 351
301 358
301 359
301 392
302 348
302 378
303 322
303 361
303 386
304 308
304 310
304 341
304 356
304 365
304 377
305 355
305 369
305 398
306 307
306 330
306 340
306 371
306 397
307 326
307 332
307 340
307 381
307 384
307 390
307 395
307 398
308 313
308 366
308 376
309 316
309 323
309 333
309 354
309 359
309 376
310 317
310 380
310 382
310 388
311 344
311 353
311 364
311 372
311 378
311 394
312 314
312 318
312 336
312 355
312 385
312 389
312 395
313 318
313 325
313 336
313 342
313 354
313 394
313 398
314 325
314 355
315 322
315 323
315 357
315 365
315 376
315 397
316 325
316 338
316 353
316 365
316 370
316 394
316 399
317 374
317 381
317 396
318 346
318 363
318 368
318 370
318 384
319 329
319 333
319 339
319 372
319 378
319 399
320 366
320 383
320 398
321 334
321 356
321 363
321 386
322 323
322 328
322 338
322 362
322 367
322 369
322 376
322 385
323 346
323 351
323 396
324 326
324 344
324 354
324 372
324 380
324 385
324 397
325 336
325 351
325 352
325 358
325 380
325 384
326 333
326 341
326 351
326 379
326 398
327 340
327 342
327 343
327 371
327 399
328 339
328 350
328 375
330 346
330 353
330 354
330 355
330 358
330 359
331 343
331 345
331 378
332 363
332 369
332 377
332 396
332 399
333 359
333 375
334 338
334 371
335 336
335 352
335 354
335 378
335 379
335 381
335 396
336 337
336 341
336 342
336 366
337 351
337 376
337 398
338 343
338 357
338 385
338 393
338 395
338 397
339 353
339 362
339 368
339 369
339 384
339 385
339 394
340 341
340 364
340 368
341 370
341 379
341 394
341 396
342 344
342 363
342 370
342 380
342 382
342 397
343 360
344 356
344 380
344 386
345 362
345 371
345 388
346 374
346 383
347 357
347 361
347 386
347 388
347 392
348 351
348 356
350 355
350 361
350 367
351 368
352 363
352 371
353 384
353 389
354 376
356 375
356 390
357 371
358 364
358 373
359 361
359 364
359 365
360 361
360 371
360 373
360 391
360 396
361 363
361 369
361 376
361 397
362 388
363 394
364 399
365 374
365 381
366 391
367 398
368 373
368 389
369 370
369 374
369 381
369 398
370 375
370 384
372 388
372 397
374 394
374 398
375 381
375 383
375 386
375 399
378 388
379 385
379 388
379 390
381 396
383 389
384 388
385 391
385 399
389 392
