300 4062 0.5
0 10
0 19
0 52
0 62
0 85
0 87
0 93
0 96
0 106
0 108
0 109
0 120
0 152
0 172
0 173
0 217
0 225
0 231
0 234
0 242
0 245
0 247
0 262
0 267
0 270
0 271
0 275
0 276
0 296
1 36
1 39
1 43
1 63
1 67
1 68
1 71
1 76
1 78
1 87
1 89
1 90
1 100
1 135
1 140
1 150
1 153
1 155
1 167
1 174
1 186
1 206
1 208
1 215
1 222
1 231
1 248
1 251
1 254
1 272
1 287
2 35
2 40
2 43
2 105
2 108
2 115
2 123
2 127
2 137
2 141
2 158
2 166
2 186
2 193
2 194
2 203
2 228
2 237
2 255
2 256
2 259
2 265
2 271
3 8
3 25
3 49
3 51
3 57
3 67
3 80
3 99
3 102
3 103
3 107
3 136
3 148
3 160
3 167
3 168
3 172
3 176
3 184
3 187
3 200
3 202
3 206
3 211
3 212
3 215
3 240
3 282
4 10
4 43
4 56
4 61
4 69
4 77
4 82
4 95
4 102
4 120
4 121
4 125
4 150
4 168
4 182
4 186
4 190
4 219
4 221
4 228
4 254
4 280
4 288
4 291
4 299
5 14
5 35
5 40
5 53
5 63
5 69
5 70
5 72
5 73
5 90
5 97
5 98
5 100
5 117
5 128
5 139
5 142
5 169
5 185
5 212
5 223
5 245
5 250
5 252
5 253
5 256
5 263
5 267
5 276
5 279
5 291
5 293
6 17
6 31
6 36
6 52
6 54
6 55
6 61
6 81
6 95
6 106
6 115
6 172
6 177
6 180
6 192
6 210
6 211
6 222
6 245
6 252
6 270
6 271
6 273
6 274
6 276
6 287
7 13
7 18
7 30
7 36
7 40
7 48
7 52
7 53
7 66
7 69
7 125
7 128
7 136
7 139
7 147
7 162
7 167
7 182
7 190
7 196
7 197
7 198
7 202
7 208
7 232
7 233
7 245
7 253
7 257
7 283
7 288
8 17
8 18
8 24
8 29
8 38
8 60
8 66
8 71
8 75
8 85
8 86
8 96
8 101
8 106
8 124
8 130
8 148
8 156
8 161
8 163
8 177
8 182
8 187
8 189
8 199
8 205
8 222
8 229
8 236
8 243
8 246
8 264
8 267
8 271
9 11
9 12
9 27
9 32
9 34
9 41
9 55
9 85
9 95
9 103
9 107
9 115
9 122
9 138
9 139
9 142
9 147
9 151
9 165
9 173
9 184
9 186
9 188
9 190
9 194
9 244
9 262
9 273
9 275
9 276
9 279
9 292
9 294
9 298
10 16
10 23
10 30
10 34
10 43
10 47
10 52
10 53
10 64
10 81
10 93
10 113
10 115
10 130
10 133
10 140
10 144
10 167
10 170
10 178
10 182
10 198
10 206
10 209
10 213
10 214
10 218
10 221
10 237
10 243
10 249
10 264
10 275
11 51
11 56
11 61
11 87
11 92
11 105
11 106
11 107
11 117
11 121
11 124
11 157
11 158
11 164
11 167
11 173
11 182
11 199
11 206
11 219
11 258
11 259
11 266
11 283
11 289
11 299
12 15
12 23
12 30
12 39
12 40
12 41
12 54
12 60
12 63
12 95
12 98
12 99
12 100
12 110
12 125
12 131
12 136
12 144
12 161
12 164
12 166
12 168
12 182
12 183
12 184
12 211
12 219
12 229
12 234
12 241
12 243
12 247
12 252
12 253
12 260
12 265
12 268
12 285
12 299
13 71
13 100
13 105
13 120
13 123
13 125
13 133
13 137
13 143
13 165
13 175
13 198
13 205
13 211
13 214
13 223
13 231
13 234
13 241
13 244
13 252
13 259
13 260
13 263
13 272
13 280
14 18
14 24
14 30
14 33
14 61
14 73
14 83
14 85
14 90
14 106
14 115
14 134
14 138
14 149
14 165
14 166
14 174
14 187
14 193
14 212
14 224
14 238
14 242
14 269
14 273
14 274
14 277
14 280
14 284
14 296
14 298
15 24
15 31
15 49
15 51
15 52
15 59
15 65
15 67
15 83
15 87
15 127
15 132
15 139
15 150
15 153
15 167
15 177
15 181
15 207
15 210
15 262
15 268
15 271
15 285
16 19
16 25
16 47
16 53
16 62
16 65
16 110
16 128
16 142
16 145
16 146
16 159
16 164
16 169
16 179
16 208
16 217
16 223
16 234
16 240
16 258
16 267
16 275
16 288
16 299
17 32
17 37
17 56
17 68
17 77
17 82
17 96
17 98
17 103
17 106
17 109
17 133
17 135
17 151
17 179
17 203
17 204
17 226
17 247
17 252
17 254
17 265
17 290
17 292
17 297
18 20
18 34
18 97
18 102
18 108
18 113
18 118
18 125
18 126
18 151
18 155
18 168
18 177
18 212
18 216
18 218
18 229
18 236
18 245
18 254
18 270
18 277
18 281
19 29
19 57
19 62
19 69
19 74
19 78
19 90
19 97
19 112
19 117
19 132
19 133
19 150
19 151
19 155
19 166
19 182
19 205
19 239
19 248
19 259
19 293
19 299
20 25
20 42
20 47
20 55
20 63
20 65
20 66
20 70
20 102
20 106
20 114
20 126
20 157
20 167
20 172
20 178
20 181
20 182
20 189
20 196
20 211
20 213
20 236
20 249
20 251
20 257
20 271
20 287
20 296
21 30
21 38
21 46
21 47
21 49
21 68
21 71
21 81
21 93
21 100
21 107
21 110
21 114
21 138
21 140
21 144
21 156
21 167
21 219
21 224
21 226
21 243
21 261
21 268
21 275
21 290
21 294
22 28
22 31
22 37
22 39
22 45
22 56
22 90
22 96
22 104
22 112
22 135
22 137
22 149
22 158
22 171
22 210
22 220
22 234
22 277
22 287
22 290
22 299
23 27
23 39
23 41
23 53
23 62
23 76
23 84
23 89
23 96
23 102
23 106
23 127
23 131
23 138
23 148
23 163
23 166
23 167
23 177
23 179
23 187
23 206
23 208
23 227
23 235
23 252
23 257
23 273
23 274
23 275
23 281
23 289
24 31
24 39
24 44
24 53
24 55
24 94
24 147
24 154
24 166
24 191
24 199
24 217
24 238
24 244
24 251
24 258
24 269
24 270
24 280
25 36
25 50
25 59
25 62
25 68
25 75
25 78
25 93
25 127
25 132
25 133
25 134
25 141
25 142
25 144
25 165
25 168
25 194
25 201
25 226
25 245
25 256
25 263
25 265
25 284
25 296
25 298
26 27
26 35
26 37
26 41
26 63
26 78
26 87
26 112
26 141
26 148
26 162
26 174
26 186
26 190
26 193
26 195
26 210
26 211
26 263
26 266
26 282
26 292
26 294
26 297
27 32
27 37
27 41
27 42
27 67
27 68
27 89
27 92
27 95
27 123
27 124
27 126
27 147
27 149
27 194
27 197
27 206
27 207
27 216
27 219
27 234
27 250
27 278
27 296
28 55
28 80
28 84
28 86
28 105
28 107
28 124
28 130
28 142
28 153
28 166
28 167
28 169
28 170
28 175
28 195
28 211
28 259
28 280
28 289
28 294
29 45
29 65
29 79
29 89
29 102
29 123
29 125
29 129
29 139
29 143
29 145
29 150
29 157
29 163
29 164
29 165
29 174
29 213
29 227
29 230
29 232
29 244
29 245
29 270
29 273
29 287
30 42
30 66
30 68
30 76
30 90
30 93
30 127
30 144
30 150
30 169
30 184
30 211
30 218
30 226
30 240
30 242
30 243
30 257
30 262
30 263
30 265
30 271
30 279
30 286
30 291
31 51
31 75
31 84
31 87
31 91
31 101
31 107
31 116
31 119
31 126
31 132
31 140
31 145
31 158
31 180
31 186
31 196
31 214
31 276
32 39
32 51
32 54
32 63
32 69
32 85
32 101
32 105
32 112
32 120
32 134
32 136
32 137
32 146
32 150
32 187
32 192
32 198
32 210
32 248
32 257
32 264
32 276
32 288
33 39
33 42
33 52
33 59
33 99
33 109
33 111
33 119
33 125
33 162
33 165
33 183
33 189
33 209
33 216
33 229
33 253
33 254
33 257
33 272
33 273
33 285
33 287
34 36
34 47
34 50
34 51
34 57
34 66
34 70
34 85
34 90
34 94
34 117
34 124
34 128
34 157
34 186
34 189
34 193
34 214
34 227
34 234
34 265
34 270
34 275
34 284
34 290
35 55
35 64
35 78
35 79
35 93
35 140
35 158
35 163
35 182
35 189
35 196
35 200
35 209
35 224
35 252
35 257
35 265
35 266
36 46
36 72
36 74
36 79
36 87
36 90
36 91
36 106
36 116
36 141
36 154
36 156
36 173
36 174
36 190
36 214
36 217
36 224
36 236
36 246
36 258
36 280
36 287
36 290
37 47
37 48
37 60
37 63
37 65
37 68
37 74
37 79
37 80
37 127
37 140
37 143
37 147
37 168
37 181
37 194
37 205
37 245
37 252
37 255
37 259
37 264
37 273
37 274
37 287
37 290
37 291
37 296
38 47
38 56
38 70
38 78
38 79
38 93
38 100
38 105
38 132
38 148
38 163
38 164
38 167
38 186
38 239
38 262
38 270
38 275
38 278
38 280
38 289
38 295
39 58
39 81
39 85
39 115
39 138
39 139
39 149
39 154
39 186
39 190
39 192
39 251
39 259
39 263
39 269
39 271
39 287
40 44
40 45
40 57
40 83
40 87
40 91
40 92
40 100
40 119
40 123
40 125
40 140
40 145
40 150
40 157
40 176
40 184
40 186
40 200
40 205
40 219
40 251
40 265
40 273
40 274
40 280
40 281
40 292
41 64
41 73
41 76
41 80
41 109
41 112
41 141
41 155
41 159
41 174
41 192
41 200
41 207
41 211
41 219
41 238
41 263
41 297
41 299
42 45
42 59
42 62
42 68
42 70
42 73
42 113
42 118
42 125
42 138
42 148
42 149
42 152
42 177
42 185
42 195
42 220
42 221
42 224
42 226
42 242
42 263
42 272
42 277
43 47
43 48
43 71
43 85
43 88
43 92
43 102
43 131
43 139
43 142
43 146
43 174
43 176
43 196
43 214
43 220
43 224
43 240
43 248
43 253
43 257
43 258
43 260
43 278
43 286
43 290
44 49
44 55
44 79
44 91
44 92
44 98
44 120
44 121
44 126
44 128
44 148
44 171
44 172
44 174
44 187
44 192
44 196
44 197
44 198
44 209
44 219
44 230
44 243
44 265
44 277
44 283
44 287
45 46
45 70
45 74
45 105
45 117
45 141
45 161
45 172
45 178
45 182
45 187
45 194
45 227
45 230
45 264
45 270
45 276
45 277
45 280
45 284
46 52
46 59
46 73
46 77
46 89
46 98
46 116
46 137
46 143
46 156
46 165
46 202
46 203
46 205
46 215
46 217
46 219
46 232
46 258
46 260
46 262
46 266
46 270
46 283
47 59
47 63
47 73
47 76
47 92
47 97
47 100
47 103
47 125
47 130
47 145
47 148
47 162
47 185
47 196
47 225
47 246
47 248
47 256
47 277
47 282
47 297
48 73
48 79
48 80
48 107
48 108
48 125
48 126
48 132
48 135
48 138
48 142
48 148
48 160
48 165
48 183
48 192
48 207
48 209
48 210
48 227
48 233
48 234
48 239
48 262
48 273
48 282
48 293
49 52
49 106
49 125
49 132
49 143
49 154
49 156
49 165
49 172
49 178
49 181
49 187
49 190
49 193
49 205
49 267
49 281
49 292
49 296
49 298
50 57
50 75
50 87
50 102
50 104
50 108
50 115
50 122
50 127
50 139
50 140
50 153
50 159
50 179
50 190
50 211
50 217
50 219
50 230
50 234
50 281
50 296
51 60
51 86
51 93
51 116
51 126
51 128
51 139
51 142
51 150
51 155
51 162
51 165
51 176
51 234
52 56
52 59
52 75
52 77
52 81
52 105
52 106
52 118
52 137
52 157
52 175
52 203
52 205
52 207
52 214
52 222
52 230
52 242
52 247
52 252
52 268
52 273
52 291
52 296
53 63
53 70
53 80
53 88
53 92
53 93
53 107
53 118
53 125
53 135
53 143
53 152
53 153
53 166
53 192
53 203
53 214
53 218
53 221
53 269
53 278
53 296
54 57
54 84
54 99
54 117
54 128
54 143
54 159
54 161
54 169
54 175
54 184
54 190
54 194
54 213
54 216
54 226
54 237
54 240
54 253
54 259
54 262
54 282
54 294
55 62
55 63
55 72
55 92
55 98
55 108
55 110
55 111
55 119
55 121
55 125
55 131
55 167
55 171
55 197
55 199
55 218
55 235
55 239
55 267
55 272
55 283
55 289
56 71
56 94
56 135
56 141
56 144
56 151
56 172
56 190
56 191
56 194
56 206
56 208
56 214
56 238
56 240
56 246
56 282
56 289
57 65
57 78
57 88
57 102
57 105
57 148
57 168
57 189
57 196
57 214
57 225
57 231
57 237
57 238
57 243
57 256
57 261
57 262
57 266
57 273
57 290
58 62
58 67
58 80
58 87
58 92
58 99
58 100
58 112
58 115
58 162
58 197
58 198
58 204
58 211
58 213
58 218
58 252
58 274
58 296
58 298
59 68
59 71
59 75
59 91
59 96
59 113
59 118
59 120
59 129
59 176
59 188
59 189
59 201
59 212
59 239
59 253
59 256
59 260
59 271
59 282
59 286
59 295
60 86
60 109
60 130
60 138
60 139
60 143
60 146
60 160
60 167
60 184
60 193
60 203
60 226
60 259
60 263
60 273
60 282
60 284
60 285
60 298
61 91
61 93
61 120
61 128
61 135
61 145
61 154
61 155
61 158
61 161
61 170
61 176
61 187
61 189
61 198
61 220
61 223
61 232
61 245
61 256
61 264
62 72
62 81
62 127
62 145
62 168
62 173
62 201
62 222
62 240
62 255
62 258
62 265
62 278
62 291
63 76
63 90
63 114
63 121
63 126
63 137
63 164
63 175
63 178
63 187
63 214
63 215
63 247
63 253
63 258
63 259
63 288
63 290
63 292
64 69
64 70
64 71
64 79
64 107
64 130
64 137
64 142
64 147
64 160
64 174
64 175
64 203
64 213
64 217
64 218
64 231
64 246
64 261
64 278
64 290
64 297
65 66
65 81
65 93
65 107
65 133
65 170
65 175
65 184
65 186
65 206
65 227
65 229
65 230
65 261
65 265
65 269
65 285
65 297
66 74
66 90
66 98
66 110
66 119
66 121
66 143
66 146
66 148
66 151
66 183
66 187
66 198
66 215
66 236
66 246
66 247
66 249
66 264
66 277
66 295
67 98
67 121
67 123
67 130
67 131
67 138
67 145
67 168
67 171
67 172
67 180
67 204
67 211
67 219
67 237
67 243
67 247
67 250
67 254
67 265
67 283
68 73
68 74
68 94
68 110
68 115
68 125
68 141
68 143
68 145
68 155
68 157
68 166
68 192
68 203
68 204
68 216
68 217
68 222
68 224
68 227
68 231
68 238
68 244
68 251
68 265
68 268
68 278
69 75
69 77
69 96
69 111
69 113
69 127
69 136
69 141
69 152
69 161
69 167
69 182
69 196
69 208
69 213
69 214
70 71
70 92
70 94
70 97
70 110
70 112
70 118
70 124
70 149
70 182
70 184
70 187
70 193
70 217
70 222
70 226
70 227
70 229
70 241
70 250
70 259
70 262
70 264
71 97
71 106
71 122
71 123
71 138
71 145
71 156
71 169
71 178
71 188
71 189
71 199
71 205
71 211
71 213
71 217
71 221
71 222
71 225
71 236
71 251
71 261
71 266
71 269
71 283
71 293
72 110
72 112
72 113
72 124
72 126
72 127
72 129
72 138
72 140
72 147
72 159
72 168
72 185
72 210
72 223
72 230
72 232
72 236
72 240
72 243
72 249
72 259
72 283
73 108
73 141
73 143
73 151
73 154
73 165
73 172
73 201
73 212
73 221
73 253
73 264
73 287
74 76
74 95
74 109
74 121
74 126
74 136
74 159
74 169
74 193
74 201
74 207
74 231
74 242
74 244
74 248
74 274
74 276
74 281
74 293
74 299
75 76
75 83
75 88
75 98
75 104
75 139
75 142
75 145
75 154
75 193
75 196
75 200
75 222
75 246
75 267
75 286
76 85
76 87
76 88
76 102
76 110
76 128
76 133
76 204
76 230
76 231
76 235
76 238
76 246
76 274
76 281
77 81
77 83
77 87
77 94
77 111
77 118
77 127
77 133
77 134
77 135
77 156
77 172
77 209
77 215
77 222
77 242
77 245
77 268
77 272
77 281
77 292
78 79
78 84
78 86
78 93
78 98
78 108
78 123
78 128
78 130
78 133
78 145
78 154
78 176
78 179
78 186
78 187
78 189
78 194
78 197
78 222
78 234
78 238
78 257
78 283
78 284
78 286
78 296
79 84
79 94
79 96
79 124
79 144
79 147
79 158
79 159
79 174
79 178
79 211
79 212
79 216
79 223
79 235
79 268
79 279
79 288
79 297
80 89
80 92
80 95
80 101
80 106
80 113
80 131
80 133
80 183
80 203
80 215
80 218
80 221
80 225
80 233
80 238
80 240
80 246
80 250
80 268
80 269
80 290
81 90
81 92
81 117
81 132
81 144
81 179
81 220
81 223
81 237
81 251
81 261
81 268
81 292
82 87
82 94
82 117
82 125
82 128
82 138
82 140
82 163
82 166
82 176
82 184
82 214
82 224
82 236
82 242
82 245
82 257
82 258
82 272
82 293
83 93
83 112
83 113
83 115
83 120
83 126
83 127
83 136
83 158
83 171
83 176
83 185
83 189
83 200
83 228
83 238
83 246
83 250
83 251
83 262
83 265
83 291
83 298
84 127
84 128
84 132
84 136
84 150
84 151
84 168
84 205
84 207
84 208
84 212
84 235
84 250
84 254
84 291
84 292
85 90
85 101
85 104
85 109
85 116
85 128
85 194
85 200
85 214
85 220
85 230
85 237
85 238
85 256
85 277
85 288
85 289
86 112
86 114
86 115
86 122
86 125
86 154
86 155
86 162
86 170
86 180
86 194
86 224
86 228
86 260
86 262
86 265
86 287
87 89
87 103
87 116
87 119
87 129
87 136
87 157
87 165
87 192
87 196
87 234
87 250
87 277
87 296
88 100
88 101
88 110
88 111
88 122
88 139
88 144
88 162
88 163
88 170
88 173
88 174
88 184
88 188
88 189
88 190
88 200
88 209
88 274
88 288
88 296
88 298
89 93
89 112
89 117
89 126
89 155
89 170
89 176
89 196
89 212
89 228
89 246
89 249
89 264
89 270
89 271
89 273
89 282
90 98
90 103
90 119
90 121
90 124
90 128
90 131
90 133
90 139
90 146
90 148
90 158
90 172
90 183
90 196
90 205
90 214
90 222
90 250
90 263
90 266
90 271
90 286
91 98
91 106
91 122
91 144
91 161
91 188
91 210
91 224
91 230
91 252
91 254
91 255
91 273
91 275
91 282
91 294
92 103
92 115
92 117
92 164
92 209
92 221
92 227
92 256
92 262
92 279
92 283
92 293
93 99
93 100
93 116
93 126
93 145
93 151
93 157
93 181
93 196
93 212
93 218
93 234
93 275
93 294
94 103
94 124
94 125
94 131
94 156
94 163
94 166
94 178
94 198
94 216
94 236
94 271
95 106
95 111
95 125
95 143
95 145
95 168
95 178
95 196
95 234
95 242
95 245
95 249
95 251
95 268
95 271
95 278
95 279
95 287
96 113
96 120
96 140
96 141
96 149
96 158
96 163
96 170
96 189
96 198
96 213
96 221
96 225
96 243
96 255
96 262
96 269
96 285
96 298
97 114
97 118
97 127
97 129
97 135
97 141
97 156
97 165
97 170
97 211
97 219
97 240
97 248
97 265
97 267
97 274
98 100
98 109
98 136
98 148
98 156
98 157
98 167
98 171
98 188
98 193
98 196
98 199
98 218
98 230
98 231
98 236
98 249
98 259
98 261
98 274
98 275
98 283
99 100
99 115
99 120
99 128
99 132
99 153
99 155
99 176
99 179
99 184
99 190
99 215
99 216
99 220
99 234
99 248
99 263
99 265
99 278
99 285
99 288
99 296
99 299
100 105
100 127
100 138
100 158
100 164
100 167
100 168
100 189
100 203
100 206
100 215
100 253
100 261
100 280
101 112
101 121
101 126
101 139
101 142
101 147
101 164
101 193
101 195
101 215
101 218
101 219
101 224
101 241
101 251
101 258
101 261
101 267
101 275
101 294
101 297
102 106
102 108
102 121
102 130
102 140
102 170
102 176
102 178
102 184
102 190
102 206
102 209
102 226
102 247
102 256
102 267
102 281
102 282
102 288
102 295
103 110
103 116
103 137
103 152
103 160
103 177
103 190
103 196
103 200
103 202
103 218
103 271
103 283
103 288
104 122
104 137
104 145
104 151
104 154
104 179
104 181
104 189
104 191
104 201
104 231
104 234
104 236
104 243
104 247
104 251
104 258
104 267
104 286
104 296
105 106
105 111
105 112
105 117
105 118
105 132
105 133
105 142
105 147
105 165
105 169
105 176
105 189
105 197
105 209
105 242
105 254
105 264
105 266
105 269
105 278
105 284
105 285
105 287
105 291
105 293
105 298
106 119
106 122
106 160
106 173
106 183
106 189
106 192
106 198
106 220
106 224
106 225
106 242
106 248
106 251
106 299
107 115
107 128
107 139
107 143
107 149
107 153
107 162
107 196
107 201
107 204
107 211
107 214
107 223
107 234
107 236
107 243
107 259
107 268
107 284
107 298
108 111
108 121
108 144
108 151
108 173
108 177
108 181
108 188
108 209
108 214
108 224
108 230
108 233
108 234
108 242
108 248
108 257
108 272
108 291
109 139
109 150
109 176
109 185
109 210
109 216
109 217
109 243
109 255
109 263
109 266
109 267
109 276
109 277
109 278
110 111
110 126
110 131
110 146
110 156
110 163
110 191
110 192
110 200
110 209
110 227
110 230
110 235
111 121
111 132
111 146
111 183
111 184
111 188
111 191
111 196
111 198
111 213
111 249
111 253
111 270
111 273
111 275
111 277
111 291
112 135
112 146
112 157
112 186
112 193
112 194
112 196
112 201
112 205
112 218
112 224
112 232
112 237
112 257
112 259
112 265
112 268
112 270
112 275
112 278
112 284
112 288
112 296
112 298
112 299
113 132
113 134
113 138
113 153
113 176
113 188
113 191
113 204
113 220
113 224
113 225
113 252
113 257
113 268
113 269
113 276
113 285
113 299
114 126
114 132
114 137
114 138
114 148
114 151
114 160
114 171
114 190
114 191
114 192
114 208
114 211
114 220
114 225
114 232
114 239
114 270
114 280
115 126
115 141
115 149
115 166
115 180
115 187
115 193
115 194
115 222
115 229
115 252
115 256
115 262
116 117
116 119
116 127
116 146
116 148
116 149
116 155
116 178
116 184
116 187
116 196
116 198
116 199
116 210
116 220
116 222
116 225
116 227
116 245
116 288
117 124
117 142
117 160
117 188
117 191
117 192
117 193
117 211
117 213
117 218
117 219
117 225
117 232
117 258
117 263
117 267
117 271
117 282
117 298
118 169
118 171
118 176
118 178
118 182
118 191
118 197
118 204
118 215
118 217
118 247
118 267
118 298
119 129
119 152
119 163
119 173
119 192
119 198
119 205
119 216
119 217
119 218
119 226
119 229
119 243
119 256
119 284
119 287
120 123
120 131
120 141
120 142
120 152
120 181
120 201
120 206
120 207
120 212
120 228
120 254
120 266
120 283
120 296
121 128
121 161
121 181
121 210
121 213
121 219
121 256
121 267
121 270
121 271
121 287
122 126
122 149
122 151
122 161
122 172
122 189
122 192
122 201
122 204
122 213
122 218
122 224
122 234
122 236
122 254
122 265
122 289
123 128
123 167
123 176
123 180
123 198
123 201
123 219
123 223
123 226
123 228
123 243
123 244
123 263
123 268
123 299
124 143
124 145
124 148
124 192
124 214
124 229
124 244
124 247
124 262
124 279
125 138
125 145
125 146
125 160
125 168
125 189
125 190
125 195
125 216
125 235
125 247
125 264
125 266
125 267
125 271
125 289
125 298
126 129
126 134
126 135
126 137
126 161
126 166
126 172
126 194
126 205
126 217
126 223
126 225
126 237
126 273
126 281
126 287
126 291
126 294
127 128
127 175
127 181
127 187
127 191
127 193
127 200
127 209
127 211
127 220
127 226
127 231
127 239
127 243
127 250
127 262
127 264
127 278
128 138
128 139
128 143
128 146
128 152
128 155
128 172
128 181
128 184
128 197
128 243
128 252
128 261
128 263
128 286
128 287
128 288
129 134
129 142
129 153
129 161
129 166
129 176
129 182
129 225
129 227
129 241
129 248
129 254
129 255
129 259
129 272
129 282
129 290
129 293
130 139
130 163
130 183
130 198
130 202
130 206
130 214
130 215
130 220
130 232
130 245
130 250
130 272
130 280
130 283
131 139
131 141
131 178
131 185
131 186
131 197
131 216
131 221
131 223
131 228
131 229
131 235
131 270
131 285
131 287
131 295
131 299
132 152
132 160
132 167
132 188
132 196
132 202
132 211
132 216
132 222
132 227
132 228
132 230
132 237
132 238
132 239
132 251
132 283
133 137
133 138
133 143
133 145
133 147
133 153
133 164
133 165
133 175
133 188
133 192
133 200
133 213
133 233
133 234
133 242
133 244
133 260
133 263
133 265
134 153
134 172
134 177
134 189
134 230
134 260
134 264
134 265
134 288
134 294
135 140
135 148
135 160
135 165
135 171
135 173
135 174
135 197
135 204
135 206
135 227
135 231
135 248
135 252
135 263
135 265
135 266
135 286
135 291
135 292
136 146
136 176
136 183
136 192
136 199
136 209
136 235
136 237
136 239
136 241
136 286
137 141
137 146
137 190
137 196
137 206
137 209
137 222
137 233
137 249
137 254
137 257
137 273
137 282
137 290
137 296
138 141
138 145
138 158
138 163
138 171
138 181
138 182
138 187
138 195
138 204
138 207
138 222
138 223
138 237
138 241
138 247
138 265
138 293
138 296
139 140
139 153
139 158
139 159
139 161
139 203
139 227
139 230
139 235
139 240
139 248
139 250
139 251
139 255
139 279
139 292
140 154
140 181
140 220
140 229
140 241
140 268
140 269
140 280
140 284
140 296
141 179
141 207
141 232
141 254
141 257
141 259
141 280
141 290
141 297
142 211
142 235
142 244
142 249
142 260
142 274
142 275
143 153
143 165
143 174
143 186
143 207
143 208
143 209
143 233
143 240
143 248
143 266
143 274
143 279
143 280
143 292
143 295
144 148
144 157
144 158
144 170
144 174
144 184
144 187
144 190
144 200
144 221
144 222
144 226
144 271
144 296
145 147
145 162
145 169
145 188
145 194
145 210
145 215
145 216
145 218
145 236
145 247
145 248
145 255
145 257
145 283
145 285
145 286
145 289
146 150
146 156
146 162
146 199
146 207
146 210
146 216
146 217
146 230
146 248
146 260
146 264
146 279
147 159
147 170
147 172
147 194
147 215
147 220
147 221
147 222
147 271
147 286
148 154
148 164
148 168
148 172
148 174
148 176
148 178
148 193
148 210
148 212
148 214
148 215
148 235
148 238
148 241
148 245
148 249
148 253
148 266
148 268
148 271
148 274
148 275
148 279
148 297
149 150
149 168
149 174
149 177
149 185
149 189
149 192
149 212
149 216
149 238
149 264
149 274
149 278
149 279
149 298
150 156
150 186
150 191
150 200
150 201
150 203
150 204
150 241
150 242
150 248
150 261
150 271
150 273
150 278
150 281
150 282
150 285
150 290
151 174
151 234
151 238
151 239
151 249
151 256
151 264
151 278
152 158
152 173
152 179
152 198
152 199
152 221
152 248
152 258
152 277
152 278
152 280
152 285
152 290
152 295
153 157
153 160
153 184
153 192
153 194
153 221
153 232
153 237
153 252
153 254
153 267
153 295
154 162
154 175
154 178
154 215
154 228
154 229
154 247
154 273
154 290
155 156
155 183
155 189
155 202
155 206
155 215
155 219
155 230
155 247
155 248
155 254
155 258
155 261
155 264
155 265
155 288
155 290
156 163
156 168
156 169
156 197
156 201
156 238
156 240
156 247
156 251
156 267
156 270
156 274
156 277
156 283
157 182
157 201
157 210
157 220
157 222
157 223
157 226
157 230
157 233
157 247
157 265
157 276
157 283
157 284
157 292
157 295
158 159
158 180
158 184
158 222
158 229
158 236
158 255
158 256
158 265
158 266
158 267
158 280
159 181
159 197
159 224
159 242
159 251
159 256
159 273
159 274
159 282
160 161
160 175
160 194
160 196
160 209
160 248
160 252
160 263
160 267
160 270
161 168
161 183
161 186
161 193
161 201
161 203
161 212
161 215
161 216
161 231
161 247
161 272
161 276
162 174
162 179
162 180
162 181
162 185
162 194
162 196
162 206
162 209
162 222
162 246
162 256
162 258
162 264
162 265
162 277
162 289
162 291
163 168
163 171
163 225
163 228
163 251
163 259
163 285
164 165
164 169
164 177
164 178
164 212
164 234
164 238
164 244
164 253
164 262
164 272
164 274
164 281
164 296
165 166
165 177
165 180
165 183
165 188
165 192
165 195
165 210
165 211
165 219
165 226
165 237
165 247
165 254
165 279
165 289
165 291
166 169
166 204
166 211
166 233
166 238
166 258
166 259
166 271
166 280
166 284
167 196
167 198
167 213
167 235
167 240
167 243
167 264
167 266
167 267
167 269
167 280
167 292
168 174
168 182
168 194
168 198
168 208
168 212
168 237
168 241
168 248
168 249
168 256
168 259
168 262
168 266
168 270
168 280
168 296
169 180
169 186
169 187
169 192
169 211
169 219
169 227
169 241
169 251
169 256
169 286
169 291
170 191
170 208
170 227
170 230
170 234
170 245
170 247
170 270
170 276
170 278
171 172
171 178
171 180
171 182
171 209
171 223
171 227
171 232
171 263
171 264
171 275
172 176
172 177
172 192
172 216
172 225
172 236
172 237
172 242
172 255
172 256
173 181
173 190
173 193
173 212
173 215
173 241
173 245
173 250
173 262
173 266
173 275
173 291
174 187
174 196
174 198
174 203
174 212
174 237
174 251
174 261
174 269
174 271
174 285
174 297
175 178
175 194
175 218
175 223
175 242
175 244
175 258
175 260
175 283
176 185
176 188
176 201
176 206
176 253
176 256
176 262
176 266
176 277
176 284
176 293
177 182
177 197
177 202
177 262
177 266
177 273
177 274
177 297
178 180
178 218
178 220
178 242
178 253
178 280
178 283
179 191
179 196
179 211
179 226
179 246
179 247
179 254
179 265
179 293
179 297
180 188
180 189
180 193
180 200
180 201
180 213
180 240
180 266
180 289
180 299
181 221
181 229
181 231
181 262
181 267
181 276
181 287
181 294
182 197
182 199
182 205
182 207
182 214
182 215
182 236
182 238
182 247
182 251
182 267
182 269
182 272
182 293
182 295
183 185
183 186
183 192
183 195
183 196
183 197
183 215
183 218
183 229
183 259
183 272
184 195
184 199
184 206
184 216
184 221
184 239
184 244
184 273
184 278
184 279
184 280
185 186
185 243
185 244
185 270
185 280
185 283
185 287
185 290
185 295
186 199
186 219
186 221
186 264
186 283
186 286
186 293
186 299
187 205
187 209
187 214
187 235
187 263
187 267
187 298
188 192
188 211
188 224
188 230
188 248
188 253
188 260
188 262
188 265
188 266
188 289
188 296
189 195
189 207
189 220
189 223
189 259
189 278
189 284
189 292
189 295
190 199
190 200
190 209
190 211
190 228
190 229
190 242
190 247
190 257
190 258
190 279
190 285
190 299
191 200
191 201
191 227
191 228
191 243
191 257
191 262
191 264
191 265
191 287
192 209
192 212
192 225
192 232
192 234
192 237
192 238
192 243
192 256
192 259
192 261
192 269
192 270
192 274
192 280
193 201
193 202
193 227
193 231
193 239
193 258
193 278
193 280
194 202
194 207
194 210
194 220
194 231
194 242
194 259
194 260
194 263
194 267
194 271
194 276
194 280
194 285
195 208
195 217
195 222
195 224
195 234
195 239
195 254
195 256
195 257
195 278
195 283
195 288
195 293
196 201
196 230
196 232
196 239
196 260
196 267
196 268
196 274
197 201
197 209
197 221
197 222
197 226
197 232
197 242
197 249
197 252
197 266
197 280
197 282
197 289
197 297
197 299
198 206
198 221
198 227
198 231
198 234
198 242
198 261
198 281
199 205
199 238
199 239
199 270
199 276
200 204
200 217
200 221
200 235
200 245
200 272
200 289
200 297
201 204
201 232
201 250
201 269
201 271
201 274
201 289
202 205
202 215
202 230
202 234
202 254
202 255
202 260
202 271
202 293
202 297
203 213
203 214
203 221
203 237
203 238
203 251
203 261
203 266
203 272
204 218
204 224
204 277
204 279
204 283
204 286
204 290
204 291
204 293
204 294
205 206
205 214
205 216
205 218
205 255
205 256
205 268
205 284
205 296
206 207
206 210
206 218
206 228
206 232
206 248
206 269
206 271
207 217
207 219
207 222
207 226
207 229
207 244
207 252
207 261
207 265
207 267
207 294
208 209
208 215
208 243
208 260
208 269
208 282
209 210
209 228
209 230
209 244
209 261
209 264
209 287
209 293
210 225
210 245
211 213
211 226
211 242
211 283
211 287
211 288
211 294
211 299
212 223
212 233
212 261
212 267
212 280
212 285
212 287
213 216
213 245
213 246
213 249
213 252
213 266
213 271
213 274
213 284
213 287
214 215
214 219
214 220
214 258
214 263
214 273
214 275
214 282
214 284
214 293
215 222
215 226
215 232
215 240
215 242
215 247
215 280
216 222
216 229
216 238
216 248
216 264
216 268
216 277
216 295
216 296
217 224
217 232
217 239
217 270
217 283
217 294
218 220
218 243
218 252
218 267
218 294
218 295
219 221
219 223
219 227
219 228
219 231
219 245
219 246
219 257
219 289
219 298
220 232
220 244
220 256
220 263
220 267
220 270
220 288
221 234
221 257
221 265
221 290
221 294
221 296
222 227
222 238
222 262
222 279
223 238
223 240
223 271
223 288
224 252
224 266
224 267
224 285
225 230
225 231
225 263
225 291
225 294
226 231
226 233
226 251
226 254
226 273
226 284
227 236
227 248
227 279
227 282
227 294
228 230
228 239
228 274
228 284
228 288
229 244
229 258
229 267
229 280
230 243
230 295
231 241
231 247
231 257
231 290
232 250
232 262
232 270
232 276
232 297
233 245
233 254
233 263
233 277
233 286
233 299
234 240
234 249
234 250
234 254
234 257
234 261
234 285
235 236
235 241
235 256
235 259
235 297
236 254
236 257
236 275
236 278
237 260
237 270
237 278
237 298
238 245
238 282
239 240
239 261
239 263
239 281
239 287
239 290
240 252
240 255
240 259
240 266
240 279
241 262
241 266
241 272
241 276
241 280
241 287
242 250
242 253
242 261
242 276
243 264
243 279
243 288
243 297
244 245
244 258
244 267
244 278
244 283
244 296
245 250
245 253
245 284
246 248
246 256
246 264
246 265
246 267
246 284
247 249
247 275
247 286
247 289
247 295
248 258
248 259
248 283
248 295
249 251
249 257
249 260
249 267
249 279
249 289
249 291
249 292
249 293
249 296
250 258
250 271
250 274
250 277
251 277
251 278
252 257
252 264
252 265
252 273
252 290
252 294
253 256
254 261
254 265
254 268
254 275
254 278
254 279
254 283
254 293
254 294
254 298
255 280
256 264
256 270
256 286
256 288
256 298
256 299
257 260
257 288
257 296
257 297
259 270
259 275
259 284
260 261
260 273
260 277
260 279
260 285
261 266
261 272
261 277
262 267
262 281
262 292
262 293
263 280
263 292
264 266
264 267
264 272
265 266
265 272
265 274
265 294
266 279
266 286
266 287
267 269
268 271
268 273
268 274
268 278
268 282
269 280
270 298
271 282
272 274
272 283
272 293
272 297
273 277
273 281
274 279
274 297
274 299
275 276
275 278
275 283
275 290
275 298
276 283
277 283
277 295
278 279
278 285
279 293
279 296
280 281
281 287
281 293
282 285
282 286
282 292
283 284
283 289
283 291
283 299
284 286
285 293
286 293
287 289
287 290
287 291
287 296
288 289
288 290
288 293
289 291
289 295
289 297
290 294
290 298
291 296
291 299
292 295
292 296
293 296
293 297
293 298
295 296
295 297
297 299
