200 1803 0.5
0 2
0 21
0 30
0 32
0 35
0 52
0 64
0 66
0 74
0 75
0 121
0 134
0 138
0 146
0 153
0 155
0 169
0 181
0 192
0 199
1 3
1 25
1 30
1 34
1 59
1 63
1 78
1 80
1 88
1 110
1 111
1 131
1 143
1 149
1 153
1 155
1 158
1 192
1 198
2 7
2 14
2 18
2 39
2 69
2 74
2 76
2 79
2 90
2 97
2 98
2 104
2 130
2 170
2 195
3 12
3 35
3 39
3 42
3 59
3 89
3 113
3 124
3 147
3 153
3 161
3 162
3 175
3 176
4 19
4 37
4 55
4 72
4 73
4 81
4 98
4 105
4 132
4 166
4 179
4 181
5 9
5 15
5 21
5 39
5 45
5 51
5 75
5 122
5 127
5 152
5 162
5 174
5 186
5 193
6 16
6 26
6 51
6 68
6 78
6 88
6 94
6 116
6 131
6 137
6 139
6 155
6 164
6 169
6 179
6 197
7 10
7 15
7 20
7 22
7 27
7 28
7 35
7 39
7 54
7 77
7 88
7 90
7 99
7 100
7 101
7 122
7 142
7 146
7 153
7 169
7 172
7 184
7 185
8 14
8 43
8 47
8 51
8 59
8 69
8 78
8 92
8 135
8 138
8 142
8 157
8 170
8 173
9 12
9 31
9 43
9 49
9 54
9 59
9 65
9 75
9 88
9 93
9 106
9 109
9 114
9 131
9 134
9 145
9 151
9 152
9 176
9 178
9 199
10 18
10 20
10 22
10 44
10 47
10 48
10 61
10 70
10 75
10 95
10 104
10 107
10 110
10 142
10 156
10 168
10 194
10 197
11 15
11 21
11 24
11 26
11 27
11 39
11 43
11 69
11 73
11 75
11 80
11 82
11 95
11 103
11 108
11 124
11 144
11 155
11 175
11 183
11 185
12 21
12 28
12 29
12 33
12 45
12 48
12 74
12 86
12 98
12 109
12 111
12 116
12 117
12 168
12 170
12 189
13 32
13 33
13 38
13 55
13 78
13 97
13 106
13 109
13 112
13 118
13 143
13 146
14 54
14 75
14 76
14 82
14 86
14 88
14 91
14 97
14 107
14 127
14 141
14 145
14 146
14 167
14 179
14 189
15 40
15 42
15 47
15 54
15 57
15 67
15 88
15 92
15 97
15 120
15 176
15 183
15 185
15 193
15 197
15 198
16 57
16 60
16 100
16 111
16 116
16 124
16 127
16 156
16 163
16 170
16 182
16 183
16 188
17 32
17 34
17 42
17 51
17 52
17 55
17 56
17 57
17 58
17 63
17 71
17 83
17 87
17 93
17 109
17 110
17 129
17 148
17 152
17 156
17 158
17 165
17 178
18 35
18 44
18 56
18 63
18 64
18 120
18 144
18 146
18 150
18 153
18 165
18 182
18 188
18 199
19 28
19 31
19 46
19 53
19 58
19 90
19 91
19 96
19 102
19 109
19 113
19 119
19 124
19 150
19 153
19 174
19 182
19 185
19 196
19 199
20 27
20 48
20 56
20 58
20 64
20 72
20 75
20 115
20 118
20 126
20 144
20 159
20 161
20 164
20 166
20 171
20 172
20 178
20 180
20 185
21 67
21 69
21 74
21 81
21 88
21 91
21 98
21 114
21 125
21 127
21 130
21 137
21 140
21 179
21 180
22 30
22 33
22 42
22 46
22 50
22 72
22 77
22 101
22 105
22 114
22 115
22 119
22 122
22 125
22 143
22 150
22 156
22 160
22 175
22 181
22 190
22 198
23 27
23 41
23 45
23 52
23 58
23 63
23 84
23 88
23 163
23 169
23 176
23 180
23 199
24 39
24 54
24 70
24 87
24 95
24 112
24 126
24 131
24 135
24 149
24 150
24 155
24 158
24 163
24 174
24 192
25 33
25 40
25 56
25 61
25 72
25 105
25 122
25 123
25 131
25 135
25 142
25 160
26 57
26 70
26 75
26 98
26 100
26 150
26 166
26 188
26 191
26 194
27 33
27 35
27 38
27 65
27 66
27 67
27 70
27 79
27 100
27 117
27 123
27 138
27 146
27 150
27 155
27 175
28 31
28 41
28 50
28 63
28 107
28 112
28 116
28 119
28 129
28 162
28 173
28 196
28 198
29 36
29 49
29 54
29 63
29 78
29 122
29 124
29 143
29 145
29 147
29 151
29 156
29 170
29 171
29 177
29 182
30 46
30 53
30 54
30 66
30 70
30 72
30 91
30 96
30 115
30 116
30 122
30 137
30 185
30 190
31 32
31 37
31 46
31 58
31 74
31 104
31 121
31 140
31 146
31 156
31 171
31 175
31 177
31 186
32 36
32 39
32 43
32 45
32 51
32 55
32 58
32 67
32 75
32 76
32 86
32 97
32 100
32 101
32 102
32 108
32 112
32 114
32 130
32 132
32 143
32 147
32 154
32 156
32 159
32 160
32 164
32 176
32 177
32 189
32 197
33 40
33 41
33 55
33 62
33 84
33 85
33 103
33 112
33 127
33 133
33 181
33 190
34 42
34 55
34 57
34 63
34 65
34 71
34 74
34 84
34 90
34 108
34 117
34 123
34 157
34 177
34 178
34 194
34 196
35 42
35 50
35 72
35 97
35 100
35 101
35 109
35 114
35 126
35 184
35 194
36 49
36 56
36 65
36 86
36 95
36 101
36 106
36 108
36 120
36 130
36 133
36 136
36 148
36 165
36 170
36 174
36 178
36 186
36 189
36 194
37 42
37 47
37 53
37 58
37 70
37 104
37 131
37 138
37 139
37 162
38 51
38 58
38 62
38 82
38 108
38 118
38 121
38 155
38 181
38 184
38 189
38 195
39 44
39 54
39 57
39 59
39 68
39 75
39 116
39 138
39 142
39 162
39 167
39 174
39 188
40 44
40 59
40 63
40 68
40 87
40 111
40 119
40 120
40 137
40 153
40 158
40 174
40 190
40 193
41 54
41 62
41 65
41 79
41 82
41 117
41 121
41 129
41 139
41 146
41 160
41 169
41 179
42 44
42 51
42 56
42 70
42 86
42 89
42 115
42 133
42 145
42 148
42 149
42 156
42 159
42 174
42 190
43 49
43 62
43 64
43 71
43 76
43 81
43 87
43 89
43 106
43 107
43 110
43 113
43 130
43 154
43 171
43 193
44 46
44 52
44 53
44 56
44 59
44 63
44 76
44 96
44 103
44 110
44 125
44 138
44 144
44 145
44 164
44 177
44 180
44 193
45 52
45 54
45 73
45 78
45 105
45 125
45 129
45 141
45 147
45 149
45 168
45 171
45 178
45 180
45 189
46 63
46 80
46 81
46 85
46 93
46 113
46 122
46 125
46 133
46 155
46 165
46 170
46 179
46 185
47 78
47 80
47 81
47 82
47 92
47 93
47 101
47 112
47 137
47 162
47 167
47 172
47 185
48 79
48 82
48 106
48 115
48 121
48 130
48 136
48 138
48 154
48 161
48 168
48 189
49 60
49 62
49 68
49 85
49 103
49 110
49 118
49 144
49 149
49 155
49 156
49 158
49 165
49 167
49 171
49 176
49 177
50 56
50 68
50 69
50 78
50 93
50 100
50 118
50 154
50 159
50 176
50 178
50 182
50 185
50 192
51 63
51 65
51 68
51 70
51 78
51 106
51 107
51 118
51 125
51 126
51 172
51 197
52 59
52 62
52 74
52 83
52 103
52 126
52 129
52 132
52 148
52 151
52 173
52 175
52 176
52 179
52 181
52 188
53 56
53 82
53 83
53 91
53 98
53 99
53 101
53 111
53 114
53 117
53 120
53 131
53 136
53 141
53 145
53 151
53 153
53 158
53 176
53 190
54 71
54 95
54 122
54 125
54 134
54 144
54 149
54 151
54 156
54 172
54 177
54 183
54 192
54 196
55 62
55 63
55 75
55 79
55 93
55 99
55 106
55 117
55 125
55 150
55 157
55 168
55 173
55 174
55 193
56 64
56 77
56 85
56 93
56 109
56 110
56 123
56 127
56 129
56 142
56 165
56 181
56 190
56 198
57 66
57 69
57 108
57 140
57 144
57 162
57 167
57 174
57 192
57 194
57 195
57 197
58 63
58 82
58 89
58 100
58 120
58 127
58 169
58 177
58 188
58 193
58 195
59 64
59 98
59 115
59 134
59 140
59 148
59 160
59 162
59 169
59 179
59 183
59 186
59 187
59 199
60 63
60 71
60 96
60 102
60 104
60 105
60 109
60 112
60 127
60 133
60 134
60 135
60 141
60 157
60 169
60 172
60 195
61 69
61 75
61 88
61 102
61 112
61 121
61 129
61 130
61 133
61 139
61 144
61 150
61 152
61 154
61 166
61 172
61 177
61 189
61 195
62 85
62 153
62 182
63 65
63 68
63 94
63 100
63 131
63 144
63 146
63 160
63 170
63 176
64 101
64 118
64 132
64 135
64 151
64 157
64 174
64 177
64 183
64 184
64 191
64 199
65 97
65 130
65 148
65 153
65 160
65 165
65 173
65 177
65 187
65 195
66 79
66 81
66 83
66 93
66 95
66 120
66 123
66 149
66 162
66 172
66 188
66 191
66 192
66 199
67 76
67 89
67 94
67 104
67 112
67 125
67 154
67 183
68 103
68 105
68 108
68 119
68 123
68 159
68 167
68 171
68 179
68 182
68 186
69 74
69 77
69 98
69 108
69 115
69 122
69 124
69 140
69 151
69 152
69 155
69 159
69 170
69 177
69 186
69 191
70 80
70 103
70 104
70 131
70 170
70 176
70 186
71 89
71 100
71 108
71 120
71 138
71 151
71 153
71 158
71 167
71 172
72 80
72 100
72 103
72 106
72 119
72 123
72 137
72 146
72 150
72 158
72 177
72 184
72 186
72 194
73 80
73 89
73 109
73 121
73 128
73 159
73 163
73 177
73 179
74 96
74 121
74 123
74 126
74 133
74 157
74 181
74 198
74 199
75 81
75 82
75 95
75 97
75 116
75 118
75 125
75 132
75 141
75 181
75 187
75 199
76 78
76 103
76 114
76 125
76 128
76 145
76 153
76 157
76 158
76 181
76 194
76 195
77 81
77 112
77 119
77 123
77 135
77 147
77 168
77 181
77 186
78 84
78 105
78 110
78 124
78 168
78 199
79 113
79 125
79 126
79 142
79 146
79 148
79 156
79 174
79 192
79 193
80 97
80 100
80 127
80 140
80 145
80 154
80 178
80 179
80 183
81 86
81 91
81 109
81 111
81 144
81 183
82 87
82 95
82 97
82 108
82 122
82 126
82 168
82 169
82 170
82 178
82 179
82 184
82 187
83 95
83 96
83 112
83 119
83 124
83 138
83 151
83 154
83 156
83 158
83 159
84 103
84 104
84 108
84 111
84 131
84 140
84 144
84 176
84 177
84 180
84 191
85 88
85 92
85 97
85 104
85 111
85 112
85 114
85 131
85 138
85 144
85 157
85 160
85 188
85 192
86 89
86 106
86 108
86 117
86 120
86 121
86 135
86 142
86 147
86 157
86 159
86 170
86 176
86 180
86 197
87 105
87 114
87 117
87 131
87 176
87 192
88 93
88 110
88 126
88 129
88 144
88 163
89 92
89 103
89 104
89 112
89 114
89 137
89 139
89 156
89 178
89 187
89 193
89 194
90 95
90 101
90 110
90 116
90 119
90 136
90 160
90 177
90 179
90 195
90 196
91 109
91 114
91 133
91 148
91 150
91 152
91 161
91 162
91 179
91 181
91 195
92 98
92 102
92 106
92 124
92 126
92 135
92 138
92 143
92 159
92 168
92 171
92 185
92 189
92 194
93 96
93 108
93 114
93 126
93 133
93 155
93 160
93 164
93 193
93 196
93 199
94 97
94 100
94 104
94 115
94 120
94 132
94 153
94 156
94 176
94 179
94 198
95 97
95 118
95 138
95 139
95 141
95 152
95 168
95 172
95 181
95 195
96 126
96 139
96 146
96 187
96 194
97 101
97 102
97 109
97 112
97 145
97 150
97 156
97 159
97 169
97 193
98 104
98 110
98 117
98 143
98 157
98 166
98 181
98 185
98 186
98 191
98 196
99 100
99 115
99 119
99 124
99 132
99 133
99 150
100 106
100 119
100 121
100 124
100 127
100 141
100 148
100 173
100 177
100 181
100 188
100 194
101 134
101 135
101 151
101 153
101 181
102 109
102 123
102 126
102 132
102 133
102 159
102 173
102 177
102 180
103 104
103 114
103 121
103 122
103 144
103 154
103 175
103 180
103 185
103 186
103 195
104 108
104 116
104 123
104 136
104 142
104 148
104 154
104 176
104 195
105 113
105 123
105 136
105 148
105 159
105 161
106 116
106 132
106 134
106 140
106 147
106 148
106 175
106 177
106 181
106 196
107 122
107 127
107 147
107 155
107 158
107 166
107 171
107 187
107 195
107 197
108 126
108 133
108 156
108 175
109 112
109 126
109 143
109 146
109 159
109 165
109 187
109 199
110 124
110 128
110 131
110 139
110 144
110 155
110 161
110 169
110 193
111 115
111 128
111 133
111 136
111 152
111 154
111 158
111 167
111 176
111 182
112 125
112 142
112 149
112 164
112 169
112 170
112 173
112 181
112 184
112 186
113 115
113 123
113 128
113 142
113 185
113 189
113 195
114 134
114 147
114 152
114 173
114 185
114 196
115 137
115 144
115 153
115 180
115 196
116 125
116 155
116 164
116 178
116 183
116 192
116 194
117 122
117 129
117 141
117 147
117 156
117 158
117 194
118 120
118 153
118 156
118 177
118 183
118 198
119 124
119 137
119 145
119 149
119 161
119 162
119 172
119 179
119 189
120 122
120 128
120 141
120 146
120 163
120 169
120 171
120 193
121 129
121 130
121 135
121 136
121 159
121 173
121 177
121 196
122 126
122 152
122 159
122 167
122 181
122 186
123 127
123 128
123 140
123 166
123 167
123 179
124 127
124 134
124 142
124 144
124 161
124 177
124 197
125 142
125 166
126 161
126 185
126 186
126 190
126 193
126 196
126 197
127 138
127 141
127 163
127 164
127 168
127 181
127 183
127 190
128 129
128 134
128 136
128 138
128 150
128 153
128 170
128 177
128 179
128 195
129 153
129 162
130 168
130 194
130 199
131 141
131 146
131 150
131 153
131 168
131 182
131 184
131 196
132 138
132 141
132 142
132 154
132 167
132 174
132 182
132 190
133 156
133 189
134 140
134 148
134 149
134 155
134 157
134 162
134 164
134 180
134 187
135 144
135 176
135 184
135 186
135 192
136 144
136 179
136 185
136 193
136 198
137 138
137 149
137 158
137 165
137 166
137 176
137 189
137 192
137 199
138 140
138 159
139 154
139 159
139 166
139 184
139 187
139 195
140 141
140 143
140 149
140 155
140 158
140 159
140 176
140 181
140 191
141 146
141 148
141 150
141 164
141 165
141 172
141 175
141 179
141 182
141 188
141 193
142 159
142 163
142 182
143 149
143 154
143 157
143 161
143 162
143 166
143 183
143 188
144 149
144 166
144 175
144 188
144 191
145 149
145 158
145 167
145 197
146 155
146 176
146 185
146 188
147 150
147 160
147 189
147 190
147 192
148 150
149 156
149 170
149 177
149 181
149 185
149 188
149 189
149 193
150 171
150 179
150 189
151 178
151 179
151 187
151 193
152 163
152 195
153 166
153 170
153 171
153 174
153 188
153 194
153 199
154 164
154 175
154 199
155 165
155 169
155 170
155 171
155 182
155 195
155 196
155 197
156 179
156 193
156 195
156 197
157 180
157 199
158 181
159 163
159 172
159 173
160 170
160 197
161 164
161 183
161 185
162 173
162 179
162 184
162 186
162 194
163 177
163 178
164 170
165 171
165 173
165 179
165 189
165 191
165 195
166 167
166 171
166 182
166 188
166 191
166 199
167 170
167 180
167 184
167 199
168 183
168 187
169 172
169 184
169 192
171 176
171 181
171 189
172 175
172 178
172 194
172 197
173 175
173 184
173 187
174 176
174 178
174 195
175 192
176 179
176 188
177 199
178 182
178 189
179 186
179 189
179 193
180 192
180 198
181 188
181 191
181 195
183 189
184 190
185 193
187 197
187 199
188 189
188 190
189 193
192 196
192 199
195 198
