500 6179 0.2
0 46
0 61
0 79
0 82
0 90
0 113
0 169
0 178
0 206
0 248
0 284
0 293
0 307
0 327
0 333
0 337
0 409
0 437
0 450
0 453
0 456
0 481
1 37
1 77
1 87
1 88
1 122
1 123
1 294
1 311
1 314
1 318
1 343
1 348
1 369
1 381
1 392
1 425
1 442
1 462
1 473
1 475
1 477
1 482
1 494
2 12
2 43
2 48
2 58
2 64
2 105
2 131
2 137
2 157
2 187
2 220
2 224
2 244
2 249
2 251
2 252
2 260
2 309
2 330
2 342
2 389
2 395
2 404
2 409
2 433
2 454
3 9
3 12
3 20
3 34
3 50
3 57
3 65
3 87
3 96
3 99
3 108
3 124
3 216
3 221
3 230
3 238
3 246
3 269
3 314
3 316
3 319
3 332
3 333
3 336
3 342
3 366
3 371
3 388
3 395
3 432
3 442
3 457
3 498
4 31
4 33
4 41
4 52
4 60
4 74
4 103
4 104
4 201
4 243
4 248
4 333
4 342
4 360
4 367
4 370
4 381
4 385
4 405
4 417
4 467
4 493
4 494
4 496
5 52
5 57
5 58
5 64
5 66
5 168
5 173
5 183
5 222
5 244
5 265
5 268
5 280
5 322
5 386
5 416
5 420
5 422
5 467
5 476
5 497
5 498
6 16
6 51
6 54
6 56
6 66
6 80
6 96
6 147
6 153
6 158
6 188
6 195
6 201
6 242
6 362
6 380
6 391
6 417
6 444
6 483
6 489
7 13
7 37
7 38
7 102
7 149
7 151
7 153
7 160
7 169
7 172
7 176
7 182
7 185
7 201
7 208
7 228
7 280
7 286
7 298
7 310
7 328
7 344
7 347
7 371
7 380
7 393
7 440
7 443
7 446
8 9
8 17
8 45
8 48
8 52
8 55
8 87
8 88
8 161
8 172
8 174
8 201
8 209
8 225
8 279
8 325
8 340
8 356
8 380
8 430
8 457
8 480
9 55
9 56
9 87
9 167
9 206
9 215
9 221
9 233
9 234
9 250
9 252
9 279
9 317
9 347
9 370
9 374
9 383
9 398
9 401
9 410
9 427
9 435
9 445
9 458
9 467
9 477
9 497
9 499
10 11
10 27
10 31
10 43
10 48
10 67
10 69
10 79
10 84
10 100
10 107
10 115
10 123
10 142
10 143
10 174
10 187
10 208
10 241
10 242
10 273
10 275
10 292
10 300
10 302
10 326
10 362
10 423
10 436
10 450
10 475
11 28
11 38
11 40
11 57
11 58
11 60
11 61
11 85
11 89
11 121
11 128
11 131
11 143
11 147
11 205
11 208
11 236
11 250
11 275
11 306
11 307
11 310
11 364
11 382
11 400
11 410
11 445
11 450
11 453
11 462
11 468
11 471
11 476
12 20
12 25
12 34
12 35
12 80
12 89
12 92
12 120
12 138
12 141
12 186
12 200
12 207
12 241
12 243
12 265
12 305
12 314
12 340
12 382
12 408
12 422
12 437
12 440
12 470
12 471
13 30
13 36
13 43
13 80
13 117
13 132
13 143
13 149
13 155
13 200
13 207
13 212
13 218
13 224
13 231
13 240
13 263
13 268
13 278
13 282
13 308
13 315
13 320
13 331
13 356
13 365
13 378
13 406
13 416
13 436
13 498
14 34
14 42
14 71
14 102
14 126
14 146
14 148
14 160
14 185
14 211
14 254
14 284
14 293
14 300
14 366
14 367
14 379
14 383
14 450
14 453
14 458
14 467
14 470
15 25
15 54
15 60
15 77
15 90
15 119
15 123
15 178
15 240
15 290
15 317
15 337
15 340
15 353
15 358
15 367
15 405
15 414
15 479
16 35
16 60
16 62
16 64
16 87
16 98
16 147
16 160
16 211
16 214
16 225
16 277
16 295
16 346
16 374
16 378
16 418
16 431
16 445
16 447
17 34
17 121
17 127
17 143
17 158
17 199
17 218
17 237
17 247
17 256
17 294
17 299
17 316
17 323
17 332
17 362
17 421
17 433
17 478
17 494
18 33
18 39
18 40
18 57
18 60
18 61
18 127
18 139
18 201
18 225
18 242
18 254
18 271
18 283
18 351
18 379
18 424
18 454
19 37
19 38
19 45
19 64
19 132
19 168
19 205
19 211
19 249
19 251
19 303
19 312
19 335
19 352
19 460
19 469
19 483
19 488
19 493
20 25
20 62
20 65
20 68
20 90
20 95
20 101
20 127
20 147
20 153
20 195
20 207
20 229
20 237
20 251
20 258
20 276
20 292
20 294
20 317
20 344
20 377
20 400
20 412
20 434
20 439
20 440
21 24
21 35
21 59
21 81
21 96
21 105
21 108
21 119
21 142
21 151
21 169
21 230
21 261
21 284
21 313
21 318
21 319
21 338
21 351
21 362
21 378
21 411
21 412
21 422
21 486
22 43
22 78
22 103
22 119
22 120
22 125
22 157
22 176
22 198
22 212
22 214
22 224
22 256
22 286
22 334
22 349
22 366
22 445
23 44
23 51
23 52
23 72
23 74
23 77
23 79
23 99
23 128
23 131
23 144
23 146
23 148
23 170
23 178
23 189
23 211
23 215
23 228
23 253
23 260
23 326
23 329
23 353
23 390
23 391
23 424
23 440
23 479
23 480
24 32
24 36
24 47
24 65
24 105
24 133
24 168
24 180
24 183
24 185
24 199
24 222
24 255
24 273
24 288
24 292
24 315
24 333
24 362
24 401
24 412
24 418
24 433
25 44
25 53
25 67
25 84
25 156
25 157
25 163
25 171
25 172
25 192
25 196
25 216
25 246
25 249
25 263
25 284
25 289
25 296
25 377
25 380
25 384
25 412
25 415
25 418
25 422
25 480
25 498
26 33
26 50
26 52
26 64
26 86
26 87
26 112
26 116
26 149
26 183
26 192
26 195
26 211
26 229
26 240
26 280
26 286
26 342
26 363
26 379
26 408
26 420
26 421
26 443
26 457
27 65
27 79
27 98
27 153
27 190
27 238
27 256
27 270
27 275
27 322
27 341
27 355
27 390
27 423
27 442
27 467
27 482
27 485
28 29
28 75
28 116
28 189
28 208
28 219
28 228
28 238
28 286
28 291
28 302
28 308
28 309
28 333
28 338
28 344
28 354
28 362
28 369
28 433
28 438
28 441
28 454
28 483
28 484
28 492
28 495
29 65
29 71
29 76
29 81
29 106
29 117
29 133
29 166
29 180
29 182
29 202
29 224
29 230
29 252
29 270
29 287
29 323
29 387
29 390
29 391
29 418
29 431
29 444
29 459
29 479
30 80
30 89
30 111
30 134
30 182
30 185
30 204
30 213
30 218
30 252
30 270
30 287
30 305
30 336
30 346
30 364
30 366
30 372
30 373
30 380
30 387
30 428
30 448
30 477
30 485
30 498
31 40
31 51
31 54
31 63
31 64
31 80
31 110
31 112
31 152
31 160
31 166
31 171
31 187
31 261
31 265
31 295
31 296
31 306
31 313
31 350
31 371
31 388
31 393
31 433
31 499
32 45
32 62
32 69
32 98
32 143
32 180
32 290
32 326
32 365
32 373
32 395
32 401
32 434
32 472
32 483
32 486
32 493
32 498
33 35
33 53
33 70
33 95
33 115
33 181
33 182
33 185
33 192
33 193
33 194
33 197
33 207
33 264
33 294
33 325
33 367
33 388
33 418
33 447
33 458
33 483
34 43
34 52
34 57
34 86
34 104
34 111
34 140
34 170
34 177
34 185
34 201
34 231
34 271
34 272
34 308
34 320
34 322
34 382
34 416
35 78
35 96
35 99
35 106
35 112
35 121
35 140
35 149
35 150
35 205
35 269
35 279
35 303
35 326
35 327
35 330
35 334
35 413
35 419
35 425
35 452
35 456
35 487
35 488
35 492
36 46
36 57
36 80
36 104
36 106
36 117
36 160
36 162
36 168
36 189
36 198
36 213
36 225
36 243
36 252
36 258
36 314
36 342
36 346
36 358
36 393
36 457
36 464
36 468
36 495
37 47
37 101
37 103
37 112
37 125
37 127
37 132
37 146
37 185
37 198
37 205
37 217
37 233
37 238
37 301
37 304
37 327
37 332
37 336
37 353
37 379
37 386
37 405
37 454
37 462
37 491
38 103
38 104
38 120
38 143
38 153
38 160
38 168
38 193
38 207
38 238
38 272
38 304
38 305
38 424
38 438
38 482
38 486
38 490
38 496
39 46
39 66
39 68
39 81
39 94
39 101
39 144
39 147
39 177
39 184
39 206
39 213
39 216
39 235
39 303
39 339
39 355
39 367
39 369
39 375
39 394
39 400
39 423
39 438
39 439
39 496
40 50
40 68
40 70
40 87
40 138
40 192
40 199
40 219
40 224
40 229
40 262
40 291
40 367
40 389
40 422
40 449
40 470
40 474
40 476
40 481
40 488
40 493
41 55
41 64
41 87
41 91
41 100
41 101
41 120
41 121
41 143
41 179
41 229
41 240
41 241
41 244
41 251
41 259
41 267
41 271
41 291
41 294
41 319
41 359
41 379
41 381
41 393
41 398
41 405
41 408
41 428
41 434
41 439
41 447
41 448
41 451
41 462
41 474
42 49
42 62
42 87
42 90
42 91
42 104
42 111
42 117
42 127
42 151
42 155
42 176
42 186
42 211
42 237
42 242
42 255
42 282
42 288
42 297
42 302
42 315
42 317
42 318
42 349
42 405
42 416
42 445
42 450
42 475
43 57
43 61
43 71
43 99
43 113
43 123
43 153
43 162
43 172
43 182
43 184
43 237
43 259
43 335
43 351
43 389
43 420
43 423
43 497
44 87
44 88
44 120
44 121
44 151
44 165
44 171
44 194
44 198
44 203
44 220
44 238
44 292
44 331
44 351
44 387
44 400
44 420
44 435
44 471
44 478
45 59
45 131
45 134
45 148
45 177
45 219
45 224
45 282
45 285
45 316
45 405
45 413
45 415
45 422
45 428
45 437
45 444
45 460
45 491
46 64
46 73
46 116
46 123
46 127
46 148
46 181
46 192
46 208
46 212
46 232
46 233
46 248
46 268
46 280
46 286
46 290
46 321
46 334
46 341
46 379
46 383
46 411
46 418
46 423
46 433
46 455
46 466
46 498
47 48
47 71
47 77
47 90
47 93
47 115
47 228
47 251
47 256
47 288
47 332
47 372
47 426
47 429
47 456
47 466
47 478
48 81
48 147
48 153
48 173
48 207
48 216
48 328
48 333
48 339
48 397
48 493
49 85
49 110
49 132
49 196
49 201
49 263
49 269
49 275
49 294
49 308
49 340
49 344
49 363
49 414
49 453
49 456
49 464
49 475
49 479
50 63
50 96
50 156
50 159
50 181
50 266
50 267
50 311
50 350
50 374
50 392
50 411
50 465
51 60
51 80
51 83
51 132
51 153
51 154
51 164
51 179
51 197
51 207
51 241
51 250
51 257
51 275
51 289
51 311
51 335
51 355
51 367
51 382
51 396
51 430
51 445
51 458
51 481
52 87
52 98
52 140
52 153
52 174
52 195
52 204
52 205
52 248
52 255
52 272
52 278
52 279
52 294
52 306
52 307
52 333
52 337
52 351
52 356
52 375
52 376
52 380
52 401
52 417
52 430
52 455
52 489
52 499
53 72
53 102
53 128
53 139
53 171
53 183
53 191
53 195
53 212
53 225
53 245
53 250
53 258
53 265
53 285
53 290
53 291
53 309
53 334
53 358
53 359
53 362
53 377
53 416
53 467
53 474
53 497
54 59
54 100
54 129
54 131
54 137
54 144
54 176
54 210
54 231
54 330
54 338
54 339
54 350
54 366
54 373
54 376
54 397
54 398
54 400
54 412
54 417
54 440
54 469
54 489
55 125
55 128
55 129
55 135
55 136
55 143
55 153
55 156
55 182
55 213
55 218
55 244
55 250
55 255
55 283
55 301
55 307
55 324
55 345
55 368
55 385
55 387
55 408
55 409
55 426
55 449
55 460
56 70
56 84
56 96
56 113
56 155
56 160
56 197
56 198
56 216
56 227
56 244
56 250
56 252
56 287
56 288
56 297
56 310
56 313
56 336
56 338
56 392
56 424
56 447
56 451
56 493
56 494
57 63
57 71
57 81
57 95
57 121
57 125
57 132
57 160
57 161
57 207
57 208
57 217
57 236
57 274
57 292
57 298
57 390
57 399
57 402
57 444
57 464
57 479
58 60
58 79
58 137
58 185
58 210
58 229
58 261
58 275
58 319
58 337
58 351
58 376
58 394
58 423
58 460
58 462
58 468
59 85
59 173
59 189
59 195
59 210
59 226
59 313
59 337
59 338
59 355
59 358
59 377
59 423
59 427
59 433
59 475
60 73
60 107
60 108
60 141
60 143
60 160
60 165
60 174
60 258
60 295
60 297
60 305
60 346
60 372
60 384
61 82
61 91
61 121
61 122
61 130
61 139
61 155
61 181
61 184
61 203
61 214
61 251
61 281
61 316
61 344
61 377
61 383
62 81
62 86
62 91
62 97
62 112
62 113
62 144
62 174
62 212
62 220
62 260
62 267
62 287
62 332
62 337
62 343
62 344
62 361
62 376
62 417
62 425
62 428
63 74
63 89
63 96
63 130
63 195
63 199
63 217
63 233
63 258
63 297
63 304
63 343
63 366
63 387
63 395
63 408
63 444
63 445
63 450
63 465
63 469
63 478
63 482
64 99
64 108
64 119
64 124
64 141
64 144
64 155
64 163
64 183
64 225
64 247
64 266
64 281
64 311
64 323
64 326
64 353
64 363
64 368
64 430
64 435
65 79
65 87
65 105
65 113
65 205
65 221
65 253
65 269
65 301
65 302
65 349
65 355
65 374
65 429
65 430
65 434
65 452
65 484
66 81
66 88
66 106
66 141
66 155
66 168
66 174
66 187
66 194
66 247
66 258
66 266
66 289
66 334
66 345
66 370
66 375
66 379
66 418
66 446
66 487
67 68
67 69
67 86
67 144
67 184
67 189
67 264
67 284
67 290
67 300
67 303
67 304
67 316
67 323
67 350
67 370
67 399
67 409
67 414
67 423
67 454
67 471
68 105
68 113
68 117
68 133
68 138
68 209
68 210
68 230
68 264
68 300
68 374
68 401
68 484
69 73
69 122
69 138
69 139
69 162
69 193
69 194
69 199
69 208
69 213
69 214
69 241
69 249
69 254
69 296
69 318
69 326
69 335
69 350
69 381
69 383
69 405
69 413
69 437
69 442
69 443
69 445
69 476
69 480
69 492
69 493
70 84
70 107
70 112
70 158
70 184
70 228
70 238
70 251
70 264
70 293
70 308
70 339
70 386
70 418
70 422
70 447
70 454
70 476
70 492
70 493
71 93
71 108
71 128
71 141
71 142
71 160
71 167
71 185
71 187
71 199
71 230
71 247
71 264
71 269
71 318
71 327
71 353
71 355
71 357
71 366
71 379
71 382
71 426
71 427
71 432
71 437
71 450
71 456
71 465
71 488
71 491
71 497
71 499
72 73
72 112
72 116
72 135
72 141
72 201
72 254
72 265
72 266
72 298
72 329
72 332
72 383
72 392
72 496
73 88
73 99
73 144
73 153
73 172
73 192
73 214
73 245
73 263
73 267
73 271
73 313
73 355
73 414
73 415
73 453
73 472
73 483
73 488
73 495
74 92
74 109
74 140
74 144
74 164
74 168
74 193
74 217
74 230
74 236
74 251
74 292
74 306
74 329
74 365
74 370
74 396
74 403
74 435
74 470
74 477
75 89
75 100
75 104
75 138
75 159
75 163
75 170
75 190
75 191
75 204
75 212
75 314
75 334
75 352
75 360
75 372
75 380
75 381
75 389
75 435
75 444
75 467
75 479
76 100
76 109
76 231
76 278
76 293
76 361
76 393
76 419
76 441
76 471
76 480
76 487
77 116
77 140
77 158
77 165
77 209
77 221
77 233
77 273
77 275
77 303
77 336
77 375
77 381
77 387
77 406
77 407
77 443
77 446
77 455
77 457
77 481
77 491
77 493
78 107
78 129
78 194
78 202
78 240
78 243
78 303
78 313
78 332
78 340
78 365
78 375
78 376
78 378
78 417
78 418
78 444
78 450
78 453
79 91
79 93
79 98
79 105
79 180
79 203
79 210
79 239
79 244
79 254
79 263
79 274
79 295
79 298
79 306
79 323
79 351
79 358
79 394
79 412
79 421
79 432
79 441
79 479
80 93
80 100
80 129
80 160
80 205
80 214
80 272
80 291
80 318
80 341
80 355
80 356
80 358
80 382
80 396
80 487
81 95
81 140
81 141
81 147
81 151
81 217
81 225
81 236
81 258
81 278
81 323
81 357
81 399
81 409
81 411
81 449
81 480
81 493
82 134
82 143
82 176
82 233
82 241
82 244
82 273
82 291
82 364
82 384
82 385
82 388
82 420
82 448
82 456
82 460
82 467
82 496
83 124
83 138
83 149
83 162
83 169
83 171
83 190
83 194
83 215
83 221
83 247
83 271
83 281
83 282
83 285
83 305
83 362
83 377
83 381
83 476
83 479
83 484
83 492
84 102
84 105
84 111
84 138
84 142
84 146
84 187
84 196
84 223
84 226
84 228
84 229
84 234
84 340
84 342
84 384
84 409
84 434
84 437
84 441
84 464
85 98
85 115
85 144
85 147
85 160
85 280
85 329
85 380
85 396
85 432
85 440
85 442
85 490
85 495
85 496
86 95
86 104
86 109
86 143
86 183
86 184
86 210
86 216
86 230
86 263
86 265
86 273
86 297
86 302
86 315
86 341
86 354
86 368
86 378
86 397
86 409
86 465
86 467
86 492
87 97
87 113
87 121
87 127
87 171
87 188
87 246
87 250
87 267
87 308
87 314
87 393
87 394
87 406
87 409
87 421
87 428
87 439
87 464
87 495
87 499
88 95
88 97
88 112
88 120
88 129
88 148
88 169
88 185
88 201
88 237
88 270
88 273
88 296
88 340
88 343
88 372
88 382
88 398
88 399
88 405
88 436
88 454
89 127
89 136
89 139
89 224
89 226
89 310
89 320
89 322
89 334
89 339
89 341
89 353
89 378
89 379
89 383
89 390
89 394
89 472
89 497
90 91
90 92
90 111
90 135
90 138
90 144
90 148
90 158
90 169
90 171
90 180
90 204
90 229
90 240
90 255
90 298
90 304
90 305
90 313
90 316
90 334
90 374
90 377
90 388
90 392
90 437
90 438
90 446
90 449
90 455
90 459
90 460
90 473
91 96
91 97
91 105
91 125
91 205
91 247
91 252
91 270
91 277
91 283
91 292
91 294
91 332
91 373
91 386
91 392
91 394
91 410
91 458
91 473
92 125
92 154
92 166
92 169
92 188
92 189
92 193
92 219
92 227
92 233
92 287
92 384
92 394
92 460
92 477
93 98
93 104
93 125
93 148
93 203
93 230
93 243
93 253
93 262
93 277
93 305
93 310
93 390
93 393
93 404
93 450
93 477
93 498
94 95
94 97
94 99
94 183
94 196
94 197
94 242
94 258
94 270
94 281
94 291
94 313
94 384
94 390
94 407
94 412
94 439
95 123
95 134
95 135
95 140
95 158
95 169
95 192
95 208
95 253
95 290
95 293
95 300
95 363
95 377
95 442
95 468
96 102
96 107
96 110
96 135
96 136
96 158
96 200
96 227
96 235
96 277
96 306
96 310
96 313
96 330
96 331
96 334
96 335
96 343
96 362
96 375
96 440
96 442
96 449
97 106
97 122
97 133
97 176
97 221
97 229
97 235
97 257
97 288
97 340
97 355
97 356
97 366
97 385
97 454
97 463
97 498
98 137
98 147
98 167
98 231
98 281
98 283
98 315
98 317
98 324
98 357
98 426
98 445
98 458
98 482
98 498
99 101
99 156
99 193
99 234
99 261
99 277
99 314
99 319
99 358
99 394
99 484
99 487
100 113
100 120
100 170
100 195
100 196
100 209
100 222
100 224
100 239
100 250
100 256
100 258
100 260
100 281
100 305
100 314
100 331
100 334
100 348
100 362
100 363
100 372
100 421
100 442
100 448
100 454
100 486
101 113
101 140
101 175
101 194
101 216
101 249
101 250
101 251
101 265
101 315
101 316
101 323
101 324
101 325
101 351
101 393
101 398
101 401
101 402
101 411
101 474
101 482
102 139
102 173
102 176
102 203
102 214
102 260
102 281
102 303
102 345
102 362
102 384
102 412
102 429
102 489
102 495
103 113
103 116
103 155
103 168
103 219
103 242
103 247
103 260
103 302
103 320
103 350
103 364
103 375
103 399
103 405
103 455
103 470
103 490
104 108
104 141
104 156
104 185
104 196
104 200
104 207
104 210
104 220
104 239
104 324
104 371
104 402
104 411
104 443
104 447
105 123
105 133
105 146
105 151
105 162
105 163
105 183
105 197
105 258
105 335
105 350
105 352
105 362
105 365
105 396
105 440
105 465
106 135
106 153
106 171
106 175
106 209
106 213
106 245
106 280
106 281
106 294
106 304
106 332
106 340
106 349
106 360
106 384
106 387
106 407
106 411
106 419
106 421
106 437
106 453
106 459
106 465
106 480
106 487
106 495
107 163
107 174
107 178
107 184
107 189
107 195
107 202
107 221
107 246
107 248
107 335
107 357
107 358
107 379
107 408
107 447
107 472
107 499
108 114
108 125
108 132
108 159
108 184
108 201
108 207
108 227
108 265
108 290
108 293
108 345
108 358
108 363
108 365
108 387
108 418
108 462
108 463
109 117
109 122
109 123
109 126
109 137
109 167
109 170
109 189
109 202
109 206
109 226
109 253
109 256
109 264
109 286
109 294
109 326
109 369
109 371
109 387
109 392
109 432
109 460
109 471
109 499
110 120
110 139
110 157
110 166
110 203
110 205
110 209
110 219
110 225
110 299
110 320
110 340
110 364
110 368
110 373
110 380
110 391
110 403
110 456
110 463
110 473
110 475
110 493
111 116
111 120
111 141
111 149
111 160
111 174
111 186
111 189
111 215
111 219
111 287
111 313
111 321
111 349
111 352
111 359
111 414
111 424
111 468
111 470
111 491
112 133
112 206
112 211
112 219
112 222
112 226
112 230
112 240
112 246
112 258
112 294
112 306
112 308
112 331
112 336
112 346
112 363
112 372
112 381
112 398
112 402
112 444
112 475
112 478
113 157
113 159
113 162
113 166
113 182
113 215
113 250
113 268
113 276
113 277
113 295
113 301
113 304
113 315
113 364
113 376
113 387
113 405
113 410
113 427
113 452
113 457
113 462
113 498
114 133
114 142
114 160
114 171
114 182
114 192
114 197
114 207
114 224
114 268
114 315
114 322
114 327
114 362
114 372
114 373
114 386
114 399
114 420
114 437
114 441
114 463
114 490
114 494
114 496
115 257
115 263
115 276
115 332
115 356
115 365
115 380
115 383
115 391
115 426
115 472
116 145
116 149
116 173
116 213
116 222
116 231
116 318
116 339
116 350
116 353
116 360
116 365
116 382
116 386
116 390
116 392
116 411
116 413
116 415
116 451
117 148
117 170
117 193
117 207
117 235
117 278
117 294
117 309
117 377
117 379
117 383
117 384
117 441
117 446
117 465
118 122
118 161
118 241
118 265
118 267
118 270
118 277
118 354
118 370
118 396
118 407
118 413
118 460
118 469
118 483
118 486
118 497
119 148
119 210
119 216
119 219
119 235
119 256
119 259
119 273
119 279
119 297
119 330
119 333
119 344
119 381
119 407
119 436
119 472
120 162
120 211
120 220
120 229
120 248
120 313
120 316
120 323
120 346
120 347
120 371
120 372
120 387
120 425
120 433
120 449
120 478
120 480
121 134
121 249
121 264
121 272
121 275
121 295
121 306
121 307
121 318
121 337
121 365
121 380
121 433
121 469
122 125
122 141
122 149
122 185
122 273
122 282
122 357
122 361
122 380
122 392
122 411
122 419
122 420
122 497
123 139
123 142
123 149
123 181
123 219
123 231
123 280
123 281
123 291
123 301
123 310
123 332
123 336
123 367
123 427
123 430
123 447
123 464
123 495
124 126
124 138
124 162
124 167
124 195
124 205
124 224
124 230
124 232
124 238
124 264
124 285
124 316
124 332
124 352
124 387
124 401
124 416
124 447
124 469
125 137
125 153
125 158
125 181
125 184
125 197
125 200
125 216
125 226
125 232
125 245
125 247
125 251
125 263
125 274
125 286
125 299
125 345
125 374
125 388
125 421
125 472
125 493
125 496
126 129
126 164
126 173
126 176
126 257
126 273
126 308
126 330
126 354
126 358
126 406
126 407
126 422
126 440
126 446
126 490
127 145
127 152
127 200
127 201
127 207
127 212
127 225
127 229
127 232
127 248
127 260
127 279
127 285
127 307
127 309
127 317
127 318
127 343
127 345
127 393
127 400
127 402
127 422
127 465
127 477
127 478
128 197
128 213
128 235
128 243
128 248
128 282
128 312
128 320
128 323
128 330
128 347
128 362
128 386
128 389
128 394
128 410
128 429
128 435
128 442
128 450
128 460
128 490
129 229
129 246
129 268
129 280
129 292
129 302
129 316
129 321
129 339
129 340
129 345
129 352
129 359
129 361
129 376
129 397
129 412
129 441
129 460
130 137
130 156
130 186
130 202
130 210
130 225
130 232
130 253
130 254
130 262
130 272
130 275
130 276
130 309
130 311
130 347
130 351
130 360
130 363
130 374
130 396
130 438
130 469
130 479
130 480
131 153
131 159
131 172
131 186
131 189
131 246
131 278
131 300
131 310
131 354
131 365
131 427
131 434
131 451
131 473
132 136
132 171
132 194
132 203
132 207
132 212
132 246
132 297
132 313
132 365
132 370
132 380
132 390
132 423
132 432
132 445
132 453
132 474
132 482
132 484
133 213
133 234
133 248
133 255
133 271
133 320
133 368
133 383
133 384
133 405
133 426
133 445
133 480
133 486
133 496
134 167
134 259
134 265
134 277
134 278
134 286
134 313
134 326
134 346
134 410
134 419
134 420
134 433
134 439
134 448
134 474
134 480
134 492
135 144
135 154
135 159
135 169
135 186
135 249
135 324
135 354
135 368
135 392
135 397
135 405
135 439
135 478
135 498
136 167
136 175
136 182
136 201
136 224
136 265
136 297
136 389
136 392
136 394
136 414
136 425
136 482
136 488
136 491
137 168
137 183
137 196
137 267
137 296
137 407
137 466
137 474
138 148
138 154
138 174
138 204
138 220
138 245
138 260
138 333
138 382
138 398
138 438
138 479
138 486
138 492
139 149
139 162
139 252
139 268
139 274
139 277
139 291
139 322
139 324
139 369
139 444
139 449
139 458
139 462
139 490
140 149
140 152
140 164
140 167
140 185
140 206
140 227
140 244
140 270
140 273
140 314
140 362
140 365
140 376
140 380
140 403
140 409
140 418
140 448
140 468
141 144
141 155
141 202
141 206
141 213
141 236
141 250
141 254
141 282
141 288
141 295
141 308
141 364
141 386
141 390
141 398
141 402
141 417
141 418
141 444
141 458
141 468
142 174
142 197
142 202
142 223
142 226
142 272
142 290
142 369
142 379
142 399
142 407
142 426
142 458
142 483
143 144
143 148
143 169
143 179
143 205
143 228
143 252
143 254
143 261
143 263
143 276
143 278
143 293
143 329
143 331
143 370
143 425
143 439
143 469
144 151
144 163
144 179
144 185
144 194
144 196
144 233
144 266
144 274
144 290
144 313
144 316
144 353
144 363
144 365
144 373
144 377
144 387
144 414
144 428
144 433
144 439
144 463
145 179
145 196
145 214
145 220
145 232
145 235
145 266
145 280
145 302
145 327
145 346
145 351
145 354
145 355
145 375
145 410
145 453
145 466
145 472
145 482
145 485
146 170
146 180
146 253
146 258
146 280
146 309
146 332
146 334
146 353
146 389
146 392
146 393
146 409
146 426
146 427
146 442
147 152
147 154
147 190
147 233
147 234
147 268
147 277
147 282
147 313
147 318
147 328
147 357
147 360
147 382
147 404
147 438
147 443
147 459
148 151
148 187
148 200
148 224
148 238
148 244
148 252
148 254
148 258
148 287
148 332
148 337
148 374
148 381
148 407
148 418
148 436
149 170
149 212
149 218
149 219
149 228
149 249
149 263
149 274
149 275
149 293
149 299
149 302
149 309
149 339
149 361
149 406
149 443
149 445
149 494
150 158
150 272
150 334
150 350
150 357
150 359
150 365
150 382
150 426
150 440
150 454
150 484
151 173
151 184
151 191
151 219
151 226
151 255
151 302
151 303
151 338
151 369
151 373
151 375
151 377
151 389
151 395
151 414
151 417
151 425
151 439
151 453
151 468
151 485
152 160
152 202
152 204
152 211
152 234
152 265
152 277
152 300
152 301
152 310
152 327
152 337
152 339
152 370
152 403
152 405
152 416
152 425
152 427
152 434
152 444
152 462
152 492
153 217
153 227
153 242
153 245
153 257
153 276
153 299
153 348
153 423
153 426
153 498
153 499
154 173
154 190
154 207
154 209
154 215
154 238
154 255
154 256
154 296
154 309
154 310
154 321
154 325
154 329
154 350
154 387
154 404
154 416
154 424
154 436
154 438
154 456
155 157
155 193
155 197
155 213
155 239
155 249
155 289
155 315
155 331
155 368
155 383
155 404
156 169
156 174
156 225
156 249
156 256
156 267
156 318
156 328
156 330
156 331
156 355
156 407
156 413
156 420
156 441
156 454
156 481
157 185
157 196
157 205
157 215
157 248
157 256
157 257
157 269
157 316
157 328
157 360
157 366
157 372
157 394
157 397
157 415
157 423
157 426
157 456
158 182
158 201
158 218
158 248
158 316
158 325
158 326
158 362
158 364
158 392
158 400
158 403
158 415
158 421
158 447
159 171
159 189
159 215
159 237
159 291
159 309
159 324
159 334
159 358
159 401
159 402
159 433
159 437
159 481
159 485
160 161
160 196
160 210
160 224
160 232
160 233
160 249
160 255
160 321
160 325
160 330
160 334
160 343
160 358
160 422
160 452
160 493
161 171
161 175
161 177
161 214
161 215
161 230
161 236
161 245
161 280
161 290
161 301
161 308
161 320
161 323
161 349
161 352
161 373
161 377
161 410
161 433
161 466
162 181
162 213
162 225
162 251
162 262
162 282
162 309
162 326
162 339
162 403
162 407
162 414
162 416
162 441
163 175
163 187
163 213
163 215
163 223
163 257
163 273
163 283
163 296
163 345
163 388
163 405
163 420
163 434
163 445
163 475
163 481
164 170
164 178
164 202
164 221
164 236
164 263
164 265
164 282
164 292
164 313
164 315
164 334
164 352
164 366
164 373
164 375
164 414
164 432
164 433
164 440
164 450
164 475
164 476
164 480
164 484
164 497
165 166
165 176
165 194
165 206
165 214
165 221
165 237
165 260
165 276
165 283
165 290
165 313
165 329
165 341
165 385
165 386
165 401
165 411
165 418
165 484
166 167
166 177
166 178
166 198
166 211
166 228
166 244
166 251
166 282
166 361
166 362
166 369
166 372
166 375
166 392
166 444
166 448
166 466
167 295
167 297
167 299
167 303
167 370
167 374
167 439
167 467
167 468
167 480
168 216
168 261
168 266
168 349
168 396
168 398
168 437
168 450
168 456
168 459
168 471
169 240
169 257
169 262
169 277
169 307
169 314
169 316
169 330
169 369
169 372
169 398
169 399
169 444
169 454
169 474
169 484
170 191
170 202
170 215
170 232
170 239
170 264
170 331
170 359
170 437
170 450
170 463
170 467
170 485
171 184
171 187
171 216
171 258
171 271
171 279
171 292
171 307
171 310
171 313
171 360
171 369
171 377
171 413
171 414
171 427
171 446
171 475
171 497
172 173
172 186
172 187
172 198
172 200
172 208
172 241
172 246
172 265
172 282
172 305
172 310
172 331
172 332
172 385
172 438
172 473
172 487
173 194
173 195
173 196
173 207
173 230
173 250
173 264
173 278
173 296
173 307
173 354
173 358
173 367
173 400
173 405
173 452
173 473
174 271
174 279
174 300
174 311
174 345
174 359
174 370
174 384
174 444
174 448
174 463
174 471
175 188
175 230
175 243
175 250
175 265
175 277
175 290
175 299
175 307
175 314
175 335
175 359
175 388
175 403
175 418
175 429
175 449
175 476
176 237
176 282
176 284
176 285
176 291
176 296
176 307
176 310
176 367
176 384
176 399
176 408
176 411
176 418
176 435
176 443
176 451
176 494
177 190
177 215
177 225
177 336
177 352
177 354
177 356
177 360
177 368
177 371
177 386
177 423
177 426
177 452
177 459
177 494
178 210
178 217
178 269
178 274
178 308
178 327
178 342
178 345
178 354
178 368
178 409
178 460
178 483
179 185
179 198
179 208
179 210
179 222
179 238
179 270
179 285
179 327
179 360
179 381
179 393
179 395
179 466
180 193
180 215
180 222
180 235
180 267
180 284
180 301
180 307
180 322
180 325
180 336
180 375
180 419
180 439
180 462
180 468
181 207
181 250
181 257
181 259
181 264
181 267
181 277
181 302
181 305
181 336
181 352
181 379
182 183
182 239
182 253
182 256
182 296
182 307
182 326
182 340
182 360
182 374
182 410
182 440
182 450
182 453
182 493
183 186
183 194
183 199
183 210
183 212
183 213
183 229
183 252
183 263
183 281
183 374
183 418
183 422
183 441
183 447
183 498
184 186
184 197
184 273
184 278
184 352
184 354
184 410
184 443
184 450
184 458
185 211
185 223
185 234
185 254
185 258
185 276
185 280
185 301
185 320
185 338
185 416
185 439
185 445
185 466
185 476
185 496
186 189
186 197
186 206
186 223
186 267
186 303
186 321
186 357
186 359
186 369
186 394
186 415
186 431
186 444
186 453
186 463
186 490
187 190
187 227
187 243
187 271
187 291
187 311
187 318
187 322
187 325
187 333
187 373
187 419
187 420
187 432
187 434
187 442
187 483
188 230
188 248
188 286
188 316
188 317
188 321
188 344
188 401
188 442
188 454
188 458
188 475
188 495
188 499
189 207
189 250
189 252
189 264
189 276
189 310
189 378
189 402
189 452
189 464
189 476
189 483
189 484
190 193
190 221
190 227
190 252
190 271
190 286
190 338
190 352
190 356
190 387
190 388
190 471
190 487
191 198
191 258
191 283
191 286
191 310
191 317
191 345
191 351
191 371
191 387
191 391
191 399
191 456
191 473
191 484
191 487
191 493
192 233
192 241
192 251
192 261
192 304
192 311
192 343
192 356
192 383
192 401
192 403
192 451
192 452
192 460
192 464
193 219
193 255
193 275
193 298
193 345
193 370
193 379
193 380
193 388
193 389
193 403
193 411
193 446
193 494
194 212
194 215
194 224
194 227
194 247
194 347
194 384
194 420
194 444
194 458
194 472
194 473
194 483
194 490
195 196
195 223
195 232
195 244
195 260
195 272
195 292
195 306
195 316
195 329
195 417
195 430
195 450
195 454
195 495
195 498
196 244
196 319
196 335
196 339
196 346
196 359
196 367
196 368
196 384
196 409
196 410
196 414
196 423
196 426
196 428
196 445
196 459
196 460
196 490
197 200
197 268
197 294
197 319
197 324
197 330
197 413
197 433
197 446
197 450
197 466
198 231
198 239
198 244
198 262
198 287
198 329
198 349
198 366
198 393
198 399
198 400
198 416
198 418
198 444
199 226
199 245
199 247
199 269
199 271
199 296
199 305
199 318
199 320
199 326
199 333
199 335
199 341
199 368
199 376
199 430
199 444
199 455
199 459
200 211
200 245
200 271
200 275
200 278
200 289
200 295
200 321
200 377
200 403
200 406
200 452
201 242
201 243
201 248
201 268
201 322
201 328
201 347
201 380
201 387
201 418
201 433
201 440
201 453
202 209
202 239
202 284
202 299
202 328
202 332
202 355
202 387
202 432
202 451
202 456
202 488
203 232
203 241
203 280
203 282
203 303
203 310
203 389
203 394
203 406
203 415
203 446
203 472
204 251
204 301
204 348
204 373
204 376
204 387
204 396
204 433
204 447
204 474
204 478
204 479
205 237
205 268
205 308
205 318
205 320
205 327
205 334
205 341
205 413
205 417
205 432
205 435
206 210
206 234
206 237
206 261
206 262
206 295
206 308
206 365
206 369
206 408
206 425
206 434
206 450
206 465
207 210
207 220
207 242
207 263
207 270
207 278
207 287
207 289
207 302
207 313
207 320
207 322
207 329
207 367
207 370
207 383
207 403
207 420
207 423
207 455
207 458
207 468
207 479
207 480
207 487
208 228
208 235
208 250
208 275
208 298
208 315
208 347
208 372
208 374
208 415
208 443
208 446
208 462
209 247
209 264
209 282
209 363
209 369
209 386
209 408
209 411
209 429
209 452
209 468
209 486
209 494
210 223
210 224
210 230
210 231
210 251
210 263
210 302
210 319
210 325
210 336
210 363
210 403
210 414
210 427
210 435
210 450
210 472
210 485
211 215
211 223
211 228
211 242
211 352
211 379
211 385
212 227
212 274
212 291
212 302
212 311
212 366
212 377
212 399
212 400
212 404
212 409
212 424
212 439
212 459
212 475
213 230
213 242
213 291
213 313
213 335
213 340
213 362
213 364
213 391
213 402
213 404
213 462
213 482
213 494
213 495
213 499
214 218
214 226
214 250
214 257
214 267
214 284
214 300
214 303
214 358
214 367
214 403
214 435
214 461
215 223
215 226
215 238
215 245
215 270
215 290
215 295
215 335
215 343
215 348
215 361
215 385
215 388
215 390
215 409
215 428
215 434
215 446
215 455
215 466
215 467
215 482
216 220
216 279
216 298
216 306
216 307
216 314
216 344
216 356
216 371
216 386
216 439
216 441
216 473
216 486
217 218
217 225
217 229
217 255
217 279
217 304
217 320
217 325
217 362
217 374
217 378
217 379
217 393
217 395
217 445
217 459
217 464
217 472
217 490
218 225
218 263
218 273
218 294
218 298
218 305
218 319
218 331
218 366
218 377
218 381
218 388
218 459
218 472
218 483
218 485
218 493
219 264
219 277
219 289
219 347
219 348
219 378
219 397
219 418
219 433
219 474
219 499
220 274
220 276
220 327
220 344
220 412
220 493
221 222
221 235
221 236
221 254
221 257
221 274
221 290
221 316
221 333
221 342
221 353
221 378
221 393
221 399
221 432
221 439
221 446
221 466
221 471
221 491
222 245
222 252
222 255
222 258
222 267
222 305
222 369
222 407
222 431
222 435
222 484
222 488
223 233
223 242
223 250
223 289
223 328
223 337
223 339
223 343
223 369
223 376
223 380
223 382
223 420
223 439
223 467
224 246
224 270
224 272
224 275
224 277
224 278
224 299
224 325
224 345
224 349
224 351
224 357
224 363
224 379
224 429
224 467
224 471
224 474
224 483
225 232
225 237
225 247
225 285
225 306
225 340
225 364
225 428
225 466
225 475
226 232
226 237
226 243
226 335
226 397
226 398
226 399
226 423
226 429
226 434
226 449
226 453
226 474
226 484
227 240
227 243
227 255
227 275
227 276
227 289
227 300
227 302
227 317
227 322
227 346
227 367
227 373
227 383
227 411
227 421
227 450
227 456
227 459
227 484
227 496
228 245
228 288
228 304
228 316
228 323
228 346
228 361
228 367
228 408
228 420
228 424
228 432
228 461
228 483
228 485
228 490
228 491
229 276
229 298
229 308
229 318
229 338
229 347
229 416
229 422
229 476
229 477
229 478
230 254
230 261
230 271
230 305
230 312
230 317
230 390
230 391
230 397
230 407
230 416
230 499
231 237
231 273
231 275
231 285
231 292
231 303
231 316
231 344
231 347
231 350
231 357
231 396
231 411
231 413
231 418
231 432
231 439
231 450
231 473
232 244
232 269
232 302
232 304
232 305
232 307
232 319
232 351
232 358
232 378
232 435
232 450
232 483
233 258
233 266
233 267
233 284
233 327
233 328
233 415
233 418
233 455
233 479
233 480
234 240
234 249
234 252
234 260
234 275
234 362
234 389
234 434
234 467
234 489
235 239
235 253
235 256
235 287
235 316
235 327
235 354
235 377
235 428
235 460
235 469
235 491
236 246
236 262
236 293
236 304
236 321
236 362
236 438
236 441
236 443
236 456
236 462
236 467
236 479
237 239
237 259
237 295
237 296
237 297
237 327
237 343
237 347
237 360
237 367
237 375
237 415
237 422
237 433
237 441
237 462
237 484
237 490
237 499
238 242
238 284
238 309
238 325
238 331
238 336
238 388
238 401
238 421
238 422
238 430
238 467
238 484
239 241
239 251
239 277
239 301
239 308
239 309
239 316
239 333
239 334
239 337
239 366
239 389
239 406
239 410
239 452
239 460
239 482
239 495
240 257
240 275
240 292
240 327
240 340
240 394
240 410
240 419
240 421
240 439
240 457
240 461
240 466
240 490
241 257
241 263
241 318
241 319
241 345
241 358
241 382
241 384
241 401
241 435
241 439
241 476
241 482
241 488
241 494
242 337
242 348
242 379
242 390
242 393
242 394
242 427
242 445
242 470
242 492
243 307
243 343
243 348
243 393
243 433
244 249
244 309
244 332
244 356
244 373
244 421
244 432
244 465
244 486
245 342
245 352
245 382
245 385
245 391
245 403
245 433
245 434
245 444
245 447
245 491
246 286
246 299
246 314
246 327
246 359
246 362
246 367
246 394
246 436
246 451
246 467
247 278
247 284
247 346
247 347
247 378
247 450
247 481
247 490
248 264
248 280
248 282
248 291
248 292
248 295
248 315
248 418
248 440
248 468
248 471
249 256
249 257
249 258
249 265
249 274
249 278
249 280
249 286
249 299
249 322
249 342
249 349
249 358
249 384
249 394
249 412
249 423
249 429
249 437
249 450
249 452
249 468
249 478
249 495
250 253
250 257
250 366
250 367
250 373
250 398
250 432
250 450
250 454
250 471
250 487
251 252
251 302
251 346
251 367
251 405
251 419
251 420
251 463
251 492
252 279
252 281
252 297
252 309
252 349
252 381
252 384
252 399
252 405
252 408
252 410
252 415
252 419
252 437
252 457
252 497
253 255
253 257
253 279
253 297
253 312
253 381
253 444
254 266
254 268
254 272
254 327
254 328
254 354
254 356
254 371
254 423
254 435
255 295
255 329
255 344
255 360
255 405
255 407
255 434
255 444
255 477
255 480
256 270
256 291
256 314
256 323
256 348
256 362
256 363
256 369
256 373
256 377
256 386
256 399
256 409
256 418
256 426
256 470
256 474
256 483
256 489
257 273
257 297
257 323
257 328
257 342
257 357
257 358
257 385
257 417
257 441
257 447
257 449
257 456
257 484
258 261
258 290
258 316
258 344
258 345
258 357
258 395
258 407
258 448
258 477
258 479
258 481
259 272
259 314
259 329
259 355
259 390
259 403
259 427
259 441
259 466
260 308
260 316
260 325
260 329
260 400
260 401
260 461
260 464
260 494
261 324
261 331
261 332
261 342
261 349
261 368
261 376
261 405
261 418
261 423
261 487
262 302
262 367
262 411
262 447
262 465
262 486
263 277
263 287
263 308
263 316
263 319
263 358
263 365
263 368
263 375
263 393
263 396
263 408
263 409
263 421
263 441
263 472
263 477
263 486
264 267
264 283
264 285
264 345
264 370
264 378
264 391
264 429
264 496
265 291
265 306
265 309
265 367
265 396
265 418
265 451
265 489
266 271
266 278
266 286
266 327
266 372
266 376
266 420
266 439
267 268
267 330
267 377
267 424
267 437
267 446
267 471
268 295
268 299
268 331
268 348
268 351
268 362
268 375
268 376
268 378
268 422
268 481
268 494
268 498
269 286
269 293
269 327
269 338
269 383
269 397
269 420
269 462
269 480
269 483
269 491
269 492
270 293
270 295
270 311
270 341
270 343
270 347
270 355
270 373
270 375
270 421
270 482
270 498
271 280
271 309
271 328
271 333
271 360
271 385
271 420
271 433
271 461
271 467
271 480
272 274
272 275
272 294
272 315
272 320
272 359
272 390
272 410
272 430
273 301
273 306
273 323
273 339
273 346
273 352
273 375
273 416
273 425
273 444
273 483
273 489
274 281
274 301
274 306
274 314
274 316
274 327
274 379
274 472
274 477
274 496
275 278
275 281
275 311
275 325
275 342
275 401
275 411
275 433
275 447
275 450
275 468
275 479
276 285
276 304
276 320
276 370
276 379
276 403
276 410
276 469
276 494
277 309
277 347
277 398
277 399
277 410
277 430
277 467
277 471
278 281
278 318
278 328
278 329
278 331
278 355
278 379
278 384
278 418
278 422
278 423
278 430
278 439
278 458
278 488
278 495
279 280
279 293
279 302
279 306
279 370
279 434
279 439
279 465
279 492
280 307
280 336
280 345
280 354
280 398
280 400
280 404
280 443
280 447
280 459
280 461
280 471
280 487
281 292
281 327
281 357
281 360
281 363
281 364
281 368
281 389
281 397
281 401
281 418
281 425
281 432
281 446
281 455
281 461
281 475
281 491
281 494
282 299
282 322
282 332
282 337
282 342
282 353
282 355
282 368
282 386
282 419
282 465
283 291
283 403
283 451
283 463
283 464
283 485
284 287
284 307
284 319
284 328
284 329
284 376
284 377
284 382
284 392
284 393
284 403
284 418
284 424
284 463
284 475
285 294
285 318
285 319
285 342
285 409
285 442
285 453
286 293
286 306
286 313
286 336
286 350
286 368
286 371
286 373
286 376
286 383
286 396
286 427
286 485
286 490
286 492
287 319
287 339
287 394
287 456
287 483
288 297
288 300
288 405
288 492
289 316
289 324
289 333
289 336
289 360
289 368
289 372
289 391
289 410
289 411
289 428
289 443
289 451
289 486
289 493
290 305
290 386
290 398
290 410
290 430
290 431
291 292
291 293
291 295
291 309
291 346
291 365
291 392
291 397
291 404
291 419
291 427
291 438
291 452
291 458
291 487
292 317
292 341
292 385
292 406
292 414
292 418
292 468
292 486
293 300
293 331
293 334
293 380
293 396
293 402
293 404
293 429
293 435
293 458
293 462
293 464
293 499
294 337
294 352
294 355
294 372
294 376
294 392
294 404
294 424
294 426
294 449
294 452
294 455
294 486
294 493
295 299
295 318
295 346
295 355
295 370
295 388
295 419
295 447
295 455
295 475
295 481
295 497
296 300
296 328
296 337
296 339
296 382
296 411
296 427
296 435
296 478
296 480
297 298
297 345
297 356
297 377
297 441
297 443
297 462
297 467
297 471
297 475
297 482
297 489
298 302
298 329
298 345
298 361
298 379
298 400
298 410
298 418
298 437
298 448
298 499
299 350
299 360
299 371
299 391
299 418
299 439
299 449
299 455
299 456
299 458
299 464
299 465
299 466
300 327
300 328
300 332
300 345
300 353
300 354
300 429
300 431
300 437
300 443
300 452
300 456
300 491
300 497
301 344
301 424
301 437
301 457
301 462
301 484
301 488
301 490
301 492
302 309
302 336
302 357
302 375
302 472
302 477
302 492
303 332
303 336
303 358
303 403
303 409
303 425
304 314
304 319
304 337
304 377
304 393
304 397
304 444
304 447
304 449
304 468
305 308
305 310
305 330
305 340
305 357
305 376
305 441
305 442
305 444
305 449
306 323
306 367
306 385
306 389
306 396
306 461
307 318
307 332
307 334
307 357
307 392
307 409
307 432
307 433
307 473
308 337
308 340
308 353
308 398
308 441
308 455
309 337
309 346
309 356
309 373
309 386
309 411
309 422
309 440
309 443
309 446
309 481
310 312
310 317
310 327
310 334
310 341
310 354
310 358
310 362
310 370
310 390
310 410
310 426
310 462
310 480
311 333
311 378
311 384
311 395
311 399
311 431
311 437
311 478
311 490
312 418
312 423
312 424
312 439
312 452
312 456
312 459
312 498
313 325
313 327
313 421
313 428
313 437
313 454
313 455
314 332
314 338
314 355
314 394
314 418
314 426
314 429
314 442
314 447
314 463
314 467
315 322
315 340
315 368
315 379
315 410
315 429
315 483
316 323
316 338
316 340
316 348
316 459
316 462
317 346
317 359
317 389
317 407
317 420
317 478
317 483
318 334
318 361
318 380
318 389
318 415
318 424
318 440
318 454
318 485
318 486
319 347
319 350
319 351
319 402
319 421
319 446
320 324
320 327
320 328
320 333
320 365
320 371
320 406
320 411
320 436
320 455
320 463
320 473
321 324
321 331
321 439
321 448
321 452
321 459
321 469
321 481
321 499
322 336
322 344
322 350
322 370
322 382
322 407
322 426
322 429
322 452
322 484
323 326
323 335
323 399
323 421
323 455
323 478
323 492
324 327
324 342
324 345
324 436
324 440
324 443
324 464
324 482
325 382
325 384
325 391
325 416
325 463
325 496
325 498
326 375
326 408
326 447
326 465
326 494
327 343
327 350
327 400
327 457
327 468
327 485
327 488
327 492
327 499
328 339
328 340
328 362
328 371
328 380
328 416
328 498
329 332
329 378
329 424
329 430
329 440
329 444
329 453
329 457
329 469
329 475
329 491
329 492
330 340
330 399
330 414
330 434
330 455
330 471
330 473
330 477
331 340
331 345
331 351
331 371
331 377
331 380
331 390
331 401
331 414
331 442
331 446
331 455
331 461
331 486
331 487
331 489
332 395
332 419
332 453
332 456
332 477
332 483
333 338
333 423
333 448
333 453
333 463
333 470
333 471
333 473
333 484
334 360
334 366
334 451
334 461
334 482
334 484
335 345
335 349
335 367
335 395
335 402
335 424
335 451
335 458
335 467
335 497
336 377
336 390
336 409
336 443
336 451
336 485
337 339
337 378
337 399
337 406
337 415
337 417
337 427
337 452
337 471
337 485
337 486
338 339
338 345
338 360
338 382
338 394
338 412
338 422
338 426
338 462
338 465
338 494
339 360
339 392
339 425
339 456
339 461
339 471
339 487
339 497
340 441
340 453
340 472
340 474
340 496
341 386
341 403
341 418
341 442
341 447
341 470
342 364
342 375
342 383
342 399
342 406
342 416
342 482
343 356
343 412
343 413
343 416
343 421
343 435
343 491
343 496
343 499
344 358
344 363
344 392
344 421
344 443
344 494
345 371
345 389
345 400
345 408
345 447
345 448
345 454
345 468
345 471
345 488
346 349
346 356
346 398
346 429
346 431
346 433
346 440
346 461
346 480
347 357
347 370
347 404
347 431
347 433
347 461
348 351
348 371
348 380
348 404
348 411
348 413
348 420
348 421
348 427
348 438
348 439
348 488
349 357
349 383
349 404
349 481
349 491
349 497
350 362
350 380
350 384
350 427
350 434
350 441
350 445
350 465
350 472
350 492
351 353
351 381
351 389
351 391
351 409
351 413
351 423
351 440
351 445
351 461
351 468
351 485
351 487
351 494
352 355
352 367
352 381
352 401
352 421
352 429
352 433
352 452
353 399
353 412
353 421
353 470
353 488
354 360
354 364
354 371
354 381
354 407
354 410
354 431
354 475
355 368
355 381
355 389
355 426
355 432
355 433
355 443
355 474
355 486
356 389
356 397
356 408
356 430
356 435
356 471
357 387
357 466
357 476
357 493
358 370
358 399
358 410
358 440
358 463
358 483
359 370
359 372
359 396
359 430
359 438
359 460
359 487
360 384
360 392
360 395
360 402
360 458
360 494
360 496
361 365
361 373
361 393
361 407
361 412
361 467
361 496
362 375
362 408
362 419
362 424
362 464
363 368
363 402
363 408
363 424
363 441
363 443
363 447
363 450
363 493
364 382
364 402
364 427
364 455
364 481
364 491
365 427
365 428
365 430
365 455
365 479
365 480
366 369
366 394
366 454
366 485
367 386
367 403
367 416
367 432
367 433
367 448
367 453
367 480
367 481
368 412
368 429
368 441
368 451
368 461
368 473
369 387
369 439
370 380
370 393
370 423
370 464
370 498
371 375
371 410
371 443
371 445
371 446
371 463
371 481
372 411
372 415
372 433
373 387
373 445
373 476
374 379
374 382
374 395
374 426
374 435
374 440
374 479
375 376
375 382
375 416
375 462
375 491
375 499
376 406
376 415
376 456
376 465
376 493
377 409
377 417
377 424
377 462
378 397
378 403
378 409
378 412
378 439
378 454
378 457
378 485
378 498
379 386
379 410
379 417
379 440
379 461
379 493
380 381
380 399
380 402
380 406
380 415
380 428
380 458
380 460
381 389
381 394
381 423
381 427
381 447
381 449
381 463
381 467
381 491
382 390
382 395
382 400
382 404
382 410
382 422
382 437
382 446
382 447
382 487
382 496
383 402
383 416
383 422
383 442
383 473
383 481
383 492
384 388
384 401
384 429
384 432
384 453
384 478
384 490
385 426
385 440
385 444
385 450
385 460
385 480
385 484
386 389
386 390
386 431
386 468
387 396
387 397
387 401
387 430
387 464
387 475
387 485
387 493
388 390
388 396
388 424
388 435
389 397
389 423
389 453
389 481
389 494
390 458
391 415
391 463
391 477
391 498
392 420
392 437
392 454
392 492
393 412
393 431
393 445
393 447
393 452
393 455
393 467
393 487
393 498
394 395
394 412
394 426
394 438
395 415
395 441
395 470
395 487
396 485
396 486
396 493
397 404
397 415
397 422
397 430
397 437
397 459
397 460
398 406
398 414
398 416
398 474
398 478
398 493
398 495
399 407
399 419
399 435
399 471
400 401
400 409
400 420
400 424
400 434
400 441
400 471
400 485
400 496
400 499
401 440
401 476
401 482
403 469
403 481
403 482
403 495
404 426
404 471
404 491
405 419
405 422
405 429
405 437
405 448
405 452
405 457
405 474
405 484
405 488
406 464
407 415
407 423
407 432
407 446
407 455
407 468
407 480
407 492
408 432
408 450
408 467
408 468
408 487
408 491
409 421
409 425
409 433
409 449
409 457
409 460
409 487
410 415
410 437
410 438
410 448
410 459
410 466
410 497
411 414
411 468
411 478
412 425
412 439
412 455
412 458
412 463
412 482
413 429
413 492
414 476
414 482
414 492
415 467
416 418
416 464
417 426
417 450
417 462
417 473
417 486
418 421
418 423
418 431
418 441
418 452
418 465
418 484
418 494
419 424
419 434
419 465
419 490
420 428
420 473
420 488
420 498
421 429
421 448
421 469
421 481
422 424
422 438
422 464
422 480
422 481
423 459
423 476
423 482
424 428
424 430
424 431
424 434
424 459
424 460
425 449
425 461
425 470
425 471
425 477
426 439
426 458
426 470
426 492
427 446
427 451
427 472
428 429
429 450
429 453
429 457
429 480
429 490
429 492
429 497
430 440
430 444
430 481
430 486
431 448
431 464
431 473
431 475
432 438
432 467
432 498
433 471
433 489
433 498
434 457
435 459
435 467
435 491
436 459
436 472
437 442
437 453
437 476
437 485
437 487
438 443
438 455
439 445
439 454
439 467
439 491
440 447
440 462
440 476
440 485
440 488
440 492
440 493
441 443
441 499
442 454
442 471
442 479
442 492
443 451
443 462
443 468
444 462
444 466
444 468
444 476
444 486
444 499
446 464
447 462
448 451
448 463
448 486
449 479
450 464
450 481
450 496
450 498
451 462
452 455
452 475
452 483
452 486
452 490
453 470
453 473
453 481
453 484
453 497
455 466
456 470
456 484
456 488
457 461
457 465
459 469
460 485
461 473
461 488
461 498
462 489
463 480
465 466
465 494
466 495
467 499
468 494
470 496
471 486
472 475
472 496
474 496
476 487
476 498
477 490
478 480
478 484
479 489
479 490
479 499
480 490
480 494
484 494
485 494
486 493
487 495
488 490
489 496
491 495
494 495
494 497
