400 4792 0.8
0 54
0 73
0 88
0 90
0 115
0 127
0 151
0 161
0 169
0 174
0 179
0 190
0 198
0 249
0 254
0 297
0 317
0 328
0 336
0 341
0 343
0 395
0 398
1 4
1 6
1 16
1 19
1 22
1 27
1 34
1 38
1 55
1 73
1 108
1 135
1 144
1 156
1 184
1 190
1 204
1 251
1 289
1 292
1 309
1 322
1 329
1 333
1 338
1 340
1 343
1 350
1 370
2 17
2 25
2 36
2 44
2 61
2 67
2 74
2 75
2 78
2 107
2 114
2 119
2 141
2 154
2 225
2 244
2 249
2 256
2 268
2 285
2 289
2 298
2 304
2 321
2 324
2 330
2 338
2 345
2 380
2 392
3 81
3 93
3 95
3 118
3 133
3 135
3 145
3 173
3 175
3 206
3 222
3 223
3 248
3 254
3 264
3 268
3 283
3 286
3 291
3 307
3 320
3 350
3 355
3 366
3 367
3 381
3 394
4 23
4 34
4 126
4 147
4 166
4 170
4 213
4 222
4 256
4 276
4 282
4 297
4 316
4 364
4 367
4 371
4 384
4 393
4 398
5 12
5 59
5 62
5 86
5 88
5 106
5 120
5 124
5 134
5 176
5 206
5 218
5 238
5 258
5 267
5 290
5 296
5 327
5 330
5 333
5 339
5 363
5 369
5 372
5 374
5 376
5 398
6 17
6 20
6 27
6 41
6 64
6 86
6 141
6 162
6 163
6 169
6 185
6 189
6 196
6 200
6 243
6 246
6 251
6 267
6 271
6 273
6 283
6 298
6 307
6 320
6 338
6 343
6 346
6 358
6 360
6 379
6 381
7 43
7 45
7 46
7 56
7 72
7 84
7 90
7 105
7 109
7 132
7 151
7 159
7 209
7 230
7 255
7 263
7 272
7 276
7 278
7 288
7 289
7 309
7 329
7 332
7 340
7 346
7 349
7 365
8 20
8 62
8 84
8 94
8 110
8 123
8 153
8 159
8 195
8 205
8 219
8 220
8 233
8 273
8 322
9 17
9 21
9 48
9 67
9 68
9 80
9 99
9 104
9 108
9 115
9 121
9 154
9 160
9 169
9 176
9 182
9 190
9 210
9 221
9 226
9 239
9 252
9 263
9 277
9 280
9 283
9 287
9 303
9 310
9 344
9 345
9 349
9 361
9 365
9 377
10 38
10 59
10 79
10 100
10 101
10 130
10 140
10 164
10 205
10 222
10 224
10 274
10 305
10 308
10 365
10 367
10 383
10 388
10 393
10 396
11 28
11 48
11 64
11 76
11 101
11 108
11 111
11 149
11 155
11 160
11 187
11 222
11 228
11 247
11 253
11 259
11 260
11 273
11 279
11 314
11 320
11 341
12 30
12 34
12 81
12 95
12 115
12 119
12 125
12 129
12 157
12 162
12 193
12 194
12 222
12 238
12 256
12 267
12 276
12 279
12 288
12 300
12 319
12 337
12 352
12 365
12 371
12 377
12 380
12 396
13 26
13 33
13 41
13 58
13 61
13 68
13 82
13 89
13 107
13 108
13 120
13 131
13 141
13 182
13 193
13 196
13 197
13 203
13 226
13 229
13 242
13 322
13 376
14 48
14 49
14 51
14 67
14 82
14 103
14 111
14 137
14 138
14 154
14 213
14 234
14 266
14 267
14 308
14 315
14 340
14 379
14 393
15 45
15 53
15 66
15 69
15 80
15 82
15 90
15 98
15 108
15 128
15 155
15 161
15 210
15 225
15 247
15 256
15 260
15 263
15 287
15 295
15 299
15 301
15 308
15 311
15 329
15 332
15 342
15 367
15 390
15 395
16 33
16 57
16 59
16 73
16 78
16 83
16 86
16 110
16 114
16 149
16 156
16 175
16 177
16 200
16 203
16 210
16 217
16 219
16 248
16 257
16 281
16 292
16 302
16 312
16 318
16 328
16 343
16 347
16 351
16 355
16 356
16 357
16 359
16 367
17 39
17 53
17 76
17 80
17 93
17 97
17 98
17 110
17 135
17 153
17 198
17 199
17 228
17 239
17 266
17 284
17 296
17 299
17 316
17 317
17 335
17 359
17 381
18 50
18 65
18 83
18 84
18 90
18 100
18 124
18 171
18 183
18 219
18 226
18 238
18 254
18 260
18 268
18 269
18 279
18 283
18 296
18 302
18 328
18 342
18 355
18 363
18 367
18 371
18 378
19 27
19 51
19 56
19 58
19 62
19 97
19 106
19 111
19 151
19 161
19 169
19 191
19 209
19 240
19 280
19 291
19 300
19 305
19 369
19 378
19 380
19 391
20 28
20 45
20 50
20 56
20 85
20 86
20 92
20 136
20 155
20 192
20 195
20 234
20 244
20 250
20 286
20 290
20 294
20 295
20 309
20 340
20 343
20 365
20 366
20 369
20 372
20 376
20 390
21 32
21 54
21 58
21 72
21 100
21 105
21 112
21 121
21 147
21 183
21 200
21 229
21 269
21 281
21 282
21 323
21 329
21 331
21 335
21 357
21 374
21 384
21 389
22 35
22 41
22 103
22 108
22 110
22 125
22 168
22 171
22 260
22 271
22 283
22 291
22 292
22 304
22 305
22 323
22 326
22 332
22 337
22 350
22 351
22 364
22 381
22 395
23 31
23 33
23 37
23 56
23 101
23 144
23 163
23 195
23 203
23 206
23 221
23 236
23 238
23 316
23 357
23 361
23 380
23 386
23 391
23 398
24 56
24 122
24 129
24 134
24 152
24 153
24 176
24 185
24 192
24 200
24 211
24 220
24 226
24 235
24 248
24 268
24 318
24 356
24 362
24 380
24 384
24 390
25 32
25 40
25 42
25 44
25 46
25 74
25 85
25 88
25 89
25 117
25 124
25 143
25 155
25 167
25 174
25 204
25 235
25 270
25 314
25 324
25 346
25 351
25 364
25 367
25 368
25 392
26 77
26 124
26 137
26 139
26 158
26 191
26 192
26 193
26 232
26 343
26 358
26 361
26 372
26 381
27 28
27 58
27 97
27 121
27 155
27 183
27 202
27 215
27 230
27 264
27 283
27 292
27 306
27 307
27 320
27 332
27 345
27 368
27 375
27 384
28 29
28 33
28 35
28 36
28 63
28 73
28 80
28 87
28 130
28 131
28 132
28 158
28 168
28 180
28 184
28 198
28 208
28 253
28 255
28 266
28 305
28 323
28 335
28 349
28 395
29 63
29 72
29 96
29 112
29 114
29 152
29 156
29 166
29 168
29 172
29 174
29 177
29 185
29 186
29 194
29 298
29 327
29 339
29 372
29 380
29 398
30 44
30 52
30 63
30 93
30 94
30 110
30 155
30 185
30 218
30 224
30 236
30 254
30 267
30 286
30 301
30 310
30 312
30 335
30 338
30 341
30 348
30 356
30 360
30 365
30 372
30 375
30 383
30 384
30 387
30 388
31 32
31 44
31 62
31 68
31 75
31 164
31 169
31 207
31 233
31 269
31 282
31 292
31 302
31 306
31 343
31 374
32 47
32 55
32 89
32 134
32 156
32 167
32 196
32 242
32 249
32 322
32 333
32 334
32 343
32 392
32 393
32 395
32 399
33 45
33 79
33 91
33 92
33 115
33 134
33 136
33 154
33 175
33 197
33 219
33 245
33 258
33 264
33 268
33 320
33 345
33 356
33 368
33 380
33 392
34 42
34 49
34 101
34 112
34 122
34 182
34 234
34 238
34 240
34 253
34 264
34 275
34 297
34 371
35 38
35 42
35 44
35 45
35 47
35 53
35 79
35 121
35 123
35 126
35 130
35 157
35 170
35 184
35 236
35 255
35 263
35 293
35 316
35 336
35 361
35 363
35 378
35 387
36 42
36 68
36 122
36 129
36 168
36 192
36 200
36 263
36 283
36 301
36 315
36 322
36 327
36 334
36 338
36 347
36 364
36 365
36 384
36 391
37 38
37 51
37 54
37 61
37 67
37 68
37 73
37 89
37 95
37 96
37 106
37 129
37 177
37 181
37 214
37 226
37 227
37 304
37 307
37 311
37 323
37 329
37 372
37 393
38 48
38 52
38 68
38 74
38 108
38 120
38 122
38 179
38 200
38 229
38 230
38 239
38 260
38 263
38 276
38 299
38 308
38 335
38 364
39 61
39 65
39 78
39 91
39 93
39 98
39 135
39 173
39 180
39 182
39 187
39 203
39 216
39 239
39 241
39 252
39 264
39 283
39 301
39 312
39 315
39 318
39 334
39 350
39 352
39 353
39 354
39 368
39 378
39 379
39 382
40 67
40 81
40 82
40 97
40 98
40 100
40 101
40 102
40 106
40 121
40 135
40 164
40 194
40 202
40 206
40 209
40 211
40 216
40 263
40 273
40 277
40 294
40 311
40 347
40 367
40 379
40 387
41 63
41 86
41 94
41 96
41 104
41 113
41 114
41 137
41 138
41 142
41 170
41 196
41 215
41 247
41 271
41 272
41 317
41 334
41 343
41 372
41 384
41 398
42 44
42 98
42 116
42 130
42 137
42 235
42 249
42 255
42 318
42 344
42 355
42 371
42 384
42 385
42 390
43 63
43 66
43 86
43 95
43 112
43 124
43 150
43 171
43 188
43 190
43 240
43 268
43 284
43 288
43 297
43 339
43 342
43 347
43 353
43 396
44 47
44 52
44 63
44 95
44 105
44 108
44 135
44 139
44 148
44 158
44 159
44 175
44 226
44 263
44 268
44 274
44 305
44 312
44 322
44 325
44 327
44 331
44 334
44 378
45 59
45 62
45 79
45 86
45 93
45 100
45 126
45 171
45 177
45 192
45 197
45 198
45 220
45 236
45 241
45 278
45 339
46 59
46 61
46 80
46 84
46 86
46 132
46 166
46 208
46 228
46 278
46 282
46 303
46 368
46 370
46 397
47 50
47 139
47 140
47 142
47 193
47 202
47 206
47 224
47 256
47 305
47 314
47 333
47 350
47 359
47 393
48 50
48 59
48 86
48 107
48 115
48 134
48 138
48 143
48 157
48 160
48 163
48 209
48 228
48 249
48 260
48 294
48 304
48 305
48 309
48 311
48 337
48 355
48 367
48 373
48 387
49 134
49 138
49 168
49 172
49 178
49 186
49 196
49 205
49 220
49 225
49 244
49 249
49 255
49 282
49 301
49 322
49 364
49 380
49 398
50 53
50 58
50 119
50 145
50 164
50 171
50 173
50 213
50 255
50 257
50 279
50 290
50 296
50 299
50 326
50 339
50 344
50 364
50 378
50 379
51 93
51 107
51 167
51 174
51 180
51 242
51 246
51 258
51 293
51 303
51 366
51 385
52 102
52 116
52 120
52 128
52 134
52 171
52 174
52 202
52 212
52 227
52 235
52 250
52 256
52 300
52 312
52 325
52 340
52 350
52 352
52 374
52 390
53 56
53 60
53 78
53 81
53 103
53 109
53 112
53 127
53 153
53 169
53 176
53 190
53 212
53 214
53 242
53 243
53 253
53 254
53 263
53 271
53 272
53 281
53 295
53 311
53 357
53 388
53 389
53 396
54 58
54 65
54 87
54 97
54 119
54 178
54 196
54 209
54 214
54 221
54 232
54 278
54 308
54 319
54 330
54 331
54 348
54 355
54 357
55 65
55 87
55 103
55 139
55 164
55 167
55 175
55 204
55 219
55 222
55 223
55 235
55 259
55 271
55 275
55 281
55 293
55 294
55 318
55 322
55 329
55 345
55 348
55 351
55 363
55 379
55 393
55 394
56 65
56 70
56 75
56 186
56 209
56 215
56 217
56 219
56 236
56 282
56 296
56 313
56 337
56 339
56 358
56 383
56 389
57 60
57 79
57 82
57 83
57 103
57 141
57 158
57 171
57 192
57 198
57 203
57 226
57 228
57 231
57 238
57 253
57 308
57 355
57 359
57 374
57 388
58 88
58 108
58 120
58 121
58 124
58 172
58 218
58 220
58 236
58 243
58 256
58 257
58 267
58 299
58 313
58 323
58 331
58 363
58 366
58 372
58 388
59 70
59 148
59 158
59 166
59 168
59 182
59 191
59 192
59 199
59 222
59 226
59 248
59 255
59 262
59 288
59 297
59 313
59 337
59 338
59 344
59 365
59 366
59 394
60 91
60 117
60 136
60 138
60 139
60 177
60 203
60 210
60 213
60 223
60 235
60 245
60 246
60 271
60 272
60 287
60 320
60 326
60 359
60 360
60 362
60 370
60 385
61 128
61 132
61 139
61 148
61 151
61 182
61 183
61 185
61 187
61 226
61 244
61 274
61 294
61 342
61 347
61 368
61 382
61 394
61 396
62 84
62 109
62 133
62 136
62 181
62 247
62 266
62 279
62 283
62 289
62 333
62 358
62 376
62 393
63 96
63 116
63 154
63 172
63 199
63 211
63 234
63 245
63 250
63 272
63 282
63 308
63 320
63 343
63 362
63 379
63 384
63 392
64 91
64 127
64 173
64 176
64 201
64 215
64 240
64 247
64 274
64 306
64 308
64 317
64 350
64 355
64 356
64 363
64 371
64 375
64 378
64 382
64 387
64 395
64 396
65 76
65 136
65 170
65 175
65 187
65 213
65 220
65 227
65 252
65 277
65 302
65 349
65 386
66 70
66 85
66 115
66 148
66 172
66 176
66 185
66 196
66 207
66 228
66 235
66 243
66 244
66 249
66 250
66 262
66 281
66 316
66 318
66 320
66 383
67 68
67 70
67 83
67 99
67 119
67 152
67 153
67 169
67 180
67 187
67 193
67 195
67 217
67 240
67 260
67 263
67 293
67 297
67 304
67 311
67 315
67 323
67 385
67 398
67 399
68 73
68 85
68 94
68 107
68 144
68 160
68 163
68 187
68 191
68 195
68 205
68 210
68 219
68 253
68 262
68 300
68 307
68 316
68 325
68 345
68 373
69 86
69 104
69 129
69 148
69 162
69 186
69 187
69 220
69 227
69 240
69 327
69 346
69 360
69 373
69 382
70 78
70 107
70 122
70 170
70 189
70 214
70 228
70 236
70 257
70 274
70 279
70 344
70 346
70 360
70 395
71 74
71 91
71 107
71 130
71 175
71 179
71 180
71 188
71 213
71 214
71 249
71 250
71 261
71 265
71 283
71 315
71 318
71 329
71 346
71 359
71 373
71 374
71 389
72 85
72 98
72 102
72 115
72 124
72 133
72 149
72 158
72 244
72 248
72 251
72 261
72 321
72 358
72 370
72 378
72 380
72 383
73 79
73 97
73 118
73 126
73 129
73 138
73 177
73 185
73 186
73 199
73 237
73 254
73 347
73 363
73 367
73 374
73 390
74 89
74 100
74 112
74 168
74 217
74 221
74 249
74 266
74 267
74 290
74 292
74 301
74 302
74 313
74 347
74 359
74 378
74 397
75 106
75 134
75 141
75 142
75 149
75 158
75 208
75 224
75 228
75 230
75 249
75 255
75 260
75 261
75 278
75 280
75 317
75 335
75 336
75 339
75 347
75 380
75 387
75 398
76 86
76 127
76 137
76 174
76 193
76 245
76 252
76 257
76 285
76 294
76 298
76 300
76 305
76 316
76 329
77 96
77 104
77 128
77 141
77 148
77 184
77 223
77 228
77 284
77 312
77 317
77 362
77 363
77 394
77 396
78 81
78 89
78 93
78 147
78 165
78 183
78 271
78 306
78 323
78 340
78 356
78 379
78 398
79 84
79 127
79 163
79 165
79 208
79 218
79 227
79 251
79 297
79 328
79 360
79 370
79 374
79 382
79 391
80 103
80 107
80 138
80 143
80 180
80 215
80 232
80 245
80 268
80 335
80 345
80 354
80 374
80 376
80 393
81 119
81 157
81 162
81 185
81 197
81 198
81 235
81 245
81 272
81 296
81 306
81 342
81 366
81 374
81 381
81 388
82 91
82 102
82 105
82 120
82 125
82 156
82 169
82 201
82 207
82 216
82 272
82 289
82 300
82 305
82 321
82 356
82 376
82 379
82 386
82 391
83 87
83 98
83 102
83 104
83 117
83 125
83 137
83 153
83 159
83 168
83 171
83 175
83 202
83 216
83 232
83 238
83 264
83 266
83 306
83 307
83 323
83 327
83 331
83 370
83 382
83 387
83 390
84 93
84 126
84 158
84 207
84 209
84 212
84 229
84 243
84 245
84 249
84 250
84 251
84 254
84 261
84 267
84 268
84 293
84 301
84 316
84 324
84 333
84 348
84 361
84 382
85 89
85 100
85 122
85 132
85 151
85 172
85 219
85 224
85 225
85 227
85 240
85 242
85 292
85 294
85 314
85 315
85 338
85 340
85 345
85 354
86 109
86 126
86 127
86 137
86 139
86 151
86 161
86 195
86 200
86 215
86 220
86 224
86 241
86 263
86 274
86 307
86 343
86 351
86 368
86 380
86 381
86 399
87 95
87 102
87 107
87 109
87 111
87 118
87 132
87 137
87 164
87 167
87 189
87 190
87 209
87 211
87 213
87 233
87 241
87 261
87 282
87 286
87 299
87 302
87 322
87 325
87 330
87 337
87 343
87 347
87 366
87 369
87 371
87 398
88 92
88 109
88 112
88 122
88 124
88 150
88 197
88 199
88 203
88 205
88 206
88 213
88 233
88 257
88 258
88 272
88 274
88 283
88 307
88 308
88 326
88 343
88 347
88 353
88 366
88 388
88 392
88 393
89 92
89 93
89 106
89 112
89 135
89 142
89 162
89 191
89 198
89 212
89 225
89 232
89 235
89 241
89 287
89 327
89 347
89 355
89 386
90 96
90 106
90 113
90 117
90 136
90 156
90 158
90 192
90 199
90 206
90 250
90 263
90 285
90 294
90 320
90 322
90 335
90 337
90 354
90 359
90 374
90 399
91 92
91 94
91 126
91 144
91 156
91 188
91 195
91 198
91 209
91 219
91 239
91 246
91 247
91 250
91 256
91 268
91 272
91 297
91 309
91 311
91 313
91 392
92 98
92 105
92 109
92 115
92 120
92 128
92 131
92 133
92 144
92 153
92 192
92 204
92 221
92 239
92 241
92 284
92 312
92 333
92 343
92 344
92 366
92 376
92 398
93 94
93 110
93 117
93 123
93 133
93 183
93 184
93 189
93 226
93 228
93 259
93 275
93 278
93 312
93 314
93 352
93 373
93 382
93 392
94 107
94 113
94 139
94 148
94 163
94 182
94 190
94 193
94 207
94 219
94 231
94 273
94 291
94 292
94 303
94 327
94 337
94 351
94 357
94 360
94 393
94 395
95 101
95 105
95 113
95 134
95 142
95 147
95 161
95 173
95 203
95 216
95 223
95 232
95 246
95 248
95 258
95 270
95 272
95 276
95 351
95 355
95 381
96 112
96 148
96 152
96 154
96 165
96 166
96 179
96 181
96 228
96 250
96 259
96 302
96 312
96 331
96 369
96 370
96 382
96 389
97 99
97 108
97 118
97 137
97 175
97 180
97 184
97 185
97 204
97 208
97 244
97 271
97 281
97 308
97 328
97 341
97 354
97 391
98 122
98 129
98 134
98 176
98 217
98 226
98 259
98 301
98 323
98 328
98 343
98 344
98 399
99 105
99 122
99 178
99 187
99 210
99 230
99 237
99 261
99 273
99 278
99 294
99 337
99 340
99 347
99 389
100 118
100 120
100 142
100 163
100 220
100 222
100 228
100 265
100 268
100 289
100 304
100 306
100 320
100 323
100 324
100 326
100 342
100 389
100 398
101 111
101 153
101 166
101 217
101 224
101 266
101 317
101 326
101 329
101 336
101 340
101 357
101 367
101 371
102 134
102 136
102 178
102 190
102 194
102 207
102 229
102 255
102 264
102 268
102 301
102 322
102 329
102 336
102 339
102 342
102 376
103 113
103 116
103 135
103 137
103 169
103 190
103 203
103 226
103 227
103 293
103 319
103 324
103 327
103 342
103 351
103 358
103 363
103 380
103 384
103 385
104 120
104 161
104 163
104 173
104 178
104 199
104 211
104 245
104 250
104 274
104 307
104 309
104 325
104 328
104 342
104 350
104 373
104 393
104 399
105 121
105 125
105 129
105 157
105 216
105 236
105 241
105 248
105 261
105 267
105 296
105 323
105 332
105 340
105 363
105 369
105 376
105 384
106 111
106 132
106 159
106 181
106 185
106 198
106 242
106 262
106 265
106 287
106 290
106 308
106 314
106 319
106 321
106 322
106 327
106 331
106 337
106 387
106 388
107 140
107 168
107 175
107 191
107 242
107 253
107 261
107 271
107 275
107 288
107 311
107 312
107 317
107 336
107 345
107 359
108 152
108 167
108 177
108 192
108 230
108 234
108 238
108 263
108 266
108 302
108 310
108 313
108 331
108 344
108 348
109 110
109 118
109 138
109 147
109 150
109 187
109 195
109 216
109 232
109 243
109 257
109 277
109 306
109 355
109 386
109 393
110 116
110 127
110 134
110 143
110 155
110 163
110 194
110 223
110 246
110 290
110 323
110 340
110 342
110 344
110 358
110 364
110 381
110 382
111 115
111 137
111 146
111 186
111 189
111 191
111 200
111 254
111 257
111 267
111 313
111 325
111 335
111 349
111 363
111 377
111 385
111 386
112 116
112 117
112 151
112 205
112 235
112 236
112 245
112 267
112 288
112 303
112 319
112 324
112 345
112 351
112 361
113 146
113 169
113 200
113 202
113 287
113 307
113 313
113 319
113 329
113 334
113 343
113 391
114 123
114 128
114 133
114 134
114 162
114 192
114 193
114 201
114 215
114 219
114 224
114 261
114 271
114 280
114 282
114 303
114 316
114 344
114 351
114 389
114 395
115 128
115 130
115 164
115 169
115 175
115 186
115 198
115 201
115 212
115 228
115 230
115 246
115 263
115 285
115 291
115 303
115 304
115 321
115 379
115 388
115 396
116 136
116 147
116 181
116 192
116 211
116 239
116 250
116 264
116 267
116 290
116 292
116 303
116 331
116 334
116 344
116 351
116 355
116 371
116 389
117 119
117 125
117 153
117 159
117 168
117 174
117 179
117 184
117 207
117 231
117 255
117 347
117 359
117 369
117 376
118 133
118 135
118 148
118 149
118 174
118 189
118 228
118 243
118 262
118 286
118 287
118 289
118 314
118 347
118 371
118 378
118 390
119 133
119 135
119 136
119 138
119 157
119 165
119 180
119 182
119 192
119 224
119 270
119 295
119 330
119 337
119 357
119 358
119 392
120 135
120 138
120 159
120 194
120 202
120 210
120 214
120 232
120 252
120 281
120 285
120 340
120 346
120 376
120 383
120 399
121 150
121 181
121 199
121 214
121 237
121 248
121 260
121 276
121 297
121 342
121 371
121 380
121 384
121 389
121 393
122 132
122 134
122 168
122 169
122 200
122 215
122 226
122 230
122 231
122 252
122 258
122 260
122 262
122 306
122 344
122 370
122 396
123 125
123 128
123 152
123 154
123 157
123 208
123 215
123 218
123 226
123 229
123 251
123 257
123 320
123 330
123 359
124 126
124 152
124 169
124 178
124 187
124 203
124 227
124 237
124 320
124 321
124 327
124 328
124 335
124 346
124 372
124 394
125 133
125 163
125 173
125 253
125 258
125 286
125 292
125 294
125 306
125 320
125 330
125 369
125 382
126 158
126 178
126 184
126 195
126 207
126 211
126 215
126 220
126 230
126 264
126 308
126 330
126 334
126 354
126 365
127 137
127 173
127 194
127 207
127 221
127 247
127 266
127 335
127 336
127 337
127 347
127 357
127 365
127 382
128 129
128 134
128 163
128 172
128 259
128 260
128 267
128 289
128 294
128 356
128 359
128 362
128 366
129 139
129 159
129 203
129 209
129 227
129 246
129 265
129 270
129 285
129 320
129 331
129 388
130 183
130 226
130 243
130 244
130 280
130 290
130 301
130 302
130 346
130 369
130 390
131 138
131 155
131 164
131 176
131 231
131 245
131 260
131 264
131 298
131 302
131 324
131 327
131 328
131 367
131 374
131 384
131 399
132 148
132 154
132 175
132 184
132 201
132 260
132 265
132 270
132 321
132 325
132 328
132 357
133 152
133 172
133 199
133 212
133 234
133 246
133 273
133 287
133 312
133 335
133 339
133 367
133 375
133 380
133 391
134 144
134 153
134 170
134 176
134 183
134 196
134 198
134 262
134 263
134 291
134 295
134 320
134 321
134 357
135 164
135 206
135 246
135 269
135 294
135 301
135 323
135 338
135 394
136 151
136 161
136 185
136 189
136 235
136 261
136 274
136 280
136 282
136 345
136 348
136 374
136 381
137 155
137 164
137 167
137 168
137 174
137 183
137 191
137 193
137 202
137 204
137 229
137 291
137 294
137 296
137 301
137 303
137 322
137 334
137 344
137 345
137 353
137 354
137 359
137 373
137 386
137 391
137 393
138 166
138 171
138 173
138 174
138 196
138 204
138 205
138 214
138 240
138 263
138 281
138 283
138 298
138 346
138 347
138 356
138 376
139 164
139 194
139 204
139 266
139 268
139 273
139 312
139 314
139 318
139 319
140 151
140 154
140 155
140 167
140 168
140 176
140 188
140 190
140 218
140 228
140 255
140 275
140 310
140 329
140 342
140 347
140 373
140 382
141 159
141 162
141 164
141 178
141 190
141 210
141 222
141 227
141 257
141 277
141 317
141 324
141 337
141 348
142 182
142 187
142 207
142 225
142 248
142 272
142 298
142 318
142 358
142 371
142 392
142 395
143 148
143 176
143 182
143 207
143 242
143 247
143 248
143 263
143 285
143 298
143 308
143 313
143 319
143 364
144 176
144 187
144 197
144 219
144 239
144 259
144 279
144 339
144 358
144 378
144 388
145 187
145 191
145 202
145 207
145 214
145 225
145 234
145 245
145 256
145 262
145 264
145 276
145 283
145 285
145 334
145 362
145 384
145 388
145 392
146 149
146 166
146 171
146 180
146 192
146 198
146 218
146 250
146 252
146 325
146 342
146 343
146 357
146 370
146 378
146 379
146 381
147 152
147 166
147 168
147 177
147 214
147 234
147 236
147 242
147 250
147 254
147 268
147 300
147 357
147 364
147 380
147 394
148 163
148 165
148 178
148 182
148 199
148 239
148 246
148 251
148 315
148 321
148 336
148 379
148 390
148 394
149 177
149 180
149 204
149 230
149 233
149 255
149 293
149 303
149 307
149 336
149 348
149 382
149 393
150 176
150 193
150 212
150 232
150 268
150 269
150 281
150 289
150 298
150 317
150 321
150 338
150 344
150 350
150 353
150 363
150 396
150 398
151 162
151 169
151 177
151 199
151 238
151 255
151 266
151 277
151 316
151 319
151 327
151 341
151 348
151 364
151 399
152 177
152 191
152 205
152 230
152 232
152 233
152 283
152 296
152 339
152 364
152 372
153 183
153 209
153 210
153 212
153 216
153 235
153 245
153 247
153 324
153 339
153 352
153 367
153 381
153 385
153 394
153 396
154 185
154 190
154 220
154 226
154 243
154 270
154 318
154 333
154 344
154 352
154 358
154 359
154 370
154 385
154 391
155 156
155 160
155 178
155 180
155 194
155 214
155 215
155 218
155 222
155 234
155 244
155 249
155 250
155 257
155 264
155 266
155 304
155 309
155 312
155 317
155 333
155 341
155 353
155 355
155 367
156 172
156 200
156 224
156 235
156 240
156 246
156 250
156 284
156 331
156 343
156 356
156 361
156 367
156 382
156 399
157 176
157 191
157 196
157 207
157 253
157 254
157 262
157 274
157 278
157 301
157 306
157 334
157 343
157 352
157 353
157 369
157 376
157 377
157 399
158 163
158 166
158 174
158 203
158 210
158 216
158 222
158 246
158 252
158 256
158 271
158 290
158 293
158 317
158 319
158 345
158 347
158 385
158 389
159 166
159 174
159 183
159 203
159 236
159 251
159 252
159 256
159 260
159 265
159 276
159 282
159 286
159 306
159 320
159 324
159 358
159 359
159 361
159 373
159 381
160 164
160 181
160 187
160 217
160 227
160 244
160 288
160 292
160 318
160 324
160 327
161 187
161 205
161 217
161 233
161 244
161 280
161 283
161 296
161 306
161 307
161 313
161 348
161 349
161 350
162 176
162 189
162 212
162 222
162 232
162 248
162 257
162 299
162 357
162 371
162 386
162 388
163 174
163 208
163 212
163 235
163 240
163 319
163 350
163 378
163 380
163 396
164 208
164 231
164 260
164 264
164 278
164 285
164 300
164 301
164 313
164 361
165 217
165 249
165 253
165 262
165 268
165 273
165 276
165 278
165 285
165 286
165 289
165 326
165 327
165 331
165 332
165 344
165 348
165 379
166 206
166 216
166 223
166 238
166 242
166 257
166 289
166 330
166 335
166 339
166 344
166 348
166 350
166 369
166 395
167 211
167 223
167 246
167 258
167 309
167 310
167 313
167 325
167 345
167 347
167 349
167 369
167 371
167 379
168 170
168 194
168 254
168 260
168 267
168 272
168 280
168 289
168 340
168 397
168 399
169 234
169 238
169 244
169 247
169 255
169 275
169 283
169 297
169 300
169 301
169 315
169 322
169 324
169 329
169 333
169 377
169 388
170 173
170 188
170 210
170 215
170 220
170 225
170 233
170 243
170 265
170 268
170 273
170 291
170 299
170 330
170 376
170 377
170 380
171 175
171 261
171 268
171 271
171 283
171 286
171 289
171 298
171 318
171 328
171 338
171 346
171 351
171 390
172 283
172 293
172 333
172 334
172 371
172 373
173 281
173 293
173 339
173 346
173 352
173 360
173 383
173 386
174 178
174 191
174 198
174 245
174 246
174 264
174 304
174 314
174 319
174 339
174 352
174 373
174 374
174 390
175 186
175 249
175 250
175 258
175 294
175 327
175 357
175 372
175 390
176 180
176 184
176 232
176 256
176 276
176 315
176 327
176 364
176 394
177 189
177 205
177 208
177 209
177 238
177 254
177 263
177 280
177 289
177 298
177 314
177 343
177 394
177 399
178 189
178 206
178 255
178 257
178 268
178 277
178 307
178 322
178 323
178 335
178 340
178 350
178 352
178 356
178 377
179 184
179 226
179 233
179 244
179 249
179 283
179 290
179 340
179 361
179 379
179 383
179 386
180 208
180 222
180 232
180 233
180 236
180 239
180 240
180 259
180 268
180 273
180 304
180 317
180 320
180 338
180 349
180 359
180 376
180 382
181 193
181 196
181 207
181 215
181 217
181 220
181 234
181 296
181 346
181 356
181 367
182 210
182 221
182 222
182 229
182 236
182 259
182 274
182 293
182 322
182 332
182 359
182 378
183 202
183 208
183 209
183 213
183 224
183 240
183 248
183 294
183 314
183 323
183 343
183 347
183 358
183 360
183 372
183 399
184 194
184 214
184 225
184 231
184 253
184 288
184 298
184 306
184 321
184 328
184 333
184 338
184 342
184 348
184 374
184 388
184 399
185 200
185 217
185 245
185 247
185 253
185 263
185 286
185 293
185 318
185 325
185 340
185 342
185 374
185 375
185 379
185 386
186 187
186 220
186 229
186 264
186 269
186 311
186 330
186 333
186 334
186 358
186 394
187 190
187 203
187 209
187 226
187 261
187 271
187 306
187 311
187 333
187 341
187 343
187 357
187 381
187 388
188 195
188 198
188 236
188 253
188 258
188 264
188 285
188 295
188 301
188 314
188 348
188 360
188 397
189 221
189 222
189 225
189 230
189 232
189 361
189 368
189 385
189 397
190 218
190 225
190 233
190 256
190 312
190 328
190 355
190 363
190 391
191 208
191 219
191 227
191 232
191 341
191 349
191 366
191 375
191 384
192 217
192 219
192 228
192 238
192 244
192 248
192 253
192 254
192 269
192 297
192 301
192 308
192 325
192 334
192 343
192 387
193 240
193 251
193 262
193 281
193 296
193 300
193 301
193 333
193 346
193 359
193 360
193 363
193 397
194 209
194 222
194 241
194 291
194 332
194 343
194 359
194 366
194 379
194 390
194 391
195 208
195 213
195 232
195 250
195 271
195 296
195 298
195 309
195 316
195 324
195 329
195 333
196 200
196 212
196 214
196 232
196 233
196 251
196 268
196 302
196 305
196 317
196 345
196 349
196 360
196 367
197 205
197 212
197 216
197 264
197 277
197 303
197 307
197 329
197 337
197 350
197 352
197 371
197 374
197 376
197 377
197 398
197 399
198 204
198 222
198 261
198 281
198 282
198 294
198 325
198 328
198 361
198 383
198 398
199 254
199 261
199 316
199 341
199 343
199 357
199 388
200 207
200 248
200 276
200 328
200 337
200 379
201 216
201 258
201 268
201 272
201 274
201 281
201 286
201 290
201 314
201 341
201 371
201 387
202 246
202 249
202 269
202 319
202 336
202 338
202 352
202 361
202 392
202 396
203 266
203 267
203 285
203 286
203 311
203 314
203 323
203 379
204 264
204 289
204 293
204 325
204 368
204 380
204 396
205 219
205 236
205 256
205 258
205 261
205 285
205 290
205 318
205 326
205 336
205 349
205 373
206 238
206 243
206 260
206 295
206 305
206 325
206 367
206 373
206 381
206 382
206 393
207 247
207 252
207 319
207 328
207 340
207 343
207 396
208 264
208 268
208 272
208 276
208 280
208 288
208 316
208 331
208 337
208 348
208 379
209 212
209 226
209 243
209 255
209 268
209 324
209 327
209 331
209 335
210 224
210 246
210 250
210 253
210 256
210 280
210 285
210 300
210 308
210 330
210 332
210 355
211 232
211 234
211 239
211 270
211 295
211 321
211 332
211 346
211 351
211 367
211 371
212 223
212 224
212 234
212 239
212 242
212 267
212 276
212 279
212 286
212 317
212 321
212 359
212 394
212 397
213 280
213 299
213 310
213 323
213 331
213 344
213 350
214 217
214 226
214 244
214 258
214 267
214 268
214 289
214 291
214 312
214 314
214 319
214 320
214 329
214 349
214 356
214 380
215 227
215 249
215 287
215 288
215 298
215 309
215 315
215 375
216 219
216 236
216 238
216 249
216 261
216 265
216 284
216 350
216 354
216 355
216 383
216 395
217 232
217 233
217 236
217 265
217 274
217 279
217 329
217 372
217 378
217 385
217 394
218 226
218 238
218 252
218 256
218 265
218 266
218 279
218 321
218 327
218 348
218 377
218 399
219 229
219 272
219 303
219 344
219 368
219 370
220 226
220 264
220 312
220 339
220 366
220 379
220 387
221 264
221 292
221 313
221 319
221 328
221 380
222 242
222 257
222 263
222 277
222 308
222 334
222 373
223 225
223 271
223 286
223 309
223 367
224 255
224 260
224 282
224 306
224 312
224 326
224 327
224 330
224 377
224 378
224 388
224 394
225 232
225 242
225 243
225 255
225 259
225 267
225 277
225 281
225 301
225 305
225 315
225 322
225 342
225 354
225 374
225 375
225 391
225 394
226 229
226 266
226 275
226 277
226 283
226 293
226 320
226 341
226 355
227 244
227 251
227 259
227 281
227 306
227 331
227 335
227 336
228 248
228 283
228 284
228 285
228 304
228 320
228 339
228 361
228 364
228 375
228 377
229 246
229 265
229 281
229 287
229 316
229 326
229 349
229 357
229 371
229 398
230 254
230 264
230 274
230 298
230 321
230 323
230 395
230 398
231 240
231 249
231 261
231 279
231 284
231 293
231 326
231 379
232 280
232 305
232 321
232 340
232 356
233 239
233 240
233 275
233 298
233 312
233 360
233 369
233 377
233 382
233 388
233 394
234 247
234 248
234 253
234 258
234 285
234 294
234 301
234 309
234 325
234 356
234 364
234 393
234 395
235 249
235 279
235 298
235 316
235 325
235 328
235 329
235 344
235 347
235 349
235 354
235 358
235 387
235 394
236 241
236 245
236 269
236 283
236 324
236 342
236 343
236 350
236 352
237 244
237 247
237 249
237 263
237 265
237 275
237 305
237 309
237 326
237 339
237 363
237 385
238 278
238 282
238 287
238 295
238 351
238 357
239 248
239 256
239 266
239 271
239 274
239 275
239 285
239 320
239 363
239 384
240 277
240 293
240 302
240 315
240 325
240 344
240 357
240 379
240 398
241 263
241 271
241 281
241 329
241 343
241 363
241 369
241 376
241 378
241 395
241 397
242 251
242 262
242 308
242 330
242 334
242 339
242 350
242 379
242 380
242 386
242 393
242 394
242 395
243 251
243 291
243 296
243 303
243 322
243 352
243 363
243 372
243 389
243 397
244 262
244 271
244 277
244 279
244 295
244 307
244 323
244 357
244 382
244 390
245 259
245 269
245 286
245 316
245 349
246 255
246 276
246 284
246 296
246 328
246 333
246 336
246 337
246 355
246 372
246 384
247 251
247 253
247 256
247 257
247 280
247 305
247 334
247 343
247 346
247 348
247 354
247 397
248 264
248 295
248 296
248 342
248 360
248 363
248 388
248 389
249 255
249 282
249 375
250 253
250 267
250 268
250 313
250 326
250 354
250 373
250 380
250 386
250 398
251 271
251 290
251 293
251 296
251 308
251 379
251 381
251 382
251 383
251 385
252 279
252 284
252 290
252 329
252 330
252 336
252 365
252 366
252 398
253 259
253 275
253 276
253 280
253 297
253 311
253 327
253 344
253 349
253 367
254 301
254 331
254 335
254 374
254 394
255 262
255 276
255 339
255 345
255 348
255 372
255 382
256 262
256 271
256 273
256 281
256 295
256 322
256 351
257 261
257 266
257 270
257 271
257 278
257 279
257 284
257 287
257 315
257 331
257 355
258 260
258 312
258 339
258 342
258 348
258 360
258 396
259 262
259 272
259 283
259 301
259 309
259 324
259 343
259 348
259 358
259 377
259 389
260 271
260 299
260 305
260 338
260 343
260 347
260 354
260 369
260 372
260 394
261 263
261 265
261 298
261 319
261 324
261 330
261 369
261 379
261 391
261 394
262 300
262 309
262 310
262 313
262 318
262 328
262 340
262 348
263 290
263 294
263 311
263 332
263 335
263 343
263 361
263 372
263 374
264 269
264 284
264 287
264 288
264 291
264 312
264 314
264 339
264 345
264 354
264 371
264 377
264 378
264 393
265 290
265 293
265 316
265 344
265 379
266 271
266 276
266 323
266 331
266 366
266 393
267 271
267 276
267 338
267 391
268 325
268 331
268 351
269 273
269 284
269 335
269 343
269 377
270 274
270 275
270 279
270 285
270 290
270 292
270 304
270 331
270 332
270 361
270 399
271 283
271 287
271 291
271 300
271 324
271 339
271 342
271 362
271 391
271 396
272 292
272 311
272 343
272 376
273 274
273 275
273 287
273 311
273 319
273 333
273 337
273 346
273 365
273 378
273 379
274 290
274 296
274 299
274 301
274 307
274 316
274 327
274 350
274 358
274 373
274 376
275 310
275 311
275 358
275 369
275 384
275 386
276 281
276 316
276 343
276 344
276 367
276 368
276 378
277 287
277 307
277 319
277 335
277 364
278 282
278 286
278 292
278 303
278 315
278 324
278 337
278 342
278 390
278 396
279 280
279 281
279 319
279 328
279 352
279 354
279 362
279 383
279 394
280 288
280 292
280 297
280 301
280 318
280 327
280 328
280 344
280 367
280 379
280 382
280 386
281 283
281 287
281 304
281 315
281 333
281 366
281 391
282 283
282 290
282 307
282 312
282 322
282 327
282 389
282 397
283 284
283 325
283 332
283 359
283 377
283 386
283 398
284 291
284 319
284 324
284 332
284 341
284 345
284 351
284 355
284 366
284 367
284 369
284 383
285 297
285 306
285 330
285 335
285 351
285 364
285 390
286 291
286 296
286 314
286 315
286 320
286 322
286 325
286 339
286 342
286 344
286 362
286 374
287 290
287 314
287 316
287 320
287 338
287 363
288 306
288 321
288 353
288 362
289 320
289 322
289 346
289 394
290 323
290 329
290 340
290 355
290 383
291 304
291 308
291 320
291 321
291 355
291 366
291 372
291 379
292 324
292 351
292 378
293 294
293 302
293 318
293 347
293 353
293 372
293 378
293 390
294 313
294 319
294 328
294 337
294 359
294 392
295 300
295 304
295 313
295 345
295 377
296 340
296 349
296 354
296 371
296 398
297 299
297 301
297 327
297 353
298 314
298 315
298 343
298 347
298 383
299 314
299 320
299 350
299 360
300 306
300 316
300 317
300 329
300 340
300 350
300 368
300 387
300 397
301 313
301 351
301 357
301 375
301 390
301 394
302 313
302 329
302 333
302 354
302 356
302 387
303 308
303 342
303 355
303 364
303 377
303 386
303 393
303 397
304 306
304 350
304 362
304 364
304 382
304 395
304 399
305 325
305 337
305 338
305 348
305 357
305 370
306 308
306 310
306 322
306 329
306 335
306 338
306 353
306 375
306 389
307 311
307 321
307 326
307 366
307 388
307 390
307 391
307 398
308 335
308 345
308 359
308 367
308 375
308 378
308 398
309 334
309 335
309 339
309 348
309 352
309 396
309 398
310 321
310 339
310 353
310 357
310 358
311 315
311 390
311 394
312 313
312 323
312 351
313 330
313 341
313 354
313 356
313 365
313 369
313 370
313 396
314 365
314 371
314 378
314 379
315 330
315 359
315 371
315 376
316 321
316 335
316 350
316 359
316 375
316 382
316 386
316 390
317 330
317 335
317 345
317 379
317 381
317 386
317 394
318 330
318 336
318 383
318 384
318 389
318 392
319 331
319 340
319 356
319 377
319 380
320 336
320 342
320 351
320 365
320 370
320 371
320 385
321 327
321 349
321 353
321 387
321 393
322 326
322 342
322 343
322 350
322 389
323 331
323 334
323 335
323 338
323 341
323 348
324 332
324 346
324 358
325 369
325 373
325 376
325 386
325 390
326 328
326 335
326 353
326 354
326 360
326 364
326 387
327 328
327 341
327 348
327 365
327 367
328 336
328 348
328 387
328 390
329 336
329 340
329 344
329 351
329 366
330 335
330 342
330 344
330 350
330 358
330 388
331 332
331 341
331 348
331 363
331 377
331 380
332 336
332 338
332 346
332 360
332 367
333 365
333 383
333 396
334 356
334 362
334 364
334 384
335 361
335 364
335 388
336 344
336 351
336 356
336 382
336 384
336 396
337 378
337 384
337 385
338 365
338 369
338 378
338 394
339 358
339 364
339 365
339 366
339 376
340 356
340 374
340 386
340 387
340 393
342 358
342 359
342 386
342 389
343 349
343 353
343 361
343 364
343 372
343 383
343 394
343 396
344 368
344 382
344 393
344 398
345 395
346 379
346 388
347 363
348 356
348 361
348 362
350 359
350 360
350 361
351 356
351 368
351 379
353 360
353 367
353 382
353 387
353 388
354 363
354 384
355 363
355 393
356 361
356 372
356 375
356 379
356 389
357 364
357 370
357 384
357 394
358 360
358 375
359 381
359 385
359 388
359 399
360 365
360 374
361 380
362 382
362 385
362 389
363 367
364 375
365 374
365 377
365 379
365 382
365 387
365 398
366 367
366 368
367 375
368 373
368 383
368 384
368 386
368 390
368 398
369 385
370 380
372 380
372 387
372 396
373 387
375 399
377 395
380 383
381 393
382 390
382 394
383 385
384 392
384 396
385 389
385 390
385 395
390 392
394 396
395 396
