300 2661 0.8
0 4
0 22
0 85
0 107
0 109
0 134
0 138
0 160
0 165
0 201
0 202
0 207
0 223
0 259
1 60
1 95
1 103
1 131
1 135
1 141
1 154
1 184
1 194
1 195
1 215
1 224
1 237
1 266
1 277
1 288
2 26
2 33
2 41
2 47
2 50
2 58
2 59
2 92
2 94
2 97
2 112
2 139
2 145
2 147
2 152
2 178
2 190
3 4
3 28
3 30
3 36
3 89
3 104
3 117
3 133
3 160
3 164
3 165
3 177
3 202
3 203
3 205
3 210
3 215
3 224
3 232
3 238
3 242
3 247
3 249
3 260
4 17
4 48
4 56
4 61
4 67
4 99
4 105
4 121
4 156
4 177
4 182
4 208
4 210
4 273
4 292
5 8
5 16
5 45
5 46
5 49
5 50
5 60
5 61
5 64
5 71
5 81
5 86
5 100
5 125
5 128
5 140
5 149
5 155
5 160
5 168
5 169
5 173
5 180
5 181
5 183
5 206
5 247
5 264
5 287
5 291
5 293
5 297
5 299
6 40
6 69
6 76
6 97
6 111
6 133
6 149
6 160
6 175
6 179
6 184
6 196
6 197
6 212
6 227
6 229
6 251
6 262
6 285
6 288
7 14
7 40
7 55
7 74
7 112
7 119
7 120
7 199
7 249
7 266
7 273
7 279
7 295
8 32
8 34
8 43
8 50
8 54
8 63
8 66
8 81
8 89
8 135
8 148
8 168
8 190
8 198
8 229
8 231
8 243
8 267
8 287
9 16
9 30
9 41
9 47
9 51
9 55
9 66
9 74
9 75
9 77
9 87
9 138
9 146
9 149
9 189
9 196
9 199
9 222
9 277
9 288
10 40
10 60
10 68
10 109
10 134
10 178
10 184
10 187
10 188
10 200
10 238
10 241
10 258
10 264
10 268
10 271
10 299
11 44
11 57
11 79
11 93
11 125
11 139
11 148
11 150
11 154
11 156
11 162
11 165
11 168
11 182
11 205
11 211
11 219
11 222
11 225
11 244
11 256
11 274
11 285
12 17
12 20
12 62
12 68
12 71
12 91
12 107
12 118
12 138
12 193
12 196
12 208
12 215
12 217
12 221
12 224
12 225
12 255
12 293
13 19
13 23
13 34
13 39
13 40
13 47
13 48
13 110
13 113
13 123
13 126
13 128
13 142
13 145
13 161
13 162
13 189
13 194
13 199
13 203
13 235
13 250
13 274
14 31
14 103
14 174
14 175
14 206
14 237
14 246
14 256
14 257
14 262
14 265
14 281
15 61
15 65
15 79
15 95
15 104
15 106
15 122
15 126
15 137
15 167
15 190
15 196
15 200
15 258
15 264
15 285
15 293
15 296
16 29
16 37
16 38
16 55
16 85
16 138
16 146
16 212
16 230
16 233
16 236
16 268
17 32
17 77
17 84
17 108
17 130
17 164
17 178
17 210
17 224
17 244
17 249
18 24
18 25
18 45
18 57
18 66
18 67
18 78
18 105
18 108
18 112
18 116
18 118
18 131
18 139
18 156
18 183
18 199
18 251
18 259
18 262
18 263
18 287
19 25
19 99
19 105
19 127
19 145
19 147
19 206
19 217
19 223
19 240
19 258
19 268
19 277
19 284
19 287
19 293
20 48
20 51
20 75
20 93
20 122
20 124
20 132
20 158
20 190
20 202
20 223
20 240
20 243
20 269
20 279
20 289
20 291
21 25
21 60
21 68
21 81
21 103
21 122
21 170
21 186
21 193
21 286
21 288
22 70
22 80
22 87
22 117
22 120
22 129
22 175
22 201
22 203
22 228
22 288
23 41
23 53
23 61
23 87
23 99
23 101
23 126
23 136
23 148
23 178
23 184
23 186
23 198
23 215
23 220
23 224
23 276
23 282
24 51
24 80
24 82
24 102
24 103
24 113
24 121
24 128
24 133
24 139
24 202
24 238
24 242
24 246
24 260
24 264
24 295
24 297
25 39
25 41
25 51
25 62
25 64
25 81
25 90
25 95
25 97
25 99
25 103
25 113
25 134
25 141
25 187
25 194
25 232
25 239
25 254
25 260
25 263
25 275
25 285
25 294
26 123
26 146
26 157
26 165
26 166
26 175
26 182
26 205
26 264
27 45
27 76
27 80
27 97
27 116
27 141
27 157
27 161
27 174
27 196
27 205
27 214
27 224
27 289
28 60
28 181
28 216
28 246
28 252
28 272
28 285
28 299
29 44
29 69
29 84
29 90
29 111
29 124
29 138
29 171
29 193
29 195
29 208
29 211
29 212
29 233
29 273
29 281
29 290
29 292
30 42
30 69
30 86
30 103
30 105
30 132
30 149
30 160
30 168
30 186
30 211
30 217
30 231
30 236
30 249
30 251
30 282
31 92
31 94
31 104
31 106
31 144
31 145
31 190
31 219
31 240
31 245
31 256
31 298
32 36
32 37
32 78
32 90
32 130
32 131
32 239
32 246
32 252
32 278
32 292
33 46
33 73
33 81
33 90
33 105
33 121
33 131
33 132
33 133
33 139
33 141
33 171
33 181
33 184
33 191
33 212
33 274
33 291
33 293
34 37
34 38
34 50
34 94
34 128
34 161
34 176
34 178
34 179
34 197
34 208
34 214
34 226
34 237
34 245
34 252
34 297
35 52
35 64
35 78
35 81
35 95
35 105
35 138
35 140
35 145
35 159
35 168
35 180
35 222
35 228
35 239
35 250
35 278
35 279
35 291
35 293
36 48
36 74
36 77
36 92
36 116
36 200
36 220
36 224
36 243
36 262
36 270
36 280
36 293
36 295
36 299
37 47
37 52
37 61
37 106
37 107
37 113
37 119
37 137
37 177
37 180
37 190
37 209
37 213
37 241
37 275
38 87
38 130
38 139
38 140
38 146
38 152
38 178
38 214
38 220
38 221
38 224
38 226
38 259
38 265
38 298
39 40
39 70
39 72
39 98
39 106
39 112
39 125
39 126
39 127
39 136
39 140
39 141
39 171
39 182
39 188
39 220
39 265
40 51
40 58
40 81
40 99
40 107
40 121
40 145
40 260
40 281
40 294
41 61
41 68
41 84
41 85
41 110
41 161
41 172
41 238
41 263
41 269
41 279
42 61
42 68
42 85
42 124
42 197
42 212
42 277
42 280
43 44
43 62
43 65
43 87
43 98
43 153
43 164
43 191
43 203
43 238
43 241
43 242
43 243
43 264
44 72
44 123
44 139
44 154
44 155
44 196
44 208
44 209
44 213
44 216
45 49
45 84
45 85
45 95
45 99
45 102
45 110
45 122
45 127
45 134
45 189
45 191
45 201
45 205
45 220
45 237
45 277
46 48
46 58
46 75
46 150
46 159
46 197
46 214
46 222
47 60
47 73
47 91
47 105
47 108
47 124
47 135
47 160
47 172
47 198
47 212
47 227
47 232
47 239
47 275
48 57
48 87
48 92
48 116
48 118
48 129
48 135
48 141
48 165
48 168
48 179
48 188
48 231
48 246
48 260
48 273
48 296
49 66
49 89
49 90
49 100
49 112
49 119
49 120
49 128
49 129
49 166
49 172
49 173
49 180
49 182
49 195
49 207
49 216
49 282
50 57
50 66
50 67
50 82
50 108
50 113
50 137
50 140
50 168
50 182
50 184
50 187
50 234
50 261
51 71
51 88
51 95
51 100
51 112
51 132
51 136
51 140
51 142
51 157
51 162
51 163
51 207
51 219
51 253
51 256
51 268
51 270
51 283
52 72
52 85
52 96
52 104
52 129
52 150
52 157
52 184
52 202
52 208
52 209
52 216
52 218
52 223
52 241
52 245
52 250
52 251
52 252
52 272
52 297
53 95
53 97
53 104
53 109
53 145
53 154
53 187
53 218
53 223
53 234
53 245
53 246
53 251
53 257
53 270
53 274
53 275
53 276
53 278
54 118
54 147
54 164
54 178
54 187
54 190
54 199
54 222
54 225
55 56
55 71
55 74
55 106
55 125
55 145
55 147
55 185
55 196
55 209
55 239
55 245
55 252
55 259
55 274
55 278
56 70
56 118
56 123
56 155
56 181
56 216
56 222
56 236
56 246
56 263
57 126
57 133
57 148
57 163
57 184
57 194
57 242
57 277
58 70
58 76
58 82
58 91
58 111
58 141
58 177
58 181
58 203
58 225
58 243
58 244
58 256
58 263
58 265
58 272
58 274
59 67
59 75
59 77
59 136
59 141
59 146
59 148
59 171
59 174
59 195
59 207
59 226
59 266
60 64
60 79
60 100
60 109
60 120
60 139
60 140
60 159
60 160
60 165
60 167
60 198
60 200
60 236
60 291
61 103
61 115
61 131
61 132
61 156
61 181
61 210
61 223
61 227
61 228
61 230
61 244
61 267
61 269
61 287
62 70
62 125
62 153
62 163
62 187
62 202
62 203
62 212
62 213
62 232
62 246
62 264
62 271
62 276
62 299
63 65
63 72
63 73
63 97
63 115
63 126
63 144
63 150
63 162
63 176
63 235
63 237
63 248
63 272
63 273
63 289
63 297
64 71
64 107
64 112
64 144
64 148
64 149
64 150
64 198
64 216
64 217
64 259
65 73
65 78
65 94
65 98
65 101
65 123
65 126
65 134
65 139
65 156
65 185
65 188
65 192
65 228
65 247
65 270
65 271
65 277
66 75
66 110
66 112
66 129
66 132
66 140
66 154
66 168
66 191
66 198
66 253
67 75
67 95
67 106
67 116
67 120
67 124
67 130
67 135
67 218
67 244
67 246
67 287
68 69
68 81
68 108
68 151
68 170
68 172
68 186
68 195
68 196
68 224
68 261
68 273
68 278
69 75
69 98
69 123
69 124
69 143
69 178
69 193
69 226
69 243
69 246
69 247
69 251
69 285
70 73
70 94
70 116
70 136
70 178
70 217
70 218
70 226
70 229
70 242
71 73
71 75
71 102
71 143
71 179
71 198
71 215
71 216
71 253
72 97
72 120
72 143
72 166
72 189
72 194
72 207
72 213
72 232
72 236
72 240
72 251
72 262
72 291
73 98
73 148
73 215
73 220
73 221
73 225
73 261
73 262
73 267
73 291
74 79
74 82
74 89
74 107
74 119
74 127
74 131
74 185
74 208
74 214
74 252
74 276
74 288
74 293
74 294
75 78
75 111
75 123
75 131
75 157
75 160
75 169
75 194
75 233
75 295
76 80
76 129
76 148
76 151
76 167
76 170
76 174
76 190
76 205
76 212
76 217
76 223
76 224
76 239
76 264
77 128
77 149
77 169
77 175
77 196
77 227
77 228
77 230
78 84
78 107
78 145
78 153
78 182
78 187
78 200
78 209
78 227
78 229
78 238
78 260
78 270
79 80
79 126
79 127
79 130
79 138
79 156
79 158
79 171
79 198
79 204
79 231
79 236
79 257
79 294
80 83
80 128
80 147
80 165
80 168
80 173
80 184
80 196
80 200
80 209
80 218
80 235
80 284
80 293
81 100
81 129
81 140
81 141
81 179
81 241
81 249
81 263
81 280
81 283
81 293
82 94
82 111
82 114
82 150
82 176
82 200
82 208
82 221
82 255
82 259
82 280
82 284
82 295
83 86
83 140
83 143
83 150
83 155
83 161
83 177
83 232
83 233
83 243
83 247
83 280
83 281
84 87
84 101
84 120
84 146
84 147
84 202
84 203
84 257
84 274
85 92
85 93
85 95
85 100
85 139
85 173
85 182
85 189
85 193
85 198
85 199
85 204
85 229
85 249
86 89
86 90
86 94
86 118
86 121
86 139
86 167
86 201
86 217
86 219
86 232
86 234
86 249
86 280
87 88
87 95
87 109
87 126
87 146
87 179
87 206
87 211
87 219
87 279
87 297
87 298
88 90
88 96
88 107
88 144
88 145
88 151
88 156
88 165
88 174
88 186
88 200
88 207
88 241
88 271
89 100
89 116
89 117
89 121
89 123
89 130
89 152
89 171
89 174
89 210
89 220
89 230
89 238
89 245
89 251
89 264
89 283
90 109
90 126
90 131
90 137
90 147
90 157
90 172
90 184
90 235
90 253
90 262
90 284
90 287
91 120
91 129
91 140
91 163
91 164
91 180
91 206
91 219
91 228
91 249
91 252
91 297
92 137
92 151
92 157
92 167
92 168
92 171
92 203
92 283
92 291
93 111
93 115
93 137
93 153
93 159
93 178
93 199
93 215
93 217
93 237
93 250
93 261
93 269
93 289
93 299
94 100
94 112
94 160
94 166
94 167
94 172
94 190
94 195
94 204
94 208
94 223
94 238
94 266
94 268
94 271
94 274
94 284
95 111
95 114
95 133
95 173
95 232
95 240
95 257
95 273
95 288
95 299
96 126
96 146
96 151
96 181
96 203
96 207
96 222
96 232
96 243
96 250
96 276
97 111
97 113
97 130
97 133
97 144
97 157
97 160
97 167
97 172
97 188
97 223
97 228
97 245
97 287
97 295
98 109
98 117
98 161
98 164
98 199
98 244
98 245
98 274
98 281
98 283
98 289
99 119
99 149
99 170
99 214
99 236
99 246
99 254
99 273
100 110
100 119
100 129
100 130
100 151
100 183
100 195
100 200
100 213
100 214
100 220
100 254
100 266
100 290
101 142
101 185
101 186
101 188
101 192
101 203
101 213
101 255
101 268
101 290
101 297
102 105
102 112
102 113
102 115
102 117
102 119
102 120
102 140
102 143
102 148
102 160
102 178
102 199
102 215
102 217
102 226
102 231
102 241
102 255
102 273
102 276
103 151
103 159
103 175
103 193
103 194
103 195
103 212
103 219
103 220
103 222
103 227
103 241
103 256
103 262
103 273
104 122
104 133
104 138
104 140
104 199
104 202
104 209
104 248
104 261
104 280
104 284
104 288
105 109
105 155
105 174
105 176
105 178
105 187
105 195
105 204
105 228
105 234
105 239
105 281
106 157
106 160
106 168
106 176
106 184
106 189
106 224
106 270
106 282
106 292
106 295
107 149
107 222
107 240
107 261
107 262
107 269
108 134
108 153
108 166
108 167
108 222
108 239
108 256
108 299
109 120
109 138
109 186
109 207
109 211
109 270
109 272
109 276
109 298
110 113
110 123
110 128
110 137
110 161
110 183
110 219
110 237
110 258
110 263
110 264
110 267
110 282
110 294
111 116
111 169
111 171
111 179
111 181
111 222
111 236
111 240
112 113
112 119
112 150
112 158
112 215
112 246
112 255
112 258
112 284
112 286
113 114
113 168
113 172
113 183
113 201
113 203
114 119
114 130
114 211
114 242
114 268
114 278
114 281
114 297
115 152
115 174
115 177
115 195
115 221
115 228
115 233
115 234
115 237
115 276
115 282
116 144
116 163
116 169
116 174
116 195
116 200
116 227
116 244
116 279
116 286
117 134
117 162
117 165
117 216
118 146
118 174
118 239
118 250
118 252
118 262
118 275
118 282
118 284
118 292
119 151
119 174
119 179
119 181
119 220
119 234
119 241
119 294
120 130
120 151
120 159
120 177
120 188
120 200
120 201
120 211
120 216
120 217
120 228
120 230
120 232
120 237
120 251
121 123
121 133
121 140
121 153
121 162
121 166
121 169
121 171
121 196
121 208
121 219
121 254
121 269
122 123
122 140
122 156
122 190
122 197
122 210
122 222
122 238
122 250
122 264
122 272
122 273
122 285
122 294
123 124
123 129
123 137
123 177
123 190
123 212
123 226
123 252
123 255
123 260
123 262
123 264
123 294
123 296
124 128
124 136
124 155
124 176
124 179
124 225
124 264
124 267
125 168
125 185
125 230
125 255
125 275
125 293
125 298
126 137
126 145
126 148
126 181
126 200
126 201
126 219
126 227
126 238
126 276
126 284
126 285
126 288
127 128
127 170
127 183
127 198
127 200
127 209
127 210
127 222
127 227
127 243
127 272
127 275
127 285
127 291
128 132
128 136
128 152
128 156
128 173
128 187
128 250
128 267
128 297
129 158
129 171
129 190
129 194
129 195
129 273
130 141
130 146
130 162
130 165
130 209
130 220
130 226
130 227
130 247
130 256
130 262
130 280
130 284
130 291
131 154
131 155
131 156
131 161
131 202
131 210
131 222
131 241
131 247
131 290
132 181
132 183
132 197
132 202
132 203
132 224
132 228
132 229
132 233
132 237
132 241
132 244
132 246
132 253
132 281
132 288
133 156
133 204
133 208
133 216
133 221
133 243
133 251
133 264
133 274
133 289
134 144
134 163
134 188
134 210
134 214
134 227
134 237
134 241
134 250
134 275
135 159
135 161
135 206
135 228
135 260
135 286
135 297
136 141
136 143
136 166
136 184
136 185
136 188
136 202
136 221
136 223
136 261
136 264
136 267
136 269
136 270
136 274
136 276
136 284
137 149
137 150
137 153
137 155
137 174
137 175
137 217
137 236
137 262
137 275
137 295
138 143
138 165
138 171
138 172
138 189
138 192
138 201
138 204
138 245
138 246
138 251
138 265
138 283
138 286
138 294
139 148
139 160
139 176
139 186
139 191
139 196
139 200
139 215
139 237
139 239
139 252
139 270
139 282
139 284
139 298
140 145
140 168
140 179
140 215
140 216
140 218
140 219
140 261
140 271
140 287
141 156
141 164
141 184
141 186
141 191
141 208
141 244
141 257
141 277
141 284
141 287
141 290
142 153
142 171
142 179
142 190
142 194
142 205
142 211
142 231
142 243
142 246
142 251
142 259
142 265
142 273
142 277
142 286
143 152
143 194
143 200
143 201
143 222
143 231
143 238
143 251
143 253
143 259
143 262
143 298
144 193
144 220
144 239
144 242
144 245
144 256
144 271
144 273
145 173
145 174
145 184
145 188
145 192
145 216
145 223
145 225
145 246
145 250
145 293
146 168
146 185
146 199
146 205
146 211
146 215
146 245
146 254
146 257
147 164
147 170
147 192
147 237
147 248
147 295
148 150
148 194
148 251
148 283
149 180
149 195
149 200
149 203
149 219
149 228
149 285
150 167
150 169
150 183
150 204
150 223
150 230
150 241
151 153
151 172
151 180
151 183
151 211
151 219
151 222
151 268
151 284
151 287
151 289
152 164
152 171
152 179
152 180
152 209
152 230
152 236
152 254
152 258
152 268
152 283
152 294
153 156
153 217
153 247
153 252
153 270
153 285
153 286
153 296
154 162
154 166
154 189
154 269
154 276
154 285
154 292
155 162
155 210
155 223
155 248
155 263
155 273
155 280
155 285
155 298
156 171
156 173
156 177
156 181
156 199
156 200
156 238
156 242
156 272
156 280
156 289
157 187
157 214
157 248
157 249
157 256
157 274
157 286
158 190
158 192
158 197
158 198
158 199
158 263
158 275
159 178
159 264
159 266
159 277
160 175
160 211
160 216
160 217
160 255
160 263
160 268
160 279
160 283
160 287
160 288
161 167
161 183
161 213
161 214
161 228
161 234
161 246
161 267
161 270
161 282
161 286
162 174
162 209
162 234
162 260
162 273
162 277
162 291
163 189
163 203
163 214
163 215
163 221
163 231
163 244
163 268
163 281
164 254
164 269
164 270
164 278
164 284
164 289
165 172
165 264
165 277
165 282
166 177
166 193
166 203
166 229
166 248
166 251
166 252
166 259
166 260
166 283
166 285
167 192
167 207
167 211
167 238
167 256
168 175
168 198
168 224
168 241
168 268
168 292
169 192
169 194
169 243
169 251
169 283
169 288
169 294
169 297
170 219
170 229
170 236
170 237
170 241
170 247
170 297
171 187
171 207
171 208
171 212
171 224
171 246
171 272
172 181
172 188
172 212
172 235
172 239
172 262
172 288
172 297
173 198
173 234
173 252
173 265
173 276
173 291
174 180
174 192
174 233
174 253
174 278
175 192
175 205
175 218
175 229
175 248
175 258
175 261
175 274
175 287
175 290
175 297
175 299
176 178
176 191
176 231
176 265
176 288
176 298
177 199
177 217
177 234
177 250
177 264
178 187
178 193
178 198
178 212
178 239
178 275
178 282
178 288
179 210
179 227
179 260
179 275
179 278
179 282
180 200
180 256
180 259
180 270
180 273
180 275
180 279
180 297
180 298
180 299
181 204
181 212
181 215
181 218
181 222
181 223
181 234
181 235
181 244
181 265
181 285
181 290
181 298
182 213
182 223
182 242
182 248
182 275
182 277
182 281
182 289
183 191
183 233
183 246
183 248
183 259
183 262
183 281
184 195
184 201
184 208
184 211
184 235
184 246
184 256
184 258
184 265
184 281
184 291
185 186
185 192
185 219
185 250
185 262
185 271
185 277
185 288
186 192
186 212
186 214
186 291
187 189
187 193
187 214
187 215
187 220
187 253
187 254
187 268
187 298
188 191
188 207
188 209
188 212
188 221
188 238
188 240
188 244
188 266
188 299
189 195
189 196
189 235
190 201
190 203
190 208
190 235
190 238
190 258
190 294
191 203
191 216
191 244
191 282
191 283
191 298
192 216
192 254
193 195
193 209
193 234
193 261
193 281
193 293
194 248
194 251
194 278
194 293
195 200
195 216
195 237
195 253
195 273
195 295
196 215
196 243
196 246
196 267
196 292
196 296
196 297
197 204
197 205
197 208
197 215
197 224
197 229
197 237
197 261
197 262
197 265
197 269
197 283
197 285
197 286
197 296
198 216
198 233
198 249
198 269
198 279
198 281
199 225
200 207
200 210
200 237
200 244
200 259
200 282
200 289
201 214
201 225
201 229
201 235
201 242
201 259
201 279
202 210
202 252
203 206
203 220
203 250
203 252
203 265
203 270
203 274
203 286
203 288
204 213
204 228
204 237
204 250
204 253
204 263
204 266
205 217
205 235
205 244
205 290
205 297
205 299
206 208
206 209
206 254
206 293
207 225
207 266
207 296
208 225
208 247
208 252
209 224
209 235
209 239
209 280
209 285
210 211
210 222
210 239
210 253
210 273
210 276
210 279
211 225
211 247
211 268
211 273
211 276
211 292
212 235
212 244
212 254
212 263
212 271
212 274
212 296
213 253
213 267
213 274
214 253
214 297
214 299
215 252
215 264
216 223
216 229
216 258
216 259
216 268
216 280
216 281
216 286
216 293
217 235
217 252
217 255
217 288
217 298
218 220
218 271
218 275
218 288
219 254
219 255
219 262
220 264
221 222
221 267
221 287
221 296
221 297
221 298
222 239
222 265
222 278
223 237
223 244
223 251
223 297
224 235
224 242
224 246
224 251
224 258
225 227
225 275
226 272
227 235
227 254
227 278
228 265
228 278
228 279
229 249
229 255
229 256
229 268
229 278
229 283
229 286
229 290
230 231
230 238
230 244
230 272
230 273
230 280
231 235
231 236
231 239
231 251
231 270
231 276
231 280
232 257
233 244
233 258
233 274
233 287
234 250
234 257
234 292
234 297
234 298
235 238
235 257
236 258
236 263
236 269
236 272
236 274
236 280
236 284
236 286
236 295
237 257
237 277
238 248
238 297
239 240
239 249
239 264
239 276
239 281
239 292
239 295
239 296
240 244
240 294
241 283
242 264
242 293
242 299
244 258
244 278
244 289
245 257
245 288
246 264
246 272
246 276
248 251
248 256
248 274
248 288
249 280
249 286
250 272
250 274
250 278
251 282
252 254
252 283
253 256
254 271
254 285
254 289
255 275
255 296
255 299
256 259
256 262
256 266
256 299
257 278
257 288
257 294
257 298
258 275
258 281
258 295
259 262
259 285
260 269
260 271
260 273
260 278
260 284
260 298
261 263
261 286
261 288
262 264
262 268
262 281
263 277
263 281
263 288
263 291
266 291
266 295
267 281
267 286
267 298
268 288
268 289
269 276
270 278
270 285
270 292
270 297
271 277
271 284
271 286
272 278
272 284
273 287
273 298
274 279
274 299
275 281
275 284
275 297
276 280
277 278
277 280
277 285
278 285
278 290
279 292
279 298
280 293
280 294
280 296
281 297
282 283
283 284
284 292
284 296
286 287
288 295
292 293
293 298
294 298
294 299
