100 309 0.8
0 9
0 15
0 60
0 61
0 64
0 68
0 73
0 74
0 98
1 29
1 41
1 50
1 55
1 75
1 91
1 94
2 19
2 29
2 31
2 54
2 68
2 69
2 74
3 19
3 22
3 34
3 51
3 63
3 77
3 86
3 89
3 96
4 28
4 34
4 50
4 64
4 83
5 38
5 57
5 70
5 93
6 11
6 14
6 46
6 49
6 62
6 75
6 84
6 90
6 91
7 27
7 50
8 19
8 26
8 58
8 60
8 64
8 75
8 85
9 10
9 15
9 27
9 39
9 49
10 22
10 52
10 74
10 75
10 91
10 92
11 26
11 31
11 66
11 69
12 23
12 33
12 54
12 78
12 97
13 15
13 16
13 17
13 22
13 43
13 70
14 19
14 46
14 95
14 96
14 98
15 26
15 31
15 48
15 65
15 76
15 79
15 96
16 30
16 78
16 85
17 20
17 25
17 34
17 41
17 62
17 71
17 80
17 92
18 24
18 55
19 23
19 46
19 60
19 62
19 83
19 87
20 22
20 32
20 39
20 57
20 68
20 78
20 95
21 64
21 65
21 72
21 82
22 32
22 45
22 51
22 60
22 80
23 35
23 46
23 47
23 52
23 70
23 81
23 95
24 25
24 29
24 59
24 73
25 33
25 42
25 48
25 49
25 78
25 90
25 93
26 42
26 48
26 50
26 77
26 84
27 46
27 57
27 58
27 61
28 49
28 53
28 54
29 46
29 87
30 71
30 84
30 92
30 93
31 52
31 58
31 67
31 78
32 37
32 55
32 69
32 93
32 95
33 45
33 53
33 75
33 96
34 41
34 44
34 54
34 65
34 88
35 42
35 45
35 74
35 78
35 90
36 58
36 65
36 70
36 71
36 76
37 39
37 52
37 90
38 49
38 50
38 53
38 66
38 77
40 57
40 91
41 70
41 73
41 89
42 52
42 55
42 69
42 76
42 82
42 91
43 51
43 56
43 78
43 95
44 50
44 63
44 77
44 86
44 89
45 56
45 87
45 91
46 62
47 53
47 75
48 57
48 59
48 69
48 94
48 97
48 98
49 52
49 56
49 58
49 87
49 95
50 96
51 80
51 95
52 60
52 65
52 79
52 87
52 96
53 60
54 59
54 89
54 94
55 65
55 82
55 84
56 61
56 64
56 76
56 93
56 99
57 67
57 75
57 98
58 76
58 79
60 80
60 85
60 91
60 99
61 65
61 71
61 87
62 71
63 85
64 73
64 84
64 85
64 99
65 78
65 90
65 95
66 80
66 89
68 74
69 70
69 71
69 90
70 74
70 86
71 76
71 81
71 84
72 86
73 76
73 77
73 95
74 90
75 97
76 83
82 87
83 87
83 89
84 90
85 99
86 93
89 96
91 93
93 94
