200 997 0.8
0 25
0 29
0 45
0 52
0 61
0 80
0 101
0 143
0 146
0 158
0 166
0 175
0 183
0 188
1 20
1 26
1 71
1 101
1 130
1 137
1 150
1 162
1 191
2 73
2 101
2 110
2 120
2 121
2 131
2 170
2 191
2 197
3 31
3 62
3 68
3 84
3 94
3 98
3 104
3 122
3 156
3 162
4 41
4 162
4 168
5 11
5 52
5 78
5 81
5 113
5 163
5 169
5 183
6 30
6 53
6 55
6 57
6 84
6 99
6 101
6 113
6 117
6 131
6 144
6 179
7 14
7 96
7 111
7 116
7 119
7 126
7 127
7 130
7 148
7 149
7 150
7 177
7 189
8 25
8 30
8 100
8 126
8 131
8 147
8 152
8 174
9 48
9 80
9 86
9 141
9 146
9 150
9 163
9 164
10 23
10 24
10 58
10 82
10 91
10 105
10 109
10 110
10 114
10 119
10 141
10 142
10 153
10 172
10 193
11 33
11 55
11 82
11 84
11 100
11 136
11 142
11 197
12 17
12 21
12 44
12 62
12 70
12 123
12 127
12 133
12 136
12 157
13 24
13 42
14 21
14 27
14 30
14 35
14 72
14 84
14 129
14 130
14 179
15 22
15 28
15 43
15 63
15 73
15 133
15 134
15 149
15 153
15 180
15 192
16 28
16 29
16 32
16 53
16 87
16 91
16 139
16 152
16 154
16 158
17 45
17 65
17 105
17 188
18 46
18 58
18 78
18 121
18 131
18 147
18 148
18 168
18 173
18 184
18 198
19 28
19 63
19 139
19 144
19 165
19 194
20 33
20 44
20 55
20 112
20 121
20 151
20 168
20 179
20 190
20 196
21 32
21 42
21 46
21 96
21 103
21 115
21 136
21 161
22 77
22 109
22 119
22 125
22 129
22 131
22 136
22 145
22 147
22 150
22 169
23 37
23 46
23 56
23 57
23 64
23 106
23 111
23 156
23 167
24 47
24 49
24 65
24 69
24 133
24 158
24 163
24 169
24 194
25 36
25 46
25 58
25 76
25 78
25 119
25 123
25 137
25 170
26 38
26 50
26 53
26 77
26 93
26 104
26 174
27 56
27 88
27 111
27 115
27 122
27 127
27 154
27 172
27 185
27 187
27 191
28 32
28 61
28 66
28 83
28 112
28 123
28 124
28 132
28 133
28 151
28 175
28 178
28 198
29 38
29 44
29 99
29 102
29 129
29 162
29 166
30 32
30 126
30 138
30 150
30 179
30 187
31 33
31 43
31 57
31 79
31 116
31 127
31 134
31 156
31 175
31 193
32 82
32 84
32 85
32 91
32 94
32 104
32 106
32 115
32 170
32 190
32 198
33 36
33 37
33 46
33 73
33 89
33 101
33 103
33 115
33 150
33 190
34 36
34 78
34 81
34 141
34 159
34 172
34 184
34 192
35 38
35 55
35 75
35 101
35 113
35 158
35 179
36 126
36 190
36 192
37 39
37 78
37 85
37 116
37 117
37 182
37 196
38 52
38 61
38 63
38 77
38 93
38 94
38 100
38 114
38 140
38 148
38 151
38 152
38 166
38 172
38 178
38 188
39 73
39 74
39 107
39 135
39 141
39 168
39 177
40 47
40 53
40 56
40 64
40 75
40 83
40 85
40 102
40 148
41 43
41 47
41 50
41 58
41 86
41 95
41 134
41 148
41 176
41 198
42 45
42 85
42 88
42 137
42 141
42 167
42 169
42 183
43 56
43 60
43 71
43 99
43 155
44 83
44 95
44 110
44 128
44 148
44 177
44 184
44 198
45 51
45 60
45 66
45 74
45 77
45 85
45 94
45 128
45 154
46 151
46 198
47 48
47 66
47 67
47 72
47 86
47 89
47 92
47 106
47 125
47 152
48 63
48 85
48 97
48 146
48 162
48 197
49 68
49 70
49 98
49 105
49 109
49 129
49 142
49 153
49 155
49 197
50 158
50 161
50 174
50 177
51 117
51 122
51 123
51 152
51 157
51 177
52 66
52 75
52 76
52 101
52 103
52 137
52 160
52 162
52 164
52 176
53 57
53 64
53 86
53 97
53 143
53 187
54 90
54 101
54 175
54 190
55 57
55 75
55 157
55 171
55 197
56 153
56 172
57 61
57 68
57 77
57 85
57 99
57 107
57 108
57 111
57 133
57 134
57 140
57 143
57 175
57 182
57 187
57 198
58 76
58 79
58 87
58 156
58 159
58 178
59 68
59 72
59 105
59 117
59 165
59 178
60 69
60 83
60 89
60 108
60 115
60 120
60 152
60 191
60 198
60 199
61 71
61 72
61 75
61 78
61 117
61 123
61 141
61 148
61 189
62 72
62 86
62 95
62 108
62 117
62 122
62 169
63 73
63 149
63 169
64 83
64 105
64 144
64 181
64 192
64 194
65 67
65 74
65 97
65 122
65 139
65 168
65 178
66 76
66 90
66 149
67 81
67 84
67 94
67 115
67 127
67 153
67 173
67 174
68 69
68 117
68 145
68 171
68 178
68 190
69 78
69 103
69 110
69 111
69 136
69 154
69 157
70 82
70 86
70 127
70 178
70 198
71 122
71 140
71 146
71 154
71 185
71 199
72 75
72 87
72 101
72 154
72 169
72 191
72 193
73 100
73 109
73 164
73 167
73 178
73 196
73 197
74 105
74 134
74 148
74 181
74 190
75 97
75 100
75 103
75 123
75 124
75 137
75 159
76 87
76 89
76 103
76 146
76 160
76 163
76 166
77 82
77 116
77 118
77 173
77 193
77 195
78 138
78 171
78 177
78 194
79 94
79 136
79 147
79 152
79 186
80 98
80 103
80 110
80 132
80 148
80 162
80 171
80 173
81 87
81 119
81 162
81 164
81 170
81 198
81 199
82 109
82 135
82 136
82 159
83 103
83 114
83 124
83 126
83 129
83 139
83 140
83 153
84 161
85 109
85 131
85 147
85 159
85 190
86 137
86 157
86 162
86 198
87 88
87 98
87 115
87 120
87 124
87 177
87 188
88 108
88 162
88 165
88 190
88 197
89 106
89 114
89 145
89 182
89 183
89 187
89 188
90 101
90 165
91 94
91 155
91 161
91 184
91 189
92 114
92 166
92 183
92 189
93 101
93 147
93 156
93 160
93 168
93 172
94 99
94 111
94 126
94 160
95 118
95 146
95 157
95 169
95 173
96 104
96 113
96 149
96 162
97 113
97 124
97 129
97 146
97 154
97 164
97 173
98 118
98 120
98 146
98 162
98 171
98 192
99 105
99 122
99 133
99 148
99 178
99 180
99 182
99 189
99 190
100 107
100 113
100 114
100 117
100 123
100 170
100 184
100 187
101 112
101 136
101 138
101 150
101 156
101 176
101 190
101 196
101 198
102 134
102 135
102 140
102 152
102 173
102 177
103 122
103 166
103 180
104 124
104 182
104 194
105 107
105 109
105 116
105 118
105 125
105 128
105 145
105 147
105 172
106 112
106 114
106 118
106 153
106 160
107 126
107 128
107 145
107 150
107 180
108 134
108 180
109 168
110 128
110 160
110 174
110 184
111 149
111 156
111 185
112 134
112 196
112 198
113 136
113 160
113 180
114 127
114 131
114 153
114 185
114 186
115 130
115 133
115 135
115 165
115 167
116 133
117 133
117 159
117 164
117 176
117 178
117 197
118 119
118 158
118 171
118 175
118 186
118 194
119 141
119 151
119 162
119 187
119 195
120 121
120 136
120 140
120 164
120 181
120 186
121 147
121 150
121 154
121 166
121 169
122 132
122 137
122 164
122 185
122 192
123 132
123 157
123 158
123 172
123 183
124 137
124 168
124 183
124 186
125 139
125 155
125 177
125 192
125 195
125 199
126 157
126 190
126 194
127 128
127 134
127 160
127 166
127 167
127 190
127 194
128 136
128 153
128 171
129 180
129 182
130 142
130 144
130 171
130 180
130 187
131 134
131 148
131 175
132 137
132 155
132 169
132 174
132 180
132 187
132 190
132 193
132 196
133 144
133 186
133 195
134 173
134 199
135 137
135 145
135 150
136 147
136 152
137 151
137 177
138 142
138 147
138 168
138 191
139 141
139 170
139 187
139 192
139 195
140 153
140 171
140 174
140 181
141 145
141 153
141 162
141 182
141 187
142 144
142 156
142 171
142 175
142 184
142 194
143 144
144 151
144 171
144 176
144 185
144 194
145 172
145 199
146 158
146 177
146 180
147 184
148 171
148 191
149 181
149 185
149 187
150 197
151 156
151 158
151 162
151 164
151 191
152 155
152 173
152 177
152 179
153 171
153 172
153 188
154 159
154 174
155 161
156 165
156 182
157 162
157 197
158 171
159 163
160 173
160 182
161 179
162 166
163 181
163 195
164 185
165 168
165 177
166 190
167 195
168 195
169 186
169 192
170 173
171 173
171 185
172 175
173 190
173 192
174 196
175 190
176 192
177 191
179 192
179 193
180 190
182 194
183 197
184 191
184 199
191 196
195 197
