400 7163 0.2
0 6
0 33
0 38
0 66
0 75
0 77
0 78
0 90
0 92
0 97
0 99
0 117
0 126
0 129
0 137
0 143
0 154
0 158
0 161
0 168
0 175
0 185
0 203
0 213
0 221
0 223
0 238
0 258
0 262
0 276
0 279
0 298
0 300
0 317
0 332
0 359
0 362
0 364
0 366
0 385
1 2
1 7
1 27
1 36
1 53
1 72
1 80
1 133
1 135
1 146
1 160
1 170
1 173
1 184
1 185
1 193
1 200
1 213
1 237
1 248
1 251
1 253
1 254
1 255
1 271
1 304
1 310
1 322
1 345
1 358
1 359
1 361
1 367
1 371
1 374
1 375
1 387
2 23
2 31
2 33
2 42
2 53
2 56
2 57
2 65
2 68
2 70
2 75
2 80
2 93
2 95
2 98
2 104
2 113
2 124
2 130
2 133
2 138
2 142
2 157
2 169
2 171
2 187
2 194
2 198
2 209
2 273
2 280
2 281
2 287
2 289
2 303
2 311
2 315
2 325
2 327
2 342
2 343
2 344
2 361
2 366
3 7
3 13
3 17
3 36
3 62
3 71
3 81
3 84
3 94
3 98
3 119
3 122
3 142
3 172
3 212
3 216
3 228
3 234
3 252
3 261
3 267
3 287
3 317
3 340
3 342
3 353
3 360
3 371
3 375
3 377
3 384
3 387
4 7
4 13
4 14
4 15
4 23
4 24
4 58
4 69
4 75
4 96
4 97
4 107
4 140
4 178
4 207
4 217
4 222
4 246
4 247
4 256
4 265
4 289
4 303
4 316
4 320
4 329
4 341
4 370
4 374
4 390
5 26
5 30
5 74
5 79
5 82
5 97
5 106
5 108
5 112
5 132
5 133
5 136
5 160
5 169
5 182
5 185
5 201
5 214
5 219
5 232
5 238
5 258
5 265
5 266
5 284
5 285
5 290
5 295
5 308
5 337
5 372
6 29
6 54
6 89
6 95
6 100
6 124
6 133
6 136
6 163
6 199
6 206
6 245
6 253
6 256
6 273
6 294
6 302
6 315
6 323
6 325
6 333
6 337
6 340
6 366
6 367
6 395
7 31
7 48
7 57
7 59
7 89
7 96
7 105
7 107
7 117
7 131
7 136
7 137
7 150
7 157
7 166
7 169
7 172
7 210
7 212
7 217
7 228
7 235
7 252
7 254
7 259
7 260
7 279
7 290
7 294
7 295
7 309
7 324
7 327
7 352
7 358
7 373
7 379
7 396
8 10
8 11
8 25
8 28
8 29
8 34
8 59
8 78
8 90
8 121
8 127
8 132
8 136
8 164
8 198
8 203
8 207
8 216
8 217
8 231
8 245
8 254
8 268
8 273
8 275
8 292
8 296
8 312
8 313
8 321
8 327
8 329
8 330
8 349
8 381
8 382
8 388
9 10
9 34
9 56
9 87
9 109
9 144
9 151
9 157
9 175
9 186
9 198
9 202
9 243
9 273
9 280
9 285
9 292
9 329
9 335
9 347
9 352
9 374
9 393
9 395
10 25
10 31
10 34
10 40
10 56
10 58
10 69
10 74
10 78
10 81
10 89
10 92
10 100
10 126
10 136
10 144
10 158
10 170
10 200
10 204
10 208
10 209
10 210
10 211
10 214
10 230
10 246
10 258
10 270
10 272
10 278
10 326
10 337
10 362
10 377
10 393
11 23
11 36
11 41
11 50
11 56
11 59
11 70
11 88
11 93
11 106
11 112
11 117
11 124
11 141
11 155
11 160
11 163
11 176
11 187
11 202
11 213
11 237
11 244
11 252
11 259
11 285
11 290
11 302
11 337
11 347
11 356
11 360
11 381
11 387
11 390
12 22
12 23
12 26
12 71
12 83
12 98
12 101
12 106
12 112
12 140
12 148
12 151
12 154
12 158
12 180
12 188
12 190
12 205
12 226
12 246
12 285
12 309
12 320
12 325
12 374
12 385
12 387
12 388
12 395
13 31
13 35
13 45
13 73
13 76
13 113
13 126
13 134
13 135
13 163
13 169
13 181
13 190
13 211
13 214
13 220
13 222
13 229
13 235
13 242
13 247
13 253
13 255
13 265
13 273
13 275
13 286
13 290
13 292
13 315
13 318
13 347
13 375
14 16
14 124
14 130
14 136
14 144
14 151
14 156
14 183
14 190
14 196
14 198
14 200
14 201
14 203
14 215
14 232
14 256
14 291
14 294
14 295
14 312
14 317
14 328
14 331
14 334
14 346
14 360
14 380
15 23
15 35
15 57
15 69
15 73
15 84
15 99
15 118
15 121
15 131
15 138
15 139
15 154
15 161
15 172
15 173
15 177
15 192
15 194
15 201
15 204
15 218
15 234
15 237
15 238
15 249
15 255
15 266
15 268
15 269
15 285
15 331
15 345
15 348
15 354
15 355
15 361
15 364
15 395
16 18
16 35
16 42
16 74
16 98
16 114
16 135
16 137
16 153
16 155
16 175
16 185
16 188
16 211
16 232
16 240
16 241
16 250
16 283
16 284
16 293
16 307
16 317
16 320
16 337
16 348
16 360
16 362
16 365
16 375
16 377
16 380
16 393
17 47
17 48
17 61
17 70
17 72
17 79
17 80
17 101
17 106
17 109
17 154
17 157
17 202
17 214
17 253
17 257
17 290
17 307
17 310
17 329
17 338
17 340
17 346
17 352
17 358
17 367
17 391
18 20
18 39
18 41
18 48
18 64
18 65
18 73
18 84
18 103
18 107
18 149
18 160
18 190
18 208
18 219
18 224
18 236
18 262
18 269
18 285
18 286
18 307
18 312
18 316
18 320
18 334
18 338
18 352
18 357
18 366
18 371
18 372
18 373
19 32
19 37
19 39
19 47
19 62
19 63
19 85
19 102
19 108
19 116
19 119
19 138
19 140
19 141
19 142
19 149
19 160
19 164
19 173
19 178
19 191
19 202
19 203
19 204
19 205
19 208
19 218
19 222
19 225
19 230
19 249
19 253
19 262
19 264
19 282
19 291
19 292
19 298
19 334
19 340
19 342
19 360
19 362
19 393
20 40
20 45
20 48
20 57
20 61
20 62
20 76
20 92
20 124
20 125
20 144
20 169
20 192
20 206
20 221
20 224
20 226
20 230
20 240
20 242
20 243
20 244
20 250
20 252
20 268
20 276
20 285
20 292
20 342
20 351
20 353
20 360
20 361
20 367
20 370
21 39
21 42
21 78
21 86
21 95
21 99
21 104
21 111
21 113
21 123
21 158
21 165
21 177
21 178
21 179
21 180
21 186
21 206
21 215
21 231
21 250
21 256
21 264
21 279
21 314
21 342
21 368
21 385
21 389
22 36
22 42
22 54
22 58
22 64
22 67
22 71
22 74
22 129
22 133
22 134
22 146
22 155
22 157
22 172
22 179
22 187
22 199
22 202
22 237
22 263
22 271
22 276
22 281
22 322
22 330
22 343
22 352
22 363
22 366
22 388
23 30
23 35
23 36
23 45
23 81
23 84
23 93
23 105
23 106
23 113
23 132
23 135
23 140
23 165
23 199
23 200
23 215
23 219
23 230
23 232
23 247
23 253
23 256
23 257
23 264
23 283
23 310
23 313
23 339
23 347
23 370
23 373
23 379
23 389
23 391
24 47
24 86
24 105
24 118
24 122
24 129
24 135
24 172
24 180
24 189
24 246
24 256
24 259
24 273
24 312
24 332
24 337
24 345
24 362
24 373
24 383
25 35
25 45
25 60
25 65
25 82
25 91
25 92
25 98
25 104
25 108
25 133
25 148
25 161
25 179
25 184
25 224
25 234
25 250
25 251
25 265
25 290
25 327
25 342
25 344
25 384
25 391
25 393
25 398
26 27
26 29
26 36
26 56
26 58
26 93
26 96
26 120
26 123
26 124
26 128
26 133
26 149
26 174
26 190
26 200
26 219
26 226
26 234
26 241
26 258
26 262
26 282
26 284
26 290
26 303
26 307
26 332
26 343
26 351
26 353
26 379
26 391
26 392
27 56
27 66
27 90
27 126
27 128
27 141
27 152
27 173
27 190
27 191
27 212
27 215
27 237
27 242
27 248
27 260
27 262
27 268
27 284
27 297
27 305
27 307
27 309
27 315
27 316
27 318
27 327
27 331
27 340
27 341
27 344
27 349
27 352
27 354
27 382
27 390
28 30
28 35
28 38
28 42
28 52
28 57
28 68
28 82
28 91
28 96
28 115
28 134
28 140
28 141
28 144
28 182
28 187
28 190
28 195
28 201
28 216
28 217
28 231
28 249
28 261
28 289
28 295
28 301
28 306
28 318
28 320
28 356
28 358
28 371
28 372
28 380
28 388
29 36
29 48
29 57
29 68
29 88
29 131
29 142
29 149
29 159
29 173
29 176
29 196
29 222
29 237
29 244
29 248
29 303
29 307
29 308
29 322
29 338
29 351
29 356
29 365
29 385
29 391
30 79
30 81
30 91
30 144
30 152
30 168
30 169
30 171
30 178
30 185
30 196
30 203
30 215
30 232
30 244
30 255
30 271
30 276
30 293
30 300
30 311
30 314
30 330
30 337
30 343
30 348
30 373
30 387
31 40
31 42
31 68
31 73
31 75
31 78
31 89
31 120
31 131
31 138
31 146
31 183
31 207
31 210
31 233
31 250
31 253
31 258
31 259
31 260
31 262
31 290
31 293
31 338
31 345
31 347
31 352
31 356
31 358
31 366
31 381
31 383
31 396
32 43
32 44
32 61
32 74
32 104
32 110
32 112
32 128
32 133
32 142
32 144
32 146
32 162
32 165
32 171
32 208
32 227
32 230
32 231
32 239
32 257
32 258
32 290
32 292
32 302
32 303
32 325
32 343
32 348
32 351
32 369
32 370
32 378
32 384
32 398
33 38
33 44
33 47
33 81
33 83
33 85
33 88
33 90
33 103
33 112
33 124
33 126
33 131
33 139
33 156
33 158
33 175
33 176
33 184
33 185
33 214
33 242
33 248
33 256
33 258
33 263
33 270
33 275
33 287
33 288
33 303
33 308
33 316
33 323
33 324
33 352
33 366
33 370
33 382
33 390
33 393
33 399
34 39
34 63
34 81
34 84
34 91
34 99
34 112
34 135
34 136
34 144
34 153
34 156
34 174
34 193
34 204
34 223
34 234
34 237
34 239
34 240
34 244
34 252
34 287
34 317
34 338
34 342
34 348
34 349
34 352
34 359
34 394
35 39
35 45
35 48
35 53
35 60
35 72
35 76
35 79
35 87
35 91
35 94
35 109
35 122
35 131
35 144
35 147
35 151
35 185
35 186
35 197
35 204
35 209
35 216
35 220
35 221
35 242
35 253
35 272
35 288
35 289
35 297
35 310
35 365
35 387
36 48
36 63
36 70
36 86
36 87
36 93
36 102
36 105
36 127
36 145
36 149
36 159
36 164
36 165
36 167
36 183
36 190
36 263
36 273
36 277
36 294
36 309
36 323
36 330
36 331
36 354
36 356
36 362
36 377
37 43
37 55
37 74
37 97
37 100
37 102
37 104
37 109
37 118
37 127
37 142
37 148
37 175
37 180
37 192
37 207
37 233
37 241
37 244
37 247
37 250
37 266
37 276
37 282
37 296
37 335
37 369
37 378
37 385
37 387
37 390
37 394
38 54
38 56
38 58
38 71
38 79
38 97
38 106
38 118
38 134
38 140
38 148
38 158
38 173
38 175
38 182
38 188
38 200
38 222
38 227
38 236
38 238
38 249
38 298
38 300
38 312
38 351
38 352
38 368
38 371
39 50
39 56
39 68
39 71
39 84
39 90
39 102
39 108
39 113
39 130
39 136
39 151
39 152
39 169
39 174
39 180
39 193
39 197
39 203
39 223
39 237
39 245
39 274
39 276
39 288
39 308
39 312
39 320
39 321
39 333
39 342
39 349
39 351
39 352
39 364
39 368
39 386
39 390
40 45
40 58
40 72
40 91
40 108
40 115
40 123
40 138
40 170
40 174
40 178
40 189
40 234
40 244
40 266
40 284
40 303
40 305
40 308
40 313
40 339
40 351
40 353
40 357
40 366
40 373
40 382
40 383
40 384
41 65
41 71
41 76
41 81
41 82
41 87
41 90
41 95
41 104
41 130
41 134
41 135
41 143
41 163
41 164
41 166
41 177
41 179
41 193
41 215
41 219
41 220
41 228
41 230
41 234
41 235
41 252
41 261
41 287
41 296
41 306
41 312
41 336
41 341
41 347
41 366
41 367
41 368
41 396
42 51
42 57
42 110
42 114
42 120
42 143
42 154
42 167
42 170
42 186
42 210
42 254
42 255
42 279
42 281
42 284
42 285
42 289
42 290
42 317
42 321
42 351
42 356
42 361
42 392
43 48
43 56
43 70
43 72
43 75
43 88
43 91
43 112
43 123
43 126
43 136
43 141
43 147
43 150
43 176
43 181
43 204
43 218
43 245
43 248
43 254
43 269
43 304
43 318
43 319
43 320
43 323
43 331
43 333
43 346
43 359
43 361
43 367
43 372
43 373
43 374
43 375
43 381
43 385
43 393
43 398
44 63
44 91
44 101
44 124
44 126
44 146
44 147
44 148
44 170
44 184
44 187
44 213
44 232
44 235
44 236
44 237
44 244
44 270
44 273
44 275
44 280
44 298
44 311
44 314
44 336
44 338
44 341
44 346
44 352
44 363
44 381
44 397
45 50
45 51
45 62
45 66
45 89
45 90
45 101
45 108
45 118
45 129
45 140
45 146
45 154
45 164
45 167
45 189
45 200
45 210
45 213
45 244
45 246
45 251
45 263
45 284
45 300
45 335
45 337
45 341
45 343
45 355
45 374
45 375
46 78
46 82
46 100
46 141
46 167
46 168
46 174
46 179
46 184
46 195
46 236
46 263
46 272
46 282
46 318
46 335
46 345
46 349
46 375
46 389
47 66
47 73
47 94
47 97
47 103
47 107
47 117
47 118
47 123
47 124
47 127
47 133
47 137
47 142
47 143
47 158
47 162
47 173
47 174
47 189
47 203
47 206
47 222
47 232
47 236
47 246
47 272
47 303
47 318
47 327
47 341
47 342
47 378
47 382
47 388
47 390
48 64
48 119
48 129
48 150
48 151
48 155
48 156
48 170
48 196
48 202
48 225
48 239
48 241
48 242
48 243
48 249
48 258
48 264
48 265
48 268
48 270
48 273
48 279
48 293
48 324
48 326
48 346
48 357
48 360
48 365
48 366
48 367
48 382
49 54
49 97
49 114
49 117
49 138
49 139
49 153
49 167
49 178
49 179
49 186
49 215
49 239
49 245
49 263
49 268
49 337
49 339
49 348
49 361
49 369
49 389
50 60
50 70
50 75
50 79
50 87
50 104
50 125
50 150
50 166
50 190
50 193
50 197
50 204
50 205
50 211
50 215
50 218
50 237
50 245
50 249
50 250
50 263
50 265
50 267
50 286
50 303
50 324
50 330
50 366
50 374
51 85
51 90
51 103
51 126
51 127
51 130
51 146
51 161
51 162
51 171
51 173
51 174
51 199
51 200
51 221
51 237
51 246
51 265
51 277
51 286
51 287
51 308
51 319
51 364
51 390
51 398
52 79
52 103
52 104
52 114
52 150
52 158
52 161
52 168
52 170
52 178
52 182
52 235
52 236
52 242
52 249
52 265
52 277
52 287
52 291
52 292
52 300
52 303
52 314
52 317
52 326
52 379
52 393
53 84
53 86
53 87
53 97
53 101
53 123
53 128
53 144
53 153
53 164
53 173
53 174
53 176
53 190
53 196
53 200
53 205
53 244
53 273
53 287
53 296
53 304
53 327
53 333
53 334
53 354
53 360
53 373
53 379
53 380
53 385
53 394
53 395
54 69
54 70
54 89
54 108
54 109
54 123
54 135
54 138
54 147
54 205
54 215
54 231
54 239
54 243
54 279
54 283
54 288
54 304
54 339
55 88
55 115
55 116
55 129
55 131
55 141
55 148
55 159
55 166
55 169
55 179
55 191
55 203
55 211
55 231
55 238
55 254
55 258
55 289
55 317
55 331
55 333
55 341
55 342
55 344
55 368
55 371
55 389
56 62
56 70
56 92
56 129
56 133
56 141
56 155
56 157
56 164
56 172
56 176
56 182
56 197
56 205
56 217
56 236
56 244
56 248
56 254
56 257
56 259
56 277
56 278
56 281
56 285
56 290
56 309
56 315
56 316
56 334
56 341
56 342
56 352
56 353
56 356
56 380
56 389
57 68
57 90
57 95
57 99
57 106
57 111
57 118
57 119
57 133
57 141
57 163
57 167
57 183
57 184
57 198
57 218
57 230
57 247
57 253
57 256
57 261
57 279
57 304
57 320
57 324
57 333
57 352
57 363
57 365
57 369
57 380
57 386
57 392
57 396
57 398
57 399
58 63
58 67
58 73
58 78
58 79
58 81
58 82
58 90
58 98
58 101
58 107
58 128
58 131
58 133
58 138
58 152
58 154
58 165
58 169
58 183
58 193
58 203
58 204
58 219
58 230
58 254
58 264
58 269
58 290
58 299
58 314
58 322
58 353
58 377
58 380
58 381
58 389
58 390
58 392
58 394
58 395
59 68
59 73
59 79
59 81
59 94
59 97
59 118
59 132
59 158
59 161
59 167
59 179
59 190
59 191
59 195
59 200
59 202
59 203
59 215
59 216
59 217
59 222
59 236
59 243
59 246
59 255
59 275
59 287
59 291
59 308
59 319
59 329
59 347
59 353
59 357
59 385
59 386
60 86
60 117
60 140
60 153
60 160
60 163
60 169
60 173
60 181
60 196
60 210
60 214
60 225
60 248
60 288
60 292
60 317
60 327
60 332
60 353
60 369
60 372
60 374
60 375
61 63
61 71
61 75
61 101
61 109
61 123
61 126
61 138
61 151
61 160
61 161
61 168
61 172
61 182
61 186
61 193
61 194
61 205
61 225
61 230
61 232
61 245
61 254
61 258
61 273
61 278
61 281
61 313
61 316
61 332
61 352
61 358
61 389
62 70
62 87
62 90
62 97
62 102
62 130
62 144
62 145
62 150
62 160
62 170
62 179
62 195
62 204
62 209
62 218
62 222
62 223
62 248
62 251
62 276
62 281
62 282
62 283
62 300
62 310
62 311
62 318
62 329
62 335
62 360
62 365
62 370
62 387
62 390
62 398
63 96
63 100
63 106
63 125
63 134
63 154
63 162
63 163
63 190
63 199
63 212
63 224
63 225
63 228
63 236
63 241
63 252
63 258
63 265
63 268
63 277
63 280
63 283
63 294
63 315
63 316
63 338
63 339
63 357
64 73
64 80
64 82
64 101
64 105
64 109
64 110
64 118
64 120
64 122
64 140
64 146
64 154
64 158
64 165
64 187
64 190
64 225
64 242
64 244
64 291
64 331
64 345
64 356
64 362
64 375
64 381
64 391
64 392
65 83
65 93
65 96
65 100
65 121
65 131
65 138
65 139
65 141
65 146
65 161
65 178
65 185
65 192
65 205
65 246
65 258
65 281
65 291
65 293
65 301
65 326
65 332
65 334
65 343
65 344
65 352
65 356
65 362
65 376
65 382
65 384
65 386
65 397
66 71
66 84
66 94
66 98
66 116
66 122
66 123
66 126
66 142
66 153
66 159
66 178
66 185
66 199
66 209
66 210
66 213
66 220
66 230
66 241
66 251
66 252
66 256
66 257
66 266
66 287
66 299
66 328
66 350
66 356
66 362
66 376
67 68
67 94
67 101
67 122
67 123
67 137
67 140
67 150
67 151
67 158
67 178
67 180
67 181
67 182
67 191
67 221
67 228
67 240
67 256
67 258
67 259
67 275
67 281
67 294
67 320
67 323
67 329
67 332
67 338
67 340
67 359
67 375
68 81
68 85
68 102
68 119
68 128
68 159
68 173
68 174
68 189
68 195
68 199
68 225
68 228
68 254
68 274
68 284
68 291
68 305
68 310
68 326
68 330
68 341
68 347
68 386
68 395
69 70
69 86
69 90
69 103
69 105
69 112
69 142
69 143
69 158
69 177
69 184
69 207
69 242
69 253
69 269
69 283
69 292
69 297
69 305
69 314
69 315
69 321
69 323
69 330
69 331
69 332
69 361
69 366
69 375
69 377
69 387
70 100
70 112
70 117
70 118
70 120
70 133
70 140
70 145
70 160
70 184
70 190
70 214
70 225
70 233
70 251
70 254
70 263
70 266
70 274
70 275
70 278
70 287
70 293
70 307
70 317
70 325
70 328
70 351
70 361
70 370
70 373
70 378
70 389
70 397
71 75
71 82
71 92
71 109
71 117
71 132
71 134
71 138
71 157
71 161
71 176
71 183
71 186
71 188
71 196
71 201
71 220
71 221
71 328
71 331
71 338
71 347
71 372
71 378
71 384
71 388
71 389
71 397
71 398
72 74
72 101
72 132
72 134
72 150
72 156
72 157
72 159
72 188
72 201
72 208
72 221
72 224
72 230
72 235
72 248
72 299
72 303
72 323
72 326
72 335
72 341
72 344
72 346
72 361
72 371
73 81
73 86
73 107
73 109
73 118
73 119
73 120
73 122
73 124
73 125
73 152
73 161
73 167
73 173
73 184
73 187
73 196
73 208
73 214
73 219
73 221
73 224
73 228
73 233
73 249
73 284
73 300
73 318
73 325
73 348
73 352
73 369
73 380
73 390
74 80
74 96
74 99
74 112
74 128
74 138
74 139
74 143
74 162
74 177
74 178
74 188
74 199
74 229
74 230
74 269
74 272
74 293
74 295
74 318
74 348
74 367
74 388
75 76
75 99
75 116
75 133
75 134
75 144
75 153
75 181
75 182
75 198
75 206
75 224
75 226
75 227
75 241
75 251
75 255
75 283
75 295
75 303
75 309
75 310
75 351
75 362
75 370
75 382
75 396
75 397
76 78
76 84
76 91
76 92
76 98
76 113
76 115
76 118
76 130
76 146
76 152
76 158
76 164
76 169
76 172
76 192
76 212
76 238
76 268
76 279
76 307
76 312
76 329
76 335
76 357
76 364
76 388
77 97
77 116
77 129
77 147
77 169
77 172
77 182
77 183
77 188
77 198
77 203
77 216
77 237
77 247
77 253
77 297
77 344
77 349
77 375
77 382
77 388
77 389
77 397
78 93
78 109
78 113
78 114
78 115
78 122
78 126
78 171
78 173
78 176
78 187
78 192
78 207
78 219
78 241
78 243
78 249
78 256
78 259
78 268
78 275
78 279
78 285
78 300
78 326
78 336
78 337
78 343
78 345
78 363
78 364
78 372
78 375
78 380
78 385
79 100
79 117
79 131
79 134
79 136
79 141
79 172
79 184
79 210
79 219
79 225
79 244
79 245
79 247
79 248
79 260
79 267
79 295
79 299
79 302
79 303
79 324
79 336
79 345
79 366
79 378
79 390
80 84
80 111
80 115
80 120
80 124
80 131
80 141
80 144
80 146
80 156
80 160
80 176
80 180
80 224
80 229
80 242
80 252
80 264
80 277
80 280
80 290
80 297
80 299
80 307
80 316
80 333
80 334
80 342
80 349
80 354
80 362
80 391
81 85
81 109
81 112
81 120
81 129
81 130
81 143
81 152
81 154
81 175
81 180
81 181
81 185
81 198
81 202
81 207
81 215
81 218
81 229
81 234
81 242
81 247
81 249
81 269
81 272
81 298
81 304
81 306
81 309
81 311
81 343
81 361
81 391
81 393
82 85
82 89
82 102
82 108
82 112
82 113
82 120
82 122
82 123
82 126
82 130
82 151
82 153
82 155
82 169
82 181
82 184
82 205
82 210
82 211
82 249
82 258
82 264
82 281
82 285
82 292
82 293
82 295
82 321
82 325
82 330
82 341
82 360
83 90
83 92
83 100
83 119
83 127
83 141
83 152
83 189
83 204
83 215
83 228
83 238
83 247
83 294
83 295
83 302
83 313
83 315
83 338
83 340
83 343
83 366
83 367
83 373
83 378
83 379
84 92
84 93
84 112
84 124
84 157
84 160
84 188
84 191
84 225
84 227
84 234
84 239
84 245
84 247
84 250
84 277
84 285
84 295
84 321
84 349
84 354
84 362
84 379
84 384
84 388
85 103
85 106
85 108
85 120
85 125
85 126
85 129
85 135
85 137
85 148
85 165
85 171
85 191
85 196
85 198
85 207
85 214
85 228
85 248
85 274
85 277
85 287
85 347
85 367
85 378
85 381
85 382
85 386
85 388
86 116
86 136
86 158
86 162
86 193
86 221
86 227
86 231
86 266
86 272
86 279
86 310
86 343
86 344
86 345
86 346
86 354
86 355
86 373
86 375
86 380
86 382
86 385
86 396
87 106
87 109
87 111
87 113
87 124
87 134
87 138
87 141
87 157
87 159
87 170
87 172
87 181
87 185
87 189
87 217
87 223
87 228
87 236
87 261
87 270
87 277
87 288
87 297
87 300
87 311
87 313
87 317
87 377
87 381
88 90
88 102
88 117
88 130
88 134
88 154
88 155
88 157
88 171
88 177
88 197
88 203
88 204
88 219
88 222
88 224
88 228
88 231
88 247
88 248
88 250
88 255
88 260
88 280
88 281
88 289
88 296
88 304
88 305
88 341
88 360
88 370
88 371
88 389
88 394
89 92
89 101
89 104
89 115
89 120
89 133
89 139
89 143
89 145
89 158
89 159
89 174
89 180
89 203
89 215
89 221
89 224
89 227
89 231
89 255
89 263
89 274
89 315
89 322
89 327
89 328
89 335
89 366
89 370
89 385
89 387
90 95
90 100
90 115
90 118
90 119
90 163
90 171
90 176
90 181
90 187
90 201
90 212
90 220
90 223
90 228
90 252
90 256
90 261
90 328
90 341
90 363
90 371
90 376
90 386
90 395
90 398
91 108
91 120
91 123
91 130
91 139
91 145
91 197
91 198
91 232
91 239
91 251
91 257
91 283
91 285
91 286
91 297
91 301
91 307
91 308
91 321
91 348
91 373
91 375
91 388
92 124
92 130
92 143
92 153
92 158
92 200
92 210
92 215
92 218
92 225
92 258
92 263
92 265
92 283
92 286
92 287
92 331
92 352
92 358
92 361
92 371
92 378
93 127
93 156
93 165
93 170
93 181
93 200
93 219
93 223
93 238
93 259
93 269
93 272
93 278
93 285
93 286
93 289
93 314
93 317
93 337
93 345
93 357
93 381
93 395
94 126
94 129
94 144
94 145
94 150
94 181
94 196
94 201
94 227
94 236
94 243
94 262
94 272
94 297
94 307
94 308
94 311
94 344
94 356
94 363
94 367
94 387
94 390
95 99
95 110
95 113
95 115
95 121
95 122
95 152
95 168
95 173
95 175
95 220
95 254
95 295
95 322
95 323
95 327
95 341
95 354
95 394
96 127
96 139
96 144
96 168
96 175
96 182
96 193
96 202
96 234
96 250
96 252
96 253
96 282
96 285
96 288
96 290
96 310
96 338
96 345
96 350
96 359
96 365
96 374
96 378
96 385
96 390
97 109
97 110
97 111
97 122
97 137
97 144
97 153
97 161
97 170
97 195
97 201
97 207
97 213
97 219
97 238
97 248
97 255
97 259
97 264
97 274
97 288
97 296
97 318
97 343
97 363
97 366
97 368
97 370
97 386
98 105
98 111
98 118
98 148
98 161
98 162
98 175
98 189
98 194
98 198
98 202
98 215
98 238
98 240
98 252
98 255
98 266
98 282
98 298
98 324
98 340
98 342
98 345
98 353
98 369
98 372
98 376
98 380
98 381
98 382
98 387
98 392
99 100
99 118
99 128
99 129
99 138
99 152
99 156
99 157
99 161
99 167
99 176
99 177
99 178
99 185
99 194
99 208
99 218
99 230
99 231
99 239
99 276
99 316
99 340
99 346
99 354
99 363
99 384
99 387
99 399
100 116
100 134
100 137
100 151
100 166
100 169
100 175
100 184
100 189
100 210
100 233
100 243
100 248
100 249
100 250
100 257
100 259
100 261
100 265
100 287
100 297
100 311
100 312
100 314
100 324
100 328
100 347
100 359
100 365
100 381
100 390
100 397
101 105
101 116
101 121
101 123
101 140
101 157
101 162
101 204
101 206
101 208
101 264
101 284
101 292
101 297
101 306
101 309
101 325
101 344
101 347
101 353
101 369
101 383
101 389
102 109
102 111
102 138
102 157
102 158
102 170
102 180
102 184
102 195
102 200
102 202
102 209
102 213
102 237
102 247
102 250
102 273
102 299
102 301
102 303
102 306
102 316
102 355
102 379
102 399
103 105
103 115
103 121
103 122
103 139
103 141
103 146
103 148
103 154
103 158
103 174
103 194
103 253
103 268
103 271
103 274
103 276
103 281
103 295
103 299
103 301
103 302
103 303
103 336
103 383
103 385
103 388
103 391
103 398
104 109
104 112
104 121
104 122
104 137
104 149
104 152
104 160
104 163
104 210
104 220
104 222
104 229
104 234
104 248
104 259
104 261
104 263
104 272
104 274
104 281
104 309
104 313
104 317
104 330
104 344
104 353
104 356
104 365
104 369
104 370
104 373
104 389
105 117
105 129
105 144
105 155
105 163
105 166
105 180
105 199
105 202
105 219
105 234
105 237
105 246
105 251
105 268
105 274
105 287
105 290
105 292
105 301
105 302
105 303
105 333
105 341
105 370
105 371
105 376
105 378
106 108
106 153
106 158
106 208
106 215
106 218
106 259
106 260
106 267
106 273
106 274
106 277
106 297
106 307
106 336
106 354
106 370
106 382
106 395
107 110
107 122
107 139
107 151
107 167
107 185
107 196
107 197
107 199
107 205
107 215
107 241
107 247
107 248
107 256
107 274
107 291
107 298
107 309
107 329
107 337
107 346
107 350
107 357
107 377
107 380
108 110
108 116
108 127
108 158
108 159
108 160
108 164
108 171
108 173
108 185
108 191
108 192
108 196
108 201
108 228
108 235
108 248
108 253
108 265
108 268
108 281
108 302
108 305
108 314
108 316
108 317
108 321
108 322
108 324
108 329
108 357
108 375
108 394
109 110
109 125
109 131
109 146
109 149
109 151
109 153
109 166
109 173
109 174
109 189
109 207
109 216
109 221
109 240
109 261
109 269
109 277
109 279
109 283
109 288
109 293
109 295
109 302
109 305
109 311
109 321
109 323
109 339
109 353
109 357
109 359
109 363
109 392
109 399
110 116
110 146
110 154
110 160
110 173
110 189
110 193
110 200
110 201
110 204
110 226
110 227
110 230
110 234
110 240
110 244
110 264
110 269
110 275
110 281
110 296
110 309
110 329
110 332
110 333
110 335
110 356
110 367
110 370
110 382
110 385
110 394
110 399
111 136
111 144
111 159
111 176
111 190
111 191
111 209
111 212
111 222
111 232
111 234
111 284
111 289
111 291
111 319
111 354
111 369
111 370
111 374
111 375
111 382
111 389
112 114
112 132
112 138
112 172
112 189
112 194
112 210
112 214
112 221
112 251
112 254
112 260
112 290
112 291
112 319
112 362
112 371
112 380
112 390
112 398
113 118
113 120
113 138
113 147
113 150
113 162
113 183
113 190
113 218
113 224
113 256
113 269
113 281
113 310
113 327
113 341
113 350
113 351
113 371
113 375
114 124
114 150
114 151
114 168
114 170
114 229
114 233
114 258
114 271
114 289
114 294
114 315
114 316
114 322
114 327
114 332
114 349
114 352
114 354
114 358
114 364
114 380
115 121
115 131
115 134
115 141
115 142
115 169
115 190
115 196
115 202
115 220
115 221
115 223
115 226
115 234
115 235
115 243
115 250
115 261
115 270
115 289
115 305
115 312
115 318
115 323
115 325
115 328
115 330
115 344
115 388
115 394
115 397
116 120
116 123
116 126
116 145
116 157
116 163
116 164
116 184
116 187
116 224
116 225
116 227
116 232
116 263
116 282
116 285
116 327
116 329
116 357
116 366
116 398
117 137
117 141
117 148
117 161
117 168
117 186
117 193
117 195
117 211
117 237
117 247
117 260
117 269
117 276
117 282
117 301
117 309
117 318
117 322
117 338
117 339
117 350
117 351
117 357
117 367
117 399
118 119
118 129
118 138
118 140
118 142
118 164
118 219
118 255
118 263
118 273
118 280
118 286
118 301
118 312
118 315
118 317
118 321
118 340
118 355
118 357
118 360
118 376
118 389
118 392
119 124
119 133
119 138
119 154
119 166
119 180
119 188
119 212
119 216
119 223
119 225
119 234
119 249
119 265
119 269
119 270
119 277
119 289
119 300
119 312
119 327
119 328
119 345
119 351
119 354
119 363
119 380
120 122
120 128
120 139
120 141
120 144
120 146
120 148
120 171
120 182
120 198
120 227
120 228
120 243
120 249
120 258
120 265
120 272
120 283
120 284
120 289
120 291
120 292
120 298
120 301
120 305
120 316
120 340
120 346
120 351
120 362
120 390
120 396
121 124
121 143
121 161
121 166
121 168
121 178
121 184
121 192
121 194
121 233
121 250
121 261
121 263
121 272
121 311
121 317
121 321
121 327
121 329
121 337
121 367
122 134
122 137
122 144
122 156
122 157
122 185
122 186
122 191
122 231
122 237
122 265
122 274
122 283
122 287
122 293
122 297
122 298
122 325
122 337
122 352
122 369
122 370
122 373
122 399
123 129
123 131
123 142
123 150
123 159
123 163
123 204
123 212
123 222
123 230
123 247
123 272
123 280
123 289
123 290
123 295
123 297
123 299
123 316
123 320
123 324
123 331
123 337
123 340
123 358
123 368
123 381
123 387
123 391
124 157
124 167
124 182
124 184
124 218
124 247
124 270
124 276
124 278
124 280
124 303
124 304
124 306
124 319
124 331
124 336
124 346
124 378
124 382
124 392
125 131
125 141
125 143
125 147
125 185
125 212
125 222
125 228
125 238
125 240
125 243
125 244
125 265
125 274
125 276
125 286
125 299
125 312
125 319
125 330
125 336
125 341
125 345
125 346
125 352
125 356
125 369
125 375
125 376
125 380
125 383
125 391
126 133
126 191
126 210
126 229
126 233
126 241
126 243
126 253
126 256
126 287
126 291
126 307
126 315
126 339
126 342
126 348
126 353
126 375
126 378
126 379
126 382
126 393
127 128
127 141
127 145
127 149
127 158
127 164
127 177
127 190
127 201
127 218
127 229
127 242
127 257
127 265
127 271
127 273
127 274
127 276
127 284
127 297
127 323
127 346
127 347
127 353
127 358
127 359
127 362
127 367
127 370
127 384
127 391
128 154
128 175
128 189
128 201
128 206
128 208
128 233
128 256
128 262
128 263
128 272
128 278
128 280
128 288
128 296
128 298
128 304
128 318
128 323
128 327
128 331
128 332
128 349
128 360
128 365
128 368
128 388
128 392
128 399
129 201
129 232
129 235
129 237
129 250
129 254
129 266
129 268
129 279
129 282
129 298
129 315
129 319
129 321
129 328
129 335
129 349
129 355
129 372
129 382
129 388
129 392
129 393
129 395
130 160
130 162
130 180
130 181
130 183
130 189
130 194
130 199
130 206
130 212
130 218
130 231
130 246
130 264
130 278
130 284
130 298
130 304
130 306
130 320
130 323
130 330
130 332
130 339
130 340
130 354
130 387
130 390
130 393
131 163
131 165
131 171
131 201
131 218
131 232
131 235
131 243
131 266
131 287
131 307
131 327
131 329
131 340
131 347
131 350
131 354
132 152
132 153
132 166
132 191
132 196
132 199
132 213
132 215
132 216
132 222
132 225
132 231
132 234
132 241
132 247
132 251
132 259
132 271
132 298
132 299
132 306
132 312
132 315
132 317
132 318
132 345
132 358
132 365
132 370
132 383
132 392
132 396
133 163
133 166
133 182
133 201
133 215
133 223
133 227
133 229
133 231
133 260
133 271
133 275
133 301
133 309
133 317
133 329
133 332
133 334
133 337
133 340
133 370
133 371
133 396
133 398
134 137
134 143
134 158
134 159
134 165
134 185
134 190
134 193
134 201
134 208
134 209
134 216
134 223
134 251
134 255
134 256
134 262
134 266
134 278
134 293
134 300
134 325
134 328
134 341
134 342
134 343
134 345
134 360
134 368
134 375
134 382
134 399
135 143
135 185
135 195
135 200
135 211
135 216
135 259
135 261
135 262
135 265
135 277
135 282
135 306
135 318
135 344
135 360
135 363
135 378
136 143
136 145
136 178
136 216
136 243
136 258
136 269
136 280
136 291
136 293
136 320
136 333
136 368
136 369
136 380
136 384
136 391
136 392
137 141
137 161
137 163
137 165
137 201
137 203
137 208
137 217
137 237
137 265
137 271
137 285
137 288
137 298
137 302
137 317
137 322
137 327
137 337
137 343
137 364
138 172
138 195
138 208
138 210
138 213
138 215
138 228
138 234
138 236
138 269
138 273
138 285
138 291
138 293
138 294
138 308
138 316
138 318
138 319
138 322
138 326
138 341
138 357
138 361
138 362
138 367
138 396
139 148
139 149
139 156
139 160
139 204
139 214
139 217
139 225
139 230
139 235
139 260
139 285
139 291
139 296
139 300
139 302
139 319
139 333
139 335
139 337
139 339
139 376
139 379
140 147
140 151
140 159
140 182
140 194
140 197
140 227
140 248
140 255
140 271
140 282
140 286
140 288
140 290
140 302
140 309
140 318
140 319
140 327
140 329
140 347
140 350
140 357
140 358
140 359
140 369
140 382
140 396
140 398
140 399
141 142
141 148
141 149
141 153
141 179
141 209
141 210
141 212
141 256
141 270
141 288
141 315
141 323
141 324
141 330
141 345
141 348
141 352
141 355
141 359
142 143
142 173
142 190
142 194
142 230
142 253
142 300
142 304
142 311
142 317
142 330
142 340
142 343
142 360
142 366
142 383
142 385
143 156
143 183
143 184
143 188
143 202
143 219
143 224
143 228
143 248
143 264
143 287
143 291
143 304
143 305
143 313
143 317
143 323
143 366
143 379
143 385
144 171
144 172
144 177
144 190
144 191
144 201
144 204
144 227
144 234
144 239
144 241
144 245
144 254
144 256
144 269
144 298
144 299
144 306
144 312
144 337
144 338
144 362
144 367
144 369
144 395
145 167
145 174
145 193
145 197
145 210
145 215
145 240
145 244
145 253
145 257
145 291
145 307
145 313
145 314
145 334
145 360
145 382
145 398
146 150
146 154
146 157
146 158
146 179
146 183
146 197
146 201
146 212
146 215
146 236
146 239
146 243
146 257
146 263
146 267
146 315
146 351
146 352
146 361
146 397
147 149
147 160
147 171
147 181
147 210
147 214
147 217
147 219
147 230
147 237
147 245
147 257
147 273
147 281
147 296
147 304
147 317
147 319
147 346
147 365
147 371
147 381
147 396
148 159
148 166
148 171
148 173
148 175
148 231
148 272
148 279
148 317
148 318
148 320
148 324
148 360
148 361
148 362
148 371
148 373
148 384
149 163
149 173
149 177
149 183
149 193
149 223
149 226
149 230
149 244
149 285
149 287
149 302
149 330
149 356
149 363
149 385
149 387
149 389
149 391
149 395
150 166
150 176
150 179
150 191
150 199
150 215
150 221
150 235
150 252
150 295
150 318
150 323
150 326
150 334
150 354
150 381
150 383
151 160
151 168
151 189
151 195
151 203
151 211
151 262
151 271
151 290
151 303
151 324
151 334
151 343
151 350
151 352
151 353
151 365
151 367
151 389
151 392
151 398
152 172
152 174
152 175
152 181
152 184
152 205
152 266
152 294
152 299
152 302
152 307
152 346
152 348
152 356
152 363
152 376
152 386
153 164
153 166
153 197
153 213
153 214
153 222
153 229
153 233
153 242
153 244
153 255
153 271
153 295
153 312
153 335
153 338
153 345
153 365
153 370
153 383
153 390
153 396
154 162
154 174
154 181
154 201
154 212
154 218
154 228
154 231
154 236
154 248
154 262
154 273
154 278
154 310
154 342
154 346
154 349
154 372
154 378
154 385
154 399
155 159
155 185
155 209
155 227
155 240
155 277
155 286
155 309
155 322
155 325
155 326
155 342
155 345
155 358
155 362
155 367
155 388
155 398
156 178
156 181
156 212
156 218
156 226
156 230
156 262
156 265
156 268
156 273
156 286
156 289
156 290
156 291
156 338
156 343
156 347
156 354
156 362
156 365
156 370
156 378
156 394
156 395
157 168
157 171
157 173
157 187
157 191
157 193
157 208
157 212
157 217
157 226
157 239
157 252
157 259
157 267
157 293
157 297
157 316
157 356
157 362
157 363
157 375
157 387
158 179
158 182
158 191
158 196
158 206
158 210
158 211
158 215
158 228
158 251
158 271
158 279
158 294
158 298
158 299
158 311
158 314
158 318
158 330
158 346
158 359
158 361
158 367
158 396
159 171
159 203
159 207
159 214
159 217
159 267
159 299
159 308
159 317
159 320
159 354
159 365
159 384
160 164
160 199
160 218
160 224
160 227
160 235
160 240
160 241
160 247
160 257
160 273
160 305
160 307
160 318
160 330
160 335
160 339
160 341
160 362
160 367
160 378
160 393
161 171
161 194
161 208
161 215
161 222
161 238
161 272
161 274
161 280
161 305
161 315
161 318
161 324
161 346
161 355
161 370
161 375
161 376
161 382
161 384
161 388
161 391
162 183
162 191
162 201
162 213
162 215
162 219
162 237
162 268
162 274
162 303
162 304
162 318
162 331
162 358
162 366
162 367
162 372
162 378
162 388
162 392
162 397
163 172
163 189
163 190
163 221
163 225
163 237
163 238
163 240
163 243
163 289
163 298
163 315
163 320
163 334
163 344
163 345
163 350
163 359
163 385
163 389
164 169
164 184
164 214
164 215
164 216
164 230
164 231
164 239
164 241
164 252
164 255
164 257
164 264
164 289
164 293
164 298
164 316
164 319
164 350
164 352
164 378
164 379
164 386
164 396
165 167
165 180
165 181
165 183
165 185
165 200
165 209
165 214
165 218
165 226
165 232
165 236
165 245
165 247
165 259
165 262
165 267
165 268
165 281
165 283
165 285
165 286
165 294
165 298
165 305
165 309
165 317
165 325
165 326
165 329
165 334
165 353
165 366
166 173
166 175
166 185
166 194
166 196
166 200
166 210
166 249
166 252
166 259
166 271
166 275
166 351
166 353
166 358
166 362
166 374
166 389
167 183
167 210
167 213
167 218
167 236
167 238
167 244
167 251
167 269
167 272
167 307
167 312
167 319
167 340
167 352
167 357
167 367
167 371
167 378
167 385
167 392
168 201
168 209
168 228
168 250
168 261
168 277
168 295
168 299
168 301
168 305
168 306
168 308
168 312
168 318
168 328
168 362
168 363
168 367
168 371
168 373
168 390
168 396
168 397
169 173
169 175
169 183
169 207
169 229
169 234
169 235
169 243
169 254
169 258
169 279
169 281
169 292
169 313
169 334
169 368
169 374
169 398
170 174
170 177
170 179
170 190
170 196
170 215
170 229
170 252
170 260
170 261
170 271
170 279
170 285
170 288
170 292
170 317
170 332
170 337
170 350
170 362
170 370
170 371
170 380
171 217
171 218
171 236
171 310
171 314
171 320
171 330
171 341
171 358
171 373
171 384
171 395
172 176
172 178
172 187
172 196
172 206
172 220
172 228
172 232
172 236
172 262
172 264
172 272
172 280
172 282
172 315
172 316
172 328
172 338
172 350
172 352
172 369
172 375
172 394
173 184
173 221
173 230
173 232
173 284
173 285
173 286
173 306
173 316
173 319
173 323
173 331
173 351
173 353
173 354
173 357
173 361
173 375
173 378
173 396
174 177
174 195
174 213
174 214
174 224
174 265
174 268
174 271
174 278
174 279
174 290
174 336
174 351
174 356
174 367
174 368
174 373
174 374
174 383
174 387
174 399
175 182
175 185
175 193
175 215
175 224
175 228
175 240
175 279
175 287
175 293
175 295
175 307
175 335
175 354
175 359
175 375
175 379
175 382
176 186
176 198
176 199
176 217
176 227
176 229
176 239
176 240
176 247
176 251
176 283
176 290
176 293
176 297
176 301
176 302
176 318
176 322
176 325
176 333
176 338
176 339
176 350
176 369
176 383
176 386
176 388
176 398
177 193
177 201
177 205
177 210
177 216
177 224
177 226
177 229
177 235
177 238
177 241
177 244
177 258
177 262
177 268
177 281
177 282
177 293
177 307
177 317
177 326
177 334
177 336
177 347
177 350
177 383
177 386
177 394
177 396
177 399
178 181
178 182
178 206
178 210
178 237
178 281
178 307
178 309
178 317
178 329
178 340
178 344
178 348
178 352
178 354
178 358
178 359
178 366
178 379
179 200
179 204
179 223
179 231
179 232
179 239
179 247
179 248
179 250
179 262
179 275
179 283
179 296
179 301
179 305
179 310
179 338
179 342
179 346
179 352
179 361
179 364
179 372
179 382
179 398
180 182
180 184
180 199
180 207
180 237
180 244
180 261
180 262
180 270
180 282
180 320
180 343
180 349
180 363
180 376
180 377
180 392
181 190
181 210
181 240
181 267
181 290
181 293
181 296
181 311
181 312
181 319
181 333
181 347
181 375
181 376
181 394
181 398
182 187
182 213
182 229
182 232
182 236
182 240
182 260
182 271
182 273
182 279
182 280
182 297
182 327
182 353
182 363
183 211
183 219
183 222
183 223
183 230
183 237
183 238
183 241
183 247
183 250
183 254
183 266
183 274
183 278
183 280
183 300
183 315
183 328
183 335
183 339
183 341
183 347
183 349
183 366
183 370
183 378
183 386
183 399
184 191
184 197
184 199
184 206
184 214
184 215
184 217
184 224
184 229
184 255
184 276
184 278
184 283
184 292
184 303
184 347
184 353
184 376
184 378
185 196
185 209
185 210
185 222
185 223
185 226
185 235
185 253
185 259
185 268
185 275
185 289
185 310
185 313
185 314
185 349
185 350
186 188
186 200
186 201
186 202
186 227
186 233
186 235
186 242
186 244
186 310
186 327
186 333
186 345
186 348
186 359
186 395
187 233
187 254
187 258
187 259
187 262
187 263
187 275
187 289
187 303
187 332
187 350
187 351
187 362
187 369
187 372
187 379
187 383
187 391
187 395
187 397
188 194
188 197
188 198
188 201
188 204
188 216
188 233
188 254
188 257
188 268
188 272
188 277
188 300
188 322
188 330
188 340
188 342
188 350
188 356
188 357
188 358
188 361
188 376
189 190
189 193
189 201
189 211
189 212
189 219
189 224
189 247
189 269
189 273
189 298
189 306
189 335
189 355
189 375
189 399
190 202
190 206
190 214
190 219
190 235
190 270
190 277
190 294
190 318
190 323
190 324
190 335
190 374
190 394
191 196
191 210
191 225
191 230
191 262
191 281
191 303
191 318
191 328
191 337
191 339
191 340
191 351
191 359
191 367
191 378
191 394
191 398
192 196
192 199
192 214
192 216
192 222
192 223
192 226
192 236
192 237
192 252
192 261
192 282
192 285
192 306
192 314
192 323
192 334
192 361
192 382
192 384
192 389
192 390
192 392
193 213
193 230
193 232
193 245
193 272
193 273
193 277
193 279
193 280
193 315
193 330
193 349
193 368
193 390
193 396
194 203
194 205
194 224
194 245
194 250
194 251
194 262
194 284
194 287
194 294
194 297
194 306
194 309
194 321
194 324
194 346
194 375
194 379
195 203
195 205
195 212
195 220
195 262
195 300
195 301
195 312
195 328
195 330
195 343
195 352
195 355
195 366
195 370
195 381
195 385
195 394
195 399
196 205
196 215
196 239
196 241
196 244
196 257
196 258
196 276
196 303
196 324
196 338
196 346
196 347
196 352
196 367
196 375
196 380
196 384
196 386
196 391
196 392
197 204
197 235
197 244
197 255
197 256
197 260
197 268
197 277
197 281
197 287
197 288
197 299
197 303
197 310
197 317
197 322
197 326
197 331
197 342
197 348
197 359
197 365
197 372
197 383
198 208
198 209
198 223
198 226
198 246
198 270
198 271
198 284
198 292
198 296
198 326
198 337
198 346
198 353
198 356
198 360
198 387
198 391
199 218
199 233
199 258
199 277
199 287
199 308
199 342
199 346
199 348
199 370
199 380
199 382
199 388
199 395
200 206
200 235
200 236
200 242
200 249
200 264
200 294
200 299
200 306
200 315
200 318
200 326
200 335
200 349
200 387
200 394
201 203
201 213
201 245
201 252
201 260
201 264
201 310
201 324
201 326
201 348
201 358
201 363
201 364
201 367
202 205
202 217
202 223
202 231
202 249
202 251
202 252
202 258
202 265
202 269
202 275
202 283
202 290
202 299
202 306
202 307
202 314
202 323
202 325
202 348
202 369
202 370
202 378
202 383
202 387
203 204
203 218
203 229
203 238
203 242
203 262
203 264
203 283
203 309
203 318
203 320
203 323
203 324
203 325
203 327
203 339
203 344
203 363
203 371
203 382
203 385
204 207
204 208
204 219
204 226
204 233
204 265
204 293
204 300
204 304
204 314
204 315
204 318
204 338
204 356
204 372
204 383
204 389
204 397
205 208
205 213
205 221
205 227
205 263
205 275
205 281
205 291
205 294
205 310
205 317
205 332
205 343
205 367
205 378
205 379
206 225
206 247
206 262
206 285
206 295
206 304
206 305
206 324
206 335
206 367
206 372
206 376
206 378
206 387
206 399
207 215
207 230
207 232
207 243
207 251
207 265
207 283
207 289
207 298
207 319
207 339
207 353
207 367
207 369
207 383
207 396
207 397
208 213
208 226
208 230
208 252
208 255
208 269
208 287
208 294
208 302
208 335
208 340
208 344
208 387
208 393
209 215
209 229
209 231
209 243
209 255
209 284
209 292
209 309
209 333
209 334
209 336
209 337
209 339
209 353
209 355
209 364
209 368
209 392
209 393
210 215
210 225
210 226
210 240
210 264
210 266
210 275
210 298
210 311
210 326
210 334
210 354
210 373
210 375
210 383
210 386
211 225
211 232
211 234
211 258
211 259
211 261
211 263
211 273
211 278
211 285
211 292
211 293
211 296
211 305
211 306
211 353
211 361
211 367
211 381
211 386
211 398
212 236
212 237
212 248
212 273
212 279
212 295
212 303
212 314
212 316
212 349
212 378
212 386
213 216
213 232
213 246
213 251
213 253
213 256
213 266
213 267
213 270
213 276
213 283
213 284
213 286
213 298
213 336
213 338
213 340
213 376
213 378
214 225
214 237
214 254
214 257
214 260
214 267
214 269
214 275
214 285
214 288
214 293
214 296
214 304
214 308
214 318
214 320
214 331
214 332
214 340
214 351
214 362
214 370
214 378
214 389
214 399
215 238
215 252
215 256
215 257
215 263
215 277
215 314
215 316
215 332
215 338
215 350
215 380
215 381
215 393
216 223
216 226
216 243
216 245
216 267
216 290
216 293
216 309
216 312
216 313
216 321
216 329
216 338
216 342
216 356
216 357
216 378
217 223
217 247
217 249
217 250
217 258
217 259
217 264
217 266
217 282
217 295
217 299
217 303
217 307
217 320
217 324
217 329
217 335
217 338
217 357
217 384
217 391
218 223
218 224
218 227
218 229
218 234
218 243
218 274
218 289
218 307
218 318
218 320
218 345
218 354
218 358
218 380
218 383
218 385
219 224
219 225
219 230
219 232
219 241
219 247
219 248
219 253
219 254
219 291
219 292
219 300
219 304
219 312
219 319
219 327
219 332
219 360
219 368
219 371
219 376
219 385
220 235
220 236
220 237
220 238
220 262
220 275
220 277
220 285
220 287
220 288
220 303
220 304
220 310
220 313
220 318
220 323
220 332
220 364
220 367
220 373
221 246
221 281
221 287
221 297
221 299
221 308
221 333
221 347
221 352
221 362
221 365
221 366
221 393
221 397
222 227
222 232
222 258
222 286
222 329
222 333
222 344
222 346
222 353
222 357
222 360
222 387
222 389
222 398
223 229
223 234
223 277
223 304
223 317
223 336
223 339
223 361
223 369
223 370
223 395
224 229
224 242
224 248
224 257
224 277
224 279
224 280
224 287
224 296
224 312
224 317
224 346
224 352
224 357
224 375
224 383
224 386
224 390
224 392
225 227
225 235
225 260
225 262
225 263
225 264
225 266
225 283
225 307
225 322
225 323
225 331
225 356
225 363
225 374
225 385
225 387
225 397
225 398
226 230
226 241
226 242
226 245
226 248
226 249
226 261
226 265
226 266
226 287
226 303
226 305
226 307
226 308
226 313
226 315
226 320
226 322
226 332
226 342
226 347
226 348
226 352
226 359
226 381
227 241
227 244
227 251
227 260
227 262
227 291
227 310
227 327
227 335
227 347
227 349
227 358
227 365
227 384
227 389
227 390
227 395
228 234
228 250
228 262
228 293
228 309
228 323
228 328
228 333
228 341
228 346
228 363
228 371
228 374
228 390
228 394
228 398
229 231
229 262
229 266
229 285
229 288
229 291
229 316
229 321
229 322
229 327
229 335
229 349
229 351
229 358
229 378
229 383
229 386
229 391
229 396
230 245
230 259
230 277
230 289
230 293
230 298
230 321
230 332
230 348
230 360
230 382
231 234
231 243
231 244
231 301
231 304
231 340
231 341
231 353
231 356
231 360
231 373
231 376
231 384
232 245
232 257
232 273
232 285
232 331
232 339
232 353
232 364
232 368
232 369
232 376
232 379
232 382
232 384
232 387
232 397
233 250
233 257
233 289
233 290
233 295
233 300
233 310
233 325
233 367
233 370
233 371
233 382
234 259
234 280
234 281
234 300
234 305
234 312
234 314
234 324
234 333
234 357
234 361
234 368
234 369
234 370
234 378
234 381
234 382
234 386
235 237
235 247
235 255
235 260
235 290
235 293
235 296
235 299
235 309
235 313
235 357
235 372
235 373
235 386
235 397
235 398
236 240
236 243
236 250
236 253
236 254
236 267
236 270
236 292
236 307
236 323
236 324
236 337
236 353
236 365
236 377
237 244
237 246
237 250
237 256
237 260
237 273
237 275
237 290
237 293
237 312
237 314
237 335
237 345
237 346
237 367
237 379
237 381
237 396
237 398
238 248
238 257
238 274
238 282
238 284
238 287
238 294
238 329
238 332
238 334
238 338
238 343
238 352
238 357
238 385
238 392
239 241
239 245
239 261
239 272
239 279
239 299
239 302
239 319
239 328
239 345
239 355
239 360
239 364
239 369
239 374
239 378
239 391
239 392
239 394
240 262
240 271
240 277
240 281
240 288
240 302
240 322
240 331
240 341
240 345
240 382
241 245
241 257
241 278
241 290
241 337
241 342
241 344
241 373
242 265
242 266
242 274
242 282
242 289
242 292
242 298
242 320
242 331
242 335
242 339
242 365
242 385
242 390
243 255
243 260
243 261
243 263
243 272
243 282
243 292
243 310
243 318
243 325
243 330
243 342
243 345
243 366
243 383
243 386
243 388
244 270
244 293
244 304
244 316
244 342
244 343
244 349
244 353
244 362
244 369
244 373
244 384
245 248
245 249
245 269
245 270
245 286
245 304
245 313
245 316
245 337
245 355
245 380
246 247
246 251
246 254
246 265
246 268
246 276
246 279
246 300
246 306
246 312
246 336
246 337
246 338
246 349
246 351
246 354
246 356
246 373
246 384
247 252
247 273
247 275
247 308
247 328
247 350
247 372
248 250
248 273
248 281
248 291
248 296
248 298
248 303
248 307
248 323
248 350
248 351
248 352
248 367
248 374
248 377
249 264
249 268
249 269
249 288
249 302
249 304
249 306
249 316
249 318
249 330
249 335
249 337
249 345
249 352
249 394
250 251
250 258
250 264
250 279
250 288
250 300
250 302
250 329
250 340
250 355
250 358
250 364
250 399
251 262
251 263
251 269
251 276
251 294
251 301
251 308
251 324
251 333
251 336
251 352
251 354
251 382
251 385
251 386
251 387
251 394
252 265
252 274
252 285
252 288
252 300
252 302
252 343
252 355
252 367
252 378
252 395
253 265
253 267
253 288
253 290
253 308
253 318
253 320
253 323
253 337
253 341
253 342
253 357
253 374
253 378
253 385
254 275
254 292
254 293
254 305
254 309
254 331
254 336
254 352
254 358
254 378
255 283
255 309
255 311
255 320
255 323
255 339
255 340
255 354
255 387
256 264
256 266
256 270
256 274
256 292
256 305
256 309
256 310
256 320
256 327
256 332
256 337
256 341
256 352
256 356
256 364
256 368
256 375
256 391
256 396
256 398
257 273
257 295
257 327
257 337
257 342
257 349
257 353
257 354
257 358
257 364
258 270
258 284
258 285
258 291
258 292
258 299
258 302
258 304
258 323
258 336
258 339
258 348
258 356
258 359
258 388
258 395
259 264
259 281
259 284
259 290
259 291
259 298
259 303
259 309
259 317
259 325
259 329
259 344
259 361
259 390
260 300
260 334
260 343
260 351
260 359
260 370
260 371
261 265
261 269
261 273
261 285
261 288
261 304
261 314
261 316
261 327
261 370
261 374
261 391
261 393
262 283
262 294
262 307
262 315
262 326
262 344
262 360
262 372
262 395
263 279
263 303
263 310
263 324
263 360
263 363
263 366
263 369
264 265
264 276
264 286
264 309
264 324
264 327
264 376
264 378
264 381
265 276
265 283
265 293
265 313
265 321
265 324
265 332
265 348
265 351
265 353
265 362
265 389
265 397
266 280
266 282
266 296
266 300
266 308
266 311
266 317
266 323
266 341
267 277
267 281
267 282
267 303
267 308
267 318
267 319
267 330
267 343
267 345
267 346
267 366
267 380
267 381
267 382
268 275
268 287
268 298
268 310
268 313
268 319
268 329
268 334
268 341
268 354
268 355
268 367
268 373
268 393
269 272
269 294
269 297
269 310
269 326
269 336
269 338
269 343
269 362
269 367
269 368
269 392
269 395
269 398
270 278
270 290
270 293
270 307
270 309
270 318
270 329
270 333
270 359
270 364
270 366
270 389
271 276
271 313
271 322
271 323
271 333
271 339
271 353
271 355
271 370
271 371
271 388
272 276
272 291
272 295
272 321
272 323
272 338
272 341
272 350
272 376
273 291
273 311
273 333
273 348
273 357
273 364
273 370
273 382
273 385
273 388
273 395
274 278
274 305
274 327
274 333
274 334
274 336
274 340
274 357
274 364
274 365
275 276
275 277
275 278
275 290
275 292
275 299
275 313
275 314
275 315
275 329
275 339
275 363
275 368
275 381
275 386
275 389
275 397
276 284
276 286
276 300
276 312
276 329
276 330
276 331
276 332
276 346
276 347
276 348
276 374
276 377
276 379
277 292
277 302
277 309
277 310
277 315
277 319
277 321
277 336
277 338
277 340
277 345
277 350
277 351
277 352
277 355
277 381
277 387
277 393
278 279
278 282
278 290
278 314
278 326
278 334
278 335
278 342
278 364
278 366
278 369
279 280
279 283
279 287
279 289
279 358
279 363
279 376
279 387
279 390
279 398
280 289
280 297
280 303
280 305
280 326
280 328
280 337
280 341
280 349
280 393
281 296
281 306
281 332
281 366
282 284
282 288
282 296
282 297
282 300
282 302
282 307
282 317
282 336
282 344
282 354
282 362
282 381
282 383
282 392
283 301
283 303
283 304
283 309
283 317
283 321
283 334
283 340
283 366
283 373
283 377
283 382
284 305
284 311
284 320
284 330
284 340
284 342
284 364
284 374
284 378
284 383
284 393
284 398
285 286
285 299
285 321
285 337
285 349
285 378
286 289
286 299
286 324
286 330
286 336
286 351
286 353
286 367
286 390
286 397
286 399
287 296
287 297
287 298
287 299
287 300
287 306
287 307
287 349
287 362
287 381
287 387
287 391
287 393
288 290
288 307
288 327
288 331
288 334
288 349
288 362
288 378
288 382
288 397
289 297
289 298
289 304
289 319
289 331
289 366
289 376
290 310
290 311
290 324
290 325
290 327
290 332
290 341
290 349
290 381
290 382
290 394
291 322
291 373
291 391
292 313
292 315
292 321
292 354
292 357
292 363
292 375
292 382
292 384
292 390
292 392
292 399
293 297
293 301
293 307
293 310
293 330
293 341
293 345
293 347
293 357
293 361
293 362
293 368
293 375
294 306
294 321
294 325
294 329
294 333
294 337
294 360
294 383
294 386
294 389
294 397
295 313
295 324
295 331
295 332
295 345
295 350
295 360
295 364
295 388
295 390
296 297
296 306
296 309
296 315
296 318
296 336
296 340
296 352
296 373
296 381
296 391
296 398
297 328
297 334
297 341
297 344
297 349
297 362
297 364
297 365
297 367
297 380
297 396
298 299
298 301
298 317
298 319
298 325
298 341
298 342
298 343
298 356
299 302
299 304
299 306
299 317
299 320
299 351
299 383
300 318
300 322
300 330
300 331
300 332
300 340
300 364
300 365
300 385
300 389
301 304
301 317
301 338
301 341
301 351
301 354
301 355
301 359
301 370
301 377
302 303
302 317
302 318
302 319
302 333
302 335
302 341
302 343
302 370
302 386
303 310
303 317
303 345
303 370
303 374
303 377
303 388
303 395
303 397
303 399
304 327
304 343
304 355
304 388
304 395
305 318
305 330
305 339
305 351
305 365
305 385
305 387
305 395
305 398
305 399
306 309
306 315
306 332
306 338
306 340
306 342
306 344
306 357
306 371
306 376
306 378
306 393
306 397
307 324
307 328
307 330
307 352
307 358
307 359
307 389
307 391
307 398
308 314
308 322
308 328
308 330
308 340
308 342
308 357
308 381
308 384
308 385
308 387
309 336
309 340
309 345
309 359
309 372
309 377
309 383
309 387
309 393
310 313
310 315
310 318
310 319
310 337
310 341
310 342
310 345
310 346
310 347
310 348
310 362
310 377
311 340
311 386
311 397
312 317
312 332
312 343
312 358
312 367
313 314
313 319
313 335
313 337
313 367
313 373
313 377
313 390
313 393
314 315
314 339
314 379
314 385
314 386
314 389
314 392
315 328
315 329
315 333
315 338
315 358
315 366
315 375
315 392
316 325
316 365
316 379
316 383
316 385
316 394
316 399
317 322
317 324
317 329
317 334
317 341
317 351
317 354
317 359
317 373
317 375
318 320
318 349
318 350
318 360
318 389
319 339
319 359
319 361
319 369
319 373
319 379
320 344
320 358
320 366
320 371
320 377
320 382
320 384
320 387
320 390
320 391
321 327
321 335
321 339
321 340
321 351
321 385
321 390
321 392
322 325
322 329
322 332
322 378
322 384
322 395
323 330
323 347
323 350
323 375
323 393
324 329
324 341
324 362
324 364
324 371
324 372
325 341
325 354
325 358
325 381
325 384
325 389
325 390
325 394
326 328
326 333
326 342
326 351
326 356
326 364
327 329
327 336
327 341
327 373
327 388
327 392
328 338
328 339
328 341
328 343
328 347
328 385
329 334
329 335
329 343
329 353
329 354
329 369
329 382
330 340
330 349
330 395
331 332
331 337
331 339
331 344
331 350
331 381
332 337
332 339
332 341
332 349
332 383
332 393
333 344
333 354
333 376
333 379
333 381
334 343
334 354
334 378
335 341
335 346
335 349
335 362
335 371
335 386
335 399
336 359
336 399
337 352
337 383
338 341
338 349
338 396
338 399
339 371
339 382
340 388
341 345
341 348
341 349
341 363
341 381
341 389
341 398
341 399
342 356
342 364
342 365
342 376
342 379
342 382
342 388
342 389
343 346
343 352
343 367
343 371
343 387
344 345
344 348
344 355
344 365
344 381
344 384
344 388
344 396
345 350
345 355
345 371
345 391
346 350
346 355
346 372
346 384
346 392
347 364
347 368
347 380
347 386
347 389
348 352
348 360
348 370
348 372
349 355
349 356
349 357
349 358
349 372
349 388
349 396
350 360
350 372
350 385
350 389
350 398
351 389
351 394
353 364
353 389
354 362
354 368
354 369
354 375
354 385
354 386
354 392
354 397
355 371
355 386
355 395
356 361
356 382
356 385
357 367
357 374
357 387
358 386
358 391
359 365
359 366
359 368
359 370
359 376
359 378
359 384
359 386
359 389
359 396
360 378
360 384
360 396
360 399
361 371
361 377
362 369
362 371
362 372
362 373
362 379
362 394
363 366
363 375
363 385
363 387
363 397
364 390
364 396
365 367
365 394
365 396
366 374
366 390
367 373
367 378
367 382
367 383
367 391
367 392
368 394
369 398
370 376
370 381
370 386
370 388
371 377
371 379
372 374
372 388
372 392
374 376
374 379
374 388
374 391
374 396
375 395
376 391
377 395
378 393
379 384
380 389
380 391
380 398
381 383
382 383
382 393
383 398
386 392
386 396
387 393
389 396
390 393
395 398
