500 6005 0.8
0 5
0 14
0 31
0 48
0 92
0 97
0 141
0 147
0 155
0 182
0 216
0 220
0 225
0 232
0 233
0 276
0 294
0 298
0 308
0 322
0 341
0 373
0 391
0 404
0 411
0 450
0 479
0 484
0 486
1 5
1 7
1 17
1 51
1 74
1 107
1 160
1 189
1 216
1 221
1 263
1 301
1 316
1 318
1 335
1 339
1 347
1 356
1 371
1 383
1 410
1 431
1 447
1 450
1 456
1 458
1 476
1 496
1 498
1 499
2 12
2 39
2 52
2 60
2 87
2 102
2 103
2 115
2 117
2 120
2 174
2 206
2 222
2 262
2 279
2 291
2 292
2 317
2 343
2 381
2 428
2 461
2 478
2 496
3 19
3 31
3 63
3 66
3 107
3 138
3 155
3 165
3 172
3 184
3 198
3 227
3 246
3 263
3 272
3 282
3 303
3 377
3 391
3 392
3 396
3 397
3 404
3 490
4 12
4 34
4 46
4 75
4 81
4 129
4 137
4 139
4 165
4 181
4 206
4 218
4 230
4 238
4 290
4 355
4 356
4 365
4 408
4 422
4 433
4 476
5 29
5 67
5 74
5 132
5 166
5 204
5 220
5 258
5 259
5 408
5 456
5 457
5 464
6 104
6 136
6 147
6 170
6 185
6 220
6 257
6 291
6 300
6 343
6 357
6 405
6 420
6 423
6 426
6 452
6 460
6 479
6 499
7 25
7 28
7 30
7 48
7 139
7 174
7 209
7 221
7 239
7 242
7 273
7 353
7 363
7 367
7 392
7 471
8 9
8 11
8 12
8 52
8 54
8 60
8 102
8 125
8 128
8 145
8 194
8 236
8 262
8 281
8 295
8 300
8 322
8 354
8 361
8 417
8 422
8 472
8 483
8 490
8 499
9 26
9 83
9 89
9 120
9 170
9 171
9 178
9 216
9 235
9 239
9 244
9 270
9 278
9 287
9 307
9 321
9 372
9 378
9 381
9 393
9 397
9 443
9 458
9 460
10 69
10 76
10 79
10 96
10 153
10 159
10 161
10 185
10 198
10 214
10 236
10 248
10 280
10 314
10 352
10 382
10 451
10 458
11 60
11 69
11 80
11 98
11 113
11 115
11 116
11 134
11 146
11 149
11 187
11 255
11 279
11 281
11 288
11 302
11 307
11 310
11 312
11 324
11 336
11 382
11 411
11 496
12 52
12 91
12 159
12 166
12 216
12 223
12 239
12 247
12 250
12 307
12 311
12 328
12 374
12 381
12 410
12 415
12 433
12 453
12 455
12 460
12 486
13 44
13 87
13 140
13 159
13 164
13 168
13 205
13 234
13 312
13 316
13 325
13 356
13 358
13 394
13 415
13 448
13 453
13 464
14 20
14 46
14 87
14 112
14 122
14 129
14 142
14 176
14 219
14 258
14 275
14 283
14 292
14 304
14 334
14 365
14 367
14 382
14 445
14 462
14 492
15 46
15 54
15 59
15 60
15 74
15 90
15 121
15 161
15 173
15 175
15 197
15 205
15 224
15 229
15 275
15 391
15 410
15 436
15 459
15 467
16 18
16 19
16 44
16 53
16 79
16 94
16 101
16 118
16 123
16 126
16 133
16 146
16 168
16 170
16 194
16 196
16 204
16 239
16 305
16 311
16 345
16 347
16 356
16 411
16 413
16 434
16 443
16 445
16 447
16 464
16 474
16 487
16 492
16 495
16 498
17 24
17 40
17 72
17 85
17 105
17 109
17 110
17 116
17 125
17 146
17 153
17 157
17 242
17 266
17 271
17 281
17 325
17 330
17 332
17 349
17 367
17 377
17 401
17 402
17 411
17 439
17 447
17 471
18 35
18 37
18 44
18 76
18 83
18 93
18 159
18 193
18 200
18 326
18 329
18 333
18 341
18 345
18 370
18 372
18 377
18 387
18 412
18 444
18 457
18 462
18 480
18 498
19 52
19 81
19 98
19 121
19 139
19 141
19 236
19 240
19 259
19 260
19 267
19 272
19 304
19 310
19 319
19 351
19 397
19 414
19 427
19 433
20 23
20 35
20 43
20 48
20 86
20 92
20 101
20 128
20 138
20 202
20 224
20 247
20 295
20 300
20 302
20 307
20 333
20 342
20 355
20 383
20 386
20 405
20 422
20 432
20 444
20 445
20 451
20 457
20 463
20 477
20 480
20 498
21 34
21 35
21 55
21 93
21 121
21 160
21 181
21 248
21 253
21 261
21 276
21 280
21 295
21 301
21 306
21 316
21 357
21 361
21 366
21 368
21 371
21 394
21 464
21 484
22 23
22 33
22 36
22 37
22 49
22 52
22 62
22 87
22 89
22 94
22 151
22 158
22 172
22 228
22 237
22 253
22 256
22 274
22 301
22 328
22 336
22 337
22 349
22 377
22 413
22 437
22 452
22 468
22 494
23 37
23 53
23 58
23 77
23 93
23 118
23 173
23 200
23 225
23 227
23 243
23 252
23 255
23 274
23 296
23 324
23 350
23 395
23 415
23 448
24 28
24 31
24 33
24 47
24 70
24 88
24 102
24 183
24 236
24 251
24 261
24 264
24 323
24 334
24 375
24 454
24 488
25 34
25 36
25 40
25 68
25 82
25 95
25 98
25 129
25 133
25 145
25 188
25 194
25 200
25 205
25 223
25 245
25 289
25 307
25 328
25 333
25 338
25 339
25 341
25 369
25 389
25 398
25 402
25 457
25 499
26 28
26 31
26 57
26 79
26 160
26 184
26 193
26 213
26 223
26 233
26 238
26 241
26 287
26 293
26 316
26 362
26 370
26 378
26 379
26 419
26 452
26 462
26 464
26 465
26 479
26 485
26 489
26 493
27 43
27 126
27 158
27 182
27 184
27 231
27 233
27 252
27 294
27 330
27 331
27 334
27 376
27 379
27 397
27 405
27 409
27 416
27 418
27 433
27 470
27 486
27 493
28 43
28 63
28 78
28 93
28 121
28 130
28 210
28 211
28 279
28 281
28 322
28 344
28 363
28 384
28 387
28 438
28 458
28 470
28 483
28 496
29 33
29 49
29 62
29 93
29 100
29 130
29 173
29 293
29 297
29 350
29 413
29 420
29 442
29 452
29 459
29 492
29 495
30 45
30 51
30 53
30 65
30 112
30 151
30 167
30 179
30 182
30 238
30 251
30 257
30 292
30 293
30 343
30 344
30 374
30 391
30 475
30 499
31 35
31 44
31 56
31 58
31 81
31 143
31 200
31 201
31 204
31 207
31 215
31 230
31 290
31 294
31 310
31 335
31 350
31 351
31 360
31 371
31 381
31 406
31 443
31 454
31 492
32 48
32 87
32 126
32 136
32 178
32 202
32 211
32 225
32 247
32 275
32 276
32 297
32 306
32 315
32 325
32 334
32 394
32 411
32 416
32 440
32 447
32 453
32 472
32 487
33 47
33 50
33 107
33 164
33 168
33 242
33 278
33 281
33 283
33 310
33 339
33 369
33 382
33 422
33 425
33 442
33 473
33 490
34 43
34 51
34 64
34 90
34 110
34 128
34 134
34 147
34 186
34 191
34 194
34 220
34 250
34 272
34 279
34 280
34 284
34 320
34 353
34 362
34 383
34 407
34 412
34 420
34 426
34 448
34 464
35 39
35 53
35 60
35 74
35 94
35 112
35 120
35 151
35 197
35 276
35 304
35 331
35 333
35 338
35 358
35 360
35 397
35 406
35 409
35 437
35 445
35 475
35 480
35 483
35 490
35 496
36 117
36 165
36 178
36 180
36 186
36 212
36 213
36 257
36 260
36 282
36 298
36 311
36 329
36 334
36 385
36 415
36 429
36 434
36 437
36 450
36 467
36 483
37 44
37 50
37 66
37 85
37 104
37 118
37 119
37 124
37 134
37 160
37 174
37 190
37 213
37 246
37 264
37 269
37 288
37 291
37 341
37 367
37 389
37 437
37 450
38 58
38 65
38 67
38 77
38 85
38 88
38 106
38 131
38 203
38 210
38 211
38 216
38 229
38 233
38 248
38 258
38 269
38 272
38 304
38 316
38 333
38 340
38 347
38 350
38 354
38 368
38 438
38 462
38 485
38 492
38 496
39 63
39 106
39 153
39 161
39 170
39 192
39 197
39 202
39 205
39 237
39 255
39 269
39 282
39 307
39 314
39 316
39 352
39 388
39 396
39 419
39 424
39 466
39 467
39 479
39 480
40 84
40 96
40 110
40 111
40 114
40 201
40 247
40 277
40 291
40 324
40 373
40 399
40 400
40 408
40 444
40 459
41 64
41 98
41 106
41 108
41 134
41 172
41 211
41 275
41 277
41 319
41 332
41 343
41 355
41 356
41 363
41 418
41 435
41 471
41 475
41 477
42 45
42 50
42 67
42 73
42 93
42 138
42 140
42 147
42 166
42 173
42 202
42 222
42 233
42 249
42 253
42 254
42 274
42 298
42 321
42 396
42 490
43 50
43 62
43 65
43 82
43 102
43 187
43 264
43 274
43 288
43 290
43 319
43 355
43 384
43 402
43 403
43 412
43 415
43 441
43 444
43 454
43 461
43 463
43 484
43 485
43 491
43 493
44 57
44 72
44 76
44 78
44 96
44 98
44 153
44 177
44 190
44 209
44 230
44 232
44 236
44 237
44 250
44 264
44 271
44 300
44 303
44 313
44 329
44 338
44 340
44 370
44 378
44 404
44 419
44 431
45 46
45 63
45 125
45 153
45 182
45 231
45 235
45 248
45 267
45 274
45 317
45 324
45 336
45 349
45 370
45 377
45 378
45 396
45 432
45 496
46 84
46 96
46 115
46 146
46 180
46 191
46 259
46 297
46 363
46 380
46 393
46 434
46 441
46 447
46 456
47 62
47 65
47 73
47 78
47 86
47 89
47 105
47 107
47 128
47 136
47 144
47 149
47 153
47 156
47 208
47 210
47 214
47 217
47 236
47 239
47 256
47 258
47 290
47 353
47 358
47 371
47 395
47 405
47 410
47 454
47 466
47 475
47 483
47 484
47 490
47 497
48 71
48 79
48 88
48 103
48 118
48 139
48 217
48 218
48 223
48 253
48 271
48 277
48 311
48 359
48 364
48 442
48 443
48 452
48 454
48 457
48 469
49 66
49 83
49 90
49 121
49 165
49 202
49 217
49 218
49 245
49 252
49 261
49 279
49 289
49 323
49 328
49 363
49 365
49 385
49 397
49 433
49 466
49 499
50 92
50 114
50 118
50 119
50 184
50 191
50 219
50 220
50 242
50 266
50 275
50 278
50 279
50 282
50 283
50 294
50 295
50 319
50 343
50 349
50 404
50 426
50 427
50 443
50 449
50 457
50 494
51 69
51 75
51 85
51 86
51 96
51 116
51 129
51 181
51 245
51 247
51 333
51 351
51 397
51 482
52 53
52 62
52 119
52 169
52 176
52 184
52 196
52 198
52 214
52 218
52 220
52 233
52 245
52 256
52 283
52 303
52 314
52 322
52 337
52 344
52 378
52 410
52 429
52 452
52 483
52 489
52 496
53 77
53 78
53 83
53 90
53 99
53 127
53 138
53 147
53 157
53 169
53 176
53 186
53 234
53 245
53 299
53 300
53 324
53 327
53 383
53 390
53 392
53 408
53 422
53 446
53 462
53 470
53 476
54 56
54 61
54 76
54 78
54 81
54 90
54 125
54 138
54 145
54 148
54 198
54 223
54 238
54 263
54 266
54 276
54 348
54 365
54 396
54 430
54 453
54 490
54 494
54 496
55 81
55 132
55 141
55 149
55 154
55 163
55 182
55 194
55 209
55 227
55 231
55 245
55 264
55 266
55 302
55 303
55 327
55 350
55 352
55 364
55 414
55 418
55 426
55 449
55 471
55 491
56 102
56 110
56 176
56 210
56 229
56 247
56 270
56 275
56 306
56 313
56 372
56 376
56 424
56 432
56 451
56 456
56 462
56 469
56 475
56 483
57 97
57 111
57 163
57 166
57 185
57 209
57 255
57 276
57 288
57 307
57 341
57 351
57 368
57 420
57 426
57 439
57 442
57 450
57 452
57 453
57 461
57 473
57 495
58 108
58 116
58 152
58 171
58 184
58 190
58 215
58 260
58 273
58 325
58 342
58 344
58 366
58 377
58 380
58 391
58 399
58 462
58 484
59 63
59 70
59 99
59 135
59 248
59 311
59 319
59 333
59 384
59 461
59 485
59 499
60 63
60 64
60 83
60 88
60 100
60 105
60 109
60 132
60 135
60 138
60 158
60 177
60 196
60 219
60 272
60 314
60 317
60 375
60 385
60 387
60 394
60 398
60 411
60 413
60 417
60 431
60 445
60 452
60 467
60 470
60 478
61 73
61 100
61 105
61 106
61 119
61 143
61 162
61 180
61 197
61 206
61 207
61 227
61 285
61 306
61 330
61 341
61 349
61 379
61 421
61 438
62 65
62 176
62 198
62 200
62 205
62 243
62 251
62 265
62 270
62 272
62 299
62 303
62 314
62 323
62 326
62 336
62 346
62 376
62 389
62 440
62 446
62 454
62 475
63 82
63 155
63 160
63 175
63 188
63 202
63 212
63 217
63 267
63 291
63 307
63 346
63 350
63 366
63 369
63 402
63 418
63 435
63 453
64 94
64 114
64 117
64 124
64 150
64 183
64 187
64 194
64 207
64 225
64 231
64 238
64 302
64 334
64 371
64 390
64 402
64 427
64 436
64 440
65 75
65 86
65 111
65 163
65 194
65 215
65 229
65 230
65 281
65 322
65 355
65 407
65 415
65 459
65 480
65 489
65 495
66 89
66 103
66 150
66 153
66 167
66 175
66 180
66 193
66 194
66 207
66 278
66 284
66 293
66 395
66 422
66 427
66 430
66 442
66 479
66 482
67 90
67 93
67 99
67 115
67 143
67 149
67 153
67 166
67 185
67 188
67 226
67 229
67 250
67 272
67 312
67 325
67 348
67 373
67 375
67 377
67 382
67 393
67 399
67 403
67 424
67 474
67 482
68 116
68 151
68 173
68 177
68 180
68 221
68 232
68 263
68 265
68 278
68 306
68 316
68 340
68 353
68 383
68 490
69 75
69 80
69 82
69 114
69 128
69 161
69 203
69 204
69 208
69 212
69 215
69 227
69 263
69 281
69 312
69 328
69 339
69 342
69 379
69 418
69 453
69 463
70 98
70 117
70 127
70 150
70 159
70 179
70 195
70 197
70 250
70 259
70 260
70 278
70 296
70 321
70 396
70 448
70 457
70 487
70 495
70 498
71 106
71 142
71 148
71 207
71 212
71 248
71 255
71 261
71 295
71 315
71 328
71 359
71 378
71 394
71 420
71 433
71 440
71 452
71 468
71 469
71 471
71 475
71 495
72 82
72 131
72 160
72 183
72 218
72 229
72 262
72 277
72 401
72 424
72 443
72 449
72 464
72 465
73 88
73 118
73 134
73 207
73 232
73 243
73 249
73 250
73 281
73 282
73 292
73 301
73 313
73 339
73 412
73 425
73 435
73 444
73 453
73 473
73 493
74 112
74 119
74 135
74 136
74 145
74 160
74 166
74 171
74 174
74 197
74 210
74 220
74 246
74 263
74 279
74 307
74 395
74 401
74 434
74 458
74 469
74 495
75 79
75 95
75 118
75 126
75 142
75 185
75 195
75 196
75 246
75 247
75 271
75 276
75 291
75 294
75 317
75 335
75 339
75 351
75 353
75 365
75 378
75 448
75 452
76 93
76 109
76 117
76 134
76 172
76 222
76 229
76 231
76 242
76 251
76 253
76 256
76 267
76 291
76 308
76 322
76 339
76 347
76 381
76 412
76 455
77 96
77 127
77 146
77 148
77 151
77 180
77 189
77 232
77 259
77 281
77 312
77 354
77 358
77 363
77 388
77 406
77 424
77 454
77 459
78 84
78 115
78 118
78 122
78 123
78 170
78 176
78 177
78 239
78 303
78 310
78 325
78 350
78 367
78 389
78 410
78 498
79 129
79 143
79 194
79 198
79 210
79 238
79 242
79 263
79 269
79 312
79 404
79 435
79 437
79 442
79 457
79 458
79 463
79 467
79 495
80 110
80 125
80 149
80 157
80 173
80 191
80 198
80 282
80 285
80 341
80 367
80 407
80 429
80 447
80 481
81 134
81 140
81 146
81 253
81 299
81 331
81 351
81 355
81 415
81 465
81 481
81 483
82 85
82 99
82 102
82 138
82 170
82 182
82 185
82 219
82 222
82 234
82 258
82 272
82 305
82 331
82 345
82 407
82 413
82 436
82 442
82 448
82 494
83 107
83 120
83 181
83 201
83 213
83 215
83 231
83 250
83 281
83 290
83 293
83 298
83 307
83 358
83 360
83 381
83 391
83 398
83 401
83 408
83 450
83 453
84 113
84 134
84 140
84 148
84 154
84 164
84 185
84 200
84 239
84 274
84 280
84 299
84 371
84 380
84 386
84 407
84 454
84 455
85 86
85 119
85 128
85 165
85 188
85 216
85 222
85 299
85 325
85 330
85 333
85 360
85 369
85 380
85 407
85 423
85 432
85 441
85 449
86 125
86 165
86 183
86 190
86 196
86 199
86 278
86 283
86 296
86 370
86 371
86 393
86 394
86 440
86 474
87 95
87 97
87 190
87 237
87 263
87 305
87 351
87 431
87 451
87 465
87 467
87 491
88 99
88 121
88 130
88 162
88 171
88 179
88 187
88 260
88 265
88 268
88 283
88 299
88 305
88 329
88 339
88 341
88 390
88 471
89 115
89 158
89 160
89 163
89 169
89 188
89 196
89 225
89 244
89 264
89 338
89 344
89 366
89 400
89 402
89 415
89 423
89 427
89 441
89 447
89 459
89 470
90 116
90 132
90 137
90 204
90 213
90 216
90 240
90 246
90 248
90 249
90 259
90 266
90 281
90 286
90 317
90 319
90 329
90 366
90 372
90 375
90 435
90 437
90 443
90 449
90 458
90 493
91 121
91 131
91 181
91 260
91 263
91 276
91 280
91 284
91 305
91 309
91 334
91 363
91 380
91 382
91 383
91 418
91 423
91 469
91 480
92 94
92 117
92 121
92 132
92 171
92 173
92 180
92 182
92 255
92 268
92 285
92 300
92 305
92 320
92 341
92 445
92 455
92 493
93 132
93 137
93 140
93 172
93 173
93 195
93 229
93 234
93 257
93 258
93 278
93 298
93 315
93 324
93 332
93 383
93 408
93 416
93 450
93 472
94 123
94 128
94 153
94 156
94 173
94 199
94 204
94 236
94 248
94 250
94 256
94 346
94 365
94 371
94 375
94 393
94 414
94 441
94 462
94 471
94 473
95 110
95 130
95 133
95 138
95 156
95 163
95 165
95 200
95 217
95 230
95 272
95 287
95 301
95 317
95 343
95 382
95 396
95 438
95 451
95 454
96 99
96 134
96 161
96 177
96 186
96 205
96 220
96 230
96 237
96 272
96 277
96 305
96 318
96 327
96 357
96 365
96 387
96 405
96 429
96 448
96 450
96 459
96 464
96 489
97 106
97 113
97 123
97 126
97 146
97 162
97 184
97 190
97 197
97 217
97 235
97 251
97 429
97 456
97 477
98 159
98 167
98 176
98 196
98 199
98 201
98 248
98 266
98 320
98 321
98 369
98 375
98 401
98 402
98 417
98 424
98 479
99 100
99 102
99 125
99 135
99 164
99 165
99 173
99 183
99 237
99 276
99 290
99 309
99 314
99 335
99 343
99 350
99 410
99 416
99 486
99 498
99 499
100 130
100 165
100 187
100 219
100 258
100 263
100 278
100 300
100 324
100 325
100 344
100 363
100 370
100 398
100 403
100 407
100 443
100 450
100 485
100 495
101 110
101 156
101 168
101 172
101 176
101 187
101 223
101 232
101 280
101 314
101 331
101 353
101 355
101 388
101 397
101 417
101 499
102 103
102 111
102 135
102 165
102 180
102 209
102 210
102 245
102 280
102 315
102 320
102 335
102 343
102 362
102 372
102 380
102 387
102 418
102 423
102 428
102 439
102 441
102 442
102 449
102 462
102 481
102 486
103 147
103 151
103 171
103 192
103 200
103 374
103 394
104 113
104 116
104 142
104 190
104 196
104 214
104 225
104 261
104 272
104 282
104 283
104 298
104 322
104 325
104 399
104 447
104 459
104 467
104 474
104 493
105 119
105 165
105 184
105 195
105 208
105 211
105 213
105 225
105 236
105 252
105 290
105 302
105 314
105 318
105 326
105 333
105 337
105 338
105 348
105 361
105 367
105 379
105 383
105 388
105 396
105 421
105 433
105 458
105 493
106 111
106 124
106 142
106 146
106 158
106 160
106 161
106 191
106 213
106 215
106 225
106 253
106 265
106 294
106 302
106 306
106 362
106 384
106 444
106 451
106 465
106 470
106 492
106 494
107 124
107 128
107 147
107 151
107 157
107 165
107 169
107 177
107 186
107 265
107 287
107 344
107 346
107 358
107 380
107 390
107 402
107 406
107 407
107 416
107 436
107 487
108 142
108 203
108 216
108 306
108 320
108 385
108 387
108 404
108 422
108 455
108 456
108 485
109 151
109 158
109 170
109 183
109 238
109 249
109 254
109 264
109 309
109 315
109 316
109 318
109 322
109 323
109 328
109 370
109 378
109 384
109 427
109 438
109 484
109 486
110 126
110 153
110 197
110 199
110 220
110 221
110 228
110 234
110 235
110 245
110 254
110 258
110 267
110 289
110 292
110 335
110 380
110 384
110 417
110 421
110 434
110 435
110 453
110 492
110 498
111 131
111 138
111 155
111 171
111 196
111 226
111 230
111 232
111 250
111 264
111 271
111 344
111 382
111 386
111 396
111 438
111 467
112 113
112 133
112 137
112 173
112 175
112 254
112 277
112 279
112 282
112 302
112 306
112 314
112 325
112 362
112 436
112 449
112 475
113 178
113 181
113 205
113 218
113 233
113 259
113 272
113 306
113 309
113 327
113 338
113 353
113 432
113 433
113 434
113 442
113 450
114 119
114 128
114 130
114 134
114 170
114 232
114 309
114 402
114 418
114 451
114 460
114 484
115 119
115 123
115 169
115 236
115 237
115 297
115 316
115 322
115 337
115 348
115 372
115 379
115 405
115 421
115 456
115 469
116 120
116 123
116 142
116 172
116 177
116 207
116 259
116 264
116 270
116 272
116 289
116 314
116 334
116 355
116 366
116 401
116 475
117 164
117 173
117 180
117 182
117 229
117 245
117 254
117 257
117 280
117 347
117 350
117 388
117 407
117 456
117 483
118 140
118 171
118 181
118 182
118 194
118 198
118 228
118 271
118 296
118 300
118 331
118 339
118 349
118 360
118 362
118 399
118 451
118 454
118 474
119 120
119 159
119 170
119 194
119 216
119 245
119 261
119 266
119 280
119 292
119 300
119 337
119 387
119 428
119 465
119 480
119 485
120 138
120 204
120 278
120 309
120 348
120 360
120 401
120 407
120 428
120 458
120 484
120 493
120 495
121 125
121 166
121 168
121 176
121 185
121 243
121 289
121 292
121 299
121 316
121 317
121 321
121 339
121 378
121 400
121 403
121 412
121 436
121 464
121 488
121 491
122 182
122 205
122 206
122 220
122 239
122 242
122 309
122 317
122 344
122 351
122 374
122 379
122 381
122 388
122 426
122 436
122 454
122 472
122 482
123 172
123 191
123 249
123 341
123 350
123 358
123 359
123 368
123 391
123 430
123 436
123 486
123 487
123 495
124 169
124 178
124 181
124 199
124 252
124 261
124 297
124 353
124 377
124 384
124 393
124 402
124 424
124 457
124 460
124 467
124 488
125 154
125 188
125 239
125 252
125 257
125 272
125 288
125 322
125 325
125 364
125 370
125 372
125 403
125 404
125 429
126 137
126 141
126 207
126 215
126 224
126 234
126 244
126 258
126 282
126 285
126 291
126 324
126 381
126 440
126 455
126 460
126 470
126 497
127 134
127 144
127 181
127 202
127 216
127 227
127 230
127 287
127 333
127 335
127 367
127 375
127 383
127 403
127 421
127 429
127 440
127 465
127 483
128 150
128 155
128 193
128 226
128 232
128 251
128 264
128 280
128 287
128 294
128 296
128 297
128 344
128 347
128 439
128 440
128 445
129 195
129 229
129 239
129 263
129 285
129 289
129 292
129 298
129 382
129 412
129 433
129 434
129 452
129 474
129 478
129 486
129 493
129 499
130 155
130 160
130 176
130 189
130 199
130 236
130 247
130 261
130 307
130 312
130 326
130 354
130 371
130 394
130 428
130 440
130 474
131 152
131 198
131 211
131 253
131 282
131 291
131 295
131 321
131 325
131 379
131 388
131 405
131 414
131 425
131 453
132 179
132 203
132 292
132 293
132 300
132 305
132 311
132 322
132 323
132 364
132 379
132 408
132 433
132 441
132 453
132 454
132 467
132 499
133 135
133 171
133 174
133 182
133 223
133 260
133 279
133 297
133 315
133 316
133 325
133 339
133 365
133 377
133 388
133 414
133 419
133 440
133 496
134 140
134 193
134 194
134 217
134 230
134 264
134 266
134 304
134 381
134 386
134 391
134 398
134 423
134 434
134 463
134 472
135 147
135 174
135 176
135 178
135 185
135 187
135 193
135 207
135 208
135 245
135 250
135 260
135 319
135 320
135 330
135 361
135 366
135 367
135 368
135 372
135 373
135 374
135 377
135 378
135 393
135 419
135 431
135 433
135 457
135 474
135 491
135 492
136 184
136 196
136 209
136 219
136 235
136 242
136 272
136 278
136 291
136 307
136 370
136 388
136 395
136 399
136 407
136 426
136 449
136 489
136 498
137 152
137 195
137 201
137 207
137 215
137 217
137 233
137 236
137 253
137 270
137 278
137 294
137 311
137 326
137 386
137 420
137 423
137 480
137 492
138 165
138 182
138 230
138 246
138 256
138 257
138 260
138 274
138 289
138 312
138 345
138 393
138 419
138 431
139 145
139 151
139 184
139 210
139 212
139 288
139 295
139 306
139 362
139 373
139 388
139 402
139 463
140 162
140 177
140 234
140 237
140 255
140 260
140 317
140 320
140 353
140 354
140 383
140 398
140 419
140 456
140 460
141 190
141 197
141 216
141 254
141 255
141 307
141 310
141 322
141 376
141 395
141 396
141 397
141 403
141 406
141 408
141 421
141 424
141 441
141 485
142 181
142 197
142 269
142 275
142 279
142 285
142 287
142 350
142 358
142 384
142 386
142 417
142 435
142 439
142 455
142 482
142 489
142 493
142 494
143 147
143 166
143 183
143 195
143 242
143 323
143 336
143 347
143 371
143 373
143 387
143 400
143 407
143 444
143 486
144 151
144 155
144 176
144 219
144 249
144 260
144 287
144 304
144 415
144 440
144 453
144 471
144 477
144 479
144 485
144 487
145 161
145 185
145 259
145 260
145 261
145 272
145 360
145 369
145 381
145 387
145 415
145 423
145 442
145 444
145 445
145 485
146 156
146 176
146 188
146 192
146 227
146 240
146 241
146 246
146 338
146 345
146 445
146 454
147 152
147 173
147 199
147 222
147 224
147 241
147 264
147 297
147 325
147 354
147 358
147 360
147 386
147 390
147 422
147 426
147 448
147 450
147 491
148 162
148 193
148 194
148 209
148 213
148 228
148 229
148 232
148 234
148 237
148 245
148 248
148 259
148 288
148 314
148 332
148 334
148 339
148 347
148 361
148 369
148 371
148 379
148 388
148 390
148 424
148 454
148 455
148 456
148 463
149 157
149 162
149 184
149 190
149 215
149 230
149 234
149 272
149 273
149 283
149 295
149 320
149 326
149 355
149 416
149 421
149 436
149 468
149 477
149 479
149 486
149 490
150 190
150 268
150 283
150 305
150 308
150 321
150 361
150 366
150 377
150 389
150 390
150 412
150 424
150 431
150 433
151 188
151 203
151 231
151 245
151 285
151 296
151 341
151 348
151 372
151 406
151 451
151 483
151 487
151 496
152 176
152 203
152 223
152 237
152 274
152 288
152 290
152 323
152 355
152 357
152 384
152 388
152 420
152 442
152 477
152 496
153 185
153 188
153 208
153 222
153 238
153 266
153 273
153 281
153 285
153 286
153 293
153 336
153 355
153 377
153 392
153 462
153 475
153 496
154 182
154 206
154 223
154 282
154 298
154 308
154 340
154 341
154 353
154 374
154 393
154 396
154 423
154 434
154 466
154 467
154 481
154 494
155 207
155 218
155 223
155 228
155 268
155 275
155 288
155 322
155 355
155 362
155 365
155 385
155 399
155 430
155 431
155 435
155 451
155 497
156 159
156 170
156 177
156 179
156 182
156 183
156 207
156 208
156 209
156 221
156 232
156 237
156 242
156 246
156 257
156 281
156 285
156 323
156 358
156 394
156 419
156 434
156 490
157 191
157 224
157 236
157 250
157 253
157 269
157 274
157 279
157 289
157 352
157 388
157 407
157 424
157 429
157 499
158 212
158 244
158 314
158 370
158 392
158 414
158 420
158 422
158 459
158 469
158 474
158 479
158 492
159 171
159 186
159 188
159 218
159 255
159 263
159 264
159 294
159 329
159 341
159 367
159 384
159 386
159 391
159 420
159 433
159 434
159 468
159 483
160 174
160 211
160 219
160 250
160 253
160 278
160 327
160 340
160 368
160 386
160 393
160 395
160 402
160 403
160 425
160 429
160 430
160 479
161 178
161 179
161 183
161 231
161 283
161 286
161 287
161 312
161 331
161 348
161 358
161 381
161 397
161 410
161 434
161 442
161 465
161 475
161 484
161 498
162 208
162 255
162 278
162 335
162 344
162 353
162 375
162 483
162 487
163 197
163 214
163 221
163 257
163 282
163 285
163 289
163 330
163 354
163 372
163 375
163 397
163 398
163 435
163 477
164 171
164 179
164 205
164 234
164 235
164 265
164 294
164 318
164 363
164 369
164 375
164 408
164 411
164 420
164 421
164 422
164 442
164 464
165 192
165 195
165 202
165 205
165 269
165 280
165 285
165 290
165 346
165 356
165 383
165 405
165 409
165 465
165 472
166 186
166 223
166 240
166 307
166 317
166 327
166 331
166 345
166 350
166 352
166 356
166 391
166 419
166 440
166 441
166 447
166 476
167 223
167 239
167 247
167 290
167 293
167 335
167 344
167 354
167 375
167 391
167 402
167 405
167 408
167 416
167 424
167 442
167 444
168 192
168 243
168 254
168 303
168 327
168 350
168 376
168 386
168 411
168 438
168 446
168 448
168 454
168 496
169 172
169 178
169 188
169 204
169 226
169 264
169 291
169 298
169 318
169 329
169 333
169 364
169 370
169 377
169 388
169 403
169 406
169 433
169 448
169 474
169 489
169 492
170 204
170 216
170 217
170 236
170 254
170 273
170 316
170 343
170 361
170 376
170 383
170 406
170 431
170 456
170 475
171 176
171 184
171 285
171 314
171 317
171 318
171 329
171 387
171 392
171 416
171 441
171 458
171 467
171 483
171 486
172 216
172 228
172 250
172 276
172 320
172 328
172 340
172 383
172 393
172 424
172 426
172 478
173 183
173 251
173 257
173 261
173 262
173 279
173 283
173 295
173 298
173 320
173 339
173 354
173 394
173 401
173 413
173 419
173 446
173 471
173 480
173 486
174 213
174 220
174 223
174 232
174 239
174 245
174 303
174 328
174 433
174 443
174 458
174 481
174 482
174 483
175 180
175 194
175 198
175 202
175 227
175 265
175 269
175 293
175 376
175 468
175 487
175 495
176 187
176 206
176 220
176 231
176 236
176 276
176 334
176 337
176 368
176 422
176 424
176 441
176 463
176 483
177 198
177 247
177 307
177 313
177 338
177 339
177 353
177 358
177 359
177 360
177 368
177 370
177 387
177 431
177 435
177 439
177 462
177 484
177 488
177 495
177 498
178 195
178 230
178 243
178 246
178 248
178 292
178 336
178 356
178 396
178 400
178 420
179 218
179 224
179 231
179 251
179 279
179 307
179 340
179 350
179 385
179 398
179 400
179 417
179 424
179 437
179 452
179 499
180 194
180 202
180 234
180 236
180 243
180 277
180 309
180 349
180 398
180 441
180 456
180 465
180 486
181 187
181 232
181 235
181 250
181 260
181 277
181 282
181 326
181 333
181 353
181 361
181 424
181 430
181 461
181 462
181 480
181 486
181 498
182 224
182 227
182 251
182 265
182 274
182 302
182 305
182 319
182 324
182 336
182 340
182 384
182 413
182 435
182 446
182 474
183 204
183 228
183 255
183 265
183 279
183 300
183 335
183 364
183 367
183 390
183 406
183 409
183 440
183 443
183 471
183 485
184 197
184 227
184 249
184 253
184 258
184 266
184 268
184 286
184 302
184 373
184 376
184 391
184 431
184 469
184 488
185 201
185 204
185 209
185 278
185 279
185 281
185 282
185 316
185 359
185 375
185 388
185 423
186 199
186 216
186 232
186 235
186 240
186 245
186 290
186 292
186 293
186 319
186 332
186 340
186 400
186 412
186 423
186 429
186 450
186 487
187 188
187 191
187 208
187 223
187 225
187 229
187 247
187 273
187 287
187 306
187 325
187 329
187 341
187 398
187 403
187 415
187 422
187 435
187 450
187 466
187 472
187 496
188 193
188 198
188 222
188 279
188 284
188 299
188 302
188 344
188 410
188 412
188 440
188 476
189 203
189 205
189 225
189 228
189 233
189 270
189 308
189 325
189 326
189 327
189 329
189 345
189 398
189 426
189 427
189 441
189 475
189 477
189 479
189 488
190 199
190 250
190 280
190 297
190 323
190 329
190 374
190 398
190 405
190 414
190 473
190 476
190 479
191 209
191 224
191 234
191 243
191 291
191 307
191 309
191 337
191 348
191 382
191 420
191 429
191 466
191 482
191 484
191 498
192 200
192 225
192 230
192 259
192 265
192 282
192 316
192 327
192 363
192 365
192 369
192 382
192 418
192 453
192 471
192 485
192 487
192 488
193 212
193 218
193 225
193 228
193 249
193 256
193 261
193 325
193 358
193 368
193 372
193 384
193 424
193 433
193 434
193 457
193 479
194 201
194 255
194 280
194 314
194 328
194 331
194 346
194 356
194 396
194 418
194 427
194 439
194 479
195 206
195 255
195 278
195 296
195 317
195 318
195 324
195 374
195 422
195 426
195 444
195 449
195 479
195 480
196 205
196 213
196 240
196 247
196 259
196 277
196 287
196 292
196 309
196 316
196 326
196 337
196 348
196 355
196 365
196 374
196 390
196 427
196 430
196 440
196 464
196 473
196 474
196 487
197 222
197 226
197 244
197 268
197 286
197 287
197 292
197 308
197 391
197 407
197 420
197 428
197 429
197 465
197 484
197 493
197 498
198 227
198 257
198 325
198 340
198 350
198 359
198 379
198 390
198 413
198 438
198 451
198 461
199 200
199 258
199 259
199 260
199 297
199 347
199 372
199 381
199 383
199 384
199 399
199 449
199 486
200 209
200 220
200 265
200 286
200 287
200 298
200 304
200 340
200 354
200 390
200 396
200 448
200 479
201 231
201 234
201 246
201 253
201 261
201 278
201 290
201 318
201 339
201 349
201 356
201 357
201 377
201 418
201 427
201 439
201 465
202 207
202 269
202 280
202 285
202 286
202 298
202 391
202 394
202 428
202 447
202 462
202 482
203 216
203 280
203 306
203 347
203 357
203 369
203 372
203 456
203 470
203 472
203 480
203 495
204 214
204 243
204 247
204 264
204 266
204 328
204 335
204 346
204 366
204 407
204 408
204 437
204 477
204 496
205 221
205 244
205 401
205 404
205 424
205 426
205 441
205 451
205 453
205 477
205 499
206 208
206 242
206 259
206 264
206 303
206 345
206 399
206 409
206 418
206 441
206 462
206 496
207 217
207 300
207 306
207 375
207 377
207 402
207 404
207 432
207 449
207 459
207 460
208 220
208 231
208 236
208 237
208 243
208 265
208 266
208 292
208 329
208 331
208 332
208 362
208 367
208 375
208 401
209 210
209 211
209 273
209 287
209 290
209 301
209 302
209 340
209 383
209 388
209 425
209 433
209 438
209 443
209 478
209 485
210 215
210 225
210 245
210 325
210 340
210 366
210 381
210 384
210 394
210 405
210 415
210 426
210 489
210 494
211 246
211 280
211 343
211 434
211 447
211 450
211 478
211 499
212 247
212 258
212 270
212 271
212 299
212 348
212 391
212 424
212 432
212 435
212 448
212 459
212 492
213 236
213 253
213 265
213 273
213 281
213 287
213 309
213 369
213 428
213 441
213 449
213 485
214 215
214 235
214 252
214 277
214 325
214 335
214 337
214 379
214 398
214 399
214 418
214 436
214 453
214 484
215 261
215 281
215 283
215 290
215 316
215 334
215 379
215 398
215 431
215 433
215 470
215 478
215 495
216 220
216 253
216 278
216 304
216 320
216 359
216 362
216 373
216 378
216 419
216 437
216 460
216 480
217 239
217 246
217 259
217 261
217 268
217 286
217 294
217 318
217 329
217 355
217 375
217 381
217 389
217 404
217 421
217 424
217 477
217 489
218 237
218 248
218 254
218 260
218 289
218 293
218 304
218 310
218 331
218 415
218 456
218 477
219 222
219 262
219 263
219 349
219 372
219 381
219 409
219 433
219 457
219 458
219 459
219 463
219 473
220 252
220 264
220 266
220 277
220 281
220 320
220 338
220 392
220 409
220 429
220 451
220 473
221 236
221 245
221 288
221 299
221 301
221 338
221 341
221 346
221 354
221 382
221 384
221 410
221 434
221 437
221 480
221 486
222 243
222 247
222 305
222 328
222 337
222 348
222 372
222 389
222 397
222 407
222 411
222 430
223 226
223 254
223 260
223 265
223 283
223 289
223 311
223 315
223 332
223 335
223 351
223 352
223 367
223 376
223 387
223 392
223 457
223 462
223 471
223 497
224 231
224 252
224 257
224 266
224 275
224 276
224 290
224 294
224 367
224 369
224 377
224 391
224 396
224 426
224 454
224 457
224 480
224 494
225 253
225 261
225 268
225 297
225 343
225 355
225 357
225 413
225 465
226 237
226 308
226 313
226 316
226 329
226 368
226 380
226 389
226 418
226 424
226 428
226 443
226 476
227 244
227 252
227 263
227 265
227 267
227 313
227 329
227 334
227 339
227 351
227 354
227 377
227 391
227 397
227 412
227 426
227 436
227 450
227 491
228 320
228 324
228 371
228 392
228 402
228 431
228 434
228 465
228 466
229 245
229 248
229 285
229 309
229 325
229 403
229 408
229 410
229 426
229 432
230 247
230 273
230 274
230 294
230 303
230 326
230 375
230 400
230 443
230 460
230 465
231 252
231 271
231 276
231 293
231 316
231 345
231 385
231 416
231 436
231 437
231 438
231 447
231 449
231 455
231 458
231 461
232 248
232 265
232 266
232 286
232 308
232 315
232 330
232 347
232 348
232 395
232 407
232 418
232 420
232 445
232 469
233 239
233 242
233 260
233 314
233 328
233 387
233 408
233 410
233 416
233 420
233 434
233 439
233 457
233 458
233 464
233 476
234 247
234 262
234 275
234 311
234 328
234 346
234 379
234 392
234 398
234 418
234 460
234 487
234 497
235 248
235 296
235 321
235 392
235 428
235 440
235 444
235 458
235 479
236 286
236 300
236 312
236 327
236 336
236 452
236 461
236 493
236 499
237 243
237 261
237 268
237 271
237 295
237 297
237 303
237 311
237 317
237 329
237 333
237 340
237 359
237 391
237 400
237 405
237 425
237 430
237 433
237 452
237 455
237 464
237 466
238 251
238 272
238 371
238 408
238 421
238 438
238 464
238 474
239 336
239 339
239 340
239 358
239 373
239 374
239 403
239 467
239 475
239 492
240 243
240 274
240 294
240 303
240 358
240 361
240 367
240 377
240 392
240 395
240 424
240 428
240 444
240 446
240 492
241 249
241 294
241 307
241 329
241 373
241 378
241 431
241 436
241 447
241 449
241 499
242 243
242 302
242 317
242 323
242 345
242 346
242 348
242 351
242 398
242 410
242 420
242 435
242 442
242 453
242 461
242 478
243 244
243 259
243 279
243 286
243 367
243 368
243 390
243 392
243 416
243 432
243 459
243 491
243 492
243 494
244 276
244 277
244 283
244 308
244 315
244 321
244 348
244 385
244 412
244 445
244 490
245 259
245 263
245 284
245 422
245 451
245 453
245 473
246 269
246 283
246 306
246 313
246 316
246 354
246 362
246 395
246 401
246 498
247 260
247 270
247 285
247 291
247 294
247 297
247 321
247 387
247 404
247 411
247 429
247 449
247 486
248 267
248 282
248 285
248 286
248 287
248 315
248 318
248 341
248 343
248 366
248 385
248 387
248 442
248 459
248 469
249 269
249 278
249 337
249 346
249 378
249 424
249 430
249 445
249 455
249 494
250 265
250 266
250 288
250 291
250 310
250 355
250 393
250 409
250 422
250 439
251 253
251 310
251 338
251 360
251 362
251 374
251 375
251 378
251 409
252 320
252 327
252 367
252 373
252 374
252 404
252 413
252 426
252 428
252 465
252 473
252 474
252 478
252 479
253 271
253 272
253 323
253 359
253 360
253 363
253 364
253 379
253 381
253 403
253 421
253 432
253 450
253 499
254 267
254 308
254 326
254 455
254 474
254 482
254 483
254 490
255 259
255 262
255 268
255 276
255 304
255 332
255 362
255 371
255 384
255 391
255 445
255 457
256 264
256 288
256 329
256 334
256 367
256 437
256 486
256 489
256 491
256 496
257 323
257 343
257 344
257 364
257 378
257 382
257 402
257 434
257 452
258 284
258 287
258 299
258 307
258 325
258 379
258 400
258 426
258 456
258 479
258 498
259 262
259 274
259 300
259 310
259 323
259 332
259 342
259 382
259 383
259 441
259 443
259 464
260 336
260 371
260 393
260 432
260 451
260 456
260 459
260 474
261 277
261 302
261 303
261 307
261 330
261 345
261 353
261 362
261 368
261 454
261 484
261 491
262 279
262 288
262 344
262 372
262 381
262 387
262 427
262 428
262 446
262 472
262 491
263 281
263 293
263 299
263 313
263 344
263 365
263 380
263 384
263 390
263 419
263 467
263 477
263 496
264 272
264 339
264 365
264 370
264 395
264 441
264 445
264 465
264 471
264 476
264 478
264 497
265 281
265 289
265 294
265 305
265 317
265 325
265 369
265 426
265 445
265 455
265 496
266 269
266 281
266 292
266 312
266 319
266 388
266 431
266 438
266 442
266 452
266 457
266 458
266 469
266 499
267 268
267 287
267 304
267 321
267 323
267 344
267 387
267 391
267 431
267 452
267 462
267 478
268 352
268 399
268 404
268 405
268 411
268 416
268 462
268 472
268 497
269 323
269 344
269 347
269 352
269 363
269 372
269 420
269 464
269 470
269 491
270 287
270 303
270 322
270 356
270 364
270 366
270 367
270 401
270 431
271 287
271 303
271 338
271 363
271 365
271 366
271 392
271 413
271 439
271 472
271 475
272 289
272 310
272 328
272 419
272 464
272 468
272 487
272 499
273 280
273 290
273 310
273 311
273 312
273 315
273 371
273 377
273 386
273 487
273 493
274 313
274 317
274 331
274 341
274 344
274 360
274 377
274 415
274 429
274 443
274 472
274 480
274 487
275 315
275 318
275 332
275 336
275 418
275 428
275 439
275 444
275 447
275 469
275 475
275 481
275 496
276 308
276 310
276 311
276 314
276 338
276 347
276 382
276 419
276 440
276 469
277 290
277 303
277 332
277 357
277 358
277 378
277 386
277 389
277 411
277 432
277 441
277 474
278 313
278 373
278 377
278 409
278 426
278 433
278 442
278 452
278 453
278 459
278 465
278 479
278 483
279 286
279 292
279 295
279 296
279 310
279 349
279 371
279 414
279 437
279 450
279 457
279 481
279 488
280 318
280 331
280 374
280 425
280 426
280 433
280 453
280 473
280 475
280 496
281 293
281 295
281 332
281 345
281 353
281 365
281 372
281 409
281 417
281 428
281 470
281 481
281 493
282 302
282 321
282 387
282 435
282 464
283 289
283 316
283 331
283 333
283 342
283 343
283 367
283 403
283 463
283 471
283 478
283 498
284 354
284 365
284 422
284 463
284 478
285 303
285 327
285 374
285 404
285 428
285 476
286 300
286 304
286 331
286 334
286 365
286 375
286 386
286 437
286 442
287 290
287 324
287 355
287 376
287 385
287 390
287 431
287 479
287 488
288 308
288 312
288 359
288 405
288 452
288 463
288 468
289 333
289 334
289 371
289 390
289 407
289 409
289 420
289 425
289 441
289 445
289 471
290 309
290 345
290 346
290 358
290 398
290 410
290 435
290 439
290 463
291 338
291 352
291 374
291 407
291 429
291 461
291 481
291 486
292 295
292 298
292 304
292 325
292 336
292 347
292 375
292 389
292 423
292 437
292 448
292 456
293 350
293 365
293 408
293 441
293 474
293 482
293 490
294 300
294 333
294 335
294 341
294 374
294 412
294 413
294 414
294 439
294 443
295 316
295 317
295 330
295 344
295 394
295 424
296 297
296 300
296 301
296 305
296 352
296 367
296 376
296 402
296 414
296 427
296 458
296 477
297 332
297 381
297 384
297 407
297 463
298 344
298 350
298 354
298 407
298 408
298 454
298 474
298 478
299 336
299 351
299 359
299 365
299 372
299 419
299 425
299 438
299 475
299 480
299 487
300 341
300 384
300 401
300 406
300 426
300 471
300 481
300 495
301 305
301 389
301 391
301 415
301 424
301 434
301 450
301 451
301 464
301 477
302 319
302 330
302 368
302 400
302 407
302 460
302 477
302 491
302 495
302 499
303 314
303 324
303 332
303 334
303 346
303 383
303 407
303 425
303 435
303 450
304 318
304 341
304 376
304 387
304 403
304 405
304 438
304 445
304 448
305 401
305 402
305 430
305 443
305 458
305 462
305 464
305 484
306 310
306 313
306 347
306 352
306 353
306 402
306 403
306 409
306 473
306 488
306 490
306 497
307 310
307 352
307 362
307 375
307 391
307 419
307 442
307 467
307 468
308 311
308 324
308 331
308 332
308 342
308 343
308 350
308 411
308 443
308 469
308 483
308 497
308 498
309 322
309 343
309 370
309 383
309 401
309 415
309 447
309 469
309 482
309 486
309 492
310 311
310 318
310 344
310 347
310 387
310 393
310 407
310 416
310 429
310 433
310 470
310 473
310 476
311 330
311 339
311 351
311 356
311 363
311 364
311 374
311 397
311 398
311 400
311 402
311 411
312 315
312 331
312 335
312 382
312 393
312 420
312 426
312 439
312 443
312 457
312 465
312 470
312 485
312 491
313 321
313 333
313 354
313 365
313 433
313 439
314 361
314 372
314 395
314 403
314 412
314 414
314 474
314 484
314 488
315 324
315 325
315 332
315 450
315 467
315 493
316 351
316 353
316 361
316 382
316 428
316 470
317 346
317 353
317 355
317 364
317 400
317 418
317 430
317 437
317 491
317 499
318 361
318 364
318 366
318 369
318 396
318 397
318 402
318 419
318 437
318 475
318 498
319 322
319 348
319 442
319 451
319 481
319 499
320 367
320 397
320 406
320 417
320 434
320 440
320 441
320 443
320 444
320 462
320 487
321 322
321 341
321 342
321 363
321 370
321 377
321 397
321 408
321 416
321 432
321 464
322 360
322 378
322 399
322 414
322 436
322 488
323 413
323 421
323 490
324 353
324 364
324 367
324 395
324 418
324 462
324 477
324 479
324 482
324 488
324 491
324 497
325 343
325 345
325 366
325 397
325 412
325 466
325 491
326 334
326 363
326 376
326 402
326 422
326 445
326 491
327 337
327 360
327 381
327 395
327 408
327 411
327 430
327 446
327 464
328 337
328 341
328 362
328 367
328 376
328 391
328 435
328 445
328 487
329 368
329 390
329 391
329 395
329 404
329 436
329 444
329 475
330 374
330 398
330 419
330 420
330 438
330 460
330 467
330 478
331 333
331 393
331 394
331 406
331 418
332 343
332 348
332 356
332 357
332 442
332 446
332 486
333 372
333 374
333 375
333 406
333 409
333 442
333 464
333 497
334 390
334 394
334 437
334 441
334 475
335 343
335 360
335 372
335 425
335 445
335 447
335 454
336 340
336 341
336 353
336 364
336 381
336 383
336 394
336 404
336 415
336 437
336 440
336 442
336 460
336 466
336 470
337 346
337 367
337 379
337 423
337 430
337 476
337 498
338 352
338 458
338 461
338 463
338 465
338 485
339 351
339 368
339 381
339 394
339 395
339 412
339 487
340 372
340 396
340 405
340 408
341 342
341 375
341 387
341 403
341 422
341 438
341 442
341 451
341 460
341 462
341 484
341 485
342 368
342 376
342 403
342 449
342 452
343 356
343 402
343 412
343 431
343 481
344 387
344 393
344 403
344 405
344 408
344 417
344 421
344 431
344 444
344 450
344 462
344 483
345 350
345 370
345 372
345 401
345 422
345 435
345 454
345 457
346 399
346 413
346 416
346 443
346 493
346 499
347 349
347 360
347 362
347 424
347 446
347 476
347 481
347 485
347 494
348 354
348 387
348 411
348 412
348 421
348 437
348 485
348 492
349 352
349 355
349 394
349 410
349 439
349 451
349 462
349 470
350 365
350 397
350 402
350 424
350 480
351 402
351 444
351 446
351 458
351 474
352 393
352 439
352 447
352 451
352 456
352 490
353 355
353 358
353 360
353 362
353 389
353 403
353 411
353 418
353 452
353 492
354 382
354 394
354 446
354 454
354 477
355 363
355 368
355 407
356 367
356 370
356 413
356 414
356 431
356 459
356 462
356 483
356 490
356 494
357 386
357 407
357 422
357 443
357 453
357 454
357 455
358 396
358 402
358 445
358 495
358 497
359 379
359 409
359 421
359 424
359 428
360 366
360 373
360 404
360 406
360 414
360 443
360 458
360 462
361 364
361 371
361 380
361 390
361 438
361 442
361 443
361 455
361 458
361 468
361 481
361 490
361 494
362 363
362 364
362 381
362 384
362 387
362 390
362 398
362 414
362 416
362 477
362 480
363 400
363 405
363 416
363 424
363 433
363 451
363 463
363 479
364 428
364 437
364 487
365 387
365 399
365 409
365 442
365 458
365 474
365 498
366 415
366 426
366 468
367 408
367 467
368 392
368 395
368 415
368 418
368 434
368 437
368 445
368 454
368 473
369 386
369 390
369 399
369 411
369 449
369 468
369 484
369 488
369 498
370 381
370 383
370 394
370 397
370 449
370 455
371 421
371 450
371 484
371 486
371 492
372 383
372 406
372 420
372 432
372 447
372 448
372 460
372 461
372 477
373 413
373 414
373 438
373 446
373 460
373 472
373 475
374 375
374 378
374 463
374 479
374 495
375 391
375 395
375 402
375 427
375 464
375 472
376 420
376 421
376 462
377 386
377 394
377 408
377 410
377 414
377 457
377 459
377 475
377 482
378 400
378 426
378 439
378 469
378 475
378 495
379 405
379 413
379 418
379 446
379 478
379 485
379 497
380 385
380 397
380 400
380 426
380 433
380 447
380 470
381 404
381 414
381 419
381 455
381 469
381 477
382 401
382 407
382 418
382 429
382 457
382 480
382 498
383 439
383 463
383 498
384 417
384 439
384 453
384 454
384 475
385 429
385 445
385 464
386 397
386 409
386 421
386 424
386 426
386 472
387 389
387 466
387 478
388 390
388 404
388 411
388 437
388 445
388 463
388 498
389 407
389 414
389 449
389 471
389 480
389 498
390 431
390 442
390 463
390 477
390 480
390 487
390 493
390 497
391 393
391 434
391 435
391 442
391 443
391 445
391 495
391 496
392 395
392 427
392 435
392 455
392 458
392 461
392 466
392 467
392 473
392 498
393 437
393 479
393 490
393 495
393 497
394 427
394 433
394 444
394 472
395 421
395 433
395 497
396 410
396 411
396 419
396 430
396 440
396 443
396 460
396 490
397 405
397 416
397 463
397 488
397 490
398 403
398 408
398 415
398 419
398 430
398 436
399 412
399 418
399 422
399 453
399 457
400 434
400 460
400 465
401 421
401 432
401 479
402 451
402 455
403 407
403 422
403 423
403 444
405 411
405 441
405 467
406 408
406 416
406 418
406 470
407 409
407 474
407 479
407 495
408 448
408 453
408 458
408 472
409 417
409 420
409 441
409 448
409 467
409 470
409 473
409 497
410 416
410 419
410 423
410 431
410 432
410 456
410 479
410 485
410 497
411 452
411 490
412 424
413 420
413 422
413 442
413 461
413 485
414 422
414 431
414 444
414 457
414 476
415 419
415 444
415 448
415 470
415 475
416 430
416 462
416 476
416 482
417 431
417 438
417 448
417 465
417 497
418 482
418 498
419 422
419 436
419 450
419 482
420 438
420 454
422 455
422 464
422 474
422 481
423 434
423 460
423 477
424 457
424 465
424 475
425 441
425 452
425 464
425 465
425 487
425 496
425 497
426 435
426 442
426 446
426 473
426 478
426 491
427 429
427 456
428 461
428 463
428 468
429 460
429 465
430 448
430 471
431 434
431 448
431 456
431 457
431 486
432 438
432 456
432 463
432 477
433 450
433 453
433 468
434 478
434 483
435 443
435 466
435 473
435 474
437 457
437 475
437 493
437 499
438 440
438 462
438 477
438 486
439 469
439 471
439 484
439 485
439 494
440 445
440 472
441 466
441 472
441 480
442 463
442 492
443 458
444 481
445 494
446 452
446 480
447 455
447 457
447 496
448 452
448 459
448 469
448 470
448 472
448 490
449 468
449 479
450 460
451 456
451 480
451 488
452 458
452 479
453 480
454 487
454 490
455 458
455 468
455 472
455 483
455 492
455 499
456 463
456 467
456 488
457 465
457 477
458 463
459 469
459 474
460 472
460 479
460 482
460 493
461 463
461 490
461 498
462 485
462 490
463 491
465 483
467 493
469 472
469 496
472 497
473 474
473 485
474 486
474 492
475 490
476 487
478 494
478 497
479 485
480 498
481 487
481 490
483 484
484 492
484 493
485 492
486 499
487 489
488 498
493 495
493 496
