400 4022 0.2
0 9
0 53
0 55
0 113
0 117
0 121
0 157
0 201
0 209
0 222
0 247
0 251
0 261
0 267
0 281
0 284
0 292
0 317
0 339
0 352
0 353
0 362
0 381
1 15
1 71
1 120
1 121
1 123
1 160
1 185
1 224
1 236
1 239
1 300
1 318
1 325
1 338
1 348
1 390
2 6
2 48
2 103
2 121
2 140
2 149
2 163
2 164
2 191
2 202
2 206
2 288
2 307
2 313
2 353
2 389
2 395
3 5
3 11
3 19
3 26
3 62
3 86
3 109
3 128
3 139
3 151
3 211
3 215
3 227
3 268
3 275
3 281
3 295
3 297
3 309
4 18
4 39
4 46
4 52
4 68
4 83
4 131
4 136
4 164
4 179
4 183
4 190
4 198
4 201
4 239
4 246
4 267
4 274
4 303
4 304
4 359
4 368
4 370
5 8
5 29
5 40
5 55
5 56
5 68
5 83
5 86
5 88
5 121
5 142
5 144
5 172
5 173
5 182
5 196
5 234
5 236
5 254
5 358
5 360
5 384
5 398
6 19
6 31
6 35
6 63
6 92
6 130
6 141
6 145
6 160
6 175
6 189
6 207
6 215
6 221
6 226
6 233
6 265
6 271
6 280
6 281
6 312
6 318
6 357
6 383
6 393
7 15
7 54
7 65
7 93
7 113
7 115
7 137
7 167
7 265
7 277
7 279
7 295
7 332
7 337
7 353
8 13
8 78
8 88
8 124
8 215
8 216
8 235
8 298
8 303
8 309
8 330
9 14
9 51
9 72
9 146
9 160
9 177
9 197
9 224
9 279
9 286
9 288
9 318
9 320
9 343
9 362
10 18
10 32
10 62
10 102
10 103
10 127
10 136
10 205
10 286
10 304
10 305
10 307
10 362
10 375
10 387
11 28
11 53
11 94
11 150
11 202
11 214
11 220
11 227
11 244
11 266
11 288
11 295
11 301
11 318
11 323
11 330
11 335
11 365
12 19
12 21
12 28
12 40
12 68
12 73
12 82
12 84
12 99
12 111
12 114
12 159
12 169
12 196
12 218
12 267
12 315
12 319
13 64
13 65
13 68
13 70
13 77
13 102
13 103
13 140
13 143
13 148
13 150
13 197
13 212
13 217
13 236
13 271
13 291
13 297
13 348
13 353
13 376
14 23
14 43
14 63
14 67
14 68
14 106
14 108
14 188
14 216
14 312
14 334
15 23
15 24
15 84
15 156
15 173
15 192
15 234
15 243
15 251
15 260
15 265
15 278
15 281
15 319
15 361
15 376
15 379
15 392
16 40
16 41
16 44
16 68
16 83
16 243
16 280
16 316
16 351
16 356
16 357
16 377
16 390
17 29
17 61
17 62
17 77
17 134
17 135
17 138
17 167
17 173
17 178
17 215
17 266
17 304
17 309
17 311
17 322
17 342
17 364
17 365
17 369
17 370
17 389
17 396
18 86
18 112
18 126
18 147
18 154
18 155
18 200
18 282
18 301
18 304
18 314
18 335
18 372
19 32
19 33
19 37
19 38
19 48
19 50
19 51
19 71
19 95
19 125
19 127
19 148
19 173
19 180
19 183
19 190
19 203
19 237
19 253
19 260
19 263
19 297
19 301
19 338
19 352
19 363
19 372
20 29
20 38
20 51
20 96
20 109
20 111
20 115
20 124
20 131
20 138
20 142
20 149
20 157
20 171
20 179
20 204
20 231
20 247
20 260
20 269
20 279
20 283
20 286
20 319
20 320
20 344
20 368
20 377
20 378
21 46
21 50
21 84
21 87
21 111
21 132
21 137
21 156
21 160
21 163
21 169
21 189
21 198
21 232
21 252
21 268
21 278
21 285
21 288
21 289
21 290
21 298
21 327
21 339
21 349
21 380
22 90
22 122
22 149
22 154
22 156
22 203
22 224
22 266
22 273
22 292
22 293
22 303
22 348
22 358
22 390
22 399
23 25
23 35
23 41
23 44
23 49
23 53
23 91
23 95
23 101
23 105
23 131
23 169
23 179
23 214
23 229
23 230
23 241
23 244
23 362
23 364
23 372
24 45
24 57
24 66
24 110
24 114
24 136
24 158
24 162
24 180
24 250
24 251
24 256
24 283
24 304
24 312
24 322
24 338
24 339
24 360
24 387
24 392
24 399
25 55
25 87
25 89
25 119
25 127
25 170
25 172
25 173
25 190
25 221
25 254
25 272
25 293
25 322
25 325
25 341
25 397
26 75
26 80
26 82
26 83
26 104
26 133
26 149
26 167
26 197
26 200
26 218
26 232
26 253
26 257
26 272
26 291
26 322
26 358
26 367
26 382
26 389
26 390
27 32
27 42
27 71
27 78
27 79
27 99
27 100
27 134
27 149
27 152
27 157
27 174
27 177
27 218
27 236
27 246
27 247
27 248
27 256
27 268
27 271
27 273
27 276
27 280
27 297
27 303
27 307
27 309
27 323
27 355
27 375
27 378
27 399
28 35
28 85
28 137
28 141
28 144
28 195
28 211
28 222
28 234
28 246
28 253
28 296
28 299
28 314
28 320
28 324
28 343
28 351
28 357
28 372
29 32
29 62
29 64
29 79
29 80
29 88
29 91
29 215
29 226
29 230
29 248
29 251
29 284
29 285
29 289
29 319
29 324
29 326
29 372
30 74
30 76
30 102
30 111
30 126
30 197
30 201
30 202
30 218
30 260
30 272
30 281
30 312
30 342
30 351
30 353
30 355
30 373
30 374
30 394
30 395
31 48
31 65
31 109
31 124
31 167
31 222
31 265
31 292
31 307
31 319
31 338
31 375
32 40
32 66
32 99
32 111
32 137
32 138
32 161
32 169
32 178
32 210
32 227
32 232
32 264
32 267
32 306
32 311
32 322
32 323
32 329
32 333
32 337
32 339
33 90
33 103
33 129
33 218
33 260
33 272
33 305
33 327
33 338
33 348
33 370
33 373
33 393
34 51
34 76
34 107
34 110
34 141
34 226
34 255
34 298
34 299
34 309
34 316
34 326
34 340
34 366
35 47
35 56
35 63
35 168
35 185
35 192
35 208
35 227
35 243
35 246
35 254
35 353
36 44
36 51
36 65
36 87
36 112
36 119
36 151
36 169
36 179
36 182
36 212
36 248
36 256
36 258
36 262
36 267
36 280
36 283
36 286
36 328
36 387
37 60
37 75
37 76
37 109
37 170
37 227
37 229
37 249
37 300
37 305
37 322
37 327
37 354
37 369
38 43
38 57
38 135
38 237
38 242
38 253
38 255
38 298
38 314
38 341
38 343
38 360
38 362
38 384
39 99
39 113
39 157
39 196
39 219
39 226
39 238
39 257
39 259
39 261
39 268
39 284
39 301
39 313
39 326
39 361
39 363
39 366
40 69
40 94
40 101
40 116
40 161
40 170
40 180
40 182
40 190
40 270
40 273
40 282
40 283
40 294
40 314
40 319
40 327
40 338
40 341
40 351
40 375
40 391
40 394
40 399
41 46
41 49
41 51
41 72
41 77
41 85
41 113
41 114
41 118
41 146
41 179
41 203
41 214
41 219
41 231
41 252
41 270
41 292
41 318
41 334
41 335
41 342
41 343
41 353
41 367
41 372
42 48
42 84
42 85
42 91
42 147
42 206
42 220
42 226
42 240
42 243
42 254
42 277
42 286
42 295
42 316
42 348
42 366
42 375
43 54
43 56
43 58
43 67
43 89
43 98
43 123
43 199
43 210
43 214
43 294
43 309
43 344
43 349
44 54
44 62
44 95
44 106
44 134
44 137
44 186
44 190
44 219
44 223
44 225
44 238
44 250
44 255
44 299
44 307
44 314
44 339
44 362
44 383
45 73
45 83
45 87
45 98
45 110
45 112
45 135
45 146
45 147
45 148
45 151
45 173
45 181
45 185
45 190
45 196
45 219
45 264
45 270
45 286
45 292
45 334
45 342
45 355
45 358
45 361
45 380
45 394
45 397
46 67
46 68
46 70
46 74
46 79
46 86
46 87
46 96
46 141
46 169
46 171
46 201
46 266
46 275
46 277
46 383
46 391
47 48
47 62
47 63
47 65
47 149
47 170
47 197
47 198
47 234
47 238
47 251
47 274
47 278
47 287
47 315
47 397
48 79
48 91
48 104
48 148
48 161
48 173
48 185
48 200
48 209
48 223
48 230
48 231
48 245
48 278
48 284
48 308
48 337
48 352
48 354
48 358
48 391
49 92
49 109
49 110
49 132
49 133
49 144
49 187
49 189
49 192
49 198
49 211
49 212
49 228
49 258
49 267
49 270
49 329
49 370
49 374
49 388
50 107
50 113
50 128
50 130
50 132
50 140
50 148
50 229
50 233
50 237
50 238
50 239
50 339
50 350
50 372
50 384
51 76
51 157
51 168
51 236
51 251
51 253
51 262
51 270
51 273
51 276
51 293
51 301
51 330
51 345
51 347
52 58
52 79
52 81
52 106
52 119
52 121
52 127
52 147
52 148
52 151
52 152
52 191
52 335
52 367
52 368
53 74
53 84
53 85
53 89
53 94
53 113
53 136
53 138
53 191
53 196
53 207
53 232
53 245
53 298
53 312
53 344
53 370
53 372
53 391
54 62
54 79
54 99
54 113
54 148
54 163
54 164
54 168
54 185
54 198
54 210
54 215
54 265
54 268
54 281
54 300
54 322
54 331
54 351
54 359
54 360
54 373
55 64
55 69
55 81
55 85
55 96
55 105
55 144
55 163
55 165
55 194
55 214
55 250
55 286
55 311
55 313
55 322
55 345
55 385
55 386
56 83
56 93
56 112
56 140
56 149
56 156
56 198
56 227
56 234
56 238
56 253
56 288
56 330
56 331
56 338
56 355
56 357
56 380
57 105
57 123
57 190
57 215
57 222
57 256
57 285
57 286
57 304
57 313
57 348
57 373
57 391
58 70
58 72
58 82
58 110
58 140
58 167
58 187
58 190
58 223
58 244
58 250
58 273
58 330
58 376
59 68
59 90
59 96
59 102
59 118
59 129
59 159
59 166
59 186
59 200
59 222
59 273
59 302
59 308
59 314
59 343
59 381
59 382
59 389
60 75
60 96
60 124
60 126
60 148
60 177
60 193
60 196
60 201
60 203
60 288
60 307
60 328
60 373
60 389
60 391
61 90
61 93
61 119
61 121
61 162
61 181
61 204
61 208
61 227
61 270
61 316
61 373
61 397
62 66
62 78
62 127
62 161
62 179
62 204
62 208
62 245
62 288
62 304
62 306
62 311
62 339
62 362
62 397
63 69
63 104
63 123
63 191
63 257
63 266
63 268
63 312
63 319
63 368
63 370
64 103
64 141
64 159
64 181
64 184
64 223
64 262
64 275
64 334
65 70
65 98
65 134
65 181
65 182
65 189
65 196
65 248
65 265
65 266
65 271
65 304
65 310
65 358
65 387
65 391
66 75
66 97
66 163
66 190
66 201
66 209
66 214
66 232
66 242
66 250
66 253
66 260
66 261
66 273
66 288
66 292
66 311
66 312
66 317
66 345
66 394
67 93
67 95
67 109
67 119
67 133
67 150
67 227
67 232
67 254
67 259
67 261
67 274
67 278
67 280
67 284
67 297
67 300
67 308
67 331
67 337
67 349
67 369
68 74
68 89
68 146
68 162
68 170
68 171
68 208
68 224
68 263
68 277
68 284
68 303
68 305
68 314
68 350
68 385
69 111
69 173
69 247
69 268
69 286
69 293
69 304
69 331
69 364
69 392
70 78
70 108
70 113
70 116
70 181
70 192
70 264
70 270
70 301
70 304
70 309
70 313
70 317
70 325
70 358
70 374
70 386
71 90
71 105
71 130
71 160
71 161
71 165
71 195
71 252
71 265
71 317
71 348
71 373
72 74
72 82
72 84
72 85
72 92
72 112
72 120
72 150
72 168
72 198
72 200
72 238
72 256
72 289
72 298
72 312
72 339
72 348
72 358
72 362
72 374
72 376
72 386
72 394
72 398
73 83
73 107
73 122
73 123
73 135
73 163
73 181
73 183
73 214
73 216
73 218
73 231
73 246
73 271
73 273
73 274
73 275
73 278
73 284
73 290
73 294
73 309
73 345
74 98
74 119
74 128
74 139
74 152
74 174
74 178
74 249
74 273
74 292
74 360
75 97
75 139
75 171
75 309
75 315
75 349
75 366
75 369
75 387
76 83
76 120
76 132
76 134
76 141
76 149
76 154
76 164
76 191
76 193
76 196
76 199
76 234
76 237
76 249
76 250
76 261
76 271
76 274
76 300
76 310
76 313
76 326
76 339
76 345
76 369
76 372
76 391
77 91
77 126
77 131
77 170
77 171
77 186
77 187
77 202
77 222
77 235
77 241
77 254
77 268
77 273
77 341
77 344
77 346
77 359
77 389
78 128
78 169
78 212
78 215
78 232
78 272
78 285
78 306
78 341
78 366
78 379
79 89
79 156
79 170
79 189
79 200
79 225
79 274
79 287
79 315
79 328
79 329
79 356
80 83
80 95
80 99
80 102
80 128
80 160
80 171
80 178
80 187
80 213
80 230
80 246
80 293
80 345
80 355
80 370
80 388
80 399
81 92
81 153
81 204
81 278
81 289
81 300
81 328
81 330
81 373
82 103
82 146
82 155
82 203
82 243
82 258
82 261
82 275
82 284
82 285
82 305
82 325
82 326
82 338
82 339
82 340
82 352
82 377
83 90
83 136
83 193
83 204
83 231
83 269
83 289
83 302
83 338
83 344
83 348
83 354
83 356
83 377
83 380
84 96
84 114
84 151
84 163
84 180
84 252
84 335
84 378
84 388
85 126
85 136
85 161
85 170
85 171
85 204
85 212
85 214
85 222
85 225
85 226
85 235
85 240
85 251
85 287
85 301
85 329
85 336
85 369
85 380
86 90
86 172
86 173
86 179
86 180
86 181
86 197
86 202
86 225
86 235
86 305
86 337
86 341
86 343
86 363
86 365
86 378
87 90
87 112
87 113
87 149
87 161
87 169
87 178
87 199
87 201
87 212
87 218
87 246
87 251
87 308
87 316
87 331
87 343
87 348
87 349
87 352
87 369
87 396
88 102
88 107
88 124
88 125
88 139
88 188
88 218
88 228
88 248
88 249
88 285
88 292
88 306
88 389
89 109
89 120
89 121
89 124
89 169
89 193
89 216
89 272
89 274
89 304
89 329
89 346
89 391
89 395
90 127
90 150
90 152
90 155
90 166
90 195
90 219
90 231
90 247
90 259
90 298
90 329
90 346
90 390
91 108
91 117
91 146
91 182
91 188
91 204
91 214
91 216
91 249
91 255
91 289
91 301
91 308
91 319
91 341
91 357
91 367
91 397
92 110
92 139
92 145
92 164
92 182
92 183
92 213
92 243
92 264
92 282
92 284
92 299
92 300
92 303
92 305
92 309
92 331
92 347
92 365
92 381
93 96
93 106
93 116
93 150
93 180
93 239
93 248
93 266
93 283
93 314
93 323
93 325
93 335
93 347
93 379
93 396
94 95
94 130
94 171
94 225
94 260
94 272
94 275
94 288
94 298
94 319
94 365
94 380
95 148
95 161
95 266
95 332
95 352
95 358
95 363
95 373
96 103
96 162
96 211
96 263
96 268
96 281
96 330
96 333
96 344
96 376
96 381
97 171
97 181
97 206
97 211
97 253
97 284
97 293
97 336
97 339
97 349
97 358
97 375
97 377
98 116
98 147
98 176
98 178
98 187
98 223
98 230
98 243
98 273
98 328
98 394
99 167
99 195
99 265
99 289
99 293
99 369
99 395
100 109
100 121
100 126
100 153
100 185
100 198
100 209
100 218
100 228
100 236
100 238
100 279
100 287
100 319
100 326
100 333
100 350
100 362
100 371
100 381
101 111
101 123
101 137
101 138
101 140
101 148
101 155
101 171
101 196
101 198
101 211
101 241
101 274
101 279
101 288
101 299
101 317
101 320
101 332
101 339
101 343
101 348
101 356
101 386
101 388
101 395
102 108
102 126
102 132
102 181
102 189
102 205
102 207
102 220
102 227
102 271
102 273
102 278
102 279
102 286
102 295
102 303
102 318
102 334
102 339
102 355
102 358
102 361
102 379
103 142
103 156
103 187
103 247
103 274
103 294
103 326
103 327
104 112
104 121
104 128
104 150
104 169
104 299
104 316
104 325
104 340
104 361
104 377
104 397
104 398
105 143
105 163
105 189
105 210
105 211
105 226
105 242
105 268
105 270
105 286
105 290
105 294
105 311
105 387
105 391
106 118
106 145
106 158
106 160
106 230
106 235
106 237
106 301
106 316
106 365
106 381
106 384
106 391
107 130
107 169
107 182
107 185
107 197
107 202
107 207
107 208
107 216
107 229
107 256
107 323
107 332
107 370
107 392
107 396
108 113
108 140
108 173
108 174
108 184
108 239
108 245
108 293
108 295
108 296
108 299
108 304
108 358
108 378
108 389
109 119
109 134
109 195
109 220
109 233
109 255
109 288
109 302
109 315
109 333
109 345
109 369
110 137
110 152
110 159
110 169
110 181
110 188
110 203
110 264
110 272
110 273
110 285
110 298
110 389
111 113
111 124
111 180
111 225
111 278
111 359
111 366
111 368
111 369
111 382
112 134
112 168
112 170
112 183
112 191
112 199
112 222
112 231
112 273
112 342
112 379
113 125
113 149
113 155
113 177
113 197
113 211
113 233
113 265
113 266
113 268
113 298
113 343
114 115
114 139
114 163
114 190
114 198
114 207
114 225
114 232
114 253
114 256
114 281
114 308
114 310
114 312
114 379
114 391
115 124
115 174
115 196
115 201
115 258
115 280
115 338
115 369
116 117
116 133
116 147
116 164
116 165
116 172
116 178
116 203
116 216
116 220
116 256
116 258
116 330
116 344
116 350
116 352
116 356
116 367
116 369
116 390
117 185
117 188
117 191
117 233
117 254
117 256
117 275
117 337
117 341
118 128
118 142
118 196
118 222
118 240
118 260
118 261
118 270
118 275
118 284
118 308
118 321
118 357
118 366
119 121
119 138
119 166
119 169
119 172
119 177
119 201
119 218
119 231
119 237
119 239
119 284
119 295
119 296
119 346
119 355
119 369
120 123
120 150
120 154
120 188
120 203
120 207
120 209
120 211
120 217
120 252
120 265
120 318
120 380
120 383
120 397
121 130
121 140
121 154
121 161
121 166
121 236
121 239
121 247
121 263
121 275
121 291
121 304
121 311
121 328
121 337
121 348
121 392
122 167
122 207
122 235
122 254
122 255
122 262
122 281
122 287
122 309
122 316
122 347
123 181
123 190
123 215
123 301
123 303
123 315
124 157
124 176
124 182
124 185
124 207
124 209
124 222
124 235
124 297
124 298
124 323
124 375
124 377
124 398
125 168
125 206
125 266
125 309
125 353
125 386
126 157
126 198
126 226
126 261
126 294
126 325
126 339
126 343
126 349
126 351
126 376
127 128
127 146
127 180
127 199
127 223
127 237
127 273
127 329
128 194
128 272
128 278
128 302
128 346
128 349
128 357
128 367
129 148
129 162
129 183
129 191
129 194
129 200
129 215
129 218
129 273
129 276
129 277
129 301
129 333
129 353
129 354
130 136
130 163
130 182
130 183
130 206
130 272
130 281
130 292
130 328
130 375
130 379
130 397
131 133
131 154
131 158
131 173
131 226
131 229
131 239
131 254
131 266
131 285
131 306
131 388
132 143
132 155
132 179
132 180
132 242
132 254
132 258
132 284
132 306
132 325
133 141
133 146
133 149
133 186
133 190
133 202
133 209
133 218
133 238
133 257
133 275
133 294
133 296
133 324
133 328
133 350
133 357
134 144
134 145
134 151
134 153
134 159
134 173
134 258
134 276
134 297
134 311
134 320
134 332
134 336
134 358
134 365
134 375
135 146
135 152
135 153
135 160
135 181
135 193
135 196
135 204
135 223
135 259
135 287
135 304
135 309
135 315
135 318
135 343
135 353
135 358
135 366
135 392
136 159
136 162
136 171
136 196
136 209
136 211
136 248
136 281
136 298
136 299
136 317
137 158
137 170
137 262
137 311
137 345
137 350
137 367
137 385
137 394
138 141
138 164
138 186
138 193
138 195
138 226
138 268
138 278
138 290
138 293
138 348
138 349
139 179
139 221
139 246
139 274
139 293
139 352
139 393
139 395
140 150
140 165
140 173
140 218
140 240
140 252
140 264
140 289
140 300
140 310
140 355
140 363
140 377
140 395
141 142
141 150
141 152
141 158
141 183
141 196
141 211
141 243
141 259
141 274
141 329
141 334
141 341
141 355
141 374
141 378
141 384
141 391
142 144
142 153
142 186
142 190
142 208
142 225
142 232
142 262
142 267
142 291
142 369
142 372
142 375
143 145
143 193
143 197
143 213
143 226
143 227
143 262
143 293
143 298
143 304
143 305
143 323
143 325
143 331
143 336
143 376
144 154
144 156
144 164
144 169
144 170
144 217
144 224
144 230
144 242
144 244
144 311
144 345
144 349
144 350
144 359
144 389
145 169
145 178
145 203
145 207
145 228
145 293
145 328
145 345
145 347
145 378
145 386
145 393
146 164
146 168
146 205
146 216
146 219
146 246
146 290
146 325
146 358
146 371
146 373
146 397
147 229
147 241
147 251
147 269
147 274
147 339
147 341
147 358
147 369
147 377
147 398
148 176
148 195
148 197
148 233
148 262
148 276
148 302
148 330
148 339
148 380
149 175
149 200
149 230
149 231
149 250
149 267
149 339
149 348
149 379
150 152
150 165
150 181
150 210
150 223
150 227
150 228
150 274
150 281
150 291
150 304
150 372
150 399
151 158
151 195
151 196
151 202
151 219
151 229
151 279
151 282
151 299
151 346
151 363
151 365
151 370
151 380
151 383
152 184
152 198
152 222
152 227
152 236
152 243
152 247
152 268
152 284
152 304
152 309
152 318
152 319
152 325
152 371
152 380
153 157
153 158
153 179
153 196
153 252
153 277
153 284
153 294
153 302
153 319
153 384
154 173
154 187
154 217
154 233
154 236
154 257
154 306
154 314
154 332
154 339
154 359
155 159
155 171
155 191
155 197
155 209
155 220
155 244
155 249
155 287
155 291
155 311
155 313
155 319
155 344
155 347
155 352
155 363
155 369
155 377
156 184
156 218
156 223
156 238
156 240
157 185
157 188
157 199
157 202
157 212
157 214
157 217
157 275
157 283
157 292
157 294
157 301
157 312
157 353
158 163
158 171
158 189
158 199
158 240
158 269
158 284
158 288
158 292
158 318
158 340
158 348
158 356
158 392
158 397
158 399
159 206
159 215
159 220
159 243
159 246
159 264
159 274
159 298
159 312
159 319
160 178
160 184
160 190
160 198
160 214
160 222
160 228
160 274
160 289
160 305
160 319
160 340
160 342
160 356
161 166
161 167
161 179
161 206
161 210
161 262
161 276
161 294
161 324
161 355
162 189
162 213
162 232
162 240
162 246
162 259
162 262
162 275
162 294
162 311
162 319
162 325
162 326
162 359
162 363
162 368
162 371
163 175
163 189
163 194
163 197
163 218
163 227
163 242
163 245
163 266
163 271
163 280
163 286
163 291
163 324
163 332
163 357
163 362
163 388
164 186
164 203
164 216
164 238
164 263
164 266
164 323
164 330
164 351
165 176
165 185
165 193
165 223
165 266
165 272
165 318
165 320
165 339
165 360
165 361
165 370
166 170
166 171
166 177
166 187
166 205
166 232
166 254
166 298
166 302
166 322
166 334
166 356
166 367
166 369
166 383
167 175
167 184
167 189
167 200
167 274
167 275
167 278
167 295
168 190
168 197
168 214
168 224
168 235
168 236
168 253
168 266
168 275
168 289
168 324
168 354
168 366
168 378
169 171
169 177
169 178
169 224
169 238
169 255
169 263
169 264
169 321
169 338
169 359
169 367
169 371
169 377
169 378
169 393
169 396
170 216
170 234
170 237
170 247
170 260
170 267
170 294
170 295
170 300
170 311
170 312
170 369
170 371
170 383
171 173
171 180
171 285
171 286
171 302
171 304
171 314
171 316
171 325
171 338
171 346
171 357
171 371
171 372
171 379
171 396
172 188
172 217
172 220
172 233
172 250
172 258
172 269
172 271
172 302
172 312
172 331
172 332
172 344
172 351
172 387
173 183
173 186
173 240
173 261
173 272
173 291
173 298
173 303
173 305
173 314
173 317
173 335
173 347
173 378
173 395
174 193
174 222
174 241
174 252
174 259
174 268
174 287
174 345
174 350
174 389
174 392
175 221
175 252
175 297
175 315
175 317
175 318
176 183
176 194
176 231
176 261
176 274
176 303
176 324
176 330
176 341
176 350
177 182
177 186
177 197
177 247
177 248
177 365
178 223
178 225
178 252
178 258
178 320
178 325
178 348
178 375
178 384
179 208
179 212
179 260
179 274
179 302
179 315
179 326
179 347
179 379
179 382
179 385
179 390
180 204
180 219
180 223
180 231
180 275
180 292
180 309
180 318
180 328
180 381
180 393
181 188
181 203
181 205
181 231
181 242
181 256
181 300
181 320
181 331
181 337
181 360
182 201
182 218
182 271
182 294
182 295
182 298
182 353
182 364
182 396
183 191
183 203
183 215
183 216
183 218
183 224
183 227
183 235
183 269
183 296
183 310
183 355
183 357
183 364
183 377
183 388
183 394
183 397
184 194
184 201
184 234
184 249
184 250
184 257
184 277
184 281
184 283
184 337
184 344
185 215
185 216
185 268
185 341
185 351
185 366
185 377
185 379
185 381
186 210
186 236
186 244
186 261
186 263
186 297
186 364
186 381
186 390
186 393
187 191
187 194
187 200
187 215
187 233
187 234
187 247
187 259
187 299
187 305
187 317
187 345
187 354
187 355
187 364
187 382
188 202
188 227
188 241
188 254
188 256
188 267
188 276
188 280
188 329
188 341
188 360
188 361
188 365
188 392
189 194
189 205
189 209
189 229
189 241
189 257
189 288
189 289
189 354
189 357
189 373
189 383
189 386
190 200
190 212
190 254
190 269
190 275
190 287
190 297
190 300
190 318
190 321
190 333
190 351
190 368
190 391
191 237
191 242
191 243
191 307
191 315
191 318
191 327
191 392
191 393
192 212
192 223
192 250
192 276
192 284
192 340
192 342
192 353
192 377
192 379
192 383
192 387
193 201
193 216
193 224
193 235
193 246
193 248
193 296
193 333
193 354
193 368
193 382
194 219
194 231
194 244
194 250
194 277
194 300
194 327
194 335
194 344
194 359
194 370
195 230
195 234
195 254
195 273
195 341
195 343
195 350
195 376
195 389
196 222
196 245
196 246
196 269
196 352
197 200
197 205
197 208
197 227
197 232
197 251
197 294
197 297
197 302
197 310
197 326
197 354
197 382
198 218
198 236
198 238
198 266
198 273
198 281
198 283
198 303
198 310
198 352
199 252
199 253
199 264
199 292
199 297
199 322
199 334
199 338
199 340
199 341
200 216
200 277
200 280
200 325
200 344
200 347
200 365
200 369
201 254
201 273
201 274
201 290
201 305
201 323
201 349
201 357
201 384
201 389
202 203
202 247
202 253
202 264
202 267
202 318
202 329
202 349
202 365
202 375
202 379
202 382
202 390
203 211
203 235
203 272
203 289
203 319
203 373
203 386
203 391
204 215
204 241
204 253
204 256
204 316
204 319
204 329
204 336
204 339
204 351
204 373
205 207
205 213
205 239
205 241
205 260
205 265
205 272
205 274
205 295
205 323
205 342
205 363
205 367
205 376
205 384
205 397
206 251
206 268
206 275
206 294
206 311
206 314
206 332
207 208
207 254
207 356
207 377
207 391
208 213
208 216
208 227
208 271
208 272
208 279
208 307
208 330
208 355
208 373
208 385
208 394
209 213
209 227
209 237
209 249
209 260
209 272
209 290
209 341
209 346
209 361
210 243
210 245
210 249
210 257
210 277
210 370
210 375
211 220
211 222
211 225
211 227
211 239
211 266
211 271
211 273
211 338
211 349
211 352
211 361
211 382
212 243
212 244
212 275
212 312
212 353
212 356
212 363
213 233
213 244
213 249
213 251
213 288
213 292
213 296
213 313
213 331
213 366
213 395
214 216
214 223
214 228
214 234
214 261
214 262
214 298
214 299
214 310
214 324
214 330
214 359
214 367
214 386
214 399
215 221
215 236
215 282
215 287
215 307
215 308
215 314
215 340
215 372
215 382
216 231
216 233
216 234
216 301
216 317
216 322
216 330
216 334
216 353
216 357
216 370
217 262
217 278
217 280
217 287
217 295
217 307
217 321
217 381
217 386
218 233
218 241
218 244
218 260
218 299
218 311
218 363
218 364
218 396
219 234
219 239
219 241
219 264
219 270
219 275
219 279
219 355
219 363
219 389
220 234
220 236
220 266
220 300
220 310
220 323
220 331
220 351
220 357
220 364
220 367
220 371
220 395
220 396
221 225
221 243
221 246
221 250
221 273
221 303
221 305
221 340
221 364
222 240
222 255
222 291
222 328
222 346
222 365
223 296
223 297
223 320
223 343
223 354
223 373
223 374
223 383
223 385
224 227
224 246
224 255
224 265
224 294
224 297
224 307
224 310
224 365
224 389
225 229
225 246
225 290
225 304
225 305
225 306
225 318
225 327
225 329
225 375
226 234
226 256
226 270
226 285
226 290
226 292
226 332
226 333
226 334
226 341
226 350
226 377
226 388
226 396
227 233
227 240
227 282
227 302
227 314
227 316
227 326
227 346
227 349
228 231
228 249
228 276
228 280
228 294
228 301
228 305
228 309
228 310
228 383
228 384
229 234
229 249
229 300
229 302
229 320
229 331
229 336
229 337
230 259
230 291
230 336
230 391
231 248
231 255
231 258
231 278
231 342
231 358
231 360
231 361
232 244
232 250
232 273
232 283
232 315
232 321
232 349
232 375
232 377
232 385
232 388
233 255
233 256
233 259
233 284
233 305
233 342
233 348
233 349
234 269
234 276
234 288
234 293
234 306
234 326
234 331
234 332
234 337
235 253
235 268
235 279
235 300
235 302
235 333
235 337
235 345
235 350
235 371
235 379
235 395
235 398
236 267
236 282
236 309
236 338
236 350
237 240
237 272
237 303
237 316
237 319
237 322
237 324
237 390
238 240
238 276
238 299
238 369
238 382
238 396
239 243
239 246
239 296
239 311
239 327
239 340
239 362
239 374
239 383
239 388
240 242
240 245
240 255
240 265
240 266
240 281
240 298
240 339
240 363
240 368
240 375
241 247
241 253
241 262
241 266
241 271
241 324
241 339
241 355
241 359
241 363
241 370
241 381
242 249
242 254
242 276
242 282
242 300
242 307
242 315
242 321
242 326
242 342
242 344
242 368
242 370
242 381
242 388
242 396
243 247
243 259
243 280
243 287
243 298
243 331
243 367
244 247
244 306
244 326
244 329
244 331
244 347
244 363
244 375
245 272
245 279
245 284
245 288
245 303
245 309
245 319
245 322
245 323
245 334
245 341
246 277
246 315
246 381
246 397
247 269
247 291
247 354
247 362
247 386
247 399
248 257
248 261
248 268
248 272
248 295
248 309
248 345
248 362
248 366
248 370
248 382
249 324
250 261
250 265
250 334
250 350
250 374
250 387
251 306
251 310
251 314
251 337
251 353
251 357
251 360
251 376
251 395
252 255
252 262
252 273
252 278
252 342
252 361
253 261
253 267
253 326
253 364
253 365
253 368
253 371
253 377
254 263
254 328
254 339
254 382
255 314
255 315
255 326
255 335
255 341
255 365
255 388
255 394
256 264
256 276
256 290
256 315
256 337
256 358
256 376
257 292
257 301
257 312
257 334
257 335
258 268
258 303
258 305
258 326
258 342
258 347
258 383
258 395
259 291
259 300
259 320
259 326
259 337
259 390
260 324
260 326
260 354
260 358
260 393
261 386
261 391
262 266
262 267
262 334
262 372
262 384
262 387
263 264
263 278
263 292
263 299
263 301
263 321
263 330
263 333
263 358
263 387
264 274
264 283
264 327
264 337
264 351
264 352
264 383
264 388
264 393
264 396
265 269
265 274
265 282
265 296
265 305
265 308
265 332
265 347
265 348
265 370
266 291
266 292
266 300
266 305
266 317
266 321
266 327
266 335
266 341
266 368
266 375
266 382
267 310
267 364
267 373
267 397
268 286
268 309
268 327
268 358
268 359
268 361
268 369
268 371
268 382
269 303
269 312
269 328
269 339
270 300
270 302
270 341
270 358
270 364
271 288
271 289
271 305
271 311
271 323
271 329
271 341
271 348
271 382
271 389
271 395
272 324
272 360
272 396
273 287
273 327
273 329
273 334
273 351
273 357
273 377
274 306
274 320
274 336
274 367
274 380
274 389
275 284
275 301
275 355
276 381
277 304
277 322
277 330
277 356
277 393
278 300
278 306
278 323
278 344
278 346
278 352
278 380
278 387
279 289
279 301
279 308
279 319
279 321
279 347
279 359
280 313
280 316
280 337
280 352
281 313
281 320
281 326
281 346
281 360
281 362
281 363
281 389
282 300
282 310
282 321
282 329
282 330
282 365
282 372
282 388
283 327
283 350
283 375
283 385
283 392
283 393
284 333
284 344
284 384
284 390
285 288
285 289
285 290
285 341
285 390
286 291
286 352
286 389
287 304
287 308
287 332
287 344
287 361
287 373
287 388
287 389
288 290
288 303
288 330
288 398
289 292
289 310
289 323
289 335
289 348
290 360
290 386
290 391
290 392
291 292
291 306
291 325
291 356
291 365
291 370
291 385
291 390
292 294
292 297
292 327
292 339
292 348
292 388
293 341
293 343
293 345
293 348
293 363
293 383
293 385
293 395
294 311
294 319
294 332
295 312
295 350
295 365
295 381
295 391
295 398
296 308
296 311
296 327
296 348
297 342
298 315
298 371
298 372
298 385
299 300
299 303
299 321
299 396
299 399
300 313
300 336
300 371
300 378
301 326
301 328
301 342
301 367
301 371
301 374
302 313
302 326
302 337
302 350
302 361
302 363
302 366
302 374
302 376
302 386
302 390
303 363
303 378
304 306
304 314
304 319
304 325
304 326
304 346
304 347
305 330
305 352
305 354
305 358
305 360
305 363
305 379
305 390
305 392
305 393
306 307
306 315
306 325
306 333
306 343
306 349
307 308
307 360
307 362
308 347
308 363
308 388
309 320
309 324
309 329
309 333
309 348
309 362
310 319
310 322
310 368
310 380
311 338
311 357
311 366
311 394
311 397
312 319
312 322
312 349
312 350
312 388
313 323
313 374
313 388
314 385
314 390
315 318
315 327
315 342
315 344
315 359
315 373
315 396
316 361
316 369
316 390
317 342
317 363
317 372
317 373
317 374
317 390
317 399
318 352
318 357
318 370
318 376
318 378
319 334
319 344
319 357
319 369
319 391
320 333
320 343
320 359
320 379
320 390
321 358
321 363
321 377
322 324
322 341
322 365
322 371
322 395
323 347
323 397
324 341
324 368
324 372
324 373
325 330
325 383
326 337
326 371
327 346
327 387
328 340
328 394
329 335
329 380
330 362
330 370
330 393
331 347
331 355
331 367
332 340
332 355
332 366
332 369
332 375
332 388
332 393
333 335
333 346
333 380
333 393
334 339
334 345
334 349
334 387
334 394
335 338
335 351
335 377
335 391
336 367
336 379
337 350
337 369
337 376
337 379
337 381
338 366
339 351
339 363
339 379
339 396
340 365
341 393
342 361
342 368
342 373
343 374
344 349
344 352
344 364
344 368
345 389
345 398
346 351
346 398
347 368
347 375
347 391
347 393
348 354
348 358
348 377
348 398
349 352
349 362
349 377
350 352
350 362
350 372
350 373
350 390
351 374
352 391
352 392
352 398
353 367
353 387
353 395
354 377
354 383
355 358
355 362
356 363
356 380
356 388
356 394
357 366
359 360
359 387
359 397
360 369
360 380
360 385
361 388
361 389
363 370
363 384
363 393
364 387
365 366
365 375
365 394
365 395
366 367
366 368
366 384
366 395
367 387
368 372
368 384
368 399
370 391
371 383
371 388
371 389
374 378
374 381
374 391
375 387
376 386
376 392
377 379
378 393
379 385
379 393
380 386
383 386
383 399
384 386
384 393
386 397
