400 7193 0.8
0 6
0 7
0 20
0 32
0 37
0 45
0 49
0 51
0 61
0 65
0 68
0 77
0 90
0 120
0 150
0 166
0 170
0 176
0 179
0 190
0 191
0 193
0 194
0 202
0 216
0 217
0 221
0 231
0 243
0 248
0 256
0 262
0 272
0 276
0 294
0 304
0 309
0 318
0 319
0 324
0 325
0 326
0 331
0 337
0 340
0 359
0 361
0 362
0 363
0 380
0 386
0 396
1 3
1 7
1 20
1 70
1 80
1 92
1 94
1 110
1 116
1 140
1 150
1 158
1 159
1 170
1 176
1 179
1 189
1 199
1 205
1 217
1 221
1 243
1 251
1 252
1 268
1 278
1 284
1 292
1 327
1 333
1 341
1 346
1 356
1 357
1 388
2 5
2 15
2 30
2 90
2 93
2 97
2 106
2 110
2 133
2 146
2 149
2 151
2 164
2 166
2 185
2 201
2 211
2 218
2 222
2 226
2 227
2 233
2 247
2 278
2 284
2 291
2 293
2 300
2 305
2 306
2 321
2 333
2 338
2 344
2 353
2 354
2 390
2 393
3 20
3 23
3 32
3 49
3 58
3 63
3 68
3 73
3 106
3 109
3 110
3 126
3 158
3 160
3 185
3 186
3 192
3 206
3 218
3 228
3 230
3 255
3 264
3 281
3 282
3 293
3 298
3 299
3 315
3 340
3 343
3 358
3 360
3 370
3 376
3 377
3 379
3 383
4 11
4 17
4 40
4 51
4 59
4 60
4 71
4 72
4 85
4 99
4 107
4 110
4 114
4 173
4 189
4 195
4 208
4 212
4 215
4 226
4 243
4 246
4 250
4 259
4 283
4 304
4 309
4 334
4 336
4 350
4 352
4 365
4 371
4 394
4 398
5 7
5 9
5 17
5 42
5 59
5 85
5 131
5 141
5 155
5 190
5 192
5 195
5 210
5 221
5 226
5 227
5 232
5 257
5 271
5 273
5 293
5 296
5 305
5 306
5 322
5 324
5 337
5 363
5 366
6 21
6 25
6 32
6 35
6 50
6 59
6 62
6 67
6 83
6 93
6 102
6 117
6 121
6 137
6 147
6 152
6 160
6 177
6 198
6 201
6 205
6 207
6 220
6 256
6 260
6 301
6 311
6 320
6 328
6 332
6 338
6 344
6 366
6 383
6 385
6 396
7 8
7 24
7 29
7 36
7 39
7 57
7 64
7 67
7 88
7 92
7 99
7 101
7 115
7 118
7 121
7 123
7 147
7 171
7 172
7 173
7 206
7 220
7 241
7 252
7 263
7 286
7 298
7 320
7 337
7 345
7 346
7 349
7 364
7 389
7 398
8 78
8 82
8 92
8 102
8 107
8 124
8 142
8 171
8 173
8 175
8 179
8 195
8 198
8 203
8 205
8 211
8 212
8 213
8 220
8 234
8 240
8 267
8 280
8 285
8 311
8 340
8 344
8 347
8 356
8 360
8 379
8 389
9 26
9 30
9 39
9 47
9 59
9 66
9 99
9 121
9 122
9 123
9 129
9 143
9 154
9 161
9 180
9 190
9 193
9 217
9 223
9 270
9 282
9 286
9 296
9 299
9 301
9 302
9 307
9 313
9 362
9 378
9 380
9 389
10 16
10 17
10 19
10 54
10 66
10 75
10 79
10 86
10 92
10 107
10 112
10 113
10 114
10 122
10 123
10 124
10 128
10 138
10 139
10 153
10 156
10 160
10 172
10 212
10 227
10 228
10 233
10 242
10 246
10 251
10 254
10 258
10 292
10 296
10 305
10 318
10 321
10 324
10 337
10 338
10 361
10 365
10 374
10 375
11 14
11 16
11 33
11 47
11 54
11 98
11 102
11 109
11 112
11 115
11 143
11 154
11 169
11 172
11 174
11 191
11 196
11 254
11 264
11 301
11 302
11 312
11 329
11 332
11 343
11 356
11 360
11 362
11 365
11 381
11 395
11 397
12 20
12 23
12 28
12 30
12 34
12 37
12 49
12 56
12 78
12 84
12 108
12 119
12 120
12 129
12 144
12 151
12 156
12 157
12 159
12 160
12 165
12 179
12 207
12 228
12 231
12 237
12 244
12 263
12 277
12 284
12 286
12 310
12 338
12 341
12 342
12 343
12 352
12 358
12 366
12 383
12 388
12 397
13 20
13 23
13 34
13 52
13 66
13 71
13 91
13 93
13 99
13 117
13 125
13 144
13 161
13 165
13 174
13 201
13 202
13 208
13 243
13 244
13 253
13 261
13 264
13 268
13 276
13 281
13 287
13 295
13 309
13 325
13 356
13 359
13 382
14 30
14 32
14 45
14 59
14 66
14 72
14 76
14 82
14 89
14 92
14 128
14 147
14 148
14 149
14 183
14 185
14 205
14 212
14 224
14 225
14 236
14 284
14 287
14 300
14 310
14 315
14 326
14 338
14 340
14 344
14 362
14 375
15 24
15 40
15 46
15 53
15 56
15 57
15 77
15 79
15 88
15 94
15 108
15 132
15 134
15 136
15 141
15 153
15 156
15 173
15 211
15 230
15 255
15 259
15 264
15 281
15 282
15 287
15 304
15 306
15 309
15 311
15 314
15 323
15 329
15 331
15 381
15 389
15 395
16 22
16 28
16 41
16 48
16 51
16 80
16 103
16 120
16 122
16 173
16 177
16 178
16 204
16 219
16 223
16 236
16 242
16 256
16 261
16 275
16 280
16 281
16 309
16 314
16 321
16 329
16 336
16 339
16 345
16 377
16 389
17 19
17 35
17 74
17 98
17 109
17 110
17 117
17 135
17 162
17 164
17 182
17 204
17 215
17 222
17 227
17 231
17 241
17 247
17 268
17 273
17 275
17 279
17 283
17 298
17 300
17 305
17 316
17 326
17 334
17 343
17 344
17 356
17 358
17 363
17 383
17 396
18 28
18 33
18 69
18 94
18 102
18 106
18 111
18 114
18 130
18 135
18 137
18 141
18 146
18 150
18 153
18 165
18 168
18 172
18 175
18 181
18 206
18 211
18 213
18 254
18 256
18 270
18 304
18 308
18 311
18 347
18 357
18 361
18 366
19 36
19 41
19 48
19 71
19 105
19 111
19 130
19 148
19 150
19 156
19 165
19 167
19 181
19 203
19 217
19 254
19 292
19 316
19 320
19 333
19 336
19 346
19 364
19 370
19 375
19 377
19 381
19 383
19 389
19 396
19 397
20 21
20 25
20 28
20 32
20 38
20 48
20 53
20 56
20 61
20 85
20 89
20 121
20 136
20 137
20 158
20 164
20 165
20 185
20 187
20 215
20 254
20 260
20 279
20 308
20 322
20 332
20 336
20 350
20 362
20 364
20 365
20 380
20 385
20 396
20 399
21 48
21 50
21 79
21 80
21 85
21 103
21 106
21 126
21 139
21 148
21 150
21 167
21 170
21 172
21 205
21 224
21 231
21 238
21 245
21 256
21 300
21 302
21 303
21 321
21 322
21 352
21 395
22 37
22 39
22 86
22 100
22 115
22 119
22 122
22 123
22 134
22 136
22 137
22 147
22 148
22 152
22 163
22 188
22 193
22 210
22 225
22 261
22 262
22 312
22 314
22 328
22 339
22 363
22 368
22 369
22 394
23 24
23 46
23 68
23 69
23 70
23 77
23 81
23 83
23 84
23 85
23 95
23 108
23 109
23 113
23 116
23 138
23 172
23 175
23 190
23 194
23 198
23 204
23 209
23 210
23 212
23 221
23 245
23 247
23 260
23 264
23 266
23 277
23 278
23 288
23 305
23 329
23 334
23 352
23 354
23 357
23 392
23 395
23 399
24 26
24 27
24 31
24 90
24 98
24 109
24 128
24 137
24 139
24 145
24 181
24 192
24 201
24 202
24 213
24 221
24 228
24 252
24 255
24 261
24 276
24 289
24 303
24 309
24 317
24 318
24 328
24 379
24 380
24 382
24 386
25 43
25 57
25 58
25 73
25 87
25 105
25 130
25 214
25 221
25 226
25 239
25 254
25 260
25 297
25 306
25 316
25 319
25 331
25 366
25 370
25 389
25 399
26 40
26 54
26 64
26 65
26 71
26 95
26 108
26 122
26 126
26 129
26 130
26 142
26 147
26 169
26 172
26 173
26 184
26 187
26 189
26 219
26 246
26 252
26 256
26 258
26 260
26 288
26 296
26 304
26 307
26 310
26 335
26 338
26 346
26 367
26 388
26 396
27 60
27 69
27 72
27 73
27 80
27 83
27 89
27 100
27 123
27 144
27 158
27 159
27 163
27 166
27 168
27 169
27 176
27 195
27 201
27 202
27 205
27 214
27 221
27 227
27 239
27 251
27 256
27 260
27 266
27 269
27 277
27 281
27 282
27 295
27 296
27 308
27 309
27 310
27 320
27 339
27 358
27 377
27 382
27 394
28 32
28 44
28 61
28 63
28 100
28 115
28 128
28 150
28 163
28 165
28 176
28 179
28 186
28 189
28 206
28 211
28 231
28 252
28 266
28 284
28 297
28 317
28 331
28 342
28 350
28 358
28 359
28 367
28 368
28 370
28 375
29 38
29 46
29 64
29 70
29 85
29 94
29 131
29 134
29 136
29 145
29 152
29 172
29 174
29 180
29 185
29 206
29 228
29 231
29 232
29 240
29 242
29 261
29 270
29 275
29 302
29 330
29 335
29 342
29 345
29 370
29 378
29 380
30 31
30 33
30 35
30 56
30 57
30 64
30 67
30 68
30 69
30 81
30 112
30 129
30 137
30 142
30 150
30 152
30 171
30 179
30 181
30 182
30 186
30 192
30 212
30 216
30 217
30 221
30 249
30 287
30 293
30 296
30 303
30 305
30 307
30 310
30 381
30 397
30 399
31 32
31 37
31 44
31 52
31 65
31 73
31 94
31 95
31 103
31 106
31 108
31 130
31 151
31 178
31 202
31 234
31 237
31 240
31 252
31 259
31 269
31 287
31 292
31 293
31 295
31 301
31 329
31 357
31 359
31 363
31 397
32 45
32 50
32 63
32 70
32 71
32 87
32 88
32 105
32 113
32 117
32 122
32 123
32 139
32 143
32 151
32 164
32 167
32 171
32 180
32 186
32 198
32 206
32 224
32 298
32 305
32 308
32 319
32 321
32 329
32 330
32 333
32 338
32 344
32 348
32 351
32 365
32 366
32 368
32 390
33 34
33 35
33 50
33 54
33 62
33 75
33 86
33 89
33 106
33 129
33 131
33 133
33 167
33 182
33 188
33 234
33 238
33 249
33 273
33 308
33 310
33 330
33 334
33 347
33 381
33 385
33 391
33 394
33 398
34 76
34 91
34 120
34 155
34 179
34 182
34 210
34 219
34 239
34 243
34 248
34 254
34 257
34 265
34 272
34 302
34 320
34 323
34 325
34 347
34 348
34 356
34 358
34 365
34 383
35 39
35 54
35 60
35 73
35 77
35 80
35 81
35 102
35 105
35 117
35 124
35 139
35 143
35 155
35 175
35 214
35 222
35 242
35 255
35 262
35 277
35 278
35 298
35 314
35 320
35 331
35 346
35 347
35 380
35 393
36 39
36 45
36 51
36 56
36 74
36 76
36 91
36 114
36 121
36 122
36 151
36 175
36 185
36 203
36 208
36 209
36 236
36 238
36 254
36 258
36 259
36 282
36 288
36 292
36 294
36 318
36 321
36 355
36 364
36 369
36 396
37 72
37 73
37 103
37 131
37 137
37 146
37 158
37 177
37 180
37 181
37 202
37 206
37 208
37 219
37 220
37 300
37 307
37 325
37 332
37 335
37 353
37 358
37 372
37 390
37 395
38 41
38 47
38 57
38 75
38 97
38 100
38 119
38 123
38 140
38 143
38 167
38 184
38 192
38 196
38 201
38 223
38 227
38 237
38 239
38 253
38 261
38 263
38 267
38 270
38 275
38 303
38 314
38 317
38 318
38 320
38 332
38 346
38 347
38 349
38 350
38 358
38 361
38 381
38 383
39 51
39 61
39 82
39 120
39 124
39 132
39 146
39 155
39 166
39 168
39 178
39 180
39 181
39 184
39 206
39 214
39 222
39 295
39 299
39 302
39 303
39 304
39 309
39 319
39 331
39 344
39 345
39 358
39 362
39 368
39 373
39 380
39 385
39 389
39 394
40 73
40 92
40 104
40 114
40 117
40 140
40 157
40 164
40 168
40 186
40 210
40 220
40 235
40 243
40 244
40 308
40 317
40 319
40 329
40 331
40 332
40 337
40 342
40 345
40 362
40 363
40 371
40 390
41 55
41 62
41 67
41 76
41 83
41 94
41 99
41 141
41 158
41 211
41 216
41 219
41 220
41 221
41 242
41 248
41 263
41 283
41 294
41 326
41 329
41 375
41 376
41 378
41 382
41 396
41 398
42 50
42 62
42 66
42 78
42 99
42 111
42 124
42 130
42 139
42 143
42 162
42 200
42 221
42 224
42 230
42 245
42 247
42 248
42 255
42 256
42 264
42 274
42 295
42 314
42 329
42 344
42 383
42 386
42 390
43 44
43 47
43 59
43 66
43 77
43 86
43 88
43 108
43 110
43 111
43 115
43 134
43 143
43 150
43 151
43 155
43 168
43 181
43 183
43 203
43 221
43 224
43 249
43 254
43 256
43 259
43 261
43 273
43 292
43 296
43 314
43 318
43 319
43 321
43 332
43 333
43 338
43 339
43 345
43 346
43 347
43 352
43 355
43 387
43 389
43 392
43 394
44 48
44 49
44 66
44 72
44 100
44 115
44 136
44 140
44 151
44 156
44 162
44 168
44 185
44 190
44 211
44 213
44 217
44 219
44 236
44 241
44 250
44 292
44 302
44 315
44 339
44 340
44 389
44 392
45 47
45 48
45 54
45 58
45 78
45 79
45 98
45 107
45 115
45 127
45 143
45 146
45 150
45 164
45 167
45 168
45 186
45 195
45 209
45 216
45 234
45 237
45 243
45 249
45 250
45 252
45 271
45 272
45 303
45 316
45 340
45 349
45 359
45 361
45 383
46 54
46 62
46 65
46 69
46 77
46 108
46 110
46 112
46 121
46 129
46 132
46 175
46 206
46 217
46 221
46 238
46 292
46 303
46 342
46 345
46 352
46 356
46 358
46 361
47 57
47 77
47 97
47 111
47 112
47 120
47 125
47 127
47 142
47 147
47 155
47 157
47 169
47 172
47 184
47 188
47 192
47 203
47 206
47 207
47 209
47 230
47 282
47 287
47 320
47 321
47 327
47 355
47 357
47 360
47 364
47 366
47 371
47 385
47 390
47 395
48 53
48 58
48 64
48 66
48 74
48 98
48 113
48 115
48 136
48 138
48 154
48 158
48 161
48 162
48 167
48 173
48 177
48 192
48 241
48 247
48 263
48 269
48 274
48 278
48 284
48 316
48 346
48 348
48 356
48 368
48 385
48 387
48 390
49 52
49 65
49 88
49 154
49 160
49 182
49 214
49 227
49 233
49 234
49 242
49 244
49 253
49 273
49 274
49 285
49 304
49 305
49 319
49 322
49 330
49 331
49 337
49 341
49 344
49 345
49 350
49 357
49 369
49 370
49 374
49 380
49 395
50 55
50 70
50 79
50 106
50 112
50 118
50 121
50 132
50 133
50 138
50 162
50 168
50 182
50 194
50 198
50 223
50 224
50 235
50 246
50 258
50 267
50 286
50 292
50 293
50 315
50 319
50 336
50 340
50 346
50 350
50 359
50 366
50 377
50 381
50 382
50 384
51 85
51 86
51 92
51 99
51 123
51 125
51 129
51 140
51 147
51 159
51 187
51 198
51 214
51 229
51 235
51 237
51 241
51 252
51 256
51 257
51 261
51 276
51 278
51 307
51 330
51 333
51 337
51 340
51 341
51 354
51 363
51 396
52 63
52 98
52 99
52 102
52 106
52 113
52 123
52 124
52 125
52 126
52 147
52 160
52 168
52 184
52 197
52 201
52 218
52 225
52 236
52 243
52 244
52 253
52 265
52 278
52 284
52 316
52 321
52 343
52 365
52 370
52 372
52 373
52 375
52 380
52 383
52 385
53 54
53 61
53 73
53 76
53 77
53 87
53 89
53 92
53 93
53 94
53 97
53 114
53 120
53 121
53 128
53 140
53 149
53 177
53 193
53 210
53 226
53 235
53 269
53 276
53 286
53 296
53 301
53 314
53 316
53 318
53 327
53 358
53 370
53 374
53 391
53 395
54 77
54 85
54 88
54 93
54 106
54 113
54 142
54 146
54 150
54 151
54 178
54 182
54 187
54 196
54 198
54 201
54 205
54 206
54 209
54 213
54 226
54 235
54 239
54 249
54 250
54 253
54 259
54 262
54 263
54 278
54 288
54 290
54 310
54 328
54 338
54 340
54 378
54 390
54 396
54 398
55 58
55 60
55 79
55 84
55 118
55 120
55 153
55 159
55 161
55 162
55 195
55 219
55 240
55 254
55 256
55 260
55 276
55 279
55 283
55 285
55 296
55 300
55 315
55 317
55 318
55 329
55 331
55 350
55 377
55 381
55 396
55 399
56 63
56 69
56 74
56 77
56 85
56 99
56 121
56 140
56 147
56 170
56 173
56 175
56 176
56 190
56 202
56 208
56 209
56 218
56 226
56 243
56 252
56 254
56 265
56 291
56 298
56 301
56 305
56 316
56 327
56 343
56 350
56 374
57 66
57 69
57 80
57 85
57 144
57 149
57 150
57 177
57 178
57 181
57 182
57 189
57 190
57 192
57 194
57 253
57 254
57 261
57 268
57 281
57 294
57 311
57 321
57 348
57 350
57 373
57 384
58 63
58 64
58 78
58 82
58 90
58 91
58 96
58 99
58 104
58 114
58 115
58 127
58 129
58 135
58 137
58 152
58 153
58 182
58 183
58 192
58 199
58 203
58 215
58 224
58 233
58 236
58 249
58 251
58 267
58 278
58 284
58 286
58 323
58 331
58 354
58 367
58 378
58 379
59 62
59 89
59 91
59 92
59 111
59 112
59 113
59 115
59 116
59 145
59 150
59 161
59 164
59 168
59 169
59 178
59 188
59 195
59 212
59 217
59 222
59 229
59 238
59 250
59 263
59 281
59 305
59 316
59 319
59 321
59 325
59 326
59 334
59 353
59 389
59 396
60 63
60 65
60 70
60 84
60 99
60 103
60 111
60 116
60 135
60 143
60 154
60 158
60 164
60 165
60 168
60 179
60 180
60 184
60 192
60 207
60 228
60 242
60 252
60 274
60 288
60 292
60 295
60 328
60 329
60 341
60 358
60 368
60 393
60 399
61 62
61 80
61 85
61 99
61 110
61 140
61 145
61 162
61 171
61 176
61 193
61 195
61 214
61 267
61 282
61 311
61 313
61 344
61 363
61 364
61 368
61 373
61 375
61 377
61 396
61 397
62 65
62 73
62 77
62 87
62 88
62 89
62 108
62 128
62 137
62 166
62 186
62 196
62 207
62 210
62 219
62 235
62 242
62 255
62 266
62 267
62 275
62 276
62 285
62 286
62 296
62 323
62 325
62 326
62 330
62 337
62 345
62 369
62 375
62 380
62 381
62 393
62 395
63 73
63 78
63 80
63 103
63 105
63 108
63 114
63 128
63 131
63 139
63 141
63 145
63 159
63 161
63 163
63 168
63 190
63 194
63 199
63 200
63 226
63 264
63 294
63 316
63 320
63 335
63 345
63 358
63 363
63 399
64 75
64 103
64 130
64 132
64 148
64 160
64 165
64 190
64 196
64 200
64 208
64 211
64 219
64 223
64 250
64 253
64 266
64 269
64 280
64 284
64 288
64 305
64 360
64 376
64 379
64 383
64 385
64 387
64 397
64 399
65 70
65 71
65 78
65 79
65 82
65 93
65 104
65 110
65 117
65 130
65 140
65 146
65 153
65 171
65 178
65 179
65 196
65 203
65 204
65 208
65 221
65 228
65 233
65 235
65 248
65 251
65 292
65 323
65 329
65 331
65 343
65 357
65 371
65 383
66 109
66 114
66 125
66 127
66 139
66 155
66 171
66 182
66 187
66 197
66 200
66 214
66 222
66 228
66 237
66 270
66 282
66 288
66 291
66 294
66 328
66 333
66 348
66 367
66 379
66 399
67 77
67 80
67 83
67 84
67 86
67 92
67 98
67 131
67 136
67 144
67 154
67 157
67 163
67 169
67 173
67 194
67 210
67 219
67 250
67 260
67 264
67 296
67 305
67 321
67 339
67 346
67 356
67 373
67 376
67 380
68 78
68 79
68 83
68 85
68 86
68 95
68 102
68 106
68 107
68 112
68 115
68 140
68 146
68 147
68 152
68 162
68 179
68 187
68 201
68 202
68 207
68 209
68 211
68 219
68 237
68 239
68 251
68 273
68 285
68 299
68 306
68 325
68 327
68 338
68 346
68 353
68 364
68 372
68 374
68 386
68 389
68 397
69 75
69 79
69 90
69 93
69 122
69 128
69 134
69 138
69 152
69 163
69 173
69 181
69 206
69 213
69 222
69 236
69 238
69 245
69 254
69 298
69 319
69 337
69 341
69 349
69 350
69 369
69 376
69 382
70 74
70 113
70 119
70 149
70 154
70 158
70 169
70 172
70 173
70 178
70 213
70 230
70 240
70 251
70 262
70 264
70 290
70 293
70 309
70 319
70 346
70 358
70 370
71 79
71 82
71 93
71 109
71 113
71 171
71 175
71 180
71 220
71 238
71 241
71 245
71 254
71 268
71 269
71 273
71 277
71 280
71 308
71 309
71 313
71 337
71 341
71 342
71 364
71 367
71 381
71 384
72 76
72 77
72 83
72 104
72 123
72 134
72 149
72 151
72 159
72 201
72 204
72 207
72 210
72 213
72 220
72 239
72 252
72 254
72 260
72 266
72 270
72 280
72 300
72 316
72 323
72 324
72 331
72 345
72 361
72 375
72 378
72 379
72 381
73 76
73 121
73 137
73 156
73 161
73 173
73 196
73 209
73 220
73 224
73 239
73 246
73 257
73 262
73 309
73 325
73 328
73 367
73 379
73 383
73 385
74 82
74 83
74 100
74 102
74 106
74 111
74 115
74 138
74 145
74 148
74 149
74 165
74 176
74 179
74 193
74 226
74 232
74 240
74 241
74 254
74 279
74 298
74 313
74 324
74 332
74 340
74 353
75 120
75 125
75 130
75 133
75 139
75 140
75 148
75 164
75 175
75 179
75 187
75 194
75 207
75 218
75 225
75 236
75 241
75 247
75 248
75 281
75 289
75 296
75 306
75 328
75 336
75 337
75 339
75 351
75 373
75 377
75 389
75 397
76 81
76 88
76 93
76 108
76 110
76 115
76 128
76 132
76 139
76 152
76 155
76 161
76 164
76 169
76 172
76 185
76 196
76 198
76 229
76 234
76 241
76 242
76 251
76 257
76 270
76 275
76 302
76 329
76 331
76 355
76 357
76 362
76 363
76 365
76 368
76 371
76 373
76 376
76 381
76 383
76 386
76 388
76 393
77 81
77 83
77 93
77 109
77 121
77 128
77 163
77 169
77 173
77 176
77 177
77 180
77 183
77 190
77 198
77 206
77 208
77 210
77 219
77 223
77 232
77 238
77 268
77 286
77 288
77 293
77 297
77 299
77 306
77 309
77 316
77 325
77 327
77 334
77 338
77 354
77 377
77 384
77 385
77 397
78 91
78 95
78 104
78 107
78 108
78 123
78 135
78 140
78 141
78 155
78 156
78 157
78 166
78 171
78 186
78 190
78 191
78 202
78 203
78 207
78 232
78 252
78 269
78 296
78 321
78 326
78 336
78 338
78 351
78 356
78 357
78 360
78 371
78 396
78 397
79 88
79 89
79 98
79 99
79 127
79 132
79 139
79 153
79 155
79 177
79 180
79 183
79 188
79 189
79 196
79 203
79 208
79 257
79 259
79 263
79 265
79 285
79 299
79 303
79 308
79 312
79 313
79 314
79 322
79 353
79 355
79 381
79 383
79 393
80 83
80 95
80 97
80 99
80 144
80 146
80 148
80 161
80 166
80 170
80 186
80 196
80 202
80 217
80 220
80 238
80 239
80 241
80 246
80 247
80 254
80 263
80 272
80 293
80 309
80 322
80 323
80 330
80 332
80 350
80 389
80 392
80 394
81 85
81 86
81 115
81 118
81 136
81 140
81 143
81 163
81 172
81 175
81 177
81 181
81 190
81 191
81 217
81 221
81 249
81 253
81 262
81 275
81 297
81 339
81 340
81 347
81 351
81 392
82 103
82 106
82 121
82 133
82 145
82 146
82 172
82 179
82 186
82 188
82 238
82 249
82 270
82 278
82 284
82 300
82 313
82 318
82 328
82 343
82 383
82 394
82 397
83 92
83 100
83 111
83 140
83 175
83 192
83 194
83 212
83 214
83 228
83 231
83 243
83 273
83 282
83 295
83 298
83 309
83 318
83 355
83 358
83 367
83 370
83 391
84 92
84 100
84 106
84 123
84 124
84 140
84 149
84 159
84 165
84 177
84 203
84 214
84 224
84 270
84 275
84 282
84 286
84 290
84 301
84 304
84 318
84 329
84 342
84 356
84 370
85 94
85 101
85 102
85 106
85 109
85 117
85 121
85 128
85 138
85 139
85 175
85 178
85 200
85 203
85 237
85 242
85 275
85 313
85 324
85 347
85 359
85 374
85 393
86 94
86 103
86 105
86 111
86 129
86 133
86 135
86 142
86 145
86 149
86 157
86 161
86 184
86 210
86 237
86 256
86 277
86 284
86 294
86 312
86 323
86 331
86 339
86 341
86 344
86 354
86 366
86 372
86 381
86 388
87 93
87 112
87 121
87 123
87 124
87 133
87 157
87 168
87 181
87 183
87 206
87 217
87 249
87 257
87 270
87 273
87 276
87 287
87 303
87 331
87 335
87 352
87 368
87 372
87 375
87 382
87 387
87 396
88 105
88 110
88 111
88 121
88 127
88 130
88 151
88 154
88 160
88 162
88 163
88 173
88 174
88 179
88 230
88 243
88 247
88 248
88 254
88 261
88 262
88 294
88 296
88 301
88 305
88 306
88 307
88 325
88 362
88 368
88 370
89 107
89 138
89 142
89 146
89 147
89 149
89 153
89 162
89 166
89 176
89 184
89 198
89 225
89 248
89 275
89 286
89 325
89 327
89 352
89 357
89 380
89 388
90 91
90 97
90 125
90 130
90 134
90 143
90 168
90 186
90 188
90 196
90 207
90 223
90 255
90 262
90 269
90 290
90 293
90 302
90 311
90 319
90 327
90 330
90 339
90 343
90 382
90 383
90 385
90 386
90 392
91 115
91 120
91 149
91 151
91 171
91 173
91 194
91 214
91 216
91 227
91 240
91 243
91 246
91 251
91 295
91 298
91 299
91 308
91 315
91 339
91 344
91 348
91 398
92 103
92 104
92 114
92 125
92 135
92 155
92 157
92 162
92 171
92 189
92 191
92 192
92 193
92 201
92 211
92 218
92 226
92 251
92 258
92 268
92 271
92 284
92 341
92 365
92 396
93 98
93 101
93 105
93 121
93 123
93 124
93 143
93 151
93 191
93 201
93 216
93 238
93 255
93 259
93 266
93 275
93 304
93 307
93 317
93 323
93 324
93 354
93 389
94 105
94 125
94 131
94 135
94 144
94 157
94 173
94 189
94 216
94 217
94 219
94 233
94 235
94 252
94 257
94 267
94 276
94 288
94 291
94 298
94 309
94 316
94 319
94 328
94 329
94 332
94 347
94 360
94 363
94 364
94 368
94 369
94 377
94 389
95 97
95 112
95 117
95 181
95 188
95 209
95 232
95 240
95 241
95 246
95 254
95 258
95 267
95 281
95 294
95 297
95 301
95 326
95 338
95 342
95 351
95 353
95 383
95 397
95 399
96 105
96 111
96 129
96 135
96 143
96 144
96 163
96 166
96 182
96 188
96 194
96 221
96 243
96 247
96 261
96 280
96 289
96 303
96 314
96 319
96 340
96 345
96 366
96 394
96 397
97 113
97 117
97 139
97 144
97 146
97 161
97 171
97 183
97 222
97 235
97 238
97 240
97 244
97 245
97 255
97 257
97 261
97 269
97 274
97 275
97 304
97 310
97 315
97 323
97 333
97 351
97 370
97 375
97 381
97 393
98 109
98 122
98 127
98 143
98 165
98 187
98 195
98 204
98 208
98 212
98 222
98 226
98 237
98 238
98 244
98 248
98 262
98 270
98 283
98 291
98 294
98 311
98 312
98 318
98 341
98 347
98 363
98 377
98 381
98 389
99 105
99 108
99 133
99 146
99 152
99 163
99 193
99 206
99 207
99 209
99 232
99 233
99 244
99 248
99 250
99 267
99 269
99 288
99 299
99 300
99 325
99 328
99 341
99 343
99 353
99 391
100 105
100 117
100 122
100 146
100 155
100 174
100 186
100 190
100 201
100 205
100 217
100 220
100 222
100 237
100 240
100 253
100 265
100 270
100 285
100 293
100 308
100 325
100 338
100 347
100 396
101 106
101 107
101 114
101 120
101 133
101 165
101 170
101 195
101 199
101 209
101 214
101 218
101 221
101 225
101 249
101 250
101 258
101 276
101 281
101 283
101 298
101 307
101 326
101 331
101 337
101 350
101 354
101 378
101 390
102 110
102 125
102 130
102 147
102 156
102 162
102 183
102 190
102 221
102 236
102 243
102 245
102 249
102 269
102 279
102 291
102 300
102 311
102 313
102 320
102 325
102 331
102 333
102 341
102 349
102 359
102 361
102 366
102 368
102 371
102 375
102 377
102 386
102 389
102 394
103 106
103 127
103 134
103 144
103 145
103 149
103 152
103 165
103 206
103 213
103 218
103 221
103 228
103 232
103 244
103 248
103 271
103 272
103 294
103 300
103 332
103 334
103 345
103 346
103 376
103 399
104 109
104 112
104 126
104 130
104 135
104 154
104 160
104 167
104 175
104 200
104 219
104 222
104 257
104 275
104 293
104 304
104 305
104 321
104 346
104 353
104 355
104 356
104 366
104 367
104 387
105 121
105 144
105 151
105 184
105 203
105 207
105 213
105 254
105 277
105 288
105 296
105 311
105 312
105 320
105 332
105 337
105 338
105 365
105 369
105 374
105 377
105 384
105 387
106 124
106 143
106 164
106 165
106 178
106 179
106 192
106 209
106 217
106 236
106 240
106 244
106 254
106 274
106 287
106 289
106 293
106 303
106 340
106 354
106 372
106 379
106 382
106 390
106 396
106 397
106 398
107 108
107 110
107 123
107 126
107 150
107 156
107 162
107 204
107 211
107 216
107 219
107 238
107 243
107 249
107 250
107 273
107 275
107 279
107 294
107 345
107 354
107 361
107 363
107 370
107 380
107 392
108 122
108 131
108 135
108 143
108 145
108 146
108 152
108 153
108 154
108 159
108 161
108 173
108 174
108 179
108 189
108 192
108 199
108 223
108 251
108 268
108 270
108 274
108 278
108 280
108 281
108 328
108 330
108 338
108 356
108 357
108 385
108 390
109 112
109 116
109 125
109 131
109 160
109 164
109 179
109 191
109 196
109 215
109 230
109 232
109 247
109 252
109 255
109 272
109 275
109 286
109 302
109 312
109 316
109 319
109 332
109 342
109 345
109 361
110 121
110 130
110 149
110 167
110 171
110 179
110 181
110 202
110 227
110 233
110 237
110 238
110 254
110 258
110 277
110 288
110 290
110 301
110 304
110 311
110 336
110 341
110 346
110 349
110 350
110 358
110 371
110 391
110 394
111 127
111 128
111 141
111 143
111 153
111 155
111 160
111 175
111 179
111 188
111 193
111 198
111 235
111 250
111 267
111 272
111 285
111 307
111 319
111 353
111 367
111 377
111 378
111 387
112 119
112 134
112 145
112 149
112 152
112 172
112 190
112 202
112 225
112 234
112 254
112 261
112 266
112 280
112 289
112 296
112 316
112 350
112 353
112 359
112 367
112 390
113 120
113 125
113 136
113 139
113 170
113 180
113 192
113 206
113 213
113 216
113 226
113 227
113 238
113 241
113 283
113 286
113 288
113 292
113 299
113 303
113 315
113 322
113 326
113 330
113 339
113 341
113 350
113 375
113 380
114 133
114 136
114 141
114 153
114 158
114 188
114 199
114 201
114 236
114 245
114 247
114 250
114 258
114 268
114 272
114 304
114 307
114 323
114 324
114 346
114 356
114 358
114 360
114 368
114 373
114 378
114 388
114 397
115 121
115 134
115 151
115 152
115 181
115 192
115 195
115 217
115 218
115 225
115 239
115 258
115 263
115 279
115 310
115 325
115 327
115 342
115 348
115 356
115 365
115 371
115 388
115 394
115 396
115 399
116 130
116 133
116 144
116 175
116 177
116 181
116 209
116 213
116 218
116 223
116 238
116 242
116 256
116 269
116 283
116 292
116 306
116 307
116 315
116 329
116 330
116 355
116 391
116 393
116 399
117 125
117 143
117 156
117 199
117 247
117 249
117 252
117 275
117 279
117 291
117 294
117 298
117 302
117 331
117 338
117 340
117 348
117 349
117 351
117 358
117 361
117 384
117 391
117 392
118 120
118 128
118 135
118 152
118 167
118 186
118 204
118 207
118 220
118 227
118 228
118 250
118 264
118 267
118 274
118 283
118 289
118 310
118 347
118 355
118 361
118 368
118 372
119 126
119 135
119 143
119 158
119 166
119 171
119 193
119 198
119 237
119 252
119 271
119 272
119 310
119 312
119 339
119 345
119 346
119 351
119 365
119 370
119 372
119 390
120 136
120 140
120 152
120 159
120 163
120 164
120 182
120 184
120 193
120 200
120 201
120 229
120 234
120 243
120 244
120 245
120 249
120 261
120 263
120 342
120 349
120 359
120 363
120 365
120 381
120 388
120 395
121 167
121 179
121 181
121 202
121 229
121 235
121 236
121 239
121 242
121 251
121 253
121 271
121 280
121 295
121 300
121 330
121 332
121 353
121 363
121 391
121 393
121 395
122 124
122 146
122 161
122 168
122 182
122 190
122 192
122 194
122 196
122 204
122 231
122 238
122 255
122 257
122 272
122 285
122 290
122 296
122 297
122 334
122 354
122 360
122 372
123 148
123 151
123 154
123 170
123 175
123 210
123 212
123 219
123 220
123 224
123 228
123 244
123 273
123 280
123 338
123 369
123 386
124 125
124 133
124 153
124 158
124 160
124 177
124 206
124 207
124 233
124 236
124 237
124 255
124 267
124 284
124 310
124 311
124 315
124 352
124 360
124 371
124 380
125 139
125 152
125 170
125 190
125 209
125 211
125 222
125 231
125 234
125 254
125 255
125 267
125 270
125 274
125 291
125 300
125 305
125 373
125 394
126 134
126 167
126 174
126 180
126 188
126 191
126 208
126 215
126 224
126 229
126 230
126 259
126 268
126 297
126 306
126 312
126 321
126 325
126 335
126 376
127 134
127 160
127 163
127 168
127 169
127 173
127 185
127 192
127 202
127 220
127 223
127 224
127 236
127 249
127 257
127 260
127 265
127 277
127 278
127 305
127 348
127 349
127 352
127 369
127 390
128 145
128 174
128 179
128 187
128 191
128 192
128 198
128 221
128 230
128 260
128 266
128 286
128 305
128 321
128 329
128 342
128 349
128 353
128 360
128 371
128 382
129 132
129 142
129 144
129 152
129 155
129 157
129 172
129 185
129 190
129 199
129 217
129 229
129 237
129 246
129 254
129 258
129 261
129 272
129 284
129 290
129 307
129 315
129 316
129 325
129 327
129 373
129 381
129 385
129 388
130 139
130 143
130 147
130 156
130 175
130 185
130 191
130 224
130 239
130 262
130 264
130 273
130 282
130 284
130 314
130 315
130 316
130 318
130 328
130 333
130 336
130 343
130 371
130 376
130 383
130 388
130 390
131 133
131 158
131 200
131 207
131 213
131 214
131 229
131 239
131 252
131 265
131 269
131 274
131 276
131 279
131 287
131 303
131 306
131 314
131 344
131 378
131 383
131 384
131 395
132 142
132 157
132 167
132 179
132 181
132 189
132 192
132 204
132 241
132 252
132 263
132 268
132 270
132 278
132 281
132 291
132 327
132 328
132 342
132 343
132 346
132 353
132 361
132 368
132 385
132 388
132 389
132 399
133 168
133 185
133 198
133 263
133 277
133 280
133 287
133 290
133 307
133 317
133 341
133 347
133 350
133 365
133 386
133 396
134 135
134 138
134 140
134 167
134 169
134 199
134 216
134 227
134 228
134 239
134 245
134 251
134 257
134 272
134 278
134 285
134 290
134 295
134 302
134 303
134 306
134 332
134 333
134 336
134 359
134 366
134 378
135 148
135 158
135 160
135 165
135 172
135 182
135 217
135 218
135 232
135 249
135 271
135 281
135 282
135 293
135 299
135 322
135 330
135 342
135 360
135 361
135 368
135 371
135 374
136 139
136 143
136 151
136 165
136 183
136 185
136 219
136 220
136 227
136 236
136 237
136 245
136 246
136 250
136 251
136 253
136 339
136 340
136 341
136 350
136 361
137 143
137 149
137 157
137 158
137 178
137 189
137 195
137 215
137 240
137 244
137 246
137 251
137 263
137 271
137 272
137 290
137 327
137 333
137 337
137 360
137 372
137 375
137 390
138 178
138 196
138 223
138 225
138 260
138 272
138 273
138 274
138 275
138 298
138 299
138 331
138 341
138 348
138 354
138 371
138 376
138 381
138 395
139 142
139 148
139 177
139 180
139 197
139 213
139 233
139 244
139 255
139 257
139 258
139 260
139 268
139 302
139 308
139 314
139 345
139 381
139 398
140 154
140 178
140 192
140 207
140 208
140 209
140 225
140 247
140 250
140 256
140 307
140 343
140 352
140 358
140 359
140 371
140 392
140 395
141 162
141 199
141 211
141 219
141 223
141 231
141 252
141 294
141 325
141 327
141 328
141 337
141 347
141 355
141 356
141 364
141 372
141 385
142 145
142 164
142 191
142 195
142 197
142 211
142 223
142 229
142 236
142 239
142 250
142 261
142 262
142 271
142 273
142 276
142 281
142 283
142 284
142 291
142 307
142 332
142 337
142 366
142 368
143 157
143 165
143 174
143 207
143 215
143 228
143 231
143 249
143 266
143 271
143 295
143 302
143 315
143 353
143 362
143 379
143 387
144 157
144 188
144 197
144 205
144 212
144 214
144 242
144 248
144 255
144 281
144 319
144 332
144 341
144 349
144 362
144 365
144 391
144 393
145 162
145 169
145 177
145 178
145 195
145 201
145 204
145 218
145 225
145 236
145 238
145 248
145 249
145 250
145 299
145 310
145 312
145 322
145 323
145 324
145 336
145 337
145 344
145 376
146 148
146 152
146 168
146 196
146 210
146 215
146 223
146 238
146 243
146 254
146 257
146 263
146 281
146 289
146 298
146 310
146 311
146 316
146 384
146 395
147 165
147 166
147 181
147 191
147 222
147 231
147 246
147 258
147 262
147 272
147 285
147 298
147 300
147 309
147 317
147 318
147 322
147 326
147 330
147 348
147 366
147 374
147 390
148 156
148 170
148 188
148 198
148 210
148 213
148 216
148 221
148 226
148 232
148 235
148 247
148 248
148 257
148 270
148 280
148 281
148 282
148 294
148 322
148 323
148 336
148 346
148 351
148 355
148 373
148 374
148 375
148 391
149 165
149 171
149 179
149 193
149 218
149 227
149 241
149 249
149 252
149 257
149 259
149 281
149 282
149 294
149 301
149 312
149 317
149 342
149 347
149 359
149 363
149 365
149 377
150 175
150 178
150 183
150 193
150 231
150 243
150 246
150 290
150 311
150 320
150 326
150 333
150 334
150 341
150 348
150 363
150 375
150 376
150 378
150 398
151 156
151 197
151 200
151 206
151 216
151 225
151 232
151 239
151 244
151 251
151 276
151 292
151 306
151 312
151 322
151 373
151 377
151 395
152 153
152 161
152 164
152 188
152 189
152 194
152 210
152 220
152 246
152 259
152 261
152 265
152 285
152 291
152 309
152 313
152 316
152 354
152 363
152 375
152 385
153 158
153 169
153 180
153 181
153 213
153 216
153 224
153 243
153 252
153 255
153 258
153 268
153 283
153 304
153 327
153 335
153 367
154 158
154 212
154 216
154 221
154 227
154 228
154 239
154 248
154 265
154 271
154 277
154 283
154 285
154 290
154 292
154 365
154 368
155 156
155 164
155 170
155 171
155 179
155 182
155 216
155 248
155 250
155 253
155 258
155 272
155 286
155 304
155 305
155 306
155 314
155 378
155 379
155 387
156 158
156 183
156 185
156 195
156 206
156 207
156 208
156 212
156 226
156 251
156 253
156 266
156 285
156 330
156 343
156 345
156 348
156 366
156 391
157 159
157 171
157 176
157 190
157 205
157 214
157 216
157 228
157 248
157 273
157 289
157 295
157 300
157 303
157 317
157 349
157 354
157 365
157 375
157 383
157 384
157 396
158 167
158 177
158 186
158 190
158 205
158 210
158 240
158 251
158 260
158 263
158 264
158 273
158 282
158 290
158 298
158 331
158 333
158 334
158 336
158 345
158 351
158 352
158 355
158 358
158 363
158 367
158 372
158 382
158 396
159 174
159 176
159 177
159 185
159 206
159 217
159 235
159 241
159 246
159 259
159 269
159 300
159 304
159 327
159 337
159 377
159 380
159 381
159 387
159 393
159 397
160 171
160 174
160 183
160 205
160 212
160 218
160 233
160 238
160 252
160 267
160 269
160 272
160 273
160 276
160 295
160 298
160 316
160 319
160 321
160 328
160 344
160 395
160 399
161 180
161 203
161 212
161 220
161 231
161 253
161 255
161 261
161 262
161 267
161 283
161 285
161 297
161 304
161 310
161 313
161 321
161 323
161 343
161 346
161 351
161 359
161 365
161 368
161 378
161 379
161 394
162 196
162 209
162 228
162 232
162 247
162 271
162 275
162 279
162 290
162 292
162 310
162 311
162 314
162 330
162 331
162 333
162 341
162 347
162 362
162 368
162 390
162 392
163 174
163 185
163 202
163 231
163 234
163 235
163 237
163 240
163 243
163 275
163 292
163 296
163 305
163 338
163 383
163 387
163 394
163 395
164 170
164 182
164 215
164 227
164 236
164 241
164 251
164 255
164 263
164 282
164 292
164 294
164 300
164 319
164 328
164 329
164 374
164 375
164 386
165 170
165 182
165 186
165 187
165 189
165 192
165 206
165 208
165 224
165 230
165 234
165 236
165 247
165 290
165 292
165 293
165 297
165 337
165 364
165 380
165 392
165 399
166 170
166 175
166 179
166 185
166 186
166 194
166 195
166 200
166 206
166 212
166 232
166 242
166 254
166 267
166 268
166 273
166 304
166 308
166 321
166 322
166 367
166 381
166 383
166 386
167 177
167 184
167 190
167 204
167 208
167 218
167 220
167 226
167 231
167 238
167 291
167 294
167 297
167 315
167 329
167 333
167 337
167 349
167 352
167 356
167 391
168 177
168 181
168 193
168 194
168 219
168 227
168 233
168 241
168 245
168 250
168 266
168 286
168 287
168 292
168 302
168 306
168 318
168 337
168 346
168 377
168 399
169 193
169 218
169 227
169 264
169 285
169 319
169 328
169 357
169 361
169 366
169 367
169 369
169 373
169 384
169 385
169 387
170 191
170 209
170 210
170 218
170 220
170 235
170 237
170 257
170 260
170 287
170 289
170 298
170 305
170 312
170 331
170 332
170 348
170 349
170 350
170 354
170 357
170 358
170 378
170 380
170 388
171 172
171 182
171 198
171 202
171 221
171 223
171 226
171 230
171 304
171 309
171 325
171 370
171 385
171 388
171 395
172 173
172 196
172 200
172 210
172 249
172 262
172 282
172 288
172 303
172 308
172 312
172 320
172 339
172 342
172 348
172 384
172 396
173 185
173 209
173 214
173 215
173 216
173 217
173 233
173 255
173 261
173 263
173 268
173 279
173 288
173 300
173 310
173 320
173 347
173 352
173 367
173 399
174 191
174 207
174 212
174 219
174 226
174 238
174 246
174 258
174 263
174 281
174 290
174 318
174 323
174 363
174 399
175 178
175 203
175 205
175 214
175 223
175 242
175 243
175 266
175 296
175 314
175 317
175 326
175 327
175 329
175 341
175 345
175 348
175 355
175 366
175 371
175 383
175 391
175 398
175 399
176 177
176 224
176 256
176 257
176 285
176 294
176 306
176 307
176 321
176 353
176 381
177 189
177 197
177 215
177 216
177 230
177 235
177 236
177 243
177 279
177 298
177 317
177 320
177 329
177 332
177 345
177 373
177 384
177 394
177 395
178 183
178 196
178 203
178 218
178 241
178 256
178 258
178 273
178 287
178 293
178 304
178 317
178 331
178 333
178 340
178 342
178 343
178 380
179 185
179 205
179 221
179 225
179 257
179 266
179 270
179 274
179 299
179 313
179 318
179 320
179 332
179 338
179 354
179 360
179 363
179 365
179 376
179 380
179 384
179 386
180 189
180 198
180 211
180 250
180 252
180 254
180 257
180 263
180 277
180 293
180 298
180 309
180 311
180 321
180 333
180 353
180 363
180 367
180 373
180 397
181 193
181 197
181 203
181 207
181 214
181 220
181 230
181 237
181 243
181 274
181 291
181 294
181 342
181 360
181 363
181 378
181 388
181 389
182 200
182 201
182 206
182 215
182 223
182 241
182 248
182 249
182 252
182 268
182 281
182 288
182 291
182 302
182 316
182 319
182 349
182 356
182 360
182 361
182 373
182 386
182 395
182 399
183 208
183 221
183 227
183 229
183 234
183 246
183 248
183 261
183 274
183 279
183 287
183 302
183 324
183 335
183 338
183 367
183 371
183 374
183 382
184 188
184 193
184 207
184 210
184 226
184 235
184 237
184 256
184 267
184 271
184 276
184 283
184 293
184 297
184 299
184 315
184 335
184 348
184 358
184 360
184 362
184 386
184 388
184 392
185 187
185 193
185 196
185 217
185 228
185 231
185 233
185 239
185 255
185 273
185 274
185 278
185 288
185 290
185 294
185 296
185 303
185 305
185 308
185 343
185 368
185 372
185 373
185 381
185 382
185 386
185 389
185 395
186 190
186 205
186 223
186 231
186 240
186 242
186 258
186 283
186 298
186 303
186 318
186 358
186 360
186 369
186 371
186 386
186 389
186 390
187 212
187 218
187 220
187 223
187 233
187 237
187 246
187 253
187 258
187 303
187 309
187 344
187 347
187 362
187 368
187 378
187 397
188 189
188 196
188 200
188 210
188 218
188 266
188 267
188 283
188 310
188 313
188 317
188 322
188 323
188 327
188 330
188 355
188 356
188 396
189 196
189 200
189 205
189 212
189 219
189 220
189 232
189 236
189 253
189 260
189 264
189 277
189 292
189 296
189 312
189 323
189 334
189 357
189 359
189 377
189 384
190 192
190 195
190 198
190 207
190 219
190 236
190 243
190 246
190 250
190 256
190 300
190 305
190 317
190 332
190 337
190 339
190 350
190 376
190 383
191 218
191 245
191 246
191 249
191 250
191 278
191 295
191 307
191 320
191 331
191 364
191 368
191 372
191 378
192 215
192 218
192 237
192 244
192 245
192 251
192 265
192 267
192 269
192 274
192 277
192 278
192 283
192 300
192 304
192 309
192 311
192 312
192 314
192 315
192 321
192 327
192 332
192 353
192 359
192 364
192 367
192 384
192 387
192 391
192 394
192 395
193 200
193 209
193 219
193 227
193 232
193 244
193 254
193 267
193 272
193 281
193 283
193 302
193 308
193 311
193 318
193 356
193 382
193 386
193 397
193 398
194 217
194 220
194 232
194 240
194 248
194 252
194 258
194 260
194 265
194 271
194 276
194 277
194 286
194 294
194 312
194 320
194 330
194 332
194 356
194 360
194 391
194 396
195 197
195 216
195 228
195 237
195 266
195 271
195 311
195 313
195 318
195 335
195 349
195 389
195 391
196 197
196 205
196 206
196 209
196 231
196 232
196 242
196 247
196 256
196 265
196 282
196 318
196 323
196 333
196 335
196 347
196 350
196 354
196 357
196 361
196 377
196 382
196 385
197 199
197 210
197 219
197 228
197 240
197 247
197 270
197 273
197 313
197 325
197 337
197 341
197 344
197 352
197 391
197 395
198 203
198 210
198 213
198 235
198 259
198 289
198 329
198 342
198 343
198 375
198 382
198 390
198 396
198 398
199 203
199 218
199 219
199 224
199 229
199 238
199 241
199 270
199 295
199 297
199 315
199 322
199 353
199 362
199 363
199 368
199 374
199 375
199 379
199 389
199 397
200 207
200 217
200 226
200 238
200 247
200 251
200 261
200 262
200 298
200 313
200 377
200 379
200 384
200 397
201 205
201 208
201 217
201 243
201 245
201 247
201 273
201 294
201 326
201 338
201 342
201 345
201 368
201 378
201 380
201 398
202 248
202 249
202 254
202 269
202 317
202 326
202 327
202 330
202 340
202 346
202 352
202 355
202 391
203 209
203 214
203 230
203 244
203 253
203 257
203 270
203 279
203 283
203 284
203 302
203 320
203 330
203 335
203 345
203 367
203 383
203 386
203 394
203 395
204 242
204 245
204 251
204 256
204 261
204 269
204 283
204 285
204 289
204 303
204 311
204 312
204 373
204 387
204 393
205 217
205 229
205 279
205 300
205 301
205 302
205 309
205 318
205 326
205 327
205 353
205 366
205 369
205 373
205 391
206 207
206 218
206 244
206 258
206 261
206 264
206 271
206 272
206 273
206 278
206 286
206 291
206 332
206 339
206 340
206 355
206 382
206 386
206 387
207 208
207 210
207 232
207 242
207 247
207 254
207 256
207 261
207 272
207 297
207 301
207 318
207 335
207 348
207 358
207 361
207 368
207 376
207 381
207 383
207 386
207 394
208 209
208 213
208 221
208 224
208 227
208 232
208 244
208 252
208 262
208 278
208 284
208 289
208 301
208 327
208 331
208 333
208 359
208 361
208 362
208 383
208 385
208 388
208 389
208 391
208 399
209 216
209 217
209 235
209 237
209 245
209 247
209 248
209 254
209 261
209 273
209 275
209 277
209 294
209 307
209 313
209 314
209 319
209 324
209 327
209 341
209 349
209 365
209 368
209 372
209 374
209 396
210 214
210 234
210 249
210 260
210 261
210 285
210 290
210 306
210 330
210 336
210 337
210 342
210 359
210 384
210 388
211 256
211 257
211 267
211 317
211 318
211 319
211 323
211 346
211 350
211 352
211 373
211 378
211 379
212 219
212 229
212 259
212 276
212 296
212 304
212 311
212 314
212 319
212 320
212 343
212 353
212 358
212 364
212 384
213 222
213 244
213 249
213 261
213 265
213 272
213 275
213 279
213 294
213 304
213 326
213 334
213 338
213 347
213 357
213 362
213 378
213 392
214 223
214 231
214 241
214 247
214 257
214 259
214 298
214 336
214 347
214 356
214 362
214 372
214 375
214 386
214 396
215 234
215 247
215 250
215 252
215 258
215 272
215 284
215 291
215 339
215 352
215 368
215 370
215 373
215 395
216 222
216 245
216 292
216 298
216 310
216 315
216 317
216 329
216 331
216 333
216 344
216 347
216 348
216 367
216 372
217 223
217 238
217 240
217 243
217 251
217 263
217 287
217 298
217 309
217 315
217 356
217 389
217 398
218 226
218 228
218 261
218 264
218 267
218 277
218 293
218 294
218 304
218 310
218 312
218 313
218 356
218 384
218 388
218 389
218 390
219 222
219 224
219 226
219 231
219 270
219 281
219 284
219 285
219 286
219 289
219 316
219 327
219 334
219 349
219 376
219 395
219 398
220 221
220 223
220 227
220 242
220 248
220 254
220 259
220 265
220 277
220 284
220 302
220 329
220 332
220 347
220 351
220 357
220 359
220 389
221 241
221 246
221 262
221 267
221 285
221 291
221 293
221 300
221 306
221 311
221 318
221 324
221 334
221 340
221 345
221 375
221 391
222 229
222 242
222 245
222 247
222 259
222 270
222 271
222 284
222 298
222 315
222 322
222 337
222 339
222 351
222 357
222 387
222 394
223 233
223 266
223 271
223 274
223 283
223 293
223 295
223 296
223 301
223 314
223 317
223 318
223 319
223 322
223 332
223 345
223 358
223 361
223 364
223 370
223 380
223 384
223 388
224 244
224 248
224 257
224 266
224 286
224 295
224 307
224 312
224 336
224 342
224 345
224 349
224 360
224 366
224 381
224 389
224 396
224 398
225 233
225 234
225 255
225 265
225 269
225 270
225 278
225 282
225 283
225 294
225 300
225 314
225 319
225 329
225 331
225 333
225 337
225 338
225 358
225 364
225 378
225 379
225 385
225 391
226 248
226 272
226 274
226 279
226 296
226 354
226 373
226 380
226 389
226 396
227 237
227 248
227 258
227 261
227 275
227 282
227 299
227 302
227 309
227 333
227 360
227 370
227 375
227 376
227 385
228 229
228 238
228 244
228 246
228 252
228 271
228 287
228 312
228 314
228 337
228 348
228 362
228 365
229 233
229 236
229 246
229 248
229 251
229 253
229 270
229 278
229 284
229 289
229 313
229 324
229 337
229 383
230 243
230 257
230 268
230 281
230 287
230 293
230 296
230 300
230 305
230 310
230 317
230 321
230 342
230 349
230 366
230 384
230 389
230 393
231 234
231 251
231 269
231 285
231 305
231 310
231 326
231 331
231 333
231 334
231 351
231 353
231 364
232 239
232 246
232 263
232 282
232 327
232 348
232 350
232 371
232 378
232 380
232 386
232 387
232 399
233 241
233 250
233 253
233 276
233 277
233 289
233 290
233 293
233 299
233 301
233 307
233 320
233 328
233 344
233 349
233 352
233 365
233 371
233 377
234 240
234 246
234 258
234 269
234 285
234 299
234 317
234 321
234 332
234 334
234 374
234 377
234 384
234 388
234 391
234 394
234 399
235 241
235 243
235 249
235 256
235 258
235 259
235 264
235 270
235 295
235 296
235 312
235 351
235 396
236 254
236 271
236 276
236 289
236 294
236 304
236 306
236 346
236 350
236 373
236 377
236 391
236 394
236 399
237 249
237 254
237 259
237 269
237 276
237 305
237 308
237 315
237 322
237 331
237 339
237 353
237 365
237 380
237 394
238 243
238 267
238 268
238 277
238 288
238 299
238 337
238 342
238 343
238 346
238 366
238 374
239 272
239 280
239 298
239 317
239 322
239 331
239 345
239 355
239 362
239 363
239 368
239 393
239 398
240 264
240 265
240 291
240 312
240 317
240 319
240 329
240 344
240 362
241 256
241 264
241 273
241 284
241 294
241 352
241 361
241 371
241 378
242 247
242 262
242 265
242 287
242 290
242 291
242 295
242 298
242 307
242 311
242 321
242 327
242 331
242 348
242 353
242 356
242 358
242 368
242 379
242 385
243 261
243 266
243 277
243 309
243 311
243 312
243 340
243 351
243 352
243 354
243 357
243 368
243 377
243 390
243 398
244 252
244 264
244 288
244 295
244 299
244 311
244 316
244 324
244 326
244 346
244 349
244 354
244 388
244 390
245 266
245 269
245 280
245 300
245 302
245 312
245 314
245 323
245 330
245 335
245 337
245 342
245 345
245 350
245 358
245 371
245 376
245 394
245 398
246 249
246 251
246 252
246 259
246 296
246 369
246 374
246 375
246 382
247 269
247 279
247 284
247 285
247 289
247 298
247 308
247 314
247 316
247 325
247 326
247 344
247 351
247 374
247 378
247 387
247 390
248 286
248 326
248 328
248 348
248 352
248 362
248 364
248 369
248 372
249 268
249 283
249 288
249 305
249 311
249 317
249 333
249 342
249 356
249 368
249 393
250 251
250 254
250 255
250 257
250 276
250 290
250 300
250 307
250 334
250 335
250 339
250 343
250 347
250 357
250 362
250 372
251 258
251 262
251 305
251 308
251 310
251 339
251 344
251 349
251 366
251 372
251 376
251 377
251 380
251 394
252 277
252 302
252 309
252 312
252 320
252 325
252 332
252 398
253 257
253 260
253 262
253 270
253 289
253 294
253 295
253 302
253 309
253 321
253 354
253 359
253 360
253 368
253 369
253 394
253 398
254 274
254 276
254 277
254 284
254 294
254 299
254 316
254 319
254 326
254 336
254 343
254 348
254 376
254 387
255 261
255 282
255 283
255 292
255 296
255 301
255 305
255 323
255 324
255 328
255 333
255 337
255 341
255 345
255 356
255 359
255 363
255 379
256 260
256 263
256 264
256 270
256 271
256 279
256 306
256 309
256 315
256 318
256 330
256 333
256 346
256 352
256 364
256 365
257 264
257 272
257 281
257 293
257 319
257 323
257 324
257 347
257 348
257 351
257 366
257 380
258 268
258 272
258 277
258 297
258 316
258 317
258 320
258 325
258 334
258 340
258 342
258 383
258 392
259 267
259 307
259 320
259 321
259 334
259 347
259 353
259 358
259 368
259 387
259 392
260 268
260 286
260 292
260 302
260 316
260 322
260 331
260 334
260 335
260 354
260 359
260 365
260 366
261 273
261 283
261 308
261 310
261 334
261 338
261 368
261 379
261 384
261 386
261 392
262 263
262 269
262 283
262 292
262 301
262 310
262 317
262 349
262 367
262 368
262 370
262 386
262 389
263 274
263 282
263 286
263 314
263 319
263 357
263 359
263 389
263 392
263 395
263 396
264 275
264 285
264 291
264 307
264 316
264 341
264 343
264 351
264 358
264 366
264 371
264 378
264 387
265 275
265 279
265 301
265 316
265 318
265 352
265 356
265 358
266 278
266 295
266 307
266 317
266 320
266 333
266 334
266 372
266 377
266 387
267 275
267 281
267 306
267 308
267 327
267 347
267 363
267 389
267 397
268 282
268 283
268 289
268 290
268 294
268 332
268 339
268 364
268 377
268 393
268 396
269 289
269 297
269 301
269 319
269 321
269 325
269 334
269 340
269 348
269 353
269 356
269 375
269 381
269 393
270 273
270 278
270 286
270 313
270 318
270 324
270 336
270 340
270 354
270 360
270 366
270 369
270 380
271 282
271 294
271 296
271 311
271 334
271 337
271 341
271 364
271 365
271 376
271 389
271 396
272 277
272 294
272 302
272 311
272 325
272 343
272 349
272 357
272 359
272 367
272 380
272 388
273 278
273 288
273 310
273 327
273 343
273 348
273 358
273 381
273 388
273 392
273 398
274 278
274 304
274 309
274 312
274 326
274 329
274 337
274 338
274 347
274 357
274 386
274 392
275 285
275 286
275 315
275 319
275 321
275 337
275 342
275 350
275 352
275 373
275 375
275 390
276 281
276 284
276 288
276 292
276 325
276 327
276 338
276 365
276 370
277 290
277 293
277 299
277 301
277 302
277 340
277 352
277 376
277 385
278 291
278 316
278 319
278 329
278 334
278 339
278 341
278 344
278 353
278 384
278 397
279 293
279 301
279 317
279 340
279 350
279 361
279 362
279 375
279 388
279 398
280 283
280 293
280 294
280 311
280 312
280 323
280 324
280 329
280 334
280 360
280 368
280 373
280 379
280 385
280 388
280 390
281 319
281 320
281 322
281 329
281 330
281 348
281 360
281 361
281 382
281 395
282 291
282 292
282 326
282 330
282 351
282 356
282 371
282 372
282 390
282 397
283 296
283 298
283 319
283 325
283 333
283 351
283 357
283 370
283 387
284 291
284 299
284 310
284 321
284 329
284 333
284 335
284 348
284 366
284 383
285 287
285 296
285 297
285 301
285 311
285 330
285 331
285 347
285 386
286 289
286 292
286 296
286 317
286 318
286 327
286 331
286 343
286 346
286 352
286 356
286 358
286 362
286 377
286 390
286 392
286 394
286 399
287 306
287 318
287 327
287 329
287 347
287 360
287 361
287 377
288 292
288 303
288 306
288 307
288 314
288 322
288 328
288 336
288 340
288 346
288 374
288 381
288 382
288 386
289 294
289 295
289 298
289 310
289 316
289 317
289 327
289 336
289 340
289 341
289 362
289 376
290 321
290 339
290 363
290 373
290 374
290 380
291 292
291 300
291 309
291 310
291 328
291 333
291 341
291 385
291 399
292 322
292 330
292 343
292 353
292 372
292 379
292 393
293 298
293 317
293 324
293 340
293 352
293 381
294 296
294 304
294 305
294 321
294 324
294 332
294 362
294 384
294 388
295 299
295 314
295 318
295 324
295 338
295 339
295 348
295 349
295 364
295 370
295 375
295 376
295 388
296 298
296 307
296 314
296 319
296 322
296 344
296 358
296 363
296 370
296 372
297 298
297 301
297 307
297 319
297 331
297 341
297 348
297 350
297 351
297 358
297 366
297 367
297 392
298 313
298 320
298 324
298 344
298 354
298 360
298 389
299 308
299 311
299 324
299 333
299 339
299 355
299 360
299 383
299 390
300 326
300 328
300 329
300 353
300 355
300 378
300 379
300 381
300 383
301 326
301 337
301 340
301 364
302 323
302 326
302 377
302 383
302 387
302 388
302 394
303 310
303 314
303 317
303 318
303 322
303 330
303 332
303 335
303 349
304 308
304 311
304 326
304 333
304 345
304 346
304 359
304 360
304 362
304 372
304 374
304 381
304 391
304 392
304 394
305 322
305 338
305 342
305 343
305 371
305 385
305 395
306 308
306 328
306 329
306 345
306 358
306 363
306 366
306 367
306 373
306 380
307 313
307 321
307 324
307 332
307 335
307 356
307 359
307 380
307 385
307 398
308 329
308 331
308 342
308 353
308 354
308 368
308 371
308 378
309 315
309 323
309 342
309 349
309 352
309 359
309 380
309 383
310 319
310 320
310 345
310 362
310 366
310 375
310 394
310 395
311 356
311 369
311 373
311 398
312 322
312 325
312 328
312 332
312 357
312 358
312 372
312 389
312 391
313 322
313 323
313 324
313 329
313 334
313 335
313 353
313 358
313 363
313 375
313 377
313 386
314 322
314 337
314 342
314 360
314 361
314 368
314 378
314 391
314 393
315 331
315 337
315 342
315 357
315 385
315 397
316 343
316 358
316 369
316 370
316 391
316 392
317 319
317 359
317 360
317 387
317 388
318 328
318 329
318 331
318 335
318 336
318 341
318 370
318 384
318 386
318 387
319 334
319 338
319 372
319 395
320 324
320 332
320 355
320 360
320 371
320 382
320 392
321 346
321 355
321 375
322 324
322 328
322 329
322 334
322 339
322 342
322 356
322 390
322 398
323 345
323 364
323 365
323 398
323 399
324 335
324 338
324 341
324 343
324 349
324 356
324 357
324 369
324 371
324 378
324 396
325 328
325 330
325 339
325 349
325 352
325 357
325 358
325 385
325 396
326 334
326 349
326 350
326 389
326 391
326 398
326 399
327 331
327 343
328 345
328 361
328 363
328 366
328 379
328 383
329 346
329 357
329 360
329 363
329 367
329 375
329 377
329 382
330 336
330 344
330 351
330 362
330 388
330 389
330 399
331 334
331 336
331 337
331 338
331 355
331 356
331 357
331 361
331 381
331 385
331 389
331 393
331 396
332 347
332 348
332 364
332 382
333 349
333 382
333 383
333 385
333 399
334 343
334 352
334 356
334 386
335 344
335 350
335 363
335 376
335 378
335 399
336 340
336 358
336 364
336 389
336 398
337 376
337 379
337 386
337 389
338 372
338 390
338 395
338 399
339 353
339 359
339 364
339 392
340 355
340 367
340 371
340 376
340 380
340 393
340 394
341 374
341 388
341 399
342 348
342 354
342 357
342 367
342 381
342 397
343 358
343 367
343 371
343 377
343 390
344 348
344 357
344 358
344 379
344 391
344 396
345 353
345 371
345 390
345 395
345 396
346 347
346 362
346 374
346 397
347 351
347 352
347 355
347 356
347 358
347 385
348 350
348 370
348 376
348 398
349 357
349 369
349 376
349 387
350 353
350 362
350 369
350 371
350 373
350 376
350 380
351 370
351 383
351 387
351 388
351 397
352 371
352 378
352 397
352 399
353 387
354 364
354 383
354 393
355 366
355 367
355 383
355 389
356 357
356 362
356 369
356 372
356 376
356 379
356 385
357 377
357 385
357 389
357 393
358 361
358 386
358 394
359 360
359 363
359 365
359 369
359 382
360 378
360 396
361 389
361 395
362 363
362 371
362 385
362 386
362 395
363 376
363 385
363 397
364 376
364 388
364 394
365 368
365 370
365 372
365 389
365 390
365 398
366 371
367 371
367 373
367 388
367 393
368 376
368 380
368 397
369 375
369 380
369 387
369 390
369 396
369 399
370 392
371 391
372 373
372 374
372 383
372 389
372 395
373 383
373 395
374 385
374 392
374 396
374 397
375 377
375 381
376 377
376 390
377 381
377 391
377 397
378 396
380 382
380 383
380 385
380 389
382 392
382 397
386 389
386 390
387 391
389 391
389 396
390 394
390 397
391 395
391 396
392 398
394 396
