500 7490 0.2
0 6
0 7
0 10
0 53
0 98
0 112
0 134
0 144
0 169
0 177
0 187
0 194
0 201
0 215
0 216
0 219
0 241
0 276
0 306
0 324
0 350
0 369
0 377
0 390
0 398
0 455
0 458
0 469
0 475
0 487
0 494
1 29
1 45
1 93
1 100
1 101
1 102
1 104
1 107
1 109
1 110
1 145
1 154
1 183
1 214
1 240
1 276
1 318
1 336
1 362
1 369
1 372
1 405
1 416
1 426
1 447
1 475
2 15
2 56
2 62
2 89
2 182
2 186
2 187
2 219
2 240
2 243
2 253
2 257
2 266
2 284
2 292
2 300
2 349
2 350
2 362
2 396
2 433
2 437
2 441
2 482
2 498
3 24
3 28
3 29
3 80
3 116
3 148
3 151
3 164
3 181
3 245
3 258
3 283
3 284
3 294
3 364
3 391
3 400
3 416
3 422
3 442
3 443
3 462
3 471
3 477
3 494
4 25
4 38
4 41
4 44
4 73
4 92
4 99
4 129
4 175
4 177
4 189
4 203
4 232
4 252
4 304
4 312
4 315
4 318
4 345
4 353
4 402
4 410
4 412
4 431
4 453
4 472
4 492
5 34
5 40
5 59
5 78
5 93
5 99
5 118
5 157
5 198
5 251
5 301
5 309
5 329
5 336
5 360
5 367
5 376
5 385
5 398
5 399
5 411
5 419
5 482
5 483
6 53
6 55
6 62
6 78
6 81
6 92
6 94
6 105
6 117
6 169
6 198
6 217
6 266
6 286
6 299
6 307
6 315
6 327
6 330
6 362
6 363
6 372
6 407
6 417
6 429
6 468
6 479
6 483
7 10
7 24
7 27
7 56
7 84
7 87
7 103
7 109
7 125
7 129
7 136
7 170
7 186
7 197
7 202
7 232
7 270
7 288
7 296
7 299
7 303
7 331
7 332
7 372
7 389
7 458
7 466
7 470
7 493
7 499
8 14
8 29
8 38
8 40
8 47
8 56
8 66
8 71
8 76
8 161
8 166
8 171
8 178
8 212
8 223
8 227
8 263
8 290
8 311
8 332
8 347
8 349
8 384
8 390
8 417
8 453
8 457
8 458
8 463
8 492
9 17
9 24
9 32
9 35
9 41
9 43
9 77
9 87
9 117
9 124
9 125
9 130
9 161
9 166
9 192
9 194
9 202
9 226
9 265
9 279
9 316
9 338
9 362
9 378
9 400
9 413
9 417
9 418
9 427
9 432
9 448
9 450
9 470
9 487
10 25
10 29
10 34
10 46
10 101
10 110
10 112
10 122
10 128
10 155
10 183
10 196
10 198
10 204
10 227
10 260
10 270
10 297
10 310
10 311
10 318
10 336
10 387
10 393
10 409
10 415
10 422
10 424
10 437
10 444
11 16
11 31
11 56
11 74
11 85
11 109
11 122
11 127
11 133
11 146
11 159
11 166
11 199
11 223
11 226
11 258
11 266
11 302
11 310
11 354
11 358
11 365
11 375
11 376
11 390
11 391
11 395
11 399
11 405
11 412
11 446
11 460
11 465
11 486
11 497
12 16
12 18
12 33
12 37
12 52
12 68
12 82
12 84
12 127
12 142
12 148
12 153
12 155
12 159
12 167
12 186
12 201
12 213
12 223
12 228
12 257
12 261
12 268
12 296
12 324
12 346
12 358
12 392
12 401
12 426
12 428
12 435
12 444
12 446
12 464
12 499
13 64
13 86
13 100
13 103
13 109
13 113
13 114
13 116
13 129
13 151
13 156
13 202
13 220
13 223
13 250
13 280
13 300
13 323
13 391
13 394
13 418
13 421
13 427
13 430
13 434
13 446
13 472
14 24
14 28
14 46
14 57
14 69
14 95
14 101
14 161
14 178
14 179
14 193
14 212
14 249
14 269
14 283
14 299
14 303
14 318
14 321
14 329
14 337
14 343
14 345
14 351
14 353
14 354
14 392
14 393
14 395
14 403
14 422
14 428
14 440
14 466
14 469
14 471
14 479
14 484
14 488
15 28
15 49
15 96
15 144
15 148
15 150
15 171
15 178
15 208
15 212
15 258
15 267
15 286
15 321
15 331
15 335
15 336
15 384
15 386
15 399
15 406
15 409
16 24
16 30
16 42
16 87
16 88
16 156
16 278
16 290
16 305
16 336
16 347
16 351
16 365
16 376
16 386
16 411
16 415
16 418
16 425
16 432
16 437
16 455
16 466
17 22
17 55
17 56
17 64
17 68
17 76
17 77
17 81
17 111
17 125
17 140
17 164
17 177
17 178
17 200
17 205
17 235
17 257
17 261
17 293
17 329
17 346
17 376
17 378
17 380
17 391
17 411
17 417
17 424
17 458
17 471
17 477
17 485
17 499
18 32
18 39
18 49
18 77
18 87
18 96
18 107
18 122
18 123
18 124
18 129
18 145
18 164
18 195
18 209
18 226
18 274
18 276
18 283
18 303
18 338
18 344
18 393
18 427
18 432
18 456
18 465
18 475
18 477
18 478
18 483
19 32
19 51
19 54
19 63
19 92
19 137
19 139
19 148
19 156
19 159
19 164
19 182
19 186
19 187
19 228
19 235
19 236
19 255
19 268
19 308
19 321
19 328
19 360
19 366
19 373
19 385
19 430
19 446
19 473
19 479
19 492
20 24
20 30
20 36
20 53
20 57
20 65
20 79
20 82
20 89
20 109
20 120
20 161
20 202
20 207
20 210
20 243
20 271
20 279
20 284
20 299
20 308
20 345
20 352
20 369
20 373
20 388
20 426
20 434
20 469
20 470
20 479
21 30
21 34
21 83
21 88
21 94
21 100
21 108
21 133
21 135
21 139
21 201
21 203
21 219
21 223
21 228
21 229
21 269
21 320
21 324
21 399
21 412
21 420
21 428
21 497
22 59
22 65
22 74
22 76
22 83
22 85
22 87
22 92
22 120
22 124
22 149
22 171
22 215
22 265
22 268
22 272
22 274
22 309
22 319
22 329
22 330
22 344
22 367
22 374
22 385
22 392
22 403
22 405
22 406
22 407
22 409
22 411
22 414
22 426
22 430
22 442
22 459
22 460
22 467
22 468
22 472
22 495
22 499
23 50
23 56
23 59
23 87
23 113
23 121
23 131
23 145
23 175
23 177
23 179
23 201
23 202
23 211
23 215
23 225
23 267
23 273
23 323
23 344
23 371
23 389
23 418
23 429
23 440
23 470
23 477
24 50
24 65
24 71
24 73
24 89
24 110
24 179
24 187
24 191
24 203
24 209
24 255
24 267
24 282
24 285
24 305
24 328
24 338
24 348
24 351
24 362
24 375
24 386
24 387
24 398
24 409
24 421
24 427
24 450
24 460
24 478
25 29
25 41
25 56
25 63
25 77
25 104
25 108
25 134
25 173
25 178
25 188
25 209
25 224
25 234
25 243
25 301
25 308
25 312
25 313
25 319
25 323
25 326
25 332
25 363
25 372
25 449
25 459
25 477
25 494
26 37
26 42
26 46
26 62
26 88
26 123
26 144
26 164
26 191
26 207
26 216
26 229
26 230
26 233
26 256
26 268
26 277
26 300
26 301
26 308
26 321
26 369
26 400
26 401
26 405
26 421
26 442
26 484
26 493
27 29
27 35
27 78
27 97
27 126
27 142
27 147
27 169
27 218
27 226
27 233
27 255
27 266
27 294
27 298
27 346
27 352
27 353
27 368
27 380
27 381
27 385
27 386
27 418
27 421
27 428
27 457
27 487
27 495
28 31
28 58
28 64
28 74
28 112
28 119
28 141
28 148
28 150
28 153
28 170
28 214
28 217
28 255
28 262
28 266
28 284
28 288
28 293
28 300
28 318
28 329
28 362
28 374
28 376
28 401
28 403
28 414
28 422
28 427
28 430
28 434
28 440
28 470
28 473
28 495
28 496
29 68
29 73
29 80
29 86
29 89
29 131
29 150
29 186
29 207
29 219
29 225
29 234
29 252
29 295
29 344
29 357
29 358
29 385
29 397
29 398
29 414
29 435
29 483
29 492
30 44
30 63
30 68
30 99
30 100
30 122
30 140
30 159
30 164
30 191
30 192
30 196
30 206
30 211
30 218
30 222
30 276
30 289
30 294
30 320
30 331
30 348
30 361
30 365
30 384
30 421
30 446
30 487
30 495
31 44
31 63
31 121
31 169
31 172
31 182
31 183
31 194
31 198
31 205
31 228
31 238
31 267
31 325
31 326
31 327
31 329
31 330
31 334
31 339
31 368
31 422
31 424
31 469
32 34
32 47
32 48
32 86
32 125
32 140
32 150
32 164
32 166
32 168
32 175
32 194
32 198
32 283
32 292
32 322
32 342
32 352
32 357
32 358
32 388
32 400
32 403
32 409
32 449
32 467
33 80
33 86
33 90
33 94
33 103
33 107
33 136
33 169
33 236
33 245
33 251
33 254
33 274
33 297
33 389
33 399
33 400
33 424
33 450
33 462
33 469
33 482
34 97
34 101
34 160
34 172
34 194
34 195
34 259
34 284
34 303
34 317
34 320
34 332
34 353
34 357
34 379
34 381
34 398
34 406
34 439
34 445
34 452
34 457
34 460
34 481
34 497
35 41
35 59
35 82
35 149
35 170
35 171
35 181
35 204
35 206
35 220
35 236
35 265
35 268
35 276
35 319
35 327
35 333
35 349
35 375
35 381
35 388
35 420
35 423
35 473
35 499
36 40
36 51
36 73
36 118
36 148
36 150
36 164
36 196
36 208
36 209
36 244
36 265
36 272
36 276
36 315
36 317
36 319
36 321
36 323
36 336
36 348
36 359
36 370
36 376
36 383
36 384
36 400
36 403
36 420
36 421
36 433
36 448
36 469
36 472
36 481
36 485
37 43
37 74
37 81
37 85
37 89
37 111
37 147
37 174
37 214
37 217
37 220
37 268
37 273
37 351
37 354
37 363
37 370
37 377
37 395
37 405
37 426
37 432
37 458
37 464
37 471
37 473
37 475
37 489
37 493
38 50
38 99
38 121
38 156
38 168
38 192
38 215
38 259
38 272
38 305
38 313
38 317
38 321
38 335
38 348
38 357
38 374
38 380
38 415
38 434
38 437
38 438
38 444
38 453
38 461
38 473
38 476
38 478
38 494
39 42
39 64
39 81
39 99
39 113
39 116
39 118
39 130
39 132
39 163
39 171
39 172
39 190
39 214
39 229
39 240
39 259
39 268
39 286
39 301
39 316
39 326
39 352
39 358
39 378
39 387
39 393
39 405
39 406
39 413
39 421
39 423
39 426
39 460
39 473
40 68
40 91
40 93
40 98
40 101
40 117
40 140
40 141
40 153
40 166
40 202
40 224
40 227
40 236
40 258
40 286
40 299
40 301
40 305
40 308
40 322
40 324
40 359
40 364
40 375
40 395
40 447
40 451
41 76
41 86
41 94
41 97
41 98
41 106
41 126
41 128
41 139
41 151
41 161
41 173
41 186
41 256
41 294
41 349
41 360
41 379
41 402
41 417
41 449
41 480
41 498
42 58
42 61
42 65
42 66
42 72
42 82
42 96
42 108
42 109
42 112
42 160
42 201
42 275
42 282
42 289
42 326
42 328
42 342
42 352
42 353
42 365
42 389
42 400
42 405
42 411
42 418
42 432
42 463
42 464
42 472
42 479
42 483
42 497
43 86
43 87
43 89
43 98
43 100
43 138
43 147
43 173
43 178
43 198
43 200
43 205
43 208
43 220
43 298
43 302
43 303
43 311
43 333
43 347
43 353
43 372
43 390
43 398
43 422
43 463
43 470
43 482
43 491
43 495
44 58
44 75
44 95
44 204
44 233
44 234
44 265
44 270
44 289
44 291
44 294
44 297
44 306
44 310
44 330
44 340
44 373
44 386
44 397
44 405
44 406
44 409
44 429
44 430
44 439
44 443
44 447
44 451
44 453
44 475
44 483
44 497
45 65
45 71
45 106
45 124
45 129
45 133
45 135
45 148
45 160
45 163
45 199
45 231
45 260
45 270
45 278
45 285
45 292
45 316
45 322
45 323
45 329
45 332
45 336
45 342
45 355
45 366
45 376
45 379
45 393
45 403
45 408
45 416
45 431
45 435
45 441
45 466
45 474
45 475
45 485
46 61
46 90
46 101
46 140
46 162
46 187
46 207
46 231
46 275
46 319
46 330
46 343
46 373
46 378
46 394
46 413
46 414
46 476
47 50
47 69
47 113
47 127
47 131
47 163
47 181
47 223
47 257
47 263
47 270
47 286
47 354
47 363
47 391
47 404
47 444
47 447
47 452
47 471
47 478
47 492
47 496
48 53
48 64
48 71
48 94
48 120
48 126
48 140
48 143
48 145
48 156
48 170
48 174
48 185
48 193
48 195
48 196
48 228
48 255
48 271
48 274
48 284
48 308
48 324
48 331
48 371
48 383
48 389
48 403
48 421
48 430
48 438
48 451
48 462
48 476
49 55
49 73
49 87
49 88
49 102
49 180
49 183
49 215
49 237
49 245
49 268
49 302
49 310
49 318
49 324
49 331
49 344
49 363
49 396
49 415
49 451
49 457
49 466
49 488
50 56
50 64
50 84
50 96
50 103
50 105
50 130
50 144
50 154
50 200
50 213
50 215
50 238
50 253
50 266
50 271
50 301
50 311
50 369
50 383
50 390
50 399
50 408
50 412
50 436
50 450
50 457
50 473
50 477
51 58
51 69
51 92
51 138
51 160
51 167
51 180
51 181
51 183
51 195
51 201
51 204
51 229
51 236
51 260
51 267
51 283
51 286
51 302
51 313
51 321
51 322
51 323
51 325
51 327
51 358
51 383
51 403
51 423
51 473
51 477
51 495
51 497
52 104
52 113
52 119
52 133
52 141
52 169
52 177
52 180
52 191
52 197
52 255
52 270
52 315
52 327
52 328
52 331
52 332
52 349
52 350
52 353
52 364
52 369
52 370
52 378
52 408
52 412
52 413
52 420
52 445
52 446
52 451
52 470
53 63
53 76
53 82
53 92
53 97
53 121
53 131
53 151
53 155
53 166
53 174
53 198
53 210
53 217
53 219
53 222
53 226
53 229
53 232
53 237
53 244
53 258
53 296
53 308
53 313
53 328
53 331
53 345
53 364
53 366
53 368
53 370
53 385
53 408
53 465
53 479
53 484
53 490
54 94
54 104
54 109
54 126
54 151
54 171
54 181
54 207
54 224
54 235
54 241
54 250
54 273
54 282
54 342
54 370
54 371
54 376
54 377
54 413
54 415
54 417
54 446
54 468
54 469
54 477
54 490
54 496
55 58
55 84
55 153
55 159
55 162
55 181
55 211
55 218
55 221
55 251
55 254
55 261
55 279
55 296
55 316
55 318
55 341
55 383
55 392
55 399
55 412
55 413
55 427
55 447
55 452
56 87
56 102
56 113
56 122
56 133
56 179
56 181
56 201
56 210
56 218
56 231
56 234
56 242
56 260
56 262
56 281
56 284
56 300
56 332
56 338
56 359
56 362
56 366
56 367
56 368
56 380
56 419
56 421
56 424
56 433
56 459
56 483
56 493
57 96
57 135
57 157
57 158
57 159
57 168
57 181
57 197
57 200
57 216
57 243
57 253
57 256
57 282
57 292
57 314
57 333
57 336
57 344
57 350
57 364
57 397
57 402
57 420
57 439
57 441
57 484
57 497
58 111
58 157
58 164
58 201
58 229
58 236
58 250
58 290
58 295
58 301
58 313
58 315
58 322
58 328
58 333
58 338
58 340
58 370
58 423
58 428
58 431
58 441
58 456
58 461
58 473
59 96
59 97
59 98
59 100
59 131
59 142
59 165
59 169
59 194
59 215
59 223
59 227
59 234
59 312
59 356
59 368
59 428
59 438
59 451
59 467
59 468
59 485
59 489
59 499
60 100
60 113
60 125
60 132
60 145
60 159
60 168
60 172
60 174
60 188
60 234
60 245
60 247
60 259
60 273
60 275
60 284
60 299
60 326
60 343
60 368
60 382
60 435
60 441
60 466
60 485
60 489
61 76
61 98
61 102
61 116
61 117
61 129
61 145
61 168
61 189
61 195
61 221
61 283
61 297
61 299
61 303
61 325
61 350
61 351
61 359
61 362
61 392
61 410
61 417
61 453
61 475
61 490
62 106
62 124
62 143
62 155
62 174
62 179
62 246
62 310
62 319
62 350
62 361
62 364
62 365
62 377
62 418
62 419
62 430
62 456
62 477
63 70
63 76
63 81
63 131
63 135
63 141
63 145
63 170
63 180
63 222
63 224
63 225
63 265
63 315
63 318
63 319
63 332
63 337
63 339
63 342
63 344
63 347
63 353
63 363
63 366
63 390
63 394
63 396
63 397
63 400
63 438
63 447
63 457
63 473
63 486
63 490
64 76
64 83
64 97
64 104
64 126
64 139
64 141
64 147
64 157
64 166
64 197
64 200
64 205
64 241
64 247
64 249
64 261
64 271
64 300
64 302
64 308
64 325
64 329
64 334
64 335
64 342
64 346
64 359
64 401
64 409
64 431
64 432
64 454
64 457
64 474
65 76
65 87
65 92
65 96
65 120
65 135
65 163
65 194
65 229
65 247
65 248
65 319
65 364
65 421
65 481
65 492
66 72
66 79
66 91
66 106
66 129
66 147
66 154
66 166
66 195
66 212
66 213
66 228
66 240
66 243
66 246
66 257
66 258
66 280
66 288
66 325
66 328
66 331
66 336
66 350
66 351
66 364
66 374
66 395
66 404
66 409
66 410
66 411
66 429
66 446
66 455
66 464
67 71
67 83
67 87
67 102
67 111
67 123
67 136
67 141
67 165
67 182
67 217
67 233
67 240
67 264
67 271
67 294
67 297
67 301
67 312
67 328
67 329
67 335
67 339
67 421
67 449
67 467
68 80
68 102
68 119
68 126
68 146
68 153
68 154
68 183
68 195
68 210
68 211
68 219
68 224
68 232
68 262
68 306
68 311
68 316
68 324
68 332
68 355
68 385
68 416
68 419
68 435
68 443
68 446
68 455
68 462
68 486
68 492
69 98
69 111
69 116
69 143
69 150
69 173
69 178
69 190
69 195
69 196
69 213
69 221
69 247
69 267
69 271
69 280
69 289
69 303
69 305
69 311
69 324
69 338
69 340
69 417
69 420
69 423
69 427
69 461
69 476
69 479
69 481
70 72
70 91
70 92
70 97
70 107
70 115
70 129
70 154
70 166
70 170
70 177
70 192
70 198
70 230
70 235
70 242
70 248
70 281
70 308
70 309
70 348
70 377
70 402
70 444
70 448
70 462
70 475
70 477
71 75
71 83
71 112
71 126
71 128
71 130
71 154
71 173
71 208
71 230
71 257
71 287
71 292
71 305
71 317
71 321
71 332
71 348
71 362
71 366
71 385
71 408
71 457
71 461
71 477
71 489
71 498
72 91
72 101
72 147
72 149
72 152
72 156
72 171
72 277
72 305
72 350
72 355
72 375
72 389
72 405
72 416
72 420
72 439
72 449
72 457
72 491
73 133
73 159
73 231
73 272
73 287
73 290
73 303
73 320
73 329
73 355
73 402
73 407
73 441
73 471
73 483
73 484
73 486
73 489
74 91
74 102
74 120
74 142
74 148
74 201
74 228
74 247
74 281
74 283
74 319
74 325
74 351
74 352
74 359
74 371
74 414
74 431
74 489
75 77
75 88
75 108
75 113
75 116
75 125
75 133
75 152
75 158
75 162
75 167
75 178
75 207
75 208
75 215
75 220
75 221
75 283
75 285
75 289
75 328
75 409
75 413
75 420
75 439
75 479
75 495
76 101
76 112
76 196
76 266
76 270
76 293
76 294
76 301
76 305
76 307
76 310
76 337
76 377
76 394
76 406
76 427
76 460
76 469
76 473
76 486
76 493
77 90
77 140
77 204
77 212
77 223
77 236
77 253
77 278
77 282
77 284
77 294
77 306
77 308
77 366
77 389
77 434
77 469
78 105
78 120
78 141
78 149
78 159
78 240
78 243
78 278
78 294
78 299
78 319
78 325
78 330
78 334
78 345
78 379
78 423
78 430
78 458
78 484
78 494
78 498
79 98
79 122
79 134
79 150
79 170
79 172
79 185
79 206
79 251
79 255
79 260
79 271
79 295
79 311
79 341
79 370
79 374
79 418
79 420
79 442
79 479
79 483
80 83
80 116
80 133
80 138
80 139
80 147
80 162
80 175
80 207
80 209
80 249
80 263
80 269
80 288
80 292
80 293
80 305
80 316
80 334
80 340
80 361
80 372
80 386
80 390
80 396
80 403
80 415
80 429
80 437
80 446
80 466
80 474
80 489
81 92
81 96
81 122
81 153
81 168
81 187
81 218
81 238
81 259
81 262
81 268
81 272
81 289
81 298
81 301
81 307
81 324
81 342
81 353
81 354
81 367
81 370
81 391
81 418
81 432
81 437
81 456
81 460
81 487
82 91
82 96
82 109
82 120
82 148
82 165
82 188
82 252
82 282
82 298
82 343
82 358
82 371
82 383
82 388
82 401
82 435
82 439
82 448
82 452
82 460
82 466
82 475
82 476
82 480
82 483
83 93
83 144
83 162
83 166
83 170
83 177
83 198
83 259
83 283
83 287
83 311
83 315
83 329
83 350
83 407
83 412
83 421
83 441
83 499
84 146
84 150
84 153
84 157
84 170
84 233
84 234
84 298
84 303
84 304
84 339
84 348
84 384
84 445
84 456
84 466
84 483
84 487
85 86
85 109
85 114
85 131
85 194
85 196
85 220
85 281
85 293
85 294
85 302
85 310
85 321
85 325
85 352
85 356
85 365
85 377
85 382
85 420
85 433
85 461
85 477
86 91
86 105
86 113
86 126
86 177
86 207
86 237
86 292
86 297
86 314
86 332
86 362
86 379
86 390
86 414
86 422
86 432
86 438
86 458
86 468
86 489
87 96
87 116
87 118
87 120
87 137
87 148
87 156
87 164
87 165
87 172
87 184
87 192
87 194
87 215
87 231
87 234
87 249
87 279
87 298
87 301
87 303
87 349
87 352
87 360
87 377
87 384
87 395
87 409
87 425
87 426
87 464
87 473
87 498
88 113
88 147
88 173
88 181
88 213
88 215
88 239
88 248
88 260
88 271
88 274
88 279
88 287
88 313
88 359
88 377
88 387
88 391
88 396
88 420
88 426
88 429
88 443
88 449
88 456
88 458
88 465
88 487
88 489
88 492
89 100
89 104
89 126
89 158
89 184
89 239
89 241
89 244
89 248
89 258
89 309
89 310
89 321
89 363
89 367
89 380
89 385
89 429
89 469
89 481
89 488
89 494
90 101
90 104
90 137
90 186
90 209
90 211
90 291
90 309
90 316
90 330
90 334
90 339
90 359
90 393
90 401
90 402
90 404
90 419
90 423
90 449
90 484
90 485
90 488
91 101
91 113
91 198
91 274
91 279
91 292
91 339
91 398
91 419
91 422
91 437
91 442
91 469
91 474
91 477
91 495
91 499
92 109
92 118
92 123
92 175
92 180
92 193
92 201
92 243
92 275
92 280
92 298
92 316
92 334
92 341
92 342
92 349
92 383
92 394
92 426
92 446
92 471
92 483
92 486
92 492
92 498
92 499
93 120
93 123
93 133
93 135
93 144
93 173
93 181
93 188
93 226
93 244
93 251
93 297
93 311
93 332
93 342
93 351
93 375
93 384
93 391
93 397
93 398
93 406
93 423
93 432
93 433
93 438
93 487
93 490
93 494
93 496
94 104
94 109
94 120
94 153
94 185
94 192
94 227
94 230
94 233
94 244
94 247
94 262
94 297
94 305
94 309
94 311
94 349
94 354
94 370
94 387
94 391
94 392
94 422
94 442
94 466
95 135
95 152
95 153
95 169
95 172
95 183
95 214
95 218
95 239
95 255
95 328
95 354
95 363
95 367
95 400
95 407
95 419
95 438
95 439
95 441
96 132
96 136
96 167
96 169
96 174
96 177
96 210
96 212
96 235
96 236
96 250
96 310
96 315
96 350
96 381
96 382
96 444
96 474
96 480
96 493
97 103
97 129
97 137
97 149
97 151
97 157
97 182
97 192
97 210
97 222
97 241
97 252
97 297
97 298
97 310
97 316
97 323
97 339
97 349
97 382
97 424
97 439
97 443
97 460
98 100
98 108
98 124
98 150
98 183
98 216
98 222
98 229
98 233
98 245
98 253
98 258
98 271
98 293
98 300
98 303
98 420
98 422
98 457
98 469
98 487
99 132
99 138
99 151
99 163
99 171
99 184
99 195
99 211
99 219
99 222
99 267
99 279
99 289
99 291
99 346
99 348
99 357
99 360
99 380
99 400
99 449
99 469
99 483
99 496
100 101
100 139
100 141
100 150
100 153
100 180
100 231
100 258
100 268
100 273
100 279
100 285
100 303
100 304
100 307
100 311
100 315
100 329
100 357
100 371
100 459
100 472
100 490
100 499
101 109
101 130
101 139
101 144
101 149
101 150
101 151
101 164
101 172
101 185
101 187
101 199
101 203
101 206
101 246
101 249
101 265
101 274
101 276
101 293
101 303
101 307
101 309
101 313
101 314
101 345
101 446
101 448
101 469
101 471
102 118
102 120
102 131
102 172
102 182
102 188
102 207
102 225
102 226
102 257
102 258
102 268
102 271
102 273
102 282
102 292
102 300
102 309
102 339
102 378
102 392
102 406
102 417
102 433
102 457
102 470
102 487
102 493
103 118
103 124
103 137
103 182
103 186
103 201
103 202
103 210
103 217
103 231
103 279
103 286
103 294
103 297
103 299
103 303
103 307
103 309
103 339
103 340
103 341
103 362
103 408
103 426
103 434
103 455
103 459
103 471
103 474
104 141
104 154
104 169
104 170
104 175
104 181
104 204
104 215
104 223
104 224
104 232
104 264
104 275
104 287
104 295
104 296
104 299
104 313
104 328
104 351
104 352
104 385
104 389
104 391
104 465
104 497
105 117
105 130
105 161
105 197
105 207
105 209
105 215
105 216
105 221
105 237
105 241
105 256
105 266
105 294
105 314
105 348
105 350
105 376
105 434
105 452
105 453
105 499
106 140
106 161
106 171
106 175
106 219
106 243
106 250
106 258
106 266
106 273
106 287
106 298
106 300
106 307
106 310
106 317
106 325
106 381
106 412
106 478
106 487
107 115
107 131
107 136
107 144
107 184
107 199
107 206
107 211
107 226
107 254
107 260
107 294
107 296
107 339
107 352
107 431
107 482
107 495
108 155
108 184
108 214
108 237
108 289
108 292
108 293
108 307
108 328
108 335
108 446
108 460
108 495
109 160
109 186
109 206
109 214
109 237
109 240
109 248
109 297
109 309
109 327
109 377
109 392
109 397
109 402
109 404
109 414
109 447
109 448
109 450
109 455
109 463
109 482
109 495
110 141
110 145
110 148
110 167
110 170
110 179
110 192
110 210
110 266
110 324
110 420
110 421
110 449
110 453
110 471
110 476
110 498
111 130
111 136
111 141
111 144
111 161
111 175
111 176
111 192
111 221
111 227
111 237
111 245
111 267
111 276
111 288
111 295
111 347
111 356
111 444
111 452
111 453
111 455
111 460
111 462
111 463
111 483
111 489
111 494
112 119
112 142
112 161
112 190
112 202
112 217
112 260
112 265
112 267
112 298
112 299
112 310
112 327
112 340
112 341
112 378
112 387
112 395
112 399
112 416
112 434
112 461
112 477
112 491
113 159
113 168
113 183
113 201
113 228
113 253
113 258
113 260
113 267
113 275
113 289
113 302
113 318
113 319
113 325
113 327
113 330
113 333
113 336
113 358
113 374
113 418
113 427
113 448
113 463
113 478
113 481
113 497
114 116
114 121
114 153
114 178
114 200
114 221
114 225
114 226
114 235
114 236
114 249
114 303
114 319
114 327
114 331
114 334
114 336
114 366
114 372
114 407
114 408
114 427
114 430
114 482
114 484
114 494
115 123
115 128
115 165
115 199
115 201
115 221
115 242
115 253
115 303
115 325
115 371
115 377
115 382
115 400
115 433
115 474
115 495
116 125
116 163
116 172
116 183
116 206
116 235
116 260
116 277
116 305
116 309
116 344
116 353
116 354
116 370
116 372
116 377
116 392
116 404
116 405
116 418
116 438
116 452
116 461
116 466
116 476
117 122
117 138
117 154
117 156
117 158
117 218
117 245
117 260
117 264
117 268
117 271
117 283
117 350
117 352
117 376
117 392
117 410
117 417
117 419
117 427
117 431
117 437
117 442
117 443
117 457
117 465
117 467
117 491
117 493
118 134
118 140
118 172
118 179
118 248
118 259
118 266
118 275
118 282
118 311
118 329
118 332
118 361
118 365
118 378
118 396
118 401
118 465
118 481
119 138
119 145
119 173
119 174
119 190
119 201
119 206
119 212
119 229
119 234
119 237
119 299
119 305
119 315
119 367
119 373
119 420
119 441
119 472
119 478
120 163
120 175
120 176
120 190
120 198
120 200
120 220
120 223
120 229
120 253
120 255
120 267
120 269
120 282
120 288
120 294
120 326
120 364
120 388
120 389
120 400
120 442
120 445
120 452
120 460
120 463
121 125
121 130
121 135
121 148
121 176
121 257
121 267
121 278
121 280
121 301
121 307
121 315
121 320
121 323
121 349
121 393
121 416
121 454
121 456
121 487
122 129
122 143
122 150
122 165
122 174
122 185
122 201
122 216
122 228
122 246
122 253
122 275
122 282
122 286
122 354
122 379
122 391
122 393
122 408
123 152
123 153
123 179
123 230
123 246
123 247
123 250
123 262
123 274
123 283
123 284
123 293
123 325
123 356
123 362
123 412
123 413
123 417
123 418
123 425
123 432
123 481
123 484
124 152
124 181
124 188
124 189
124 223
124 232
124 238
124 364
124 403
124 414
124 488
125 127
125 134
125 151
125 157
125 176
125 184
125 185
125 203
125 208
125 256
125 275
125 278
125 284
125 290
125 303
125 309
125 310
125 370
125 401
125 403
125 442
125 452
125 462
126 130
126 135
126 136
126 149
126 167
126 173
126 187
126 189
126 241
126 249
126 292
126 296
126 297
126 302
126 320
126 378
126 403
126 417
126 428
126 481
127 143
127 146
127 152
127 162
127 222
127 225
127 258
127 287
127 298
127 301
127 315
127 320
127 322
127 336
127 345
127 347
127 360
127 382
127 411
127 447
127 452
127 462
127 465
127 489
127 493
128 157
128 171
128 198
128 202
128 237
128 240
128 250
128 267
128 269
128 273
128 274
128 280
128 318
128 325
128 380
128 389
128 394
128 413
128 427
128 431
128 432
128 433
128 457
128 471
128 484
129 149
129 179
129 191
129 207
129 229
129 264
129 266
129 267
129 273
129 284
129 305
129 334
129 353
129 356
129 379
129 388
129 391
129 412
129 430
129 436
129 446
129 476
129 477
129 478
130 135
130 147
130 154
130 161
130 175
130 190
130 192
130 199
130 210
130 220
130 232
130 248
130 305
130 307
130 322
130 332
130 342
130 361
130 362
130 389
130 391
130 398
130 401
130 413
130 422
130 453
130 471
130 487
131 149
131 207
131 211
131 227
131 229
131 239
131 246
131 250
131 259
131 321
131 326
131 353
131 355
131 374
131 377
131 417
131 429
131 449
131 452
132 158
132 168
132 191
132 207
132 227
132 229
132 344
132 367
132 375
132 410
132 431
132 447
132 453
132 455
132 457
132 471
132 475
132 481
133 138
133 151
133 153
133 157
133 171
133 202
133 208
133 215
133 240
133 252
133 253
133 270
133 278
133 314
133 318
133 319
133 344
133 354
133 367
133 373
133 379
133 381
133 385
133 389
133 399
133 433
133 456
133 484
134 137
134 154
134 179
134 204
134 245
134 276
134 297
134 298
134 346
134 371
134 400
134 457
134 461
134 470
134 474
135 289
135 311
135 337
135 346
135 354
135 364
135 373
135 438
135 459
135 466
135 474
136 144
136 169
136 175
136 181
136 212
136 234
136 237
136 249
136 253
136 266
136 298
136 300
136 320
136 336
136 363
136 383
136 399
136 427
136 431
136 434
136 441
136 492
137 140
137 147
137 174
137 175
137 183
137 192
137 197
137 217
137 231
137 244
137 245
137 263
137 300
137 304
137 382
137 457
137 460
137 463
137 467
137 474
137 489
138 140
138 149
138 154
138 168
138 218
138 220
138 233
138 255
138 266
138 273
138 304
138 317
138 340
138 396
138 398
138 409
138 410
138 471
138 489
139 169
139 185
139 223
139 228
139 251
139 252
139 295
139 311
139 317
139 365
139 395
139 396
139 402
139 416
139 452
139 462
139 464
139 495
139 496
140 144
140 156
140 167
140 172
140 174
140 181
140 188
140 197
140 205
140 210
140 251
140 259
140 283
140 309
140 314
140 331
140 358
140 417
140 448
140 458
140 462
140 492
141 145
141 146
141 152
141 154
141 158
141 205
141 209
141 211
141 226
141 240
141 246
141 266
141 267
141 279
141 299
141 301
141 316
141 347
141 355
141 361
141 363
141 366
141 449
142 152
142 163
142 236
142 253
142 268
142 304
142 384
142 386
142 403
142 435
142 450
142 456
142 470
142 495
143 156
143 171
143 179
143 193
143 206
143 210
143 222
143 263
143 285
143 288
143 292
143 302
143 333
143 342
143 353
143 359
143 372
143 382
143 402
143 416
143 456
143 460
143 483
143 486
144 146
144 196
144 202
144 207
144 233
144 234
144 254
144 256
144 288
144 384
144 387
144 393
144 396
144 435
144 441
144 451
144 452
144 484
144 487
145 149
145 150
145 197
145 229
145 235
145 243
145 246
145 250
145 272
145 297
145 305
145 317
145 318
145 350
145 401
145 405
145 426
145 452
145 459
145 461
145 463
145 464
145 488
146 157
146 175
146 227
146 231
146 233
146 238
146 261
146 270
146 281
146 282
146 284
146 290
146 308
146 313
146 329
146 354
146 372
146 377
146 387
146 395
146 430
146 466
146 478
147 190
147 193
147 208
147 212
147 222
147 261
147 276
147 294
147 304
147 322
147 323
147 327
147 341
147 403
147 412
147 422
147 442
147 445
147 455
147 456
147 481
147 483
148 162
148 171
148 196
148 225
148 239
148 275
148 298
148 312
148 314
148 322
148 333
148 338
148 374
148 402
148 432
148 448
148 449
148 496
148 498
148 499
149 152
149 166
149 193
149 207
149 223
149 225
149 266
149 278
149 283
149 306
149 319
149 323
149 351
149 352
149 364
149 376
149 381
149 399
149 408
149 420
149 423
149 439
150 159
150 187
150 189
150 190
150 193
150 236
150 245
150 246
150 259
150 276
150 291
150 299
150 309
150 313
150 324
150 345
150 377
150 384
150 391
150 397
150 423
150 424
150 433
150 436
150 437
150 440
150 467
150 475
151 164
151 171
151 175
151 229
151 230
151 238
151 268
151 285
151 289
151 306
151 315
151 341
151 358
151 367
151 375
151 376
151 382
151 406
151 422
151 428
151 444
151 457
152 158
152 173
152 177
152 181
152 183
152 213
152 218
152 238
152 261
152 266
152 294
152 295
152 323
152 338
152 340
152 385
152 390
152 392
152 404
152 424
152 426
152 459
152 465
152 467
152 481
152 494
152 497
153 157
153 165
153 181
153 183
153 189
153 198
153 207
153 208
153 232
153 250
153 344
153 356
153 373
153 409
154 192
154 198
154 202
154 205
154 206
154 214
154 218
154 222
154 235
154 294
154 304
154 309
154 325
154 352
154 353
154 355
154 363
154 365
154 419
154 430
154 458
154 483
155 157
155 178
155 196
155 219
155 242
155 247
155 256
155 290
155 308
155 357
155 367
155 376
155 387
155 403
155 406
155 430
155 459
155 477
155 487
156 164
156 228
156 235
156 267
156 295
156 303
156 308
156 339
156 356
156 367
156 369
156 374
156 379
156 455
156 498
156 499
157 163
157 166
157 169
157 186
157 192
157 224
157 233
157 247
157 331
157 332
157 366
157 409
157 451
157 453
157 490
157 493
158 180
158 197
158 292
158 305
158 318
158 335
158 360
158 372
158 391
158 408
158 420
158 428
158 449
158 467
158 469
158 489
159 164
159 167
159 175
159 187
159 252
159 270
159 281
159 284
159 286
159 287
159 296
159 303
159 314
159 327
159 336
159 356
159 357
159 360
159 368
159 380
159 425
159 433
159 461
159 463
159 470
160 163
160 167
160 176
160 209
160 226
160 242
160 268
160 289
160 297
160 298
160 305
160 313
160 350
160 356
160 367
160 371
160 383
160 407
160 428
160 440
160 493
161 164
161 177
161 181
161 207
161 227
161 235
161 238
161 253
161 274
161 292
161 306
161 321
161 323
161 340
161 365
161 372
161 378
161 382
161 404
161 405
161 409
161 410
161 484
162 180
162 197
162 254
162 273
162 287
162 288
162 300
162 315
162 317
162 361
162 386
162 395
162 401
162 407
162 428
162 433
162 445
162 452
162 464
162 476
162 491
162 498
163 190
163 236
163 250
163 256
163 268
163 269
163 288
163 290
163 291
163 315
163 316
163 346
163 357
163 359
163 371
163 373
163 381
163 408
163 410
163 428
163 461
163 467
164 169
164 177
164 189
164 227
164 278
164 279
164 284
164 287
164 289
164 301
164 317
164 330
164 337
164 350
164 380
164 408
164 424
164 434
164 441
164 448
164 473
164 485
164 490
165 197
165 236
165 258
165 260
165 291
165 292
165 293
165 323
165 326
165 329
165 339
165 371
165 379
165 391
165 417
165 418
165 447
165 453
165 464
165 477
165 481
165 484
166 171
166 186
166 249
166 252
166 285
166 297
166 335
166 336
166 343
166 346
166 361
166 384
166 395
166 406
166 419
166 440
166 441
166 472
166 474
167 194
167 198
167 206
167 224
167 249
167 264
167 296
167 337
167 379
167 394
167 450
167 453
167 454
167 464
167 480
167 490
168 173
168 176
168 201
168 204
168 209
168 221
168 239
168 261
168 310
168 319
168 339
168 343
168 347
168 348
168 369
168 377
168 386
168 392
168 396
168 398
168 403
168 417
168 426
168 427
168 436
168 439
168 444
168 457
168 463
168 472
169 178
169 219
169 280
169 298
169 327
169 364
169 365
169 378
169 391
169 407
169 419
169 446
169 478
170 186
170 217
170 245
170 255
170 265
170 278
170 296
170 320
170 369
170 379
170 422
170 424
170 434
170 445
170 495
171 198
171 203
171 209
171 210
171 220
171 221
171 251
171 274
171 284
171 294
171 303
171 329
171 334
171 344
171 377
171 392
171 415
171 429
171 437
171 455
171 468
171 470
171 487
171 488
172 176
172 183
172 225
172 230
172 239
172 245
172 260
172 276
172 361
172 387
172 469
172 484
173 179
173 217
173 219
173 222
173 261
173 271
173 272
173 282
173 297
173 317
173 321
173 330
173 354
173 388
173 396
173 423
173 439
173 443
173 448
173 460
173 472
173 480
173 497
174 177
174 178
174 221
174 252
174 259
174 270
174 271
174 287
174 289
174 305
174 310
174 338
174 394
174 428
174 440
174 443
174 451
174 488
174 493
175 201
175 240
175 251
175 270
175 278
175 281
175 300
175 305
175 307
175 308
175 312
175 355
175 357
175 363
175 370
175 381
175 400
175 413
175 414
175 418
175 442
175 445
175 449
175 462
175 464
176 179
176 180
176 184
176 200
176 234
176 255
176 271
176 282
176 284
176 288
176 290
176 307
176 327
176 354
176 385
176 412
176 430
176 456
176 471
176 477
177 225
177 259
177 267
177 272
177 292
177 309
177 312
177 337
177 359
177 382
177 399
177 416
177 440
177 444
177 458
178 180
178 208
178 212
178 217
178 223
178 234
178 259
178 263
178 272
178 276
178 295
178 297
178 305
178 309
178 317
178 330
178 341
178 342
178 368
178 377
178 384
178 396
178 398
178 413
178 420
179 219
179 226
179 229
179 232
179 295
179 303
179 330
179 347
179 355
179 388
179 399
179 455
179 466
179 471
180 196
180 228
180 251
180 273
180 278
180 284
180 301
180 302
180 324
180 341
180 344
180 346
180 363
180 389
180 399
180 405
180 418
180 421
180 462
180 484
181 200
181 212
181 224
181 236
181 301
181 305
181 307
181 313
181 315
181 316
181 339
181 341
181 363
181 367
181 369
181 388
181 398
181 423
181 449
181 461
181 482
181 491
182 226
182 232
182 304
182 305
182 320
182 322
182 329
182 337
182 344
182 358
182 372
182 393
182 412
182 420
182 454
182 463
182 487
182 497
183 190
183 217
183 224
183 236
183 298
183 301
183 304
183 338
183 363
183 364
183 370
183 373
183 424
183 435
183 459
183 497
184 192
184 202
184 206
184 212
184 226
184 233
184 238
184 264
184 265
184 311
184 316
184 331
184 337
184 342
184 354
184 382
184 407
184 410
184 436
184 446
184 447
184 485
185 199
185 200
185 210
185 215
185 220
185 239
185 240
185 247
185 309
185 312
185 320
185 324
185 330
185 363
185 366
185 401
185 437
185 443
185 448
185 495
186 188
186 203
186 208
186 241
186 246
186 271
186 293
186 301
186 330
186 349
186 351
186 354
186 356
186 375
186 396
186 398
186 429
186 440
186 446
186 494
187 209
187 226
187 234
187 243
187 255
187 268
187 274
187 276
187 282
187 300
187 309
187 337
187 349
187 376
187 407
187 413
187 421
187 448
187 468
187 474
187 476
188 201
188 207
188 213
188 222
188 236
188 290
188 301
188 314
188 320
188 323
188 335
188 377
188 386
188 398
188 429
188 440
188 450
188 469
188 492
189 228
189 231
189 236
189 240
189 276
189 284
189 294
189 307
189 327
189 363
189 379
189 398
189 415
189 416
189 449
189 457
189 461
189 487
189 489
189 495
189 497
190 194
190 223
190 250
190 254
190 256
190 293
190 294
190 309
190 334
190 356
190 361
190 371
190 373
190 375
190 379
190 417
190 450
190 466
190 471
190 477
190 495
191 233
191 243
191 269
191 270
191 296
191 300
191 307
191 313
191 319
191 333
191 335
191 341
191 353
191 356
191 362
191 375
191 382
191 384
191 454
191 465
191 471
191 478
191 489
191 494
192 219
192 240
192 241
192 242
192 259
192 311
192 313
192 321
192 332
192 370
192 398
192 402
192 427
192 449
193 219
193 223
193 225
193 250
193 264
193 272
193 278
193 337
193 346
193 397
193 405
193 433
193 439
194 235
194 244
194 287
194 292
194 350
194 362
194 363
194 373
194 386
194 417
194 433
194 464
194 470
195 200
195 236
195 243
195 244
195 249
195 253
195 255
195 279
195 290
195 292
195 296
195 326
195 337
195 349
195 376
195 377
195 409
195 419
195 436
195 446
195 449
195 465
195 466
195 486
196 213
196 233
196 255
196 261
196 265
196 266
196 273
196 302
196 337
196 355
196 368
196 382
196 395
196 447
196 474
196 484
196 486
196 497
197 209
197 240
197 257
197 264
197 272
197 275
197 290
197 293
197 316
197 324
197 360
197 369
197 375
197 425
197 438
197 453
197 454
197 480
198 214
198 230
198 234
198 277
198 296
198 302
198 309
198 324
198 328
198 336
198 344
198 369
198 376
198 380
198 388
198 425
198 453
198 466
198 469
198 475
198 487
198 490
199 210
199 221
199 223
199 255
199 307
199 316
199 333
199 370
199 371
199 392
199 414
199 448
199 456
199 465
199 469
199 487
199 489
200 208
200 213
200 252
200 271
200 274
200 284
200 286
200 290
200 311
200 330
200 338
200 345
200 355
200 363
200 381
200 398
200 428
200 434
200 475
200 482
200 489
201 203
201 218
201 228
201 231
201 248
201 258
201 268
201 338
201 366
201 376
201 380
201 390
201 404
201 407
201 412
201 468
201 471
201 486
201 497
202 204
202 258
202 272
202 284
202 292
202 332
202 359
202 370
202 373
202 375
202 391
202 401
202 413
202 421
202 423
202 427
202 438
202 439
202 448
202 478
203 206
203 213
203 263
203 267
203 273
203 304
203 314
203 335
203 353
203 399
203 419
203 441
203 472
203 487
203 495
203 499
204 216
204 233
204 247
204 250
204 267
204 281
204 298
204 319
204 329
204 338
204 350
204 374
204 385
204 417
204 418
204 427
204 448
204 451
204 454
204 470
204 484
204 486
204 492
205 207
205 213
205 228
205 277
205 290
205 292
205 305
205 313
205 335
205 344
205 350
205 354
205 362
205 373
205 389
205 391
205 428
205 453
205 464
205 476
205 483
205 484
205 485
205 498
206 213
206 237
206 286
206 293
206 335
206 348
206 359
206 374
206 397
206 405
206 412
206 428
206 470
206 494
207 237
207 238
207 251
207 252
207 257
207 273
207 288
207 364
207 393
207 399
207 420
207 422
207 425
207 452
207 455
207 463
207 464
207 486
208 216
208 224
208 241
208 328
208 357
208 398
208 446
208 447
208 464
208 491
209 244
209 257
209 261
209 279
209 304
209 335
209 359
209 369
209 384
209 390
209 401
209 412
209 415
209 417
209 428
209 483
210 227
210 243
210 244
210 250
210 271
210 321
210 336
210 367
210 398
210 415
210 462
210 481
210 493
211 224
211 242
211 259
211 269
211 273
211 301
211 342
211 353
211 374
211 377
211 392
211 397
211 404
211 442
211 447
211 454
211 464
211 476
211 499
212 226
212 249
212 266
212 276
212 360
212 363
212 403
212 435
212 439
212 445
212 488
212 489
212 499
213 216
213 242
213 264
213 269
213 283
213 325
213 330
213 340
213 349
213 352
213 360
213 368
213 398
213 410
213 429
213 444
213 457
213 496
214 272
214 284
214 291
214 301
214 307
214 309
214 327
214 330
214 335
214 341
214 355
214 372
214 382
214 389
214 402
214 431
214 432
214 436
214 444
214 459
215 249
215 250
215 264
215 267
215 282
215 297
215 345
215 346
215 365
215 375
215 384
215 415
215 450
215 499
216 226
216 238
216 248
216 261
216 283
216 307
216 317
216 321
216 335
216 347
216 378
216 396
216 422
216 467
216 470
216 471
216 482
217 223
217 253
217 271
217 305
217 338
217 339
217 379
217 383
217 391
217 430
217 446
217 454
217 470
217 490
218 221
218 226
218 229
218 231
218 245
218 255
218 266
218 269
218 275
218 295
218 299
218 310
218 330
218 417
218 437
218 473
218 495
219 225
219 229
219 232
219 248
219 271
219 300
219 344
219 369
219 377
219 388
219 392
219 415
219 441
219 447
219 457
219 459
219 468
219 496
220 222
220 235
220 247
220 257
220 274
220 282
220 307
220 321
220 346
220 364
220 369
220 397
220 412
220 418
220 452
220 463
220 467
220 470
220 481
220 487
220 488
221 247
221 248
221 258
221 309
221 352
221 364
221 410
221 419
221 422
221 426
221 442
221 443
222 228
222 246
222 259
222 271
222 303
222 306
222 319
222 320
222 325
222 340
222 342
222 346
222 350
222 359
222 373
222 391
222 407
222 411
222 412
222 414
222 429
222 447
222 462
222 466
222 473
222 484
223 249
223 261
223 297
223 341
223 361
223 369
223 371
223 377
223 378
223 383
223 390
223 399
223 400
223 407
223 415
223 430
223 440
223 449
223 456
223 470
223 485
224 245
224 261
224 268
224 273
224 279
224 283
224 308
224 326
224 340
224 345
224 363
224 364
224 367
224 390
224 401
224 417
224 422
224 443
224 471
224 489
224 497
224 498
225 237
225 244
225 245
225 268
225 333
225 351
225 376
225 381
225 412
225 430
225 447
225 451
225 474
225 494
226 232
226 250
226 254
226 259
226 279
226 322
226 338
226 343
226 357
226 418
226 456
226 475
226 478
226 487
226 496
226 498
227 246
227 297
227 311
227 324
227 355
227 371
227 389
227 397
227 439
227 440
227 446
227 448
227 466
227 470
227 472
227 474
227 479
227 480
227 483
228 249
228 264
228 270
228 301
228 302
228 308
228 309
228 315
228 317
228 324
228 333
228 353
228 374
228 394
228 447
228 459
228 462
228 466
228 498
229 230
229 232
229 233
229 246
229 258
229 277
229 283
229 291
229 321
229 357
229 366
229 375
229 388
229 399
229 437
229 457
229 484
229 491
230 236
230 238
230 251
230 266
230 272
230 278
230 318
230 322
230 349
230 355
230 357
230 381
230 453
230 476
231 240
231 241
231 244
231 261
231 266
231 280
231 283
231 286
231 300
231 379
231 385
231 432
231 433
231 451
231 497
232 235
232 272
232 283
232 289
232 291
232 301
232 304
232 325
232 327
232 328
232 385
232 389
232 393
232 403
232 437
232 465
232 476
232 477
233 292
233 310
233 315
233 319
233 321
233 334
233 347
233 375
233 386
233 436
233 449
233 454
233 478
233 491
234 262
234 263
234 269
234 270
234 276
234 329
234 337
234 388
234 391
234 403
234 410
234 438
234 469
234 472
234 482
234 483
234 488
234 499
235 262
235 269
235 274
235 297
235 302
235 329
235 351
235 370
235 375
235 376
235 378
235 385
235 395
235 424
235 434
235 436
235 466
235 479
235 484
235 486
235 490
236 237
236 282
236 286
236 306
236 361
236 410
236 413
236 424
236 466
236 472
237 240
237 252
237 314
237 337
237 349
237 365
237 371
237 382
237 430
237 464
237 468
237 491
238 325
238 333
238 336
238 338
238 358
238 372
238 402
238 423
238 441
238 446
238 455
238 460
238 469
238 481
238 483
238 487
238 492
239 260
239 277
239 285
239 315
239 338
239 349
239 362
239 366
239 369
239 394
239 395
239 415
239 420
239 422
239 474
239 478
240 250
240 269
240 280
240 289
240 331
240 333
240 357
240 358
240 360
240 365
240 373
240 392
240 398
240 404
240 412
240 420
241 265
241 268
241 281
241 294
241 295
241 302
241 346
241 359
241 380
241 396
241 418
241 447
241 457
241 469
241 476
241 477
241 491
241 493
242 269
242 277
242 280
242 297
242 334
242 351
242 382
242 420
242 453
242 470
242 489
242 491
243 265
243 311
243 316
243 317
243 326
243 331
243 340
243 366
243 369
243 382
243 431
243 437
243 439
243 488
244 246
244 291
244 298
244 299
244 352
244 395
244 399
244 403
244 413
244 426
244 430
244 447
244 466
245 257
245 269
245 297
245 331
245 337
245 363
245 409
245 414
245 442
245 448
245 472
245 476
246 275
246 289
246 339
246 340
246 355
246 363
246 399
246 401
246 421
246 422
246 495
246 498
247 261
247 297
247 317
247 318
247 346
247 351
247 393
247 398
247 436
247 449
247 472
248 289
248 296
248 321
248 324
248 337
248 342
248 344
248 359
248 368
248 386
248 399
248 403
248 420
248 421
248 460
248 469
249 258
249 271
249 281
249 295
249 296
249 305
249 314
249 317
249 327
249 329
249 342
249 391
249 407
249 416
249 424
249 461
249 470
249 474
249 476
250 267
250 268
250 284
250 313
250 357
250 366
250 368
250 373
250 397
250 419
250 421
250 428
250 443
250 490
251 302
251 309
251 362
251 386
251 441
251 448
251 462
251 470
251 499
252 268
252 289
252 306
252 326
252 337
252 348
252 354
252 369
252 372
252 376
252 397
252 441
252 450
252 471
253 268
253 279
253 286
253 342
253 360
253 369
253 372
253 412
253 431
253 436
253 442
253 451
253 479
254 270
254 288
254 301
254 306
254 346
254 369
254 400
254 407
254 409
254 414
254 435
254 496
255 276
255 278
255 284
255 285
255 294
255 333
255 347
255 359
255 365
255 383
255 390
255 399
255 400
255 401
255 405
255 406
255 411
255 442
255 455
256 265
256 304
256 326
256 336
256 338
256 343
256 363
256 368
256 392
256 401
256 439
256 444
256 456
256 460
256 466
257 258
257 278
257 327
257 353
257 360
257 371
257 380
257 432
257 449
258 269
258 274
258 282
258 307
258 312
258 314
258 315
258 319
258 328
258 336
258 344
258 397
258 400
258 402
258 414
258 461
258 475
258 487
258 489
259 262
259 267
259 279
259 287
259 290
259 292
259 303
259 314
259 340
259 342
259 355
259 376
259 377
259 380
259 385
259 397
259 399
259 408
259 421
259 440
259 461
260 268
260 269
260 273
260 280
260 289
260 306
260 308
260 311
260 317
260 340
260 355
260 415
260 438
260 443
260 445
260 446
260 461
260 495
261 268
261 274
261 283
261 327
261 334
261 336
261 381
261 402
261 408
261 409
261 421
261 430
261 433
261 441
261 454
261 479
261 480
261 489
261 498
261 499
262 265
262 277
262 315
262 384
262 396
262 399
262 420
262 464
262 475
262 477
262 479
262 495
263 289
263 299
263 354
263 361
263 362
263 367
263 376
263 405
263 412
263 440
264 274
264 289
264 305
264 313
264 320
264 342
264 347
264 371
264 411
264 417
264 447
264 450
264 456
264 484
264 492
265 277
265 307
265 310
265 336
265 347
265 395
265 430
265 432
265 495
266 282
266 291
266 293
266 297
266 322
266 326
266 331
266 343
266 368
266 370
266 385
266 397
266 425
266 465
267 277
267 302
267 311
267 320
267 362
267 378
267 399
267 405
267 429
267 430
267 455
267 479
268 269
268 293
268 302
268 337
268 344
268 345
268 351
268 359
268 387
268 438
268 489
268 499
269 281
269 316
269 317
269 325
269 365
269 377
269 393
269 415
269 438
269 447
269 484
269 493
270 289
270 318
270 326
270 330
270 332
270 341
270 350
270 385
270 425
270 432
270 468
270 472
270 480
271 276
271 279
271 305
271 307
271 327
271 342
271 343
271 344
271 403
271 408
271 493
272 277
272 351
272 359
272 381
272 389
272 403
272 433
272 447
272 448
272 465
272 469
272 475
272 488
273 277
273 297
273 305
273 327
273 343
273 352
273 383
273 395
273 403
273 405
273 408
273 412
273 423
273 428
273 472
273 490
273 494
274 292
274 302
274 305
274 314
274 321
274 354
274 375
274 376
274 383
274 410
274 417
274 465
274 467
274 469
275 356
275 376
275 378
275 385
275 397
275 400
275 441
275 458
275 482
276 304
276 317
276 320
276 324
276 331
276 350
276 416
276 428
276 459
276 462
276 464
276 467
276 491
276 495
277 335
277 338
277 341
277 349
277 356
277 375
277 385
277 393
277 421
277 437
278 285
278 292
278 300
278 305
278 340
278 371
278 384
278 405
278 413
278 434
278 437
278 441
278 443
278 468
279 294
279 297
279 325
279 354
279 356
279 397
279 408
279 409
279 413
279 420
279 453
279 477
280 284
280 295
280 309
280 350
280 423
280 432
280 443
280 451
281 291
281 294
281 300
281 321
281 329
281 335
281 340
281 343
281 357
281 371
281 396
281 455
281 477
281 489
282 285
282 302
282 338
282 356
282 357
282 369
282 391
282 444
282 457
282 463
282 478
283 287
283 298
283 307
283 319
283 324
283 344
283 380
283 384
283 404
283 434
283 473
283 478
283 479
283 481
283 486
283 487
284 299
284 316
284 331
284 337
284 345
284 354
284 383
284 391
284 407
284 412
284 415
284 442
284 447
284 456
284 463
284 470
284 484
285 286
285 290
285 309
285 322
285 358
285 381
285 397
285 400
285 401
285 424
286 289
286 291
286 311
286 314
286 384
286 389
286 424
286 440
286 455
286 465
286 466
286 467
286 479
286 491
286 497
286 498
287 290
287 296
287 299
287 311
287 326
287 334
287 339
287 346
287 356
287 361
287 369
287 371
287 389
287 400
287 405
287 448
287 453
287 461
287 466
288 295
288 301
288 303
288 329
288 330
288 339
288 346
288 354
288 359
288 361
288 365
288 389
288 413
288 477
288 490
288 496
289 296
289 298
289 321
289 357
289 378
289 392
289 450
289 480
289 484
289 487
290 294
290 310
290 311
290 337
290 344
290 351
290 355
290 359
290 370
290 378
290 399
290 408
290 414
290 417
290 430
290 464
290 488
290 489
290 490
291 347
291 371
291 387
291 414
291 428
291 466
292 306
292 346
292 349
292 389
292 392
292 402
292 404
292 418
292 419
292 435
292 437
292 451
292 463
292 469
292 474
293 305
293 314
293 327
293 371
293 378
293 394
293 402
293 430
293 474
294 298
294 311
294 330
294 335
294 345
294 346
294 375
294 397
294 422
294 424
294 430
294 446
294 461
294 469
294 493
295 299
295 306
295 310
295 363
295 366
295 390
295 426
295 467
295 478
295 493
296 298
296 303
296 305
296 341
296 343
296 377
296 380
296 386
296 408
296 424
296 430
296 434
296 454
296 455
297 299
297 305
297 307
297 312
297 324
297 348
297 354
297 364
297 385
297 386
297 387
297 393
297 398
297 403
297 418
297 425
297 442
297 449
297 460
298 302
298 304
298 317
298 323
298 327
298 372
298 374
298 376
298 381
298 393
298 396
298 407
298 457
298 480
298 494
299 348
299 379
299 425
299 428
299 453
299 462
299 489
299 495
300 320
300 337
300 359
300 418
300 421
300 425
300 476
300 481
300 492
300 494
301 304
301 320
301 330
301 365
301 377
301 387
301 391
301 396
301 415
301 417
301 423
301 429
301 442
301 455
302 304
302 315
302 320
302 345
302 352
302 357
302 368
302 383
302 390
302 393
302 417
302 476
302 498
303 306
303 308
303 314
303 356
303 364
303 370
303 375
303 388
303 401
303 408
303 409
303 410
303 411
303 441
303 450
303 454
304 348
304 421
304 422
304 442
304 461
304 489
304 492
304 497
305 312
305 330
305 339
305 354
305 360
305 399
305 408
305 426
305 429
305 433
305 460
305 485
305 493
306 330
306 352
306 364
306 389
306 401
306 427
306 430
306 431
306 458
306 471
306 488
307 335
307 401
307 410
307 421
307 446
307 447
307 465
307 468
307 489
308 320
308 356
308 368
308 373
308 392
308 417
308 428
308 435
308 465
308 466
308 470
308 494
309 317
309 323
309 349
309 350
309 376
309 381
309 387
309 429
309 430
309 448
309 449
309 455
309 463
309 475
310 377
310 389
310 423
310 426
310 428
310 446
310 456
310 457
310 459
310 476
310 494
310 496
311 338
311 343
311 356
311 357
311 358
311 359
311 386
311 405
311 423
311 437
311 447
311 449
311 455
311 483
312 360
312 372
312 373
312 386
312 400
312 405
312 423
312 438
312 461
312 493
312 497
313 320
313 350
313 352
313 367
313 369
313 370
313 381
313 385
313 407
313 419
313 423
313 449
314 329
314 345
314 367
314 371
314 377
314 404
314 410
314 414
314 415
314 463
315 325
315 399
315 431
316 321
316 323
316 332
316 348
316 367
316 410
316 425
316 445
317 354
317 377
317 403
317 410
317 415
317 421
317 428
317 443
318 334
318 366
318 368
318 429
318 431
318 435
318 449
318 463
318 486
318 487
318 488
319 324
319 336
319 347
319 372
319 380
319 409
319 411
319 417
319 433
319 445
319 455
320 324
320 348
320 370
320 385
320 412
320 448
320 450
320 459
320 496
321 332
321 336
321 342
321 346
321 377
321 394
321 411
321 462
321 463
322 333
322 345
322 357
322 389
322 398
322 407
322 414
322 418
322 440
322 468
322 489
322 495
323 325
323 349
323 415
323 420
323 444
323 458
323 473
323 485
324 336
324 370
324 372
324 381
324 430
324 432
324 442
324 443
324 451
324 476
325 345
325 361
325 370
325 386
325 389
325 415
325 417
325 452
325 456
325 459
325 465
325 469
326 332
326 334
326 366
326 387
326 398
326 432
326 440
326 454
326 485
326 487
327 329
327 333
327 337
327 380
327 389
327 413
327 442
327 453
327 463
328 379
328 383
328 386
328 396
328 402
328 411
328 417
328 430
328 456
328 471
328 472
328 489
328 496
329 369
329 388
329 395
329 396
329 426
329 434
329 477
329 478
329 495
329 499
330 379
330 383
330 384
330 400
330 401
330 430
330 436
330 456
330 476
330 481
330 497
331 338
331 355
331 383
331 398
331 399
331 404
331 412
331 413
331 425
331 426
331 430
331 439
331 458
331 459
332 346
332 350
332 355
332 363
332 369
332 372
332 383
332 426
332 448
332 456
332 486
332 487
332 496
332 497
333 369
333 378
333 383
333 394
333 396
333 410
333 423
333 434
333 439
333 446
333 473
333 484
333 498
334 341
334 373
334 396
334 399
334 432
334 474
335 345
335 368
335 386
335 402
335 426
335 457
335 458
335 459
335 487
336 351
336 382
336 383
336 408
336 452
336 470
337 348
337 353
337 360
337 367
337 409
337 421
337 432
337 441
337 480
337 482
337 489
338 342
338 352
338 356
338 367
338 369
338 375
338 385
338 386
338 414
338 440
338 468
338 469
338 477
338 484
338 492
339 351
339 384
339 388
339 396
339 401
339 419
339 421
339 454
339 461
339 470
339 477
340 343
340 400
340 411
340 416
340 417
340 424
340 437
340 460
340 492
340 499
341 352
341 377
341 391
341 404
341 425
341 433
341 444
341 464
341 466
341 469
341 475
342 345
342 356
342 389
342 397
342 403
342 423
342 425
342 435
342 468
342 493
343 349
343 381
343 391
343 400
343 465
344 383
344 391
344 404
344 407
344 419
344 423
344 444
344 461
344 465
344 476
345 370
345 375
345 390
345 449
345 463
345 491
346 348
346 356
346 358
346 395
346 397
346 404
346 417
346 464
346 490
347 351
347 360
347 385
347 389
347 441
347 490
347 494
348 350
348 408
348 491
349 352
349 353
349 365
349 374
349 382
349 387
349 399
349 415
349 423
349 444
349 458
349 461
349 491
350 351
350 352
350 356
350 360
350 366
350 410
350 414
350 426
350 450
351 410
351 411
351 418
351 434
351 480
351 487
352 359
352 397
352 399
352 450
352 451
352 454
353 356
353 379
353 400
353 425
353 437
353 457
353 463
353 485
354 371
354 413
354 440
354 457
354 463
354 478
354 486
354 490
355 358
355 379
355 407
355 440
355 474
355 476
355 478
356 357
356 374
356 409
356 443
357 399
357 424
357 435
357 460
357 471
358 370
358 380
358 382
358 409
358 416
358 424
358 431
358 436
358 438
358 441
358 473
358 483
358 487
358 497
359 371
359 386
359 405
359 407
359 409
359 429
359 440
359 453
359 469
359 473
359 487
360 386
360 390
360 402
360 414
360 419
360 428
361 402
361 409
361 423
361 467
361 480
362 379
362 434
362 435
362 438
362 449
362 456
362 463
362 491
363 416
363 433
363 434
363 440
363 452
364 387
364 389
364 406
364 428
364 436
364 443
364 458
364 462
364 499
365 399
365 411
365 429
365 431
365 444
365 450
365 458
365 472
365 491
365 498
365 499
366 386
366 398
366 409
366 412
366 417
366 440
366 458
366 465
366 472
366 477
366 487
366 492
367 420
367 426
367 432
367 476
367 478
367 494
368 382
368 397
368 402
368 414
368 429
368 441
368 475
368 480
369 388
369 422
369 424
369 430
369 442
369 448
370 383
370 391
370 402
370 427
370 437
370 446
371 389
371 422
371 441
371 486
371 493
371 499
372 381
372 383
372 405
372 439
372 447
372 455
372 469
373 374
373 402
373 413
373 424
373 427
373 447
373 455
373 463
374 399
374 407
374 410
374 414
374 422
374 434
374 449
374 454
375 376
375 404
375 423
375 439
375 443
375 459
375 484
375 486
375 487
375 489
375 495
376 414
376 415
376 422
376 432
376 457
376 466
376 478
377 416
377 423
377 426
377 428
377 451
377 454
377 456
377 463
377 486
377 493
378 408
378 414
378 420
378 423
378 430
378 439
378 444
378 463
378 468
378 474
379 385
379 390
379 397
379 399
379 421
379 440
379 442
379 449
379 453
379 497
380 404
380 405
380 428
380 464
380 471
380 496
380 498
381 438
381 472
381 482
381 489
382 400
382 401
382 412
382 422
382 476
382 477
382 479
382 484
383 427
383 431
383 447
383 455
384 387
384 448
384 451
384 474
384 479
384 497
384 498
385 395
385 419
385 431
385 444
385 457
385 473
385 485
385 487
385 492
385 495
386 394
386 433
386 450
386 463
386 469
386 485
387 391
387 402
387 462
387 481
388 416
388 452
388 493
388 495
389 425
389 460
389 482
389 485
390 403
390 413
390 422
390 427
390 446
390 469
390 474
391 396
391 405
391 406
391 432
391 442
391 448
391 450
391 462
391 489
392 398
392 404
392 426
392 427
392 459
392 484
392 486
393 410
393 424
393 426
393 440
393 446
393 448
393 473
393 479
394 412
395 398
395 427
395 433
395 449
395 450
395 471
395 484
396 410
396 441
396 489
396 498
397 416
397 442
398 407
398 410
398 413
398 422
399 413
399 415
399 435
399 441
399 460
399 485
400 414
400 416
400 428
400 443
400 444
401 407
401 466
401 469
401 484
401 488
401 489
402 425
402 433
402 470
403 410
403 439
403 441
403 444
403 467
403 473
403 476
403 478
404 407
404 436
404 452
404 460
404 462
404 466
404 475
404 493
405 406
405 415
405 422
405 430
405 436
405 458
405 459
405 483
406 418
406 428
406 453
406 456
407 417
407 426
407 428
407 431
407 433
407 434
407 473
407 495
407 498
408 409
408 416
408 453
408 457
408 481
408 486
408 487
409 448
409 449
409 451
409 462
409 488
410 465
410 467
410 485
410 488
410 497
411 419
411 436
411 439
411 443
412 417
412 418
412 427
412 451
412 491
413 447
413 461
413 473
413 475
413 490
414 423
414 429
414 470
415 443
415 483
415 486
415 499
416 417
416 420
416 446
416 473
417 438
417 465
417 467
417 470
417 481
417 494
417 495
418 431
418 443
418 483
419 432
419 447
419 464
419 483
419 484
419 491
419 492
419 499
420 436
420 444
420 453
420 459
420 474
420 486
421 422
421 436
421 472
421 481
421 497
422 425
422 445
422 471
423 442
423 447
423 457
423 466
423 467
423 474
423 478
424 428
424 432
424 441
424 473
424 479
424 481
424 487
424 490
424 493
425 426
425 439
425 442
425 490
425 497
426 473
426 486
427 438
427 446
427 449
427 479
427 494
428 435
428 457
428 471
428 483
428 489
429 442
429 445
429 468
429 474
429 490
430 432
430 443
430 486
431 461
431 499
432 447
432 463
433 446
433 468
434 445
434 465
434 473
434 485
435 438
435 445
435 457
435 461
435 462
435 463
435 483
436 437
436 495
437 438
437 441
437 458
437 469
437 478
437 481
437 490
437 496
438 489
438 493
439 461
439 465
439 493
440 441
440 453
440 496
441 454
441 465
442 449
442 452
442 455
442 460
442 461
442 471
443 475
444 446
444 473
444 486
444 491
445 479
446 480
446 493
447 448
447 475
448 472
448 474
448 484
448 493
449 451
449 472
450 452
450 457
451 459
451 477
451 498
452 459
452 469
453 489
454 479
454 480
454 494
454 497
455 458
455 480
455 488
455 492
456 487
457 460
457 491
458 466
458 486
458 498
459 479
459 498
460 461
460 464
460 473
460 484
461 466
461 484
461 494
461 496
462 466
462 477
462 498
463 473
465 497
466 468
466 489
469 470
469 479
469 497
470 486
470 493
471 477
471 498
472 493
474 489
474 499
475 485
477 490
477 494
478 486
478 490
479 489
480 490
480 492
481 486
482 487
483 495
486 490
486 493
487 490
487 491
488 489
488 491
492 493
492 497
493 497
495 499
496 497
