400 5614 0.5
0 40
0 48
0 55
0 61
0 72
0 79
0 92
0 154
0 163
0 180
0 191
0 200
0 202
0 227
0 239
0 246
0 252
0 255
0 256
0 271
0 278
0 333
0 338
0 351
0 371
0 375
0 377
1 22
1 27
1 62
1 64
1 73
1 83
1 90
1 91
1 100
1 102
1 114
1 119
1 135
1 147
1 169
1 174
1 181
1 182
1 192
1 227
1 248
1 261
1 265
1 291
1 317
1 326
1 335
1 340
1 348
1 353
1 361
1 378
1 383
2 12
2 31
2 57
2 58
2 89
2 109
2 128
2 133
2 135
2 146
2 159
2 226
2 227
2 237
2 246
2 269
2 284
2 303
2 322
2 326
2 354
2 355
2 367
3 17
3 19
3 35
3 40
3 47
3 58
3 59
3 63
3 67
3 68
3 69
3 75
3 106
3 113
3 119
3 123
3 149
3 152
3 159
3 168
3 191
3 194
3 201
3 225
3 230
3 238
3 260
3 262
3 266
3 308
3 321
3 329
3 332
3 366
3 379
3 382
3 395
4 28
4 38
4 72
4 81
4 95
4 128
4 142
4 164
4 171
4 190
4 193
4 194
4 199
4 244
4 269
4 318
4 328
4 343
4 356
4 359
4 377
4 379
4 382
5 23
5 26
5 28
5 30
5 45
5 47
5 51
5 53
5 54
5 58
5 64
5 79
5 104
5 115
5 122
5 127
5 148
5 192
5 214
5 223
5 226
5 237
5 268
5 274
5 286
5 292
5 302
5 322
5 325
5 359
5 360
5 375
5 388
5 391
5 392
6 45
6 63
6 94
6 97
6 103
6 112
6 118
6 139
6 141
6 145
6 159
6 191
6 199
6 254
6 296
6 312
6 313
6 314
6 320
6 334
6 348
6 354
6 360
6 361
7 19
7 22
7 26
7 40
7 58
7 60
7 63
7 86
7 95
7 98
7 104
7 110
7 137
7 142
7 155
7 159
7 206
7 211
7 234
7 235
7 239
7 250
7 262
7 294
7 295
7 324
7 327
7 329
7 363
7 371
7 381
7 390
8 44
8 46
8 72
8 83
8 84
8 105
8 112
8 126
8 151
8 153
8 155
8 161
8 164
8 185
8 202
8 203
8 244
8 258
8 267
8 270
8 287
8 298
8 309
8 313
8 318
8 328
8 331
8 338
8 340
8 357
8 368
8 393
8 397
9 36
9 37
9 48
9 61
9 73
9 103
9 129
9 142
9 146
9 147
9 149
9 152
9 175
9 177
9 190
9 192
9 195
9 199
9 225
9 227
9 242
9 260
9 263
9 264
9 275
9 276
9 288
9 294
9 299
9 305
9 316
9 317
9 321
9 322
9 330
9 334
9 346
9 362
9 373
9 376
9 379
9 398
10 39
10 56
10 67
10 94
10 124
10 126
10 141
10 152
10 155
10 160
10 178
10 181
10 192
10 206
10 207
10 215
10 216
10 228
10 239
10 254
10 258
10 270
10 294
10 301
10 302
10 327
10 348
10 360
10 389
10 398
11 23
11 27
11 33
11 71
11 74
11 88
11 101
11 104
11 107
11 114
11 128
11 140
11 147
11 158
11 159
11 163
11 184
11 225
11 233
11 234
11 243
11 245
11 246
11 250
11 273
11 286
11 289
11 294
11 319
11 320
11 322
11 355
11 392
11 397
12 30
12 48
12 92
12 120
12 121
12 142
12 171
12 192
12 203
12 217
12 224
12 225
12 242
12 250
12 261
12 264
12 281
12 294
12 296
12 298
12 299
12 322
12 323
12 336
12 340
12 341
12 390
13 46
13 51
13 59
13 83
13 99
13 101
13 111
13 126
13 129
13 135
13 139
13 154
13 164
13 174
13 188
13 214
13 218
13 230
13 238
13 241
13 248
13 283
13 295
13 302
13 303
13 305
13 332
13 335
13 338
13 378
13 381
13 388
14 47
14 52
14 55
14 57
14 62
14 83
14 95
14 115
14 118
14 119
14 133
14 141
14 154
14 162
14 182
14 192
14 245
14 280
14 282
14 294
14 326
14 327
14 339
14 348
14 389
14 392
15 35
15 51
15 58
15 63
15 65
15 70
15 71
15 73
15 78
15 97
15 100
15 106
15 114
15 124
15 142
15 146
15 157
15 165
15 171
15 172
15 177
15 187
15 191
15 207
15 246
15 254
15 298
15 306
15 329
15 351
15 358
15 360
15 383
15 392
15 396
16 41
16 62
16 76
16 89
16 143
16 151
16 153
16 160
16 167
16 195
16 198
16 223
16 232
16 240
16 262
16 265
16 269
16 270
16 274
16 284
16 306
16 312
16 344
16 374
16 388
16 389
16 398
17 18
17 45
17 81
17 99
17 120
17 124
17 129
17 161
17 168
17 174
17 179
17 214
17 217
17 220
17 235
17 248
17 269
17 293
17 294
17 295
17 303
17 314
17 324
17 334
17 375
17 385
18 28
18 48
18 70
18 90
18 95
18 102
18 143
18 157
18 172
18 173
18 183
18 190
18 208
18 218
18 233
18 259
18 293
18 297
18 304
18 306
18 317
18 324
18 331
18 332
18 341
18 362
18 365
18 376
19 20
19 38
19 75
19 83
19 85
19 92
19 101
19 105
19 108
19 115
19 144
19 158
19 171
19 182
19 189
19 201
19 206
19 222
19 231
19 235
19 242
19 245
19 254
19 289
19 294
19 296
19 297
19 310
19 317
19 320
19 350
19 352
19 378
19 383
20 36
20 56
20 61
20 75
20 78
20 109
20 112
20 122
20 131
20 143
20 155
20 160
20 185
20 202
20 223
20 228
20 268
20 296
20 303
20 315
20 318
20 321
20 328
20 336
20 339
20 345
20 354
20 384
20 395
21 25
21 26
21 28
21 36
21 42
21 53
21 63
21 84
21 96
21 125
21 128
21 130
21 139
21 146
21 156
21 172
21 186
21 196
21 216
21 223
21 254
21 267
21 280
21 281
21 293
21 303
21 316
21 352
21 356
21 389
22 43
22 50
22 53
22 61
22 64
22 73
22 76
22 84
22 86
22 95
22 156
22 167
22 178
22 183
22 195
22 197
22 198
22 202
22 203
22 205
22 237
22 244
22 255
22 258
22 293
22 296
22 304
22 352
22 356
22 367
22 399
23 56
23 116
23 140
23 143
23 149
23 162
23 174
23 187
23 188
23 195
23 209
23 239
23 250
23 251
23 266
23 269
23 278
23 297
23 347
23 350
23 357
23 359
23 376
23 393
23 397
24 26
24 44
24 58
24 75
24 90
24 109
24 134
24 154
24 178
24 190
24 194
24 197
24 202
24 216
24 219
24 240
24 241
24 257
24 263
24 270
24 315
24 321
24 333
24 340
24 352
24 356
24 372
24 395
25 34
25 37
25 50
25 60
25 79
25 99
25 114
25 117
25 126
25 142
25 143
25 149
25 153
25 161
25 184
25 196
25 217
25 221
25 258
25 290
25 304
25 313
25 315
25 317
25 329
25 341
25 348
25 387
25 392
25 393
26 34
26 86
26 110
26 129
26 151
26 163
26 176
26 206
26 208
26 226
26 249
26 252
26 295
26 334
26 338
26 349
26 360
26 377
27 30
27 50
27 80
27 95
27 96
27 104
27 109
27 114
27 152
27 158
27 160
27 172
27 186
27 191
27 202
27 211
27 213
27 226
27 247
27 251
27 254
27 257
27 282
27 290
27 298
27 299
27 302
27 311
27 320
27 349
27 363
27 392
27 398
28 30
28 43
28 47
28 70
28 84
28 143
28 173
28 180
28 188
28 211
28 214
28 235
28 240
28 271
28 278
28 321
28 328
28 338
28 346
28 347
28 354
28 365
28 369
28 377
28 396
29 49
29 77
29 85
29 99
29 121
29 135
29 144
29 167
29 184
29 187
29 188
29 198
29 210
29 212
29 221
29 226
29 231
29 248
29 253
29 281
29 310
29 312
29 318
29 328
29 344
29 350
29 369
29 372
29 380
30 54
30 67
30 90
30 99
30 129
30 150
30 151
30 167
30 171
30 182
30 189
30 195
30 197
30 210
30 216
30 222
30 283
30 290
30 306
30 327
30 336
30 366
30 368
30 395
31 72
31 88
31 96
31 100
31 101
31 111
31 120
31 129
31 138
31 154
31 203
31 206
31 240
31 244
31 271
31 281
31 301
31 308
31 325
31 335
31 340
31 369
31 370
32 49
32 70
32 71
32 78
32 84
32 98
32 99
32 108
32 110
32 143
32 158
32 170
32 173
32 235
32 245
32 258
32 279
32 312
32 393
33 117
33 137
33 177
33 179
33 183
33 184
33 190
33 196
33 199
33 211
33 232
33 240
33 254
33 255
33 257
33 259
33 265
33 272
33 279
33 301
33 310
33 316
33 318
33 322
33 333
33 341
33 377
33 384
33 386
34 40
34 42
34 45
34 49
34 88
34 101
34 136
34 143
34 161
34 166
34 174
34 235
34 242
34 244
34 312
34 324
34 330
34 353
34 359
34 369
35 39
35 62
35 71
35 73
35 77
35 83
35 132
35 133
35 136
35 143
35 153
35 160
35 176
35 181
35 183
35 200
35 201
35 220
35 227
35 229
35 245
35 250
35 277
35 283
35 288
35 315
35 327
35 339
35 370
35 374
35 387
36 41
36 55
36 67
36 80
36 101
36 119
36 140
36 154
36 159
36 194
36 217
36 221
36 222
36 239
36 254
36 268
36 302
36 312
36 331
36 332
36 343
36 345
36 376
36 383
36 387
36 397
37 39
37 40
37 42
37 51
37 68
37 89
37 104
37 113
37 114
37 154
37 172
37 176
37 228
37 229
37 248
37 250
37 254
37 266
37 283
37 285
37 286
37 307
37 347
37 353
37 359
37 360
37 365
37 378
37 379
37 399
38 41
38 45
38 53
38 147
38 152
38 153
38 160
38 171
38 179
38 184
38 191
38 196
38 205
38 219
38 223
38 225
38 229
38 247
38 268
38 276
38 289
38 294
38 299
38 301
38 318
38 370
38 375
38 394
39 42
39 60
39 62
39 63
39 68
39 78
39 101
39 106
39 131
39 142
39 147
39 148
39 150
39 174
39 176
39 255
39 295
39 297
39 319
39 340
39 355
39 376
39 379
39 381
39 382
40 41
40 143
40 147
40 148
40 156
40 164
40 176
40 190
40 193
40 212
40 225
40 240
40 243
40 261
40 265
40 268
40 271
40 280
40 298
40 302
40 310
40 323
40 329
40 331
40 342
40 357
40 359
40 366
40 369
40 371
40 389
40 393
40 396
41 49
41 51
41 54
41 59
41 62
41 63
41 91
41 98
41 104
41 106
41 109
41 111
41 126
41 134
41 151
41 191
41 215
41 225
41 227
41 238
41 240
41 260
41 330
41 348
41 349
41 371
42 65
42 75
42 83
42 86
42 127
42 128
42 131
42 133
42 153
42 162
42 195
42 202
42 218
42 233
42 259
42 264
42 267
42 276
42 281
42 341
42 349
42 352
42 356
42 360
42 370
42 372
42 379
43 52
43 65
43 77
43 80
43 92
43 130
43 132
43 137
43 147
43 186
43 199
43 201
43 224
43 232
43 235
43 247
43 248
43 254
43 275
43 278
43 280
43 286
43 287
43 289
43 306
43 314
43 316
43 340
43 354
43 362
43 375
43 378
44 64
44 68
44 122
44 149
44 186
44 192
44 197
44 203
44 220
44 231
44 244
44 248
44 253
44 261
44 378
44 386
45 46
45 55
45 107
45 121
45 148
45 162
45 178
45 188
45 210
45 219
45 228
45 258
45 276
45 304
45 308
45 335
45 346
45 384
45 392
46 48
46 62
46 65
46 74
46 76
46 93
46 114
46 150
46 158
46 194
46 257
46 294
46 300
46 336
46 348
46 349
46 361
46 367
46 378
47 52
47 55
47 90
47 92
47 102
47 108
47 109
47 111
47 112
47 142
47 149
47 159
47 166
47 175
47 202
47 227
47 242
47 243
47 257
47 264
47 270
47 332
47 334
47 343
47 346
47 347
47 352
47 354
47 355
47 369
48 59
48 61
48 81
48 143
48 144
48 172
48 177
48 225
48 228
48 253
48 269
48 273
48 326
48 327
48 360
48 369
48 374
48 384
49 65
49 74
49 76
49 88
49 96
49 101
49 120
49 123
49 135
49 142
49 148
49 198
49 223
49 254
49 302
49 303
49 327
49 330
49 364
50 55
50 58
50 71
50 86
50 101
50 105
50 124
50 133
50 142
50 150
50 169
50 180
50 190
50 191
50 204
50 209
50 238
50 255
50 262
50 288
50 290
50 292
50 297
50 311
50 328
50 340
50 386
50 397
51 105
51 118
51 153
51 160
51 184
51 190
51 194
51 212
51 221
51 229
51 235
51 250
51 255
51 268
51 274
51 327
51 333
51 334
51 335
51 339
51 340
51 362
51 376
51 395
51 397
52 59
52 83
52 107
52 116
52 124
52 135
52 136
52 151
52 165
52 171
52 173
52 196
52 201
52 231
52 233
52 245
52 265
52 274
52 277
52 293
52 306
52 311
52 314
52 316
52 328
52 357
52 388
53 58
53 63
53 67
53 83
53 99
53 107
53 123
53 137
53 144
53 213
53 227
53 228
53 264
53 265
53 276
53 277
53 292
53 303
53 306
53 316
53 353
54 70
54 73
54 75
54 113
54 180
54 183
54 192
54 204
54 208
54 229
54 242
54 258
54 270
54 281
54 287
54 301
54 333
54 337
54 347
54 349
54 353
54 392
54 393
55 60
55 120
55 122
55 126
55 132
55 158
55 207
55 212
55 213
55 221
55 226
55 264
55 265
55 278
55 302
55 319
55 323
55 351
55 353
55 367
55 375
55 378
56 72
56 89
56 126
56 151
56 153
56 160
56 167
56 169
56 172
56 173
56 211
56 230
56 256
56 260
56 267
56 279
56 307
56 316
56 322
56 340
56 356
56 367
56 371
56 381
57 62
57 70
57 75
57 112
57 119
57 125
57 141
57 148
57 177
57 181
57 206
57 264
57 275
57 331
57 343
57 352
57 363
57 371
58 64
58 65
58 104
58 182
58 196
58 227
58 238
58 242
58 248
58 280
58 281
58 292
58 319
58 322
58 328
58 346
58 365
58 378
58 380
58 396
59 61
59 78
59 80
59 99
59 106
59 116
59 117
59 133
59 161
59 173
59 175
59 188
59 233
59 249
59 262
59 264
59 267
59 268
59 316
59 329
59 336
59 351
59 385
59 386
59 388
59 389
60 68
60 100
60 112
60 117
60 121
60 123
60 125
60 143
60 155
60 169
60 172
60 174
60 182
60 185
60 198
60 213
60 220
60 223
60 232
60 238
60 248
60 253
60 260
60 263
60 268
60 280
60 334
60 388
60 393
61 64
61 65
61 92
61 111
61 153
61 156
61 171
61 173
61 246
61 248
61 255
61 267
61 299
61 315
61 328
61 336
61 349
61 366
61 379
61 388
61 396
62 85
62 96
62 100
62 122
62 125
62 137
62 148
62 168
62 236
62 241
62 252
62 256
62 259
62 267
62 286
62 293
62 295
62 349
62 352
62 359
62 377
62 384
63 82
63 105
63 120
63 122
63 125
63 153
63 162
63 178
63 183
63 205
63 220
63 225
63 247
63 248
63 262
63 360
63 362
63 385
63 389
63 396
64 67
64 77
64 78
64 80
64 81
64 88
64 92
64 132
64 155
64 160
64 165
64 172
64 187
64 193
64 205
64 299
64 306
64 327
64 343
64 354
64 372
64 384
64 387
65 69
65 89
65 102
65 107
65 137
65 138
65 147
65 178
65 201
65 234
65 243
65 249
65 250
65 253
65 263
65 273
65 345
65 346
65 347
65 397
66 80
66 88
66 90
66 92
66 133
66 139
66 152
66 156
66 161
66 190
66 195
66 207
66 227
66 260
66 319
66 324
66 325
66 336
66 353
66 364
66 365
66 368
66 379
66 384
66 390
66 397
67 79
67 105
67 114
67 116
67 119
67 147
67 151
67 155
67 156
67 166
67 167
67 175
67 176
67 202
67 216
67 234
67 249
67 281
67 292
67 301
67 310
67 314
67 338
67 362
67 387
68 71
68 75
68 83
68 105
68 116
68 126
68 127
68 144
68 168
68 182
68 202
68 244
68 269
68 279
68 280
68 282
68 314
68 324
68 333
68 337
68 338
68 350
68 351
68 399
69 102
69 109
69 124
69 140
69 165
69 170
69 203
69 204
69 232
69 240
69 249
69 255
69 297
69 323
69 325
69 328
69 341
69 342
69 349
69 353
69 376
69 377
69 384
69 387
70 85
70 112
70 119
70 130
70 140
70 153
70 162
70 175
70 195
70 197
70 217
70 226
70 234
70 251
70 273
70 314
70 318
70 341
70 343
70 349
70 354
70 361
70 368
70 370
70 375
70 379
70 381
70 390
70 395
70 397
71 85
71 110
71 129
71 151
71 161
71 166
71 169
71 186
71 189
71 213
71 233
71 247
71 250
71 257
71 280
71 283
71 294
71 331
71 332
71 378
72 89
72 161
72 186
72 206
72 210
72 222
72 227
72 240
72 251
72 266
72 271
72 292
72 314
72 331
72 345
72 346
72 354
72 366
72 369
72 372
72 397
73 91
73 99
73 125
73 147
73 183
73 186
73 207
73 219
73 226
73 241
73 270
73 284
73 291
73 301
73 307
73 309
73 310
73 335
73 343
73 358
73 359
73 380
73 383
73 394
73 396
74 111
74 119
74 140
74 149
74 166
74 173
74 176
74 201
74 221
74 223
74 232
74 233
74 235
74 263
74 268
74 275
74 293
74 298
74 303
74 307
74 320
74 338
74 340
74 352
74 362
74 376
74 382
74 389
75 79
75 99
75 104
75 109
75 115
75 118
75 119
75 133
75 134
75 147
75 150
75 155
75 163
75 168
75 196
75 210
75 221
75 261
75 285
75 291
75 306
75 318
75 322
75 382
75 384
75 390
75 391
75 395
76 101
76 128
76 182
76 186
76 198
76 204
76 208
76 219
76 220
76 247
76 268
76 272
76 286
76 299
76 324
76 338
76 362
76 365
76 367
76 387
76 389
77 87
77 91
77 99
77 133
77 206
77 208
77 210
77 211
77 212
77 229
77 237
77 253
77 267
77 280
77 285
77 291
77 293
77 313
77 314
77 332
77 374
77 375
78 86
78 97
78 141
78 162
78 192
78 203
78 215
78 223
78 230
78 236
78 253
78 271
78 276
78 278
78 279
78 291
78 312
78 330
78 342
78 344
78 376
79 91
79 95
79 112
79 143
79 184
79 192
79 218
79 254
79 267
79 281
79 302
79 303
79 309
79 312
79 323
79 339
79 364
79 377
79 388
80 87
80 90
80 117
80 121
80 126
80 144
80 166
80 179
80 181
80 188
80 216
80 231
80 234
80 259
80 262
80 308
80 309
80 315
80 345
80 349
80 350
80 363
80 374
80 377
81 94
81 119
81 177
81 193
81 222
81 301
81 330
81 335
81 349
81 375
81 381
81 398
82 143
82 151
82 188
82 195
82 199
82 212
82 226
82 256
82 261
82 281
82 306
82 310
82 316
82 317
82 326
82 327
82 336
82 349
82 360
82 385
82 386
83 84
83 90
83 192
83 193
83 207
83 213
83 229
83 244
83 248
83 249
83 254
83 270
83 275
83 278
83 291
83 320
83 344
83 345
83 347
83 374
83 386
83 394
83 395
84 86
84 101
84 102
84 119
84 120
84 129
84 177
84 186
84 192
84 199
84 200
84 216
84 221
84 241
84 242
84 259
84 281
84 304
84 314
84 328
84 355
84 384
85 98
85 115
85 121
85 130
85 192
85 203
85 226
85 235
85 238
85 245
85 248
85 274
85 300
85 304
85 306
86 137
86 140
86 143
86 152
86 177
86 198
86 206
86 208
86 227
86 248
86 258
86 263
86 265
86 273
86 275
86 289
86 305
86 311
86 318
86 324
86 326
86 339
86 348
86 381
86 384
86 398
87 89
87 115
87 123
87 131
87 166
87 176
87 193
87 199
87 205
87 208
87 219
87 236
87 255
87 258
87 281
87 289
87 295
87 308
87 314
87 331
87 338
87 339
87 358
87 364
87 369
87 379
88 112
88 141
88 150
88 194
88 245
88 270
88 286
88 288
88 292
88 293
88 304
88 310
88 318
88 320
88 329
88 338
88 344
88 360
88 361
89 101
89 106
89 108
89 117
89 127
89 128
89 134
89 139
89 176
89 276
89 285
89 287
89 289
89 296
89 299
89 312
89 331
89 380
89 381
89 387
89 388
89 389
89 393
90 91
90 121
90 142
90 143
90 152
90 160
90 165
90 186
90 191
90 203
90 218
90 245
90 310
90 311
90 318
90 321
90 327
90 338
90 339
90 364
90 368
90 377
90 387
90 388
91 93
91 117
91 119
91 125
91 136
91 141
91 148
91 154
91 168
91 173
91 191
91 220
91 281
91 284
91 285
91 288
91 310
91 317
91 328
91 352
91 392
91 394
91 399
92 107
92 110
92 114
92 195
92 211
92 214
92 218
92 229
92 238
92 246
92 253
92 282
92 296
92 307
92 330
92 398
93 101
93 107
93 114
93 117
93 120
93 132
93 161
93 189
93 252
93 256
93 299
93 315
93 332
93 350
93 356
93 376
93 381
93 391
94 107
94 124
94 127
94 128
94 134
94 136
94 142
94 149
94 189
94 208
94 209
94 212
94 227
94 231
94 259
94 263
94 265
94 276
94 302
94 308
94 312
94 343
94 348
94 350
94 351
94 396
95 115
95 184
95 192
95 194
95 209
95 248
95 252
95 261
95 264
95 293
95 320
95 337
95 340
95 343
95 356
95 375
95 392
96 102
96 118
96 126
96 129
96 145
96 147
96 151
96 158
96 161
96 183
96 192
96 204
96 208
96 219
96 263
96 271
96 299
96 303
96 326
96 340
96 353
96 374
96 382
97 151
97 152
97 176
97 182
97 183
97 188
97 209
97 212
97 226
97 229
97 231
97 235
97 272
97 288
97 307
97 331
97 337
97 349
97 395
98 129
98 156
98 166
98 177
98 183
98 195
98 199
98 204
98 236
98 242
98 253
98 280
98 319
98 351
98 356
98 365
98 366
99 134
99 157
99 163
99 189
99 204
99 206
99 213
99 230
99 231
99 243
99 251
99 270
99 277
99 281
99 295
99 310
99 331
99 340
99 356
99 360
99 378
99 393
100 110
100 152
100 154
100 156
100 158
100 170
100 187
100 200
100 207
100 248
100 277
100 306
100 310
100 327
100 367
100 386
101 102
101 135
101 145
101 162
101 203
101 227
101 232
101 292
101 322
101 326
101 328
101 337
101 354
101 395
102 109
102 128
102 129
102 138
102 147
102 156
102 162
102 181
102 218
102 235
102 236
102 246
102 275
102 276
102 277
102 279
102 301
102 308
102 320
102 341
102 342
102 359
102 364
102 381
102 392
103 104
103 108
103 115
103 122
103 137
103 146
103 155
103 188
103 206
103 221
103 241
103 277
103 282
103 299
103 357
103 360
103 362
103 365
103 370
103 382
104 112
104 148
104 152
104 159
104 162
104 176
104 194
104 203
104 208
104 209
104 218
104 260
104 273
104 276
104 283
104 300
104 378
105 113
105 143
105 181
105 204
105 265
105 272
105 290
105 295
105 317
105 323
105 339
105 350
105 372
105 375
106 119
106 121
106 127
106 148
106 167
106 190
106 192
106 198
106 207
106 252
106 258
106 260
106 282
106 290
106 291
106 310
106 349
106 366
106 375
106 382
107 114
107 120
107 161
107 162
107 178
107 204
107 217
107 234
107 236
107 281
107 291
107 296
107 297
107 325
107 326
107 330
107 339
107 346
107 356
107 358
107 396
108 112
108 115
108 131
108 133
108 176
108 213
108 221
108 233
108 239
108 247
108 275
108 276
108 281
108 282
108 283
108 292
108 302
108 304
108 333
108 343
108 351
108 384
109 115
109 129
109 149
109 169
109 192
109 203
109 206
109 223
109 231
109 232
109 233
109 236
109 247
109 253
109 271
109 303
109 306
109 325
109 343
109 347
109 349
109 353
109 368
109 379
109 388
109 393
110 111
110 118
110 159
110 171
110 180
110 209
110 210
110 219
110 222
110 244
110 245
110 262
110 263
110 266
110 276
110 284
110 297
110 317
110 340
110 347
110 355
110 363
110 387
110 397
110 399
111 132
111 140
111 143
111 153
111 165
111 181
111 209
111 225
111 228
111 229
111 257
111 308
111 330
111 334
111 346
111 356
111 372
111 386
112 138
112 149
112 157
112 173
112 198
112 206
112 216
112 225
112 242
112 245
112 278
112 290
112 329
112 335
112 348
112 365
112 375
113 119
113 133
113 134
113 158
113 174
113 180
113 201
113 207
113 220
113 250
113 257
113 263
113 275
113 280
113 284
113 303
113 306
113 310
113 357
113 391
114 121
114 129
114 130
114 148
114 156
114 167
114 194
114 196
114 208
114 229
114 251
114 304
114 310
114 316
114 329
114 339
114 371
114 387
115 117
115 142
115 146
115 169
115 173
115 192
115 194
115 196
115 214
115 238
115 247
115 257
115 271
115 277
115 315
115 316
115 317
115 319
115 325
115 340
115 353
115 369
115 371
115 376
115 397
116 121
116 124
116 128
116 168
116 191
116 204
116 208
116 213
116 214
116 226
116 228
116 241
116 273
116 276
116 285
116 299
116 308
116 336
116 345
116 349
116 384
116 389
117 137
117 144
117 145
117 148
117 165
117 180
117 201
117 206
117 229
117 254
117 260
117 272
117 315
117 343
117 371
117 372
117 373
117 385
117 388
117 390
118 124
118 151
118 153
118 188
118 213
118 256
118 286
118 291
118 297
118 298
118 305
118 318
118 329
118 390
118 394
119 128
119 136
119 138
119 148
119 157
119 166
119 192
119 196
119 223
119 288
119 321
119 392
119 397
120 142
120 147
120 165
120 166
120 176
120 203
120 220
120 223
120 228
120 247
120 250
120 298
120 303
120 307
120 385
120 387
120 388
121 122
121 139
121 141
121 151
121 152
121 159
121 163
121 168
121 185
121 204
121 214
121 243
121 257
121 273
121 298
121 337
121 343
121 349
121 361
121 389
121 397
122 125
122 188
122 193
122 200
122 212
122 214
122 228
122 257
122 261
122 276
122 286
122 295
122 302
122 309
122 310
122 320
122 322
122 332
122 343
122 349
122 384
122 389
123 124
123 136
123 150
123 154
123 159
123 169
123 214
123 223
123 231
123 243
123 259
123 262
123 283
123 306
123 370
123 380
123 382
123 394
124 136
124 166
124 209
124 213
124 219
124 237
124 242
124 253
124 254
124 256
124 283
124 293
124 301
124 316
124 318
124 320
124 322
124 328
124 330
124 349
124 365
124 375
124 382
124 392
124 397
125 130
125 164
125 190
125 227
125 229
125 271
125 300
125 303
125 313
125 320
125 342
125 350
125 363
125 384
126 167
126 179
126 185
126 223
126 233
126 236
126 249
126 313
126 320
126 335
126 363
126 373
126 381
127 132
127 142
127 148
127 165
127 175
127 197
127 206
127 216
127 219
127 231
127 235
127 242
127 265
127 269
127 277
127 283
127 294
127 298
127 333
127 334
127 348
127 369
127 381
127 385
127 386
128 156
128 190
128 194
128 197
128 202
128 234
128 246
128 254
128 256
128 259
128 268
128 271
128 287
128 291
128 317
128 346
128 351
128 355
128 358
128 364
128 366
129 145
129 149
129 164
129 166
129 181
129 188
129 191
129 202
129 261
129 264
129 306
129 310
129 331
129 353
129 362
129 377
129 385
130 138
130 179
130 191
130 229
130 239
130 247
130 250
130 255
130 268
130 314
130 325
130 337
130 340
130 350
130 354
130 362
130 367
130 373
130 397
131 146
131 192
131 208
131 228
131 243
131 276
131 298
131 300
131 301
131 330
131 355
132 142
132 149
132 156
132 165
132 179
132 197
132 233
132 253
132 254
132 267
132 269
132 279
132 316
132 319
132 346
132 347
132 350
132 365
132 399
133 142
133 144
133 188
133 228
133 233
133 242
133 248
133 280
133 293
133 294
133 378
133 392
134 153
134 163
134 176
134 179
134 180
134 189
134 206
134 209
134 216
134 233
134 237
134 242
134 260
134 268
134 307
134 308
134 315
134 324
134 337
134 360
134 364
134 366
134 367
134 373
134 398
135 141
135 153
135 154
135 155
135 174
135 220
135 239
135 253
135 267
135 279
135 287
135 311
135 346
135 362
135 365
135 367
135 380
135 387
135 393
136 149
136 150
136 182
136 183
136 186
136 187
136 199
136 249
136 254
136 273
136 278
136 284
136 285
136 299
136 311
136 334
136 335
136 342
136 353
136 388
136 394
137 142
137 164
137 210
137 222
137 234
137 237
137 267
137 279
137 286
137 302
137 303
137 308
137 313
137 317
137 332
137 358
137 362
137 363
137 369
137 371
137 373
137 379
137 380
137 387
138 162
138 180
138 199
138 223
138 245
138 251
138 274
138 281
138 297
138 311
138 317
138 320
138 327
138 338
138 360
138 362
138 372
138 381
138 384
139 146
139 153
139 157
139 186
139 193
139 195
139 199
139 201
139 208
139 217
139 232
139 239
139 247
139 256
139 272
139 294
139 299
139 317
139 337
139 371
139 388
140 202
140 209
140 224
140 234
140 246
140 250
140 261
140 267
140 270
140 272
140 276
140 289
140 300
140 320
140 350
140 364
140 365
140 375
140 378
140 382
140 383
140 399
141 153
141 157
141 161
141 207
141 225
141 258
141 280
141 355
141 356
141 360
141 367
141 371
141 375
142 143
142 168
142 173
142 212
142 214
142 216
142 242
142 254
142 261
142 272
142 274
142 283
142 309
142 353
142 366
142 369
142 377
142 383
142 390
143 149
143 174
143 178
143 184
143 213
143 217
143 220
143 222
143 230
143 250
143 252
143 254
143 255
143 263
143 267
143 279
143 280
143 306
143 308
143 348
143 349
143 360
143 366
143 379
143 385
144 150
144 185
144 212
144 233
144 300
144 313
144 323
144 331
144 341
144 343
144 363
144 375
144 380
144 384
144 399
145 147
145 152
145 168
145 172
145 195
145 201
145 209
145 211
145 219
145 223
145 229
145 256
145 279
145 286
145 292
145 318
145 320
145 337
145 369
145 377
145 399
146 154
146 167
146 172
146 191
146 221
146 226
146 246
146 250
146 274
146 283
146 296
146 318
146 326
146 334
146 345
146 350
146 355
146 357
146 369
146 379
146 396
147 158
147 212
147 214
147 217
147 225
147 230
147 239
147 246
147 256
147 270
147 303
147 309
147 313
147 326
147 351
147 365
147 392
148 155
148 169
148 170
148 208
148 226
148 244
148 261
148 313
148 316
148 321
148 340
148 372
148 380
148 385
149 150
149 170
149 177
149 187
149 224
149 225
149 305
149 309
149 320
149 332
149 360
149 395
149 399
150 166
150 182
150 187
150 226
150 271
150 276
150 279
150 295
150 345
150 361
150 372
150 373
150 382
151 155
151 177
151 179
151 220
151 231
151 239
151 270
151 280
151 292
151 293
151 308
151 320
151 346
151 371
151 386
151 398
152 179
152 181
152 194
152 219
152 250
152 252
152 263
152 288
152 322
152 324
152 327
152 358
152 376
153 164
153 200
153 219
153 228
153 234
153 253
153 261
153 279
153 291
153 292
153 310
153 321
153 332
153 340
153 345
153 347
153 356
153 375
153 376
153 378
153 386
154 161
154 169
154 196
154 231
154 238
154 241
154 254
154 285
154 288
154 293
154 301
154 316
154 355
155 175
155 183
155 190
155 203
155 208
155 209
155 211
155 248
155 299
155 329
155 350
155 372
155 380
156 171
156 176
156 187
156 191
156 192
156 229
156 272
156 282
156 293
156 307
156 317
156 328
156 329
156 333
156 349
156 358
156 362
156 368
156 388
157 164
157 205
157 207
157 210
157 220
157 241
157 251
157 254
157 271
157 309
157 320
157 324
157 325
157 338
157 351
157 365
157 378
157 380
157 382
157 384
158 168
158 173
158 174
158 188
158 197
158 211
158 260
158 284
158 304
158 305
158 310
158 330
158 331
158 332
158 334
158 352
158 359
158 396
159 162
159 208
159 214
159 220
159 257
159 269
159 278
159 286
159 298
159 299
159 344
159 355
159 383
160 164
160 178
160 181
160 189
160 197
160 203
160 209
160 225
160 226
160 243
160 264
160 267
160 270
160 280
160 293
160 327
160 329
160 349
160 382
160 397
161 175
161 215
161 230
161 279
161 297
161 309
161 330
161 346
161 364
161 393
162 175
162 192
162 195
162 196
162 217
162 275
162 276
162 283
162 321
162 333
162 353
162 360
162 371
162 379
162 390
162 399
163 169
163 175
163 185
163 201
163 211
163 212
163 233
163 258
163 268
163 312
163 316
163 317
163 318
163 323
163 331
163 346
163 377
163 389
163 398
164 188
164 193
164 210
164 232
164 272
164 338
164 353
164 366
164 371
164 373
164 382
164 392
164 393
165 177
165 254
165 263
165 269
165 303
165 344
165 375
165 377
165 382
166 239
166 248
166 251
166 281
166 289
166 295
166 299
166 339
166 345
166 358
166 369
166 373
166 390
166 394
167 180
167 194
167 204
167 224
167 231
167 241
167 242
167 248
167 250
167 261
167 265
167 266
167 277
167 289
167 297
167 302
167 305
167 339
167 347
167 350
167 358
167 364
167 390
168 171
168 177
168 193
168 214
168 224
168 227
168 234
168 245
168 248
168 256
168 282
168 294
168 304
168 332
168 340
168 344
168 387
169 216
169 232
169 240
169 247
169 259
169 263
169 268
169 287
169 299
169 337
169 389
170 179
170 180
170 207
170 215
170 224
170 227
170 242
170 243
170 255
170 296
170 297
170 316
170 319
170 323
170 342
170 349
170 351
171 191
171 192
171 211
171 217
171 232
171 236
171 237
171 259
171 292
171 299
171 307
171 313
171 317
171 336
171 348
171 372
171 385
171 392
172 179
172 228
172 233
172 243
172 245
172 253
172 258
172 263
172 270
172 276
172 283
172 288
172 347
172 378
172 397
173 195
173 202
173 274
173 278
173 279
173 282
173 286
173 287
173 291
173 295
173 309
173 316
173 323
173 329
173 331
173 334
173 348
173 353
173 379
173 392
174 227
174 243
174 248
174 256
174 258
174 266
174 272
174 282
174 283
174 307
174 309
174 312
174 330
174 344
174 353
174 371
175 177
175 181
175 190
175 193
175 195
175 199
175 206
175 215
175 229
175 241
175 251
175 263
175 284
175 303
175 308
175 312
175 314
175 378
175 385
176 213
176 217
176 228
176 234
176 248
176 255
176 272
176 281
176 286
176 287
176 291
176 307
176 310
176 329
176 334
176 355
176 362
176 367
176 391
177 178
177 186
177 191
177 209
177 210
177 212
177 240
177 250
177 251
177 253
177 257
177 308
177 311
177 321
177 330
177 331
177 332
177 386
177 388
178 182
178 219
178 230
178 231
178 232
178 244
178 245
178 261
178 266
178 276
178 284
178 287
178 296
178 301
178 326
178 349
178 370
178 372
178 387
178 392
178 395
179 193
179 203
179 210
179 228
179 237
179 239
179 241
179 251
179 264
179 276
179 291
179 355
179 359
179 371
180 216
180 237
180 241
180 248
180 249
180 250
180 273
180 289
180 304
180 346
180 357
180 371
180 391
181 186
181 191
181 212
181 229
181 232
181 244
181 247
181 254
181 268
181 287
181 290
181 291
181 295
181 360
181 362
181 370
181 373
181 382
182 192
182 257
182 259
182 301
182 304
182 353
182 368
182 375
182 385
183 225
183 258
183 277
183 278
183 281
183 282
183 284
183 314
183 320
183 323
183 334
183 382
183 384
184 188
184 218
184 221
184 236
184 239
184 252
184 279
184 290
184 297
184 321
184 344
184 379
184 384
184 391
185 200
185 215
185 231
185 268
185 293
185 297
185 306
185 327
185 337
185 345
185 347
185 349
186 199
186 206
186 208
186 211
186 247
186 289
186 311
186 327
186 393
187 198
187 221
187 234
187 237
187 249
187 259
187 290
187 328
187 344
187 359
187 360
187 370
187 381
188 192
188 201
188 220
188 221
188 288
188 294
188 303
188 307
188 317
188 318
188 319
188 333
188 343
188 347
188 348
188 361
188 363
188 369
188 397
189 225
189 229
189 254
189 272
189 277
189 296
189 343
189 346
189 382
189 385
190 225
190 228
190 233
190 251
190 257
190 270
190 274
190 282
190 285
190 315
190 316
190 325
190 356
190 359
190 368
190 371
190 396
191 192
191 202
191 216
191 223
191 239
191 249
191 278
191 284
191 304
191 311
191 312
191 318
191 326
191 346
191 356
191 388
192 197
192 233
192 235
192 239
192 251
192 285
192 291
192 292
192 300
192 312
192 329
192 341
192 347
192 377
192 398
193 212
193 247
193 250
193 252
193 270
193 329
193 338
193 351
193 352
193 379
193 387
193 397
193 399
194 219
194 232
194 250
194 261
194 273
194 277
194 312
194 327
194 349
194 355
194 396
195 206
195 229
195 234
195 235
195 250
195 297
195 317
195 334
195 366
195 367
195 371
195 392
195 394
196 202
196 257
196 266
196 278
196 298
196 314
196 328
196 340
196 359
196 363
196 368
196 370
196 383
196 388
197 200
197 204
197 205
197 211
197 213
197 215
197 234
197 258
197 263
197 272
197 300
197 302
197 316
197 325
197 346
197 380
197 382
197 391
198 202
198 204
198 215
198 267
198 271
198 298
198 308
198 320
198 330
198 340
198 362
198 370
198 392
199 206
199 207
199 231
199 265
199 267
199 284
199 308
199 324
199 332
199 356
199 385
200 202
200 260
200 272
200 273
200 276
200 301
200 317
200 337
200 367
200 396
201 211
201 220
201 224
201 227
201 251
201 306
201 314
201 337
201 338
201 342
201 355
201 393
202 232
202 235
202 237
202 261
202 268
202 282
202 294
202 302
202 317
202 318
202 328
202 355
202 362
202 366
202 368
202 375
202 398
203 205
203 229
203 237
203 258
203 260
203 271
203 281
203 298
203 376
203 380
204 210
204 221
204 222
204 286
204 301
204 302
204 308
204 326
204 338
204 344
204 352
204 385
204 395
205 208
205 215
205 252
205 257
205 264
205 275
205 301
205 302
205 305
205 319
205 340
205 367
205 369
205 373
205 384
205 393
206 213
206 216
206 234
206 239
206 247
206 254
206 260
206 262
206 271
206 275
206 286
206 299
206 303
206 304
206 338
206 382
207 247
207 291
207 297
207 303
207 304
207 312
207 319
207 328
207 336
207 342
207 349
207 351
207 352
207 356
208 234
208 250
208 261
208 279
208 297
208 304
208 312
208 321
208 325
208 333
208 355
208 356
208 358
208 364
208 381
208 393
209 211
209 214
209 229
209 241
209 249
209 269
209 278
209 281
209 283
209 316
209 321
209 326
209 330
209 333
209 384
210 216
210 230
210 249
210 251
210 253
210 255
210 293
210 302
210 316
210 318
210 349
210 365
210 369
210 373
210 376
210 381
211 231
211 252
211 272
211 275
211 301
211 323
211 332
211 342
211 357
211 368
212 228
212 233
212 242
212 244
212 262
212 281
212 317
212 337
212 347
212 357
212 379
212 380
213 257
213 284
213 297
213 298
213 310
213 318
213 320
213 321
213 323
213 336
213 355
213 364
213 383
214 219
214 249
214 275
214 292
214 332
214 344
214 352
214 373
214 382
214 395
214 399
215 221
215 235
215 272
215 300
215 328
215 340
215 351
215 353
215 368
215 375
215 396
216 230
216 241
216 245
216 248
216 265
216 280
216 302
216 310
216 330
216 338
216 344
216 350
217 223
217 241
217 250
217 278
217 282
217 286
217 287
217 290
217 293
217 357
217 366
217 377
217 388
217 390
217 396
218 235
218 251
218 260
218 300
218 312
218 326
218 331
218 333
218 336
218 346
218 355
218 363
218 364
218 388
218 389
218 390
218 391
219 229
219 234
219 241
219 251
219 271
219 277
219 290
219 300
219 324
219 341
219 344
219 357
219 359
219 367
219 370
219 375
219 384
220 222
220 237
220 242
220 248
220 252
220 253
220 255
220 273
220 275
220 282
220 302
220 312
220 318
220 338
220 354
220 362
220 374
220 385
220 396
221 223
221 238
221 241
221 246
221 254
221 284
221 287
221 291
221 303
221 354
221 363
221 366
221 391
221 393
221 396
222 229
222 233
222 235
222 252
222 272
222 291
222 308
222 340
222 363
222 379
223 241
223 242
223 275
223 279
223 308
223 318
223 342
223 361
223 370
223 373
223 375
223 384
223 389
223 394
223 395
224 226
224 231
224 232
224 274
224 284
224 305
224 329
224 336
224 344
224 371
224 377
224 386
224 395
225 229
225 269
225 277
225 280
225 281
225 285
225 318
225 325
225 338
225 355
225 356
225 383
225 396
226 289
226 302
226 346
226 349
226 353
226 373
226 385
227 228
227 240
227 246
227 285
227 295
227 324
227 335
227 354
227 367
227 397
227 399
228 255
228 263
228 271
228 280
228 287
228 293
228 307
228 317
228 318
228 321
228 327
228 335
228 358
228 391
228 399
229 244
229 256
229 258
229 268
229 291
229 297
229 327
229 356
229 369
229 377
229 381
229 396
230 247
230 250
230 251
230 265
230 303
230 320
230 323
230 324
230 336
230 349
230 364
230 382
231 264
231 300
231 305
231 310
231 327
231 360
232 258
232 265
232 272
232 287
232 300
232 304
232 307
232 332
232 338
232 343
232 371
232 399
233 244
233 245
233 284
233 302
233 310
233 330
233 359
233 399
234 236
234 251
234 272
234 275
234 277
234 286
234 299
234 303
234 323
234 331
234 336
234 343
234 348
234 349
234 355
234 365
234 366
234 367
234 373
234 381
234 386
234 390
235 242
235 250
235 265
235 272
235 281
235 292
235 297
235 299
235 313
235 363
235 378
235 391
235 398
236 251
236 293
236 325
236 345
236 367
236 379
236 388
237 271
237 285
237 289
237 363
237 389
237 391
238 251
238 279
238 286
238 289
238 290
238 303
238 333
238 345
238 363
238 366
238 374
238 399
239 278
239 282
239 298
239 319
239 320
239 321
239 323
239 325
239 327
239 332
239 336
239 343
239 370
239 373
239 378
239 399
240 247
240 259
240 274
240 311
240 332
240 337
240 343
240 349
240 359
240 366
240 396
241 244
241 255
241 256
241 277
241 281
241 328
241 337
242 256
242 271
242 299
242 317
242 325
242 326
242 331
242 364
242 391
242 392
243 244
243 258
243 291
243 338
243 343
243 347
243 391
243 399
244 258
244 260
244 261
244 272
244 274
244 302
244 306
244 310
244 314
244 353
244 369
244 372
244 392
245 254
245 256
245 261
245 313
245 317
245 331
245 351
245 358
245 362
245 388
246 270
246 271
246 281
246 288
246 318
246 322
246 334
246 344
246 390
246 397
247 259
247 285
247 300
247 303
247 322
247 375
247 396
248 289
248 296
248 297
248 300
248 359
248 364
248 365
248 379
248 384
249 273
249 282
249 290
249 306
249 318
249 321
249 338
249 340
249 347
250 254
250 255
250 270
250 277
250 286
250 291
250 299
250 314
250 331
250 339
250 358
250 366
250 368
250 369
250 386
250 394
251 261
251 289
251 297
251 303
251 314
251 318
251 323
251 356
251 360
251 372
251 398
252 256
252 257
252 278
252 286
252 292
252 294
252 299
252 311
252 313
252 321
252 328
252 337
252 343
252 345
252 359
252 363
252 373
252 379
252 385
252 386
253 280
253 301
253 315
253 332
253 354
253 359
253 377
253 380
253 391
253 399
254 300
254 303
254 312
254 315
254 346
254 369
254 381
254 387
255 256
255 263
255 278
255 293
255 310
255 350
255 368
255 382
255 393
256 268
256 302
256 330
256 369
256 378
256 397
256 398
257 271
257 272
257 279
257 283
257 304
257 306
257 319
257 357
257 371
257 379
258 276
258 316
258 326
258 331
258 348
258 350
258 383
258 396
259 262
259 269
259 275
259 303
259 307
259 322
259 324
259 328
259 336
259 339
259 352
259 378
259 392
260 282
260 292
260 307
260 309
260 313
260 324
260 340
260 346
260 368
260 373
260 378
260 387
261 268
261 270
261 274
261 292
261 295
261 325
261 339
261 358
261 373
261 374
262 265
262 289
262 308
262 311
262 333
262 340
262 356
262 357
262 363
262 367
262 368
262 374
263 270
263 282
263 321
263 326
263 328
263 354
263 394
264 295
264 304
264 310
264 336
264 341
264 342
264 370
264 382
264 394
265 270
265 303
265 304
265 319
265 324
265 334
265 348
265 351
265 379
266 271
266 274
266 307
266 310
266 315
266 323
266 334
266 347
266 367
266 369
266 371
266 378
266 394
267 268
267 280
267 281
267 283
267 296
267 304
267 323
267 330
267 335
267 353
267 379
268 331
268 334
268 360
268 385
269 270
269 293
269 306
269 327
269 339
269 345
269 355
269 386
269 392
269 398
270 273
270 304
270 356
271 274
271 282
271 309
271 312
271 358
272 288
272 302
272 326
272 345
272 346
272 349
272 354
272 362
272 363
272 364
272 395
273 284
273 292
273 297
273 332
273 339
273 356
273 380
273 383
273 390
274 360
274 372
274 376
274 377
274 385
274 399
275 288
275 299
275 322
275 337
275 339
275 343
275 349
275 363
275 368
275 372
275 373
276 278
276 279
276 292
276 293
276 301
276 314
276 345
276 357
276 360
276 393
277 281
277 286
277 296
277 314
277 329
277 338
277 344
277 345
277 352
277 376
277 382
278 284
278 304
278 305
278 318
278 321
278 323
278 326
278 327
278 328
278 342
278 347
278 354
278 389
278 392
278 394
278 399
279 289
279 291
279 299
279 300
279 301
279 332
279 382
279 391
279 397
280 337
280 345
280 349
280 366
280 375
280 380
280 388
281 283
281 290
281 308
281 314
281 358
281 366
281 367
281 384
282 288
282 297
282 311
282 313
282 319
282 356
282 390
282 395
282 399
283 284
283 318
283 320
283 321
283 335
283 339
283 340
283 371
283 377
283 386
283 395
283 399
284 347
284 361
284 366
284 379
285 301
285 327
285 338
285 354
285 369
285 379
285 394
286 293
286 316
286 368
286 375
286 386
286 390
287 293
287 300
287 302
287 308
287 344
287 352
287 356
287 360
287 366
287 369
287 376
288 331
288 342
288 343
288 367
289 332
289 335
289 349
289 362
289 366
289 371
289 374
289 377
289 379
289 385
289 393
290 300
290 304
290 310
290 312
290 313
290 321
290 344
290 358
290 365
290 398
291 307
291 323
291 340
291 347
291 357
291 361
292 309
292 312
292 320
292 324
292 358
292 363
292 373
292 374
292 399
293 300
293 311
293 312
293 313
293 326
293 353
293 356
293 377
293 380
293 395
293 396
293 399
294 337
294 347
294 373
294 380
294 397
294 399
295 307
295 314
295 315
295 326
295 334
295 337
295 343
295 372
296 307
296 309
296 312
296 319
296 336
296 342
296 347
296 355
296 385
296 392
297 308
297 312
297 374
298 300
298 311
298 320
298 339
298 340
298 345
299 312
299 314
299 342
299 355
299 371
299 381
299 384
299 386
300 324
300 327
300 348
300 352
300 370
300 386
301 312
301 317
301 331
301 335
301 338
301 343
302 343
302 357
302 366
302 371
302 375
302 376
302 383
303 323
303 324
303 344
303 363
303 365
303 370
304 314
304 320
304 333
304 343
304 370
304 380
304 391
305 306
305 312
305 347
305 388
305 389
305 391
305 399
306 328
306 377
306 387
307 310
307 315
307 331
307 341
307 354
307 357
307 395
308 311
308 326
308 327
308 336
308 351
308 362
308 363
308 378
308 384
308 393
309 321
309 328
309 377
309 384
310 335
310 338
310 385
310 386
310 399
311 324
311 337
311 350
311 371
311 377
311 382
311 391
312 313
312 330
312 333
312 338
312 374
312 388
312 398
313 372
313 375
313 392
313 396
314 318
314 343
314 346
314 375
314 398
315 340
315 357
315 359
315 394
316 323
316 325
316 326
316 332
316 340
316 349
316 374
316 385
317 321
317 322
317 367
317 373
317 375
317 387
318 327
318 330
318 343
318 346
318 358
318 376
318 382
318 394
319 323
319 332
319 352
319 376
319 384
320 323
320 373
320 374
320 387
320 389
321 338
321 375
322 327
322 330
322 341
322 346
322 352
322 355
322 371
322 373
322 384
322 393
323 327
323 334
323 340
323 359
323 372
323 374
323 378
323 386
323 394
324 334
324 337
324 346
324 350
324 365
324 366
325 331
325 341
325 347
325 350
325 372
325 381
325 399
326 339
326 353
326 356
326 373
327 337
327 379
327 387
328 332
328 337
328 350
328 370
328 386
328 387
329 337
329 354
329 367
329 383
329 396
330 353
330 373
330 375
330 384
330 394
331 348
331 359
331 382
331 393
331 395
331 396
332 336
333 367
333 370
333 379
333 392
334 340
334 356
334 365
334 374
335 336
335 341
335 345
335 350
335 358
336 343
336 361
336 374
336 375
336 381
337 340
337 350
337 394
338 365
338 371
338 389
339 346
339 347
339 369
339 372
339 390
339 396
340 371
340 388
340 390
341 349
341 352
341 358
341 373
341 377
341 397
342 365
342 366
342 372
342 385
343 371
343 399
344 351
344 386
344 390
345 353
345 360
345 388
345 392
346 357
346 365
346 372
346 374
347 361
347 390
347 394
348 356
348 391
348 395
349 354
349 369
349 370
349 376
349 379
349 381
349 391
350 351
350 371
351 359
351 369
352 379
352 396
353 360
353 368
353 369
353 395
353 399
354 357
354 361
354 366
354 368
354 380
354 391
354 392
355 372
355 386
356 358
356 380
357 386
357 395
357 396
358 367
358 370
359 370
359 372
359 380
359 391
359 399
360 371
360 374
361 375
361 385
361 393
362 367
362 376
362 378
363 377
364 365
364 370
364 399
365 372
366 370
367 377
367 385
367 390
367 395
368 381
370 372
370 393
372 379
374 377
374 392
374 397
375 377
375 394
375 397
375 398
376 393
377 386
377 391
378 392
382 387
383 394
384 391
384 396
385 395
385 396
386 392
387 395
387 398
392 399
393 398
