400 4901 0.8
0 13
0 14
0 48
0 65
0 95
0 121
0 124
0 146
0 158
0 170
0 215
0 227
0 229
0 243
0 255
0 285
0 317
0 326
0 338
0 353
0 364
1 19
1 47
1 56
1 61
1 72
1 83
1 88
1 94
1 103
1 118
1 124
1 125
1 141
1 148
1 149
1 152
1 156
1 199
1 225
1 230
1 248
1 267
1 268
1 288
1 295
1 318
1 326
1 348
1 349
2 5
2 8
2 22
2 29
2 47
2 60
2 83
2 122
2 127
2 141
2 151
2 159
2 172
2 200
2 211
2 225
2 233
2 264
2 266
2 280
2 281
2 299
2 310
2 313
2 356
2 359
2 391
3 36
3 49
3 66
3 72
3 85
3 91
3 100
3 125
3 129
3 199
3 203
3 220
3 254
3 258
3 268
3 269
3 270
3 276
3 298
3 354
3 356
3 377
3 386
3 398
4 24
4 26
4 28
4 42
4 60
4 91
4 92
4 114
4 132
4 134
4 135
4 139
4 140
4 142
4 148
4 149
4 155
4 182
4 188
4 193
4 210
4 213
4 216
4 222
4 227
4 231
4 235
4 242
4 268
4 296
4 315
4 316
4 325
4 336
4 343
4 354
4 369
4 374
4 399
5 16
5 32
5 44
5 48
5 68
5 78
5 79
5 81
5 111
5 119
5 170
5 191
5 215
5 238
5 255
5 270
5 281
5 299
5 321
5 326
5 360
5 374
6 7
6 39
6 56
6 78
6 83
6 158
6 162
6 164
6 170
6 187
6 198
6 201
6 225
6 244
6 245
6 262
6 272
6 331
6 333
6 341
6 390
7 25
7 28
7 31
7 44
7 56
7 61
7 67
7 106
7 124
7 128
7 190
7 200
7 205
7 210
7 220
7 222
7 242
7 253
7 282
7 287
7 339
7 350
7 366
7 371
7 377
7 378
8 13
8 21
8 45
8 75
8 83
8 99
8 108
8 119
8 171
8 175
8 187
8 190
8 196
8 211
8 231
8 243
8 247
8 271
8 275
8 293
8 300
8 307
8 318
8 374
8 380
8 384
9 17
9 47
9 53
9 60
9 63
9 93
9 106
9 138
9 154
9 157
9 174
9 185
9 187
9 205
9 207
9 211
9 220
9 222
9 234
9 293
9 301
9 308
9 342
9 345
9 356
9 368
10 25
10 33
10 41
10 108
10 114
10 137
10 145
10 151
10 154
10 159
10 161
10 184
10 226
10 235
10 266
10 328
10 337
10 362
10 365
11 12
11 17
11 26
11 39
11 50
11 54
11 70
11 80
11 82
11 106
11 140
11 155
11 157
11 173
11 188
11 189
11 197
11 206
11 218
11 233
11 234
11 235
11 242
11 268
11 270
11 294
11 302
11 320
11 328
11 332
12 16
12 35
12 45
12 82
12 89
12 99
12 117
12 122
12 130
12 142
12 147
12 168
12 183
12 186
12 207
12 212
12 216
12 258
12 264
12 271
12 291
12 294
12 323
12 334
12 341
12 379
13 16
13 47
13 51
13 57
13 68
13 93
13 109
13 110
13 114
13 120
13 136
13 149
13 164
13 170
13 177
13 186
13 200
13 208
13 212
13 249
13 254
13 259
13 271
13 275
13 292
13 306
13 307
13 311
13 312
13 318
13 350
13 394
13 395
13 399
14 17
14 27
14 29
14 43
14 55
14 78
14 84
14 92
14 94
14 117
14 130
14 174
14 177
14 180
14 188
14 223
14 239
14 259
14 263
14 279
14 291
14 343
14 361
14 377
15 43
15 58
15 89
15 101
15 113
15 114
15 131
15 142
15 185
15 197
15 202
15 217
15 218
15 237
15 280
15 296
15 305
15 358
15 363
15 367
15 390
15 397
16 17
16 22
16 39
16 46
16 57
16 58
16 71
16 116
16 123
16 124
16 130
16 165
16 190
16 230
16 260
16 278
16 293
16 330
16 363
16 394
16 398
17 19
17 29
17 39
17 42
17 52
17 62
17 80
17 88
17 98
17 125
17 138
17 139
17 174
17 177
17 197
17 220
17 222
17 240
17 251
17 273
17 276
17 302
17 318
17 320
17 327
17 329
17 397
18 60
18 72
18 89
18 97
18 100
18 101
18 113
18 125
18 142
18 156
18 162
18 175
18 187
18 221
18 286
18 293
18 295
18 319
18 338
18 340
18 371
18 391
19 50
19 51
19 68
19 121
19 137
19 140
19 155
19 188
19 194
19 217
19 241
19 255
19 281
19 295
19 296
19 341
19 343
19 359
19 372
19 383
19 388
20 49
20 62
20 99
20 141
20 174
20 274
20 278
20 286
20 305
20 322
20 349
20 357
20 366
20 368
20 374
21 23
21 49
21 57
21 71
21 83
21 97
21 104
21 141
21 207
21 238
21 242
21 244
21 250
21 252
21 255
21 284
21 285
21 313
21 325
21 337
21 339
21 354
22 35
22 58
22 87
22 93
22 97
22 119
22 159
22 167
22 199
22 201
22 224
22 228
22 241
22 257
22 266
22 293
22 319
22 339
22 366
22 382
23 62
23 69
23 110
23 117
23 129
23 165
23 178
23 181
23 183
23 193
23 261
23 280
23 313
23 320
23 322
23 363
23 366
23 378
23 379
23 380
23 387
23 395
24 36
24 66
24 99
24 106
24 144
24 151
24 182
24 195
24 197
24 200
24 201
24 203
24 215
24 221
24 223
24 226
24 230
24 254
24 261
24 279
24 289
24 292
24 336
24 351
24 370
24 397
25 29
25 31
25 32
25 34
25 66
25 79
25 111
25 136
25 146
25 147
25 148
25 205
25 311
25 312
25 313
25 353
25 369
25 379
26 35
26 93
26 105
26 108
26 118
26 126
26 145
26 152
26 181
26 182
26 194
26 231
26 259
26 285
26 293
26 296
26 320
26 331
26 350
26 357
26 380
26 385
26 393
27 119
27 125
27 132
27 136
27 174
27 187
27 221
27 222
27 247
27 258
27 266
27 269
27 337
27 348
27 354
27 359
27 362
27 372
28 35
28 36
28 41
28 52
28 65
28 66
28 72
28 78
28 95
28 98
28 113
28 116
28 122
28 133
28 135
28 142
28 168
28 192
28 230
28 256
28 269
28 272
28 275
28 288
28 320
28 357
28 366
28 381
29 35
29 51
29 69
29 74
29 82
29 91
29 103
29 107
29 111
29 131
29 198
29 213
29 225
29 235
29 250
29 270
29 292
29 303
29 316
29 319
29 323
29 324
29 336
29 350
29 388
29 398
30 68
30 99
30 119
30 130
30 139
30 164
30 187
30 195
30 213
30 286
30 329
30 353
30 360
30 370
30 388
31 37
31 38
31 45
31 48
31 65
31 89
31 94
31 124
31 134
31 149
31 187
31 189
31 205
31 236
31 255
31 256
31 299
31 302
31 319
31 338
31 350
31 372
31 378
32 57
32 59
32 65
32 87
32 93
32 94
32 118
32 127
32 179
32 204
32 247
32 259
32 269
32 299
32 307
32 334
32 354
32 362
32 369
33 39
33 101
33 104
33 143
33 168
33 189
33 197
33 198
33 210
33 221
33 234
33 239
33 242
33 259
33 265
33 276
33 284
33 286
33 291
33 300
33 320
33 352
33 356
33 370
33 377
33 396
34 51
34 76
34 116
34 169
34 175
34 202
34 243
34 268
34 288
34 293
34 324
34 331
34 338
34 345
34 360
34 368
35 46
35 103
35 115
35 142
35 163
35 200
35 234
35 265
35 268
35 269
35 278
35 283
35 313
35 319
35 343
35 382
35 389
35 391
35 393
36 62
36 70
36 108
36 171
36 173
36 183
36 189
36 211
36 227
36 259
36 288
36 296
36 333
36 398
37 40
37 42
37 45
37 59
37 64
37 65
37 111
37 119
37 129
37 139
37 143
37 152
37 158
37 200
37 204
37 218
37 222
37 256
37 279
37 294
37 341
37 367
37 375
38 70
38 76
38 124
38 136
38 147
38 150
38 153
38 162
38 165
38 166
38 180
38 181
38 186
38 190
38 216
38 231
38 232
38 257
38 260
38 291
38 305
38 307
38 347
38 393
38 394
39 47
39 63
39 75
39 102
39 147
39 181
39 188
39 196
39 206
39 244
39 264
39 272
39 275
39 279
39 284
39 290
39 296
39 318
40 103
40 133
40 174
40 214
40 215
40 216
40 246
40 264
40 276
40 314
40 318
40 322
40 329
40 339
40 347
40 364
40 379
40 388
41 52
41 64
41 83
41 98
41 103
41 141
41 159
41 196
41 201
41 240
41 251
41 254
41 289
41 293
41 294
41 303
41 325
41 344
41 365
41 378
41 383
41 393
42 57
42 61
42 71
42 85
42 112
42 144
42 148
42 154
42 156
42 158
42 193
42 205
42 222
42 229
42 233
42 234
42 279
42 280
42 299
42 300
42 308
42 314
42 317
42 323
42 335
42 367
42 369
42 384
43 63
43 85
43 89
43 119
43 154
43 165
43 192
43 201
43 203
43 216
43 226
43 228
43 234
43 257
43 264
43 282
43 284
43 304
43 329
43 340
43 366
43 384
43 385
43 395
43 398
44 49
44 50
44 55
44 70
44 98
44 130
44 133
44 143
44 168
44 182
44 209
44 216
44 220
44 230
44 254
44 263
44 279
44 293
44 345
44 351
44 360
44 363
44 369
45 82
45 108
45 126
45 134
45 142
45 149
45 152
45 171
45 184
45 193
45 196
45 215
45 222
45 226
45 229
45 233
45 300
45 307
45 308
45 320
45 337
45 361
45 372
45 374
45 378
46 49
46 62
46 87
46 103
46 122
46 129
46 135
46 161
46 164
46 171
46 177
46 206
46 224
46 232
46 260
46 262
46 288
46 322
46 329
46 334
46 342
46 399
47 50
47 65
47 83
47 85
47 89
47 124
47 128
47 145
47 151
47 160
47 168
47 217
47 219
47 235
47 262
47 263
47 271
47 276
47 294
47 308
47 332
47 337
48 52
48 53
48 67
48 81
48 114
48 124
48 150
48 161
48 168
48 175
48 181
48 209
48 213
48 227
48 277
48 288
48 292
48 301
48 313
48 326
48 341
48 381
49 57
49 79
49 140
49 154
49 215
49 220
49 263
49 264
49 276
49 277
49 285
49 286
49 305
49 313
49 334
49 340
49 348
49 361
49 365
49 377
49 382
49 392
50 72
50 82
50 84
50 89
50 99
50 113
50 116
50 132
50 135
50 142
50 152
50 161
50 188
50 199
50 249
50 267
50 270
50 286
50 288
50 316
50 329
50 362
50 364
50 368
51 100
51 105
51 118
51 140
51 147
51 164
51 165
51 189
51 225
51 237
51 241
51 279
51 289
51 314
51 357
51 365
51 376
52 56
52 65
52 68
52 78
52 91
52 93
52 96
52 129
52 138
52 142
52 147
52 150
52 155
52 214
52 218
52 228
52 256
52 272
52 303
52 311
52 322
52 330
52 333
52 342
52 364
52 382
52 398
53 68
53 72
53 78
53 79
53 80
53 94
53 138
53 147
53 148
53 151
53 199
53 224
53 225
53 241
53 293
53 294
53 299
53 301
53 307
53 319
53 322
53 326
53 360
53 387
54 93
54 97
54 114
54 133
54 163
54 207
54 209
54 213
54 236
54 266
54 272
54 273
54 282
54 296
54 315
54 345
54 355
54 359
54 367
54 375
55 182
55 218
55 219
55 235
55 271
55 273
55 277
55 278
55 299
55 301
55 309
55 317
55 336
55 351
55 357
55 380
55 394
56 68
56 69
56 87
56 101
56 108
56 147
56 151
56 177
56 187
56 192
56 202
56 210
56 241
56 255
56 288
56 319
56 329
56 341
56 354
56 361
57 97
57 98
57 118
57 128
57 148
57 151
57 162
57 168
57 169
57 174
57 199
57 221
57 223
57 225
57 229
57 233
57 238
57 244
57 260
57 266
57 284
57 307
57 314
57 333
57 335
57 336
57 349
57 362
57 370
57 373
58 86
58 124
58 136
58 172
58 181
58 196
58 212
58 221
58 224
58 240
58 260
58 274
58 282
58 299
58 313
58 335
58 340
58 360
58 368
58 371
58 387
58 395
59 66
59 68
59 99
59 100
59 123
59 128
59 145
59 157
59 176
59 208
59 221
59 223
59 275
59 290
59 315
59 319
59 336
59 340
59 363
59 377
60 73
60 76
60 78
60 79
60 81
60 123
60 136
60 147
60 152
60 163
60 204
60 210
60 230
60 241
60 353
60 371
60 378
60 379
60 384
61 67
61 96
61 128
61 138
61 142
61 176
61 187
61 193
61 195
61 204
61 241
61 252
61 255
61 276
61 290
61 296
61 321
61 323
61 344
61 383
62 70
62 86
62 91
62 94
62 105
62 112
62 115
62 145
62 156
62 228
62 229
62 258
62 259
62 281
62 297
62 332
62 342
62 379
62 385
62 392
63 66
63 87
63 92
63 108
63 109
63 128
63 149
63 150
63 162
63 192
63 199
63 209
63 213
63 252
63 271
63 272
63 273
63 284
63 342
63 356
63 378
63 381
63 389
63 390
64 147
64 195
64 204
64 216
64 226
64 248
64 259
64 274
64 277
64 290
64 318
64 323
64 325
64 334
64 346
64 351
64 365
65 78
65 89
65 96
65 100
65 113
65 131
65 157
65 161
65 170
65 186
65 190
65 194
65 294
65 301
65 311
65 330
65 339
65 342
65 353
65 359
65 380
65 387
66 68
66 102
66 107
66 113
66 148
66 152
66 159
66 166
66 172
66 190
66 206
66 213
66 218
66 223
66 240
66 243
66 256
66 278
66 319
66 328
66 337
66 386
66 389
66 390
67 79
67 81
67 82
67 90
67 106
67 111
67 119
67 136
67 160
67 217
67 222
67 223
67 262
67 300
67 302
67 303
67 347
67 374
67 383
68 80
68 99
68 139
68 168
68 182
68 198
68 214
68 236
68 243
68 273
68 291
68 308
68 340
68 342
68 368
68 379
68 381
68 390
68 395
69 77
69 96
69 133
69 150
69 199
69 213
69 221
69 234
69 296
69 297
69 313
69 314
69 323
69 326
69 335
69 385
69 397
70 83
70 112
70 115
70 129
70 131
70 146
70 150
70 167
70 174
70 176
70 181
70 215
70 219
70 229
70 251
70 267
70 276
70 284
70 298
70 299
70 342
70 361
70 369
70 370
70 390
71 83
71 98
71 129
71 139
71 142
71 152
71 159
71 160
71 169
71 185
71 187
71 194
71 201
71 205
71 212
71 223
71 241
71 251
71 256
71 266
71 274
71 277
71 291
71 307
71 316
71 340
71 351
71 356
71 383
71 385
71 392
72 79
72 83
72 96
72 100
72 130
72 157
72 160
72 209
72 225
72 232
72 259
72 268
72 277
72 302
72 303
72 326
72 343
72 350
72 361
72 362
72 366
73 75
73 106
73 112
73 119
73 175
73 177
73 181
73 185
73 200
73 223
73 225
73 242
73 266
73 303
73 312
73 315
73 328
73 376
74 79
74 106
74 135
74 147
74 164
74 188
74 207
74 212
74 222
74 231
74 250
74 262
74 282
74 286
74 292
74 305
74 321
74 325
74 348
74 369
74 372
74 380
74 383
75 103
75 134
75 136
75 156
75 161
75 174
75 180
75 196
75 211
75 212
75 237
75 244
75 254
75 264
75 303
75 334
75 355
75 361
75 363
75 366
75 375
75 384
75 395
76 118
76 154
76 174
76 181
76 182
76 202
76 205
76 209
76 235
76 261
76 302
76 304
76 308
76 333
76 355
76 364
76 390
76 399
77 93
77 95
77 98
77 109
77 114
77 115
77 124
77 168
77 176
77 181
77 221
77 256
77 265
77 281
77 310
77 311
77 318
77 324
77 333
77 343
77 375
77 382
77 389
78 101
78 109
78 126
78 143
78 229
78 233
78 250
78 324
78 337
78 344
78 360
79 179
79 185
79 188
79 232
79 238
79 249
79 255
79 279
79 320
79 363
79 365
79 383
79 390
80 81
80 82
80 94
80 159
80 174
80 183
80 187
80 188
80 192
80 200
80 246
80 281
80 283
80 296
80 309
80 313
80 334
80 340
80 383
81 84
81 139
81 142
81 154
81 156
81 179
81 193
81 204
81 211
81 212
81 216
81 235
81 241
81 257
81 261
81 276
81 288
81 309
81 321
81 322
81 339
81 342
82 86
82 100
82 128
82 213
82 229
82 231
82 239
82 283
82 285
82 307
82 315
82 332
82 358
82 365
82 398
83 112
83 115
83 124
83 128
83 138
83 154
83 174
83 177
83 218
83 238
83 246
83 249
83 261
83 265
83 278
83 282
83 353
83 398
84 93
84 102
84 113
84 142
84 144
84 174
84 183
84 191
84 231
84 238
84 242
84 252
84 257
84 263
84 281
84 284
84 292
84 300
84 316
84 318
84 335
84 347
84 358
84 359
84 386
85 91
85 116
85 129
85 140
85 180
85 193
85 217
85 224
85 230
85 235
85 251
85 258
85 270
85 278
85 299
85 311
85 313
85 321
85 342
85 349
85 363
85 381
85 397
85 398
86 94
86 102
86 141
86 194
86 296
86 309
86 331
86 338
86 343
86 365
86 381
87 98
87 136
87 143
87 163
87 174
87 185
87 186
87 188
87 211
87 235
87 245
87 253
87 259
87 263
87 264
87 346
87 349
87 356
87 397
88 92
88 97
88 104
88 112
88 122
88 157
88 158
88 215
88 225
88 253
88 278
88 285
88 288
88 326
88 338
88 358
88 373
88 397
89 91
89 94
89 99
89 122
89 141
89 149
89 175
89 211
89 220
89 239
89 266
89 286
89 307
89 311
89 332
89 359
89 371
89 372
89 385
90 107
90 121
90 159
90 160
90 179
90 223
90 248
90 252
90 255
90 260
90 264
90 280
90 294
90 339
90 359
90 365
90 370
90 373
90 374
90 378
91 92
91 121
91 124
91 136
91 142
91 155
91 162
91 163
91 165
91 177
91 198
91 199
91 202
91 256
91 305
91 313
91 328
91 329
91 334
91 360
91 368
91 369
91 370
91 372
91 383
92 100
92 173
92 194
92 286
92 287
92 303
92 306
92 310
92 329
92 350
92 359
92 361
93 113
93 133
93 140
93 193
93 209
93 228
93 233
93 288
93 296
93 303
93 314
93 316
93 324
93 331
93 344
93 364
93 385
94 105
94 115
94 135
94 138
94 178
94 179
94 180
94 183
94 189
94 219
94 228
94 252
94 272
94 276
94 281
94 306
94 348
94 353
94 376
94 383
95 133
95 143
95 155
95 161
95 164
95 166
95 173
95 205
95 227
95 241
95 257
95 261
95 281
95 282
95 288
95 306
95 312
95 333
95 350
95 376
95 381
95 388
95 396
96 107
96 125
96 138
96 177
96 178
96 182
96 189
96 190
96 213
96 219
96 229
96 259
96 265
96 271
96 273
96 281
96 283
96 285
96 289
96 308
96 334
96 368
96 375
96 377
96 379
97 121
97 125
97 130
97 134
97 141
97 158
97 173
97 174
97 197
97 209
97 220
97 237
97 245
97 251
97 275
97 301
97 353
97 360
98 124
98 149
98 155
98 179
98 202
98 218
98 228
98 230
98 280
98 299
98 335
98 374
99 116
99 125
99 131
99 164
99 169
99 175
99 199
99 201
99 230
99 251
99 265
99 266
99 307
99 309
99 314
99 315
99 330
99 336
99 354
99 356
99 372
99 389
100 143
100 191
100 222
100 242
100 261
100 273
100 277
100 299
100 307
100 363
100 367
101 110
101 124
101 162
101 164
101 168
101 174
101 180
101 185
101 191
101 207
101 225
101 227
101 229
101 250
101 278
101 293
101 300
101 304
101 319
101 329
101 340
101 351
101 379
102 151
102 169
102 191
102 214
102 219
102 234
102 259
102 261
102 264
102 283
102 289
102 310
102 337
102 345
102 360
102 371
103 113
103 115
103 117
103 121
103 152
103 179
103 191
103 192
103 207
103 233
103 234
103 267
103 278
103 317
103 333
103 338
103 365
103 371
103 399
104 107
104 113
104 117
104 138
104 140
104 143
104 144
104 170
104 174
104 209
104 306
104 328
104 341
104 356
104 363
104 377
104 390
104 398
105 156
105 172
105 198
105 228
105 237
105 252
105 254
105 272
105 274
105 334
105 346
105 354
105 364
105 368
106 137
106 166
106 173
106 239
106 257
106 275
106 280
106 295
106 308
106 327
106 334
106 352
106 380
107 115
107 134
107 168
107 185
107 190
107 222
107 224
107 237
107 244
107 263
107 286
107 290
107 304
107 309
107 312
107 315
107 316
107 320
107 323
107 326
107 350
107 352
107 356
107 378
107 398
108 117
108 154
108 204
108 205
108 221
108 235
108 254
108 258
108 262
108 266
108 281
108 316
108 330
108 338
108 359
108 363
109 111
109 125
109 128
109 134
109 147
109 154
109 173
109 185
109 189
109 193
109 239
109 243
109 244
109 247
109 248
109 291
109 295
109 335
109 338
109 344
109 358
109 366
109 367
109 369
110 121
110 123
110 139
110 141
110 151
110 164
110 170
110 171
110 187
110 210
110 218
110 239
110 243
110 265
110 287
110 306
110 307
110 320
110 328
110 334
110 337
110 359
110 377
110 395
111 148
111 160
111 165
111 190
111 201
111 244
111 272
111 280
111 283
111 299
111 305
111 355
111 360
111 361
111 369
111 380
111 392
111 395
112 141
112 161
112 178
112 227
112 240
112 243
112 244
112 247
112 253
112 278
112 319
112 336
112 337
112 353
112 379
113 134
113 143
113 153
113 183
113 186
113 199
113 232
113 242
113 243
113 261
113 263
113 276
113 279
113 284
113 323
113 334
113 361
113 397
114 124
114 125
114 126
114 131
114 147
114 160
114 165
114 187
114 226
114 245
114 298
114 307
114 333
114 345
114 396
115 122
115 130
115 172
115 176
115 203
115 228
115 243
115 263
115 276
115 302
115 310
115 313
115 314
115 315
115 322
115 379
115 393
116 141
116 161
116 198
116 215
116 226
116 248
116 253
116 257
116 264
116 311
116 348
116 355
116 375
116 377
117 121
117 130
117 146
117 160
117 165
117 169
117 180
117 193
117 206
117 214
117 216
117 236
117 259
117 277
117 278
117 298
117 315
117 329
117 395
118 140
118 142
118 155
118 199
118 222
118 227
118 230
118 253
118 255
118 266
118 282
118 285
118 288
118 298
118 309
118 320
118 321
118 334
118 369
118 376
118 382
118 389
118 394
119 120
119 143
119 147
119 158
119 188
119 198
119 206
119 211
119 230
119 234
119 276
119 277
119 280
119 292
119 294
119 300
119 306
119 318
119 320
119 332
119 348
120 122
120 124
120 125
120 138
120 223
120 228
120 281
120 298
120 320
120 331
120 353
120 356
120 358
120 377
120 387
120 397
121 130
121 145
121 171
121 182
121 203
121 251
121 280
121 294
121 301
121 308
121 310
121 337
121 355
121 371
121 384
121 391
122 158
122 172
122 203
122 246
122 264
122 270
122 284
122 309
122 337
122 366
122 377
122 398
123 124
123 135
123 141
123 142
123 147
123 152
123 158
123 185
123 191
123 192
123 194
123 275
123 278
123 309
123 330
123 334
123 337
123 375
123 387
124 128
124 136
124 138
124 145
124 163
124 175
124 195
124 211
124 221
124 251
124 265
124 266
124 271
124 287
124 325
124 349
124 350
124 355
125 137
125 139
125 159
125 173
125 201
125 209
125 211
125 219
125 228
125 236
125 271
125 289
125 290
125 291
125 311
125 312
125 316
125 339
125 368
125 369
125 378
126 159
126 164
126 166
126 167
126 175
126 214
126 233
126 257
126 263
126 266
126 276
126 310
126 349
126 356
127 134
127 135
127 179
127 186
127 204
127 230
127 234
127 236
127 242
127 249
127 254
127 287
127 340
127 352
127 375
127 377
128 135
128 175
128 203
128 210
128 215
128 230
128 266
128 278
128 282
128 288
128 315
128 320
128 327
128 346
128 362
128 372
128 382
129 137
129 141
129 142
129 143
129 153
129 201
129 202
129 223
129 225
129 253
129 260
129 302
129 323
129 337
129 340
129 359
129 378
129 379
130 132
130 134
130 139
130 202
130 226
130 230
130 247
130 307
130 318
130 328
130 335
130 344
130 345
130 349
130 353
130 381
130 390
131 133
131 136
131 138
131 148
131 166
131 285
131 291
131 309
131 331
131 372
132 138
132 139
132 145
132 152
132 195
132 208
132 226
132 235
132 260
132 261
132 280
132 303
132 317
132 322
132 329
132 360
132 387
133 162
133 166
133 190
133 201
133 202
133 214
133 219
133 243
133 255
133 264
133 274
133 276
133 289
133 313
133 323
133 333
133 334
133 349
133 355
133 376
133 384
134 138
134 139
134 147
134 175
134 196
134 202
134 206
134 224
134 228
134 249
134 259
134 277
134 328
134 337
134 379
134 394
135 138
135 141
135 145
135 165
135 171
135 200
135 217
135 253
135 271
135 277
135 304
135 325
135 343
135 347
135 373
135 388
136 157
136 193
136 201
136 211
136 229
136 231
136 248
136 274
136 285
136 294
136 307
136 308
136 348
136 353
136 360
136 373
137 153
137 168
137 187
137 191
137 199
137 224
137 273
137 304
137 323
137 333
137 349
137 356
137 360
137 362
137 383
137 384
137 393
138 143
138 147
138 153
138 157
138 176
138 184
138 188
138 190
138 194
138 266
138 274
138 281
138 310
138 314
138 330
138 358
138 371
138 379
138 384
138 390
138 391
139 152
139 163
139 168
139 177
139 178
139 181
139 192
139 198
139 202
139 210
139 269
139 279
139 295
139 319
139 321
139 325
139 329
139 364
139 366
139 367
139 398
140 160
140 169
140 176
140 194
140 195
140 217
140 218
140 237
140 251
140 290
140 297
140 298
140 319
140 349
141 169
141 201
141 249
141 260
141 269
141 344
141 346
141 358
141 365
141 387
141 397
142 149
142 152
142 154
142 196
142 236
142 247
142 261
142 276
142 306
142 350
142 351
143 149
143 212
143 235
143 239
143 253
143 275
143 338
143 342
143 389
143 393
144 161
144 172
144 177
144 188
144 193
144 232
144 247
144 251
144 278
144 298
144 322
144 334
144 345
144 354
144 358
145 146
145 150
145 187
145 198
145 230
145 233
145 240
145 252
145 267
145 276
145 287
145 294
145 307
145 310
145 381
146 154
146 156
146 158
146 162
146 167
146 196
146 285
146 305
146 323
146 343
146 344
146 349
146 367
146 381
146 390
147 153
147 154
147 162
147 164
147 182
147 238
147 248
147 251
147 284
147 294
147 305
147 315
147 320
147 353
147 370
147 396
148 159
148 163
148 176
148 196
148 205
148 219
148 242
148 263
148 275
148 298
148 302
148 332
148 357
148 371
148 391
148 395
149 170
149 187
149 191
149 201
149 205
149 220
149 233
149 239
149 243
149 246
149 266
149 304
149 311
149 315
149 337
149 338
149 344
149 358
149 362
149 380
149 384
149 396
149 397
150 170
150 184
150 219
150 235
150 268
150 269
150 277
150 283
150 300
150 356
150 375
150 381
150 389
151 181
151 191
151 199
151 291
151 307
151 315
151 341
151 373
151 386
152 166
152 256
152 269
152 277
152 295
152 300
152 307
152 311
152 314
152 325
152 326
152 347
152 354
152 362
152 366
153 155
153 163
153 164
153 194
153 206
153 210
153 219
153 223
153 229
153 243
153 270
153 293
153 296
153 327
153 388
153 389
154 190
154 219
154 232
154 264
154 267
154 268
154 277
154 304
154 309
154 337
154 376
155 157
155 180
155 202
155 233
155 252
155 272
155 275
155 277
155 284
155 300
155 317
155 320
155 327
155 381
155 384
155 385
156 182
156 212
156 215
156 218
156 223
156 228
156 235
156 260
156 265
156 268
156 314
156 323
156 330
156 336
156 338
156 341
156 356
156 380
156 389
157 215
157 220
157 223
157 268
157 273
157 297
157 326
157 340
157 352
157 374
157 375
157 387
157 399
158 168
158 174
158 179
158 208
158 212
158 215
158 255
158 271
158 281
158 312
158 318
158 366
159 180
159 204
159 206
159 209
159 213
159 230
159 251
159 267
159 268
159 283
159 290
159 300
159 310
159 315
159 341
159 346
159 348
159 349
159 362
160 185
160 191
160 221
160 222
160 230
160 240
160 252
160 266
160 280
160 285
160 286
160 295
160 298
160 300
160 336
160 351
160 359
161 176
161 188
161 202
161 222
161 251
161 281
161 300
161 306
161 315
161 317
161 318
161 336
161 343
161 344
161 347
161 363
161 365
161 379
161 385
161 395
162 172
162 177
162 206
162 213
162 229
162 237
162 252
162 279
162 304
162 309
162 310
162 316
162 322
162 363
162 372
162 378
162 384
163 171
163 172
163 194
163 215
163 217
163 221
163 225
163 237
163 249
163 253
163 270
163 292
163 306
163 331
163 335
163 344
163 377
163 386
163 394
164 172
164 202
164 207
164 217
164 252
164 295
164 323
164 333
164 336
164 361
164 365
164 377
164 394
164 398
165 178
165 180
165 184
165 189
165 190
165 195
165 225
165 234
165 241
165 253
165 258
165 260
165 262
165 279
165 310
165 347
165 355
165 399
166 214
166 223
166 224
166 235
166 241
166 242
166 268
166 275
166 284
166 316
166 321
166 357
166 363
167 168
167 171
167 190
167 194
167 227
167 229
167 273
167 287
167 308
167 368
168 172
168 186
168 187
168 188
168 218
168 221
168 228
168 255
168 270
168 290
168 299
168 309
168 324
168 330
168 349
168 391
168 397
169 220
169 234
169 260
169 277
169 281
169 282
169 296
169 297
169 311
169 332
169 344
169 394
169 399
170 179
170 190
170 220
170 243
170 274
170 302
170 303
170 364
170 380
170 389
170 391
171 172
171 247
171 261
171 304
171 307
171 313
171 344
171 352
171 368
171 378
171 393
171 394
172 184
172 186
172 195
172 197
172 212
172 232
172 264
172 267
172 277
172 290
172 296
172 298
172 306
172 340
172 345
172 355
172 366
172 367
172 377
172 379
172 394
173 231
173 246
173 248
173 255
173 264
173 268
173 363
173 393
174 178
174 230
174 237
174 245
174 256
174 257
174 285
174 289
174 292
174 294
174 295
174 333
174 378
174 389
174 394
175 178
175 193
175 198
175 216
175 231
175 239
175 249
175 257
175 270
175 277
175 279
175 305
175 312
175 320
175 323
175 328
175 339
175 357
175 369
175 370
175 378
176 248
176 258
176 260
176 262
176 273
176 276
176 290
176 304
176 309
177 180
177 212
177 248
177 268
177 291
177 296
177 310
177 331
177 332
177 333
177 361
177 388
177 389
177 390
177 394
178 179
178 207
178 222
178 261
178 272
178 277
178 284
178 288
178 302
178 312
178 335
178 350
178 364
178 365
178 396
179 192
179 209
179 223
179 234
179 238
179 240
179 245
179 256
179 267
179 278
179 294
179 301
179 334
179 372
179 392
179 399
180 187
180 202
180 220
180 242
180 245
180 270
180 272
180 277
180 280
180 293
180 294
180 309
180 325
180 328
180 354
181 207
181 228
181 240
181 268
181 279
181 314
181 324
181 325
181 329
181 331
181 332
181 368
182 214
182 234
182 253
182 256
182 265
182 298
182 315
182 318
182 331
182 340
182 343
182 395
183 184
183 188
183 212
183 213
183 229
183 234
183 244
183 312
183 318
183 319
183 329
183 336
183 360
183 365
183 371
184 206
184 228
184 245
184 269
184 282
184 302
184 308
184 309
184 324
184 329
184 340
184 373
184 379
184 382
185 210
185 222
185 245
185 281
185 306
185 315
185 320
185 323
185 383
185 388
185 392
186 214
186 222
186 235
186 245
186 265
186 294
186 307
186 324
186 329
186 336
186 343
186 350
186 379
186 389
186 395
187 189
187 198
187 205
187 261
187 329
187 334
187 339
187 395
188 252
188 261
188 272
188 277
188 282
188 311
188 320
188 333
188 371
188 395
188 398
189 197
189 206
189 241
189 248
189 259
189 268
189 301
189 307
189 310
189 311
189 352
189 353
189 378
189 380
189 387
190 215
190 247
190 255
190 311
190 322
190 329
190 342
190 349
190 351
191 209
191 219
191 227
191 232
191 240
191 251
191 258
191 266
191 309
191 319
191 336
191 361
191 374
191 377
191 386
192 283
192 320
192 329
192 331
192 343
192 369
192 380
192 387
193 194
193 219
193 224
193 229
193 233
193 259
193 280
193 292
193 299
193 325
193 337
193 340
193 352
193 359
193 387
193 394
194 232
194 234
194 238
194 282
194 313
194 339
194 345
194 346
194 353
194 384
195 233
195 237
195 247
195 261
195 283
195 286
195 287
195 307
195 321
195 330
195 359
195 361
195 365
195 395
196 199
196 228
196 230
196 257
196 282
196 285
196 286
196 287
196 297
196 307
196 315
196 394
197 226
197 227
197 247
197 260
197 277
197 287
197 318
197 330
197 345
197 357
197 358
197 365
197 376
197 393
198 219
198 229
198 263
198 286
198 309
198 317
198 341
198 342
198 346
198 347
198 371
198 373
199 238
199 313
199 329
199 352
199 376
199 395
200 237
200 239
200 264
200 290
200 303
200 315
200 316
200 317
200 344
200 351
200 352
200 354
200 356
200 393
201 211
201 241
201 279
201 287
201 302
201 308
201 313
201 320
201 348
201 349
201 352
201 372
201 386
201 393
202 212
202 258
202 285
202 288
202 289
202 321
202 325
202 336
202 373
202 388
203 209
203 222
203 226
203 235
203 240
203 261
203 343
203 389
204 207
204 221
204 242
204 256
204 261
204 266
204 274
204 299
204 301
204 312
204 318
204 326
204 367
204 372
204 378
205 214
205 227
205 242
205 248
205 283
205 290
205 303
205 305
205 313
205 327
205 331
205 332
205 367
205 371
205 379
205 387
205 395
205 398
206 215
206 218
206 249
206 270
206 299
206 313
206 339
206 352
206 363
206 376
206 377
206 386
207 215
207 216
207 247
207 263
207 278
207 316
207 326
207 346
207 399
208 209
208 218
208 232
208 238
208 239
208 241
208 259
208 290
208 316
208 354
208 366
208 368
209 228
209 230
209 252
209 299
209 310
209 316
209 317
209 319
209 331
209 339
209 342
209 373
209 384
209 399
210 222
210 224
210 228
210 233
210 250
210 266
210 278
210 290
210 294
210 359
210 361
210 380
210 383
210 391
210 394
211 214
211 216
211 223
211 226
211 234
211 252
211 283
211 296
211 313
211 331
211 334
211 341
211 350
211 356
211 398
212 222
212 223
212 229
212 231
212 238
212 285
212 338
212 351
212 367
212 384
212 387
212 397
213 223
213 270
213 272
213 274
213 285
213 323
213 325
213 370
213 372
213 378
213 392
214 246
214 262
214 269
214 276
214 278
214 299
214 314
214 334
214 370
214 377
214 387
215 219
215 298
215 305
215 325
215 356
215 359
215 369
215 381
216 269
216 275
216 297
216 319
216 351
216 362
216 373
216 385
216 387
216 399
217 258
217 263
217 296
217 344
217 368
217 372
217 375
218 226
218 229
218 265
218 276
218 284
218 286
218 295
218 297
218 305
218 346
218 361
218 362
218 389
219 229
219 233
219 235
219 268
219 386
220 230
220 233
220 241
220 244
220 251
220 282
220 313
220 343
220 362
220 373
221 224
221 236
221 237
221 242
221 244
221 255
221 257
221 289
221 298
221 338
221 349
221 366
221 376
222 224
222 225
222 232
222 247
222 260
222 312
222 330
222 353
222 376
222 379
222 386
223 228
223 233
223 235
223 272
223 290
223 293
223 296
223 317
223 341
223 344
223 354
223 362
223 377
223 392
224 231
224 233
224 237
224 243
224 264
224 279
224 287
224 293
224 318
224 327
224 328
224 329
224 337
224 365
224 381
224 384
225 230
225 241
225 244
225 259
225 290
225 308
225 334
225 359
225 367
225 368
225 371
225 375
225 398
226 227
226 247
226 324
226 328
226 335
226 343
226 360
226 391
226 398
227 236
227 240
227 241
227 242
227 249
227 250
227 304
227 316
227 327
227 329
227 365
228 290
228 321
228 322
228 353
228 365
228 398
229 247
229 258
229 262
229 288
229 293
229 306
229 360
229 376
230 241
230 246
230 249
230 276
230 298
230 299
230 300
230 301
230 302
230 326
230 335
230 358
230 360
230 364
230 374
231 240
231 252
231 267
231 268
231 278
231 280
231 333
231 345
231 354
231 376
231 396
232 245
232 246
232 250
232 255
232 280
232 310
232 317
232 331
232 340
232 389
233 239
233 244
233 245
233 267
233 279
233 293
233 301
233 311
233 325
233 357
233 396
234 252
234 275
234 290
234 328
234 330
234 342
234 357
234 371
234 380
235 240
235 263
235 271
235 276
235 288
235 289
235 294
235 307
235 315
235 318
235 339
235 342
235 343
235 370
235 385
235 392
236 247
236 263
236 274
236 284
236 289
236 290
236 301
236 303
236 348
236 359
236 361
236 367
236 397
237 246
237 249
237 289
237 310
237 316
237 340
237 341
237 347
237 355
237 357
237 358
237 388
238 264
238 291
238 298
238 327
238 344
238 347
238 367
239 260
239 291
239 294
239 298
239 313
239 317
239 324
240 263
240 291
240 309
240 327
240 334
240 361
240 363
240 370
240 374
240 379
241 282
241 314
241 350
241 351
241 375
241 394
242 243
242 246
242 260
242 279
242 285
242 315
242 335
242 366
243 259
243 260
243 276
243 285
243 324
243 337
243 339
243 343
243 357
243 359
244 257
244 275
244 279
244 304
244 325
244 349
244 367
244 369
244 372
244 388
244 393
244 399
245 281
245 297
245 314
245 352
245 359
245 360
245 387
246 247
246 266
246 273
246 289
246 306
246 312
246 326
246 336
246 337
246 343
246 351
246 362
246 383
246 388
247 278
247 279
247 284
247 293
247 317
247 319
247 336
247 342
247 343
247 344
247 380
248 284
248 290
248 315
248 323
248 347
248 366
248 375
248 381
248 391
249 275
249 296
249 297
249 340
249 370
249 388
250 299
250 368
250 381
250 389
250 395
251 258
251 267
251 274
251 284
251 293
251 304
251 354
251 365
252 267
252 273
252 292
252 320
252 327
252 338
253 261
253 323
253 326
253 330
253 358
253 370
253 377
254 307
254 319
254 320
254 336
254 355
254 356
254 363
254 386
255 268
255 271
255 292
255 304
255 310
255 324
255 332
255 344
255 348
255 359
255 369
255 385
255 391
256 268
256 288
256 291
256 310
256 328
256 390
256 395
256 397
257 285
257 300
257 310
257 312
257 325
257 343
257 374
257 376
257 380
257 385
257 389
258 275
258 287
258 317
258 335
258 337
258 357
258 362
258 368
259 266
259 303
259 310
259 315
259 318
259 319
259 336
259 364
259 367
259 382
259 394
259 395
259 396
260 261
260 282
260 308
260 313
260 316
260 323
260 331
260 342
260 349
260 354
260 357
260 391
261 268
261 269
261 271
261 280
261 294
261 314
261 315
261 333
261 363
261 369
261 371
261 393
262 263
262 277
262 287
262 293
262 307
262 336
262 339
262 340
262 355
263 267
263 301
263 310
263 344
263 345
263 379
263 397
264 309
264 325
264 331
264 363
264 368
264 373
264 389
265 277
265 279
265 319
265 329
265 350
265 367
266 295
266 309
266 325
266 333
266 334
266 365
266 375
266 380
266 383
266 384
267 274
267 302
267 316
267 322
267 330
267 342
267 352
267 353
267 358
267 367
267 398
268 273
268 274
268 300
268 301
268 310
268 327
268 334
268 348
268 368
268 386
269 274
269 281
269 314
269 336
269 345
269 375
269 390
269 393
270 281
270 286
270 301
270 302
270 312
270 323
270 324
270 342
270 376
270 380
271 284
271 329
271 349
271 352
271 361
271 363
271 388
271 397
272 290
272 303
272 309
272 342
272 345
272 354
272 379
272 389
272 393
273 309
273 313
273 351
273 379
274 318
274 358
274 363
274 393
275 282
275 304
275 312
275 315
275 320
275 333
275 338
275 353
275 367
275 368
275 388
275 390
275 399
276 282
276 305
276 314
276 371
276 372
276 375
277 299
277 319
277 329
277 341
277 349
277 371
277 376
278 281
278 282
278 314
278 315
278 339
278 341
278 355
278 358
278 368
279 308
279 329
279 387
279 398
280 281
280 291
280 344
281 310
281 350
281 356
281 379
282 287
282 303
282 313
282 372
282 378
282 381
282 384
282 387
283 332
283 361
283 365
283 369
283 381
283 382
283 390
283 391
283 392
284 292
284 304
284 338
284 381
285 289
285 305
285 308
285 314
285 322
285 326
285 348
285 392
286 301
286 323
286 346
286 347
286 368
286 369
287 312
287 332
287 338
287 346
287 359
287 366
287 373
288 298
288 314
288 329
288 332
288 343
288 357
288 375
289 297
289 299
289 317
289 329
289 343
289 347
289 363
289 364
289 393
290 307
290 315
290 319
290 321
290 330
290 355
290 356
290 369
290 375
291 303
291 309
291 322
291 348
291 349
291 372
291 390
292 324
292 351
292 353
292 370
292 394
293 301
293 304
293 313
293 314
293 319
293 329
293 344
293 369
293 373
293 387
294 346
294 349
294 385
295 323
295 332
295 338
295 341
295 370
295 375
295 381
295 382
296 307
296 311
296 319
296 340
296 359
296 374
297 309
297 334
298 308
298 313
298 325
298 332
298 360
298 367
298 373
298 391
299 321
299 343
299 388
300 301
300 303
300 334
300 339
300 343
300 369
301 312
301 327
301 348
301 363
301 369
301 375
301 381
301 395
302 329
302 338
302 342
302 345
302 353
302 380
303 321
303 322
303 351
303 354
304 306
304 332
304 335
304 352
304 372
304 393
305 312
305 333
305 358
305 360
305 365
305 378
306 335
306 355
306 363
306 388
306 394
307 323
307 345
307 346
307 397
308 310
308 336
308 382
308 385
309 348
309 351
309 368
309 393
310 324
310 337
310 355
310 363
310 380
311 325
311 334
312 398
313 319
313 336
313 342
313 363
313 382
313 390
314 337
314 343
314 351
314 354
314 392
314 397
315 337
315 346
315 354
315 355
315 363
315 373
315 383
316 372
316 379
316 383
316 386
316 390
317 346
317 349
317 362
317 365
317 378
317 394
318 347
318 348
318 366
318 368
318 389
319 328
319 341
319 346
319 370
319 373
319 382
320 330
320 333
320 336
320 343
320 348
320 355
320 356
320 373
320 385
320 390
320 397
321 346
321 354
321 358
321 397
322 346
322 381
322 386
323 333
323 340
323 347
323 362
324 328
324 334
324 337
324 346
325 337
325 343
325 352
325 365
325 367
325 388
326 331
326 334
326 352
326 374
326 376
326 382
326 384
326 388
326 389
327 350
327 351
327 398
328 330
328 351
329 365
329 367
329 389
329 397
330 337
330 367
331 346
331 355
332 354
332 369
332 382
332 386
333 337
333 380
334 364
334 372
334 387
335 350
335 351
336 338
336 340
336 345
336 347
336 356
336 360
336 394
337 339
337 345
338 358
338 380
339 352
339 360
339 362
339 366
339 371
339 382
339 386
339 395
340 341
340 353
340 358
340 378
340 398
341 367
341 371
341 378
341 391
342 384
343 347
344 346
344 389
344 399
345 351
345 361
345 363
345 394
346 365
346 379
346 386
346 392
347 363
348 350
348 359
348 379
348 387
349 359
349 365
349 374
349 386
350 363
350 382
350 384
351 353
351 358
351 393
351 395
352 371
352 384
353 371
354 392
354 397
355 374
356 398
357 365
358 383
358 386
359 372
359 383
359 395
359 397
360 364
360 393
361 368
361 391
362 393
363 376
363 397
364 394
365 371
366 379
368 375
368 387
370 375
370 391
372 375
372 384
373 395
374 377
374 394
375 384
375 399
376 396
377 387
377 392
377 396
378 386
381 387
384 395
385 390
386 391
386 399
387 392
389 391
389 393
393 394
394 399
