100 296 0.5
0 19
0 20
0 22
0 40
0 52
0 57
0 62
0 72
1 5
1 6
1 18
1 21
1 37
1 42
1 45
1 56
1 75
2 28
2 35
2 84
3 10
3 39
3 49
3 62
4 27
4 31
4 39
4 43
4 50
4 59
4 61
4 64
4 66
4 71
4 72
4 77
4 80
5 7
5 35
5 70
5 73
6 14
6 40
6 43
6 44
6 46
6 56
6 58
6 80
6 92
6 93
7 15
7 45
7 61
8 78
8 86
9 19
9 41
9 43
9 94
9 99
10 19
10 27
10 32
10 72
10 76
10 82
10 92
11 20
11 44
11 92
12 16
12 33
12 62
12 73
12 96
13 15
13 27
13 29
13 42
13 59
13 97
14 31
14 47
14 57
14 72
14 75
14 86
14 95
14 98
15 18
15 53
15 71
15 78
16 20
16 21
16 30
16 71
16 81
17 26
17 46
17 80
17 82
18 32
18 55
18 59
18 95
18 99
19 28
19 34
19 48
19 90
20 24
20 25
20 28
20 36
20 63
20 76
20 90
20 92
21 31
21 34
21 49
21 89
22 38
22 40
22 50
22 86
23 40
23 44
23 46
23 57
23 68
23 71
23 74
23 85
23 86
23 97
24 41
24 64
25 27
25 32
25 47
25 50
25 59
25 89
26 44
26 77
26 90
26 98
27 81
27 89
27 92
27 94
27 98
28 30
28 60
28 65
28 77
28 88
28 89
28 92
29 30
29 32
29 46
29 60
29 71
29 85
30 36
30 42
30 56
30 60
30 67
30 95
31 51
31 63
31 87
32 38
32 48
32 49
32 87
33 58
33 87
34 40
34 77
35 74
35 81
35 89
36 55
36 58
36 88
37 38
37 54
37 62
37 92
38 61
39 51
39 54
39 90
40 55
40 58
41 59
42 61
42 64
42 84
43 61
43 80
44 48
44 54
44 98
45 50
45 55
45 71
45 88
45 90
45 96
46 61
46 66
46 92
46 96
46 97
47 51
47 57
48 54
48 56
48 97
49 53
49 85
49 96
50 58
50 91
50 96
51 59
51 67
51 69
51 71
51 95
52 61
52 73
52 86
53 62
55 58
55 60
55 78
57 66
57 75
57 80
57 83
57 91
57 97
58 81
58 84
59 63
59 69
60 75
60 81
60 94
61 62
61 90
62 64
62 77
64 69
64 81
65 71
65 72
65 74
65 84
65 97
66 88
66 99
67 69
67 79
67 83
68 76
68 94
69 86
69 90
69 91
70 89
71 95
72 73
72 95
73 92
74 84
74 88
76 92
77 95
80 92
82 83
82 89
82 96
83 92
85 88
88 90
92 98
93 94
