300 3683 0.5
0 32
0 37
0 38
0 41
0 44
0 79
0 81
0 82
0 91
0 100
0 142
0 144
0 146
0 148
0 176
0 191
0 195
0 203
0 208
0 219
0 275
0 282
0 284
0 297
0 299
1 12
1 45
1 53
1 63
1 68
1 77
1 79
1 85
1 88
1 126
1 141
1 194
1 198
1 231
1 234
1 237
1 246
1 260
1 267
1 278
1 281
1 293
2 13
2 33
2 37
2 75
2 77
2 78
2 108
2 123
2 128
2 129
2 136
2 151
2 163
2 169
2 172
2 175
2 193
2 205
2 217
2 237
2 258
2 270
2 274
3 7
3 25
3 27
3 38
3 45
3 54
3 62
3 64
3 70
3 82
3 84
3 100
3 106
3 109
3 111
3 124
3 155
3 170
3 179
3 199
3 212
3 213
3 214
3 218
3 225
3 241
3 251
3 263
3 272
3 286
3 292
4 10
4 30
4 36
4 42
4 59
4 60
4 64
4 76
4 83
4 118
4 124
4 130
4 148
4 151
4 156
4 157
4 174
4 177
4 182
4 185
4 186
4 212
4 213
4 229
4 234
4 235
4 248
4 250
4 255
4 268
4 292
5 6
5 16
5 17
5 29
5 45
5 46
5 47
5 48
5 76
5 108
5 114
5 118
5 137
5 140
5 155
5 156
5 178
5 184
5 198
5 207
5 252
5 263
5 298
6 16
6 35
6 38
6 55
6 60
6 65
6 74
6 90
6 110
6 116
6 127
6 151
6 154
6 162
6 172
6 183
6 194
6 203
6 225
6 246
6 248
6 249
6 257
6 277
6 289
6 291
7 19
7 30
7 39
7 49
7 51
7 55
7 71
7 85
7 98
7 101
7 106
7 124
7 188
7 190
7 212
7 236
7 250
7 271
7 274
7 277
7 295
7 299
8 41
8 68
8 75
8 86
8 97
8 110
8 118
8 160
8 168
8 178
8 194
8 199
8 228
8 230
8 234
8 240
8 250
8 252
8 282
8 286
9 12
9 17
9 33
9 41
9 69
9 72
9 79
9 87
9 113
9 118
9 120
9 123
9 131
9 192
9 219
9 221
9 227
9 236
9 237
9 251
9 252
9 273
9 275
9 278
9 280
9 285
9 293
10 11
10 14
10 37
10 62
10 71
10 74
10 75
10 82
10 92
10 105
10 123
10 129
10 143
10 147
10 164
10 184
10 185
10 190
10 211
10 220
10 223
10 227
10 230
10 243
10 276
10 281
10 288
10 296
10 298
11 21
11 47
11 64
11 72
11 73
11 95
11 104
11 132
11 147
11 157
11 163
11 190
11 193
11 199
11 203
11 213
11 215
11 227
11 231
11 250
11 252
11 258
11 269
11 280
12 15
12 18
12 47
12 91
12 115
12 126
12 135
12 161
12 163
12 175
12 176
12 189
12 197
12 212
12 231
12 243
12 255
12 256
12 262
12 265
12 270
12 276
12 278
12 286
12 287
12 299
13 15
13 43
13 46
13 50
13 83
13 90
13 131
13 134
13 141
13 145
13 168
13 170
13 174
13 177
13 207
13 208
13 210
13 259
13 277
14 29
14 37
14 39
14 43
14 54
14 55
14 64
14 66
14 77
14 84
14 90
14 98
14 100
14 115
14 149
14 150
14 152
14 156
14 164
14 171
14 173
14 187
14 191
14 196
14 197
14 214
14 226
14 227
14 230
14 244
14 247
14 261
14 275
14 282
14 294
15 25
15 27
15 34
15 86
15 89
15 94
15 102
15 108
15 138
15 140
15 147
15 151
15 165
15 193
15 208
15 217
15 229
15 241
15 243
15 259
15 277
15 286
15 292
16 19
16 24
16 39
16 44
16 47
16 88
16 90
16 100
16 111
16 117
16 137
16 139
16 152
16 159
16 187
16 191
16 223
16 235
16 244
16 278
16 283
17 24
17 25
17 26
17 27
17 36
17 46
17 96
17 100
17 123
17 124
17 129
17 130
17 138
17 142
17 143
17 152
17 167
17 177
17 223
17 243
17 254
17 281
17 283
17 289
18 38
18 49
18 56
18 59
18 94
18 96
18 100
18 103
18 117
18 127
18 128
18 130
18 140
18 195
18 198
18 201
18 207
18 208
18 235
18 254
18 257
18 258
18 267
18 284
19 20
19 27
19 28
19 43
19 61
19 62
19 63
19 71
19 73
19 79
19 113
19 121
19 147
19 204
19 209
19 212
19 214
19 263
19 264
19 279
19 297
19 299
20 23
20 32
20 48
20 53
20 60
20 64
20 87
20 103
20 118
20 131
20 135
20 136
20 138
20 145
20 146
20 150
20 166
20 167
20 184
20 234
20 239
20 241
20 247
20 252
20 263
21 37
21 54
21 57
21 65
21 66
21 74
21 76
21 84
21 85
21 98
21 119
21 126
21 139
21 148
21 159
21 190
21 191
21 193
21 195
21 217
21 228
21 231
21 244
21 249
21 265
22 31
22 50
22 53
22 55
22 75
22 76
22 84
22 93
22 102
22 109
22 135
22 138
22 157
22 180
22 182
22 183
22 196
22 206
22 207
22 225
22 229
22 248
22 281
23 26
23 35
23 46
23 65
23 66
23 81
23 110
23 113
23 117
23 128
23 129
23 138
23 165
23 191
23 203
23 223
23 226
23 264
23 275
23 289
24 30
24 33
24 73
24 115
24 119
24 149
24 151
24 176
24 182
24 193
24 195
24 204
24 227
24 229
24 257
24 274
24 298
25 32
25 50
25 51
25 98
25 102
25 107
25 111
25 119
25 127
25 145
25 199
25 202
25 203
25 212
25 275
25 278
26 39
26 61
26 78
26 138
26 141
26 145
26 154
26 160
26 162
26 170
26 176
26 202
26 204
26 210
26 211
26 229
26 266
26 273
26 274
26 276
26 295
27 29
27 32
27 47
27 69
27 73
27 75
27 84
27 96
27 99
27 130
27 147
27 153
27 156
27 162
27 186
27 211
27 259
27 263
27 285
27 292
28 43
28 45
28 51
28 53
28 60
28 73
28 74
28 78
28 88
28 94
28 106
28 146
28 153
28 156
28 165
28 170
28 183
28 189
28 194
28 203
28 206
28 211
28 239
28 243
28 270
28 271
29 54
29 61
29 68
29 74
29 112
29 128
29 139
29 140
29 155
29 196
29 201
29 205
29 210
29 235
29 249
29 260
29 268
29 272
29 273
30 35
30 53
30 68
30 70
30 78
30 98
30 102
30 105
30 106
30 111
30 120
30 128
30 133
30 138
30 147
30 151
30 153
30 164
30 180
30 233
30 237
30 241
30 267
31 33
31 50
31 70
31 71
31 77
31 87
31 121
31 143
31 175
31 184
31 189
31 191
31 204
31 233
31 236
31 273
31 281
31 299
32 40
32 53
32 70
32 95
32 104
32 130
32 141
32 157
32 159
32 175
32 222
32 231
32 265
32 273
32 294
33 49
33 71
33 102
33 111
33 191
33 224
33 228
33 238
33 243
33 250
33 286
33 290
34 47
34 66
34 68
34 71
34 72
34 76
34 96
34 103
34 109
34 111
34 141
34 144
34 148
34 154
34 159
34 162
34 168
34 229
34 233
34 239
34 244
34 251
34 277
34 278
34 283
34 284
35 54
35 61
35 68
35 81
35 88
35 89
35 92
35 112
35 143
35 174
35 177
35 182
35 187
35 204
35 211
35 231
35 253
35 256
35 292
35 298
36 56
36 79
36 81
36 91
36 94
36 98
36 109
36 129
36 145
36 176
36 187
36 198
36 206
36 222
36 237
36 238
36 243
36 248
36 268
36 276
36 292
37 42
37 48
37 55
37 58
37 71
37 72
37 94
37 118
37 139
37 162
37 171
37 176
37 188
37 191
37 193
37 207
37 217
37 219
37 223
37 266
37 279
38 57
38 66
38 85
38 97
38 104
38 105
38 108
38 126
38 142
38 144
38 164
38 176
38 182
38 195
38 233
38 237
38 242
38 244
38 270
38 274
38 294
39 44
39 81
39 90
39 102
39 115
39 128
39 141
39 147
39 168
39 173
39 177
39 178
39 208
39 209
39 232
39 235
39 252
39 264
39 265
39 279
39 288
40 58
40 79
40 103
40 110
40 117
40 121
40 150
40 158
40 207
40 213
40 216
40 238
40 292
41 45
41 54
41 56
41 64
41 84
41 103
41 120
41 123
41 139
41 154
41 188
41 194
41 200
41 211
41 221
41 223
41 227
41 235
41 247
41 260
41 272
41 277
41 284
41 285
41 294
42 49
42 50
42 62
42 81
42 88
42 106
42 131
42 132
42 136
42 147
42 154
42 162
42 171
42 193
42 211
42 237
42 248
42 254
42 268
42 283
43 54
43 60
43 77
43 78
43 80
43 81
43 92
43 100
43 102
43 104
43 109
43 112
43 128
43 152
43 164
43 176
43 183
43 195
43 239
43 241
43 243
43 257
43 265
43 268
43 292
43 295
44 62
44 73
44 76
44 84
44 98
44 105
44 127
44 159
44 196
44 231
44 270
44 278
44 295
44 297
45 53
45 59
45 68
45 95
45 153
45 160
45 162
45 173
45 174
45 205
45 211
45 212
45 216
45 225
45 234
45 269
45 270
45 273
45 285
46 50
46 62
46 66
46 73
46 76
46 104
46 105
46 125
46 149
46 154
46 155
46 161
46 162
46 163
46 169
46 190
46 192
46 204
46 216
46 256
46 257
46 264
46 276
46 277
46 289
47 89
47 96
47 97
47 119
47 138
47 148
47 176
47 177
47 181
47 195
47 202
47 210
47 220
47 222
47 225
47 252
47 267
47 281
48 54
48 61
48 91
48 101
48 108
48 110
48 126
48 129
48 141
48 167
48 171
48 194
48 198
48 237
48 266
48 287
48 296
49 50
49 54
49 68
49 72
49 77
49 95
49 97
49 98
49 99
49 102
49 115
49 142
49 150
49 160
49 169
49 183
49 224
49 227
49 230
49 237
49 253
49 254
49 258
49 287
49 294
49 296
50 54
50 65
50 77
50 83
50 88
50 92
50 98
50 142
50 146
50 167
50 208
50 226
50 255
50 267
50 269
50 273
50 278
50 287
51 59
51 64
51 69
51 95
51 98
51 99
51 116
51 122
51 146
51 152
51 159
51 169
51 180
51 201
51 229
51 234
51 235
51 238
51 263
51 265
51 289
51 290
52 59
52 70
52 80
52 87
52 117
52 120
52 144
52 160
52 162
52 176
52 187
52 201
52 216
52 218
52 220
52 233
52 257
52 273
52 282
52 283
52 299
53 56
53 57
53 72
53 90
53 91
53 105
53 120
53 141
53 147
53 155
53 163
53 180
53 190
53 193
53 202
53 204
53 208
53 221
53 251
53 255
53 275
53 290
53 291
53 297
54 66
54 77
54 80
54 94
54 99
54 123
54 137
54 141
54 142
54 143
54 144
54 156
54 186
54 204
54 216
54 218
54 229
54 234
54 245
54 247
54 252
54 263
54 277
54 285
54 294
55 66
55 89
55 119
55 138
55 177
55 180
55 185
55 223
55 226
55 229
55 231
55 233
55 258
55 259
55 292
55 299
56 65
56 76
56 80
56 105
56 110
56 118
56 132
56 138
56 166
56 172
56 175
56 178
56 214
56 248
56 252
56 262
56 269
56 270
56 290
56 299
57 64
57 76
57 105
57 114
57 120
57 134
57 193
57 237
57 265
57 277
58 86
58 106
58 120
58 125
58 132
58 134
58 143
58 159
58 175
58 180
58 188
58 194
58 196
58 211
58 227
58 234
58 255
58 260
58 270
59 63
59 72
59 74
59 76
59 92
59 94
59 109
59 110
59 115
59 118
59 141
59 145
59 171
59 179
59 190
59 210
59 231
59 249
59 253
59 271
59 276
60 61
60 64
60 111
60 123
60 159
60 169
60 176
60 182
60 192
60 197
60 199
60 216
60 222
60 268
60 288
60 290
60 293
60 297
61 78
61 83
61 93
61 109
61 110
61 115
61 139
61 147
61 156
61 166
61 174
61 186
61 192
61 194
61 201
61 202
61 208
61 210
61 213
61 225
61 228
61 237
61 247
61 263
61 269
62 93
62 94
62 101
62 116
62 126
62 151
62 176
62 205
62 214
62 215
62 216
62 226
62 258
62 259
62 287
62 290
63 79
63 80
63 84
63 86
63 102
63 127
63 128
63 147
63 169
63 181
63 196
63 208
63 214
63 224
63 225
63 230
63 232
63 249
63 251
63 257
63 273
63 275
63 285
64 65
64 70
64 86
64 102
64 105
64 108
64 111
64 114
64 124
64 128
64 138
64 139
64 141
64 144
64 154
64 155
64 167
64 175
64 186
64 187
64 189
64 194
64 198
64 210
64 217
64 225
64 234
64 243
64 247
64 253
64 268
64 285
64 286
64 288
64 293
65 74
65 78
65 91
65 120
65 122
65 137
65 145
65 148
65 155
65 167
65 170
65 177
65 178
65 185
65 187
65 190
65 197
65 202
65 208
65 209
65 238
65 242
65 274
65 286
65 292
65 297
66 83
66 85
66 95
66 107
66 111
66 138
66 140
66 153
66 164
66 198
66 204
66 210
66 212
66 259
66 264
66 265
66 269
66 278
66 294
67 72
67 75
67 76
67 93
67 111
67 127
67 134
67 146
67 162
67 181
67 193
67 200
67 231
67 233
67 264
67 284
68 79
68 80
68 86
68 98
68 99
68 124
68 128
68 143
68 148
68 198
68 217
68 224
68 239
68 245
68 246
68 252
68 257
68 259
68 270
68 284
68 287
69 74
69 87
69 88
69 91
69 92
69 95
69 112
69 117
69 123
69 134
69 144
69 145
69 156
69 163
69 164
69 169
69 173
69 188
69 196
69 203
69 204
69 223
69 233
69 234
69 251
69 285
70 73
70 75
70 87
70 92
70 102
70 111
70 113
70 159
70 163
70 193
70 213
70 238
70 259
70 263
70 266
70 273
70 281
70 295
71 72
71 86
71 106
71 108
71 114
71 134
71 140
71 143
71 150
71 175
71 177
71 206
71 230
71 248
71 255
71 277
71 279
71 296
72 79
72 81
72 84
72 96
72 97
72 116
72 117
72 133
72 169
72 178
72 193
72 194
72 206
72 217
72 223
72 229
72 249
72 268
72 275
72 279
73 87
73 124
73 165
73 176
73 188
73 194
73 210
73 223
73 225
74 76
74 85
74 92
74 118
74 125
74 177
74 185
74 212
74 215
74 229
74 236
74 238
74 251
74 293
75 93
75 128
75 133
75 150
75 163
75 180
75 203
75 208
75 225
75 230
75 231
75 269
75 281
76 88
76 97
76 104
76 109
76 122
76 138
76 164
76 169
76 174
76 178
76 193
76 214
76 222
76 226
76 227
76 235
76 243
76 244
76 250
76 253
76 255
76 263
76 282
77 80
77 84
77 117
77 131
77 137
77 156
77 160
77 166
77 182
77 206
77 213
77 215
77 222
77 244
77 245
77 246
77 248
77 249
77 256
77 276
77 295
78 81
78 93
78 106
78 107
78 126
78 158
78 175
78 211
78 212
78 225
78 227
78 242
78 252
78 263
78 269
78 271
78 281
78 287
78 289
78 293
79 87
79 118
79 133
79 165
79 177
79 206
79 215
79 236
79 239
79 243
79 245
79 248
79 263
79 287
80 98
80 112
80 135
80 136
80 155
80 170
80 194
80 208
80 211
80 217
80 232
80 240
80 278
80 280
81 87
81 91
81 99
81 109
81 133
81 134
81 136
81 140
81 149
81 178
81 179
81 181
81 205
81 214
81 223
81 224
81 232
81 233
81 238
81 274
82 85
82 104
82 108
82 132
82 133
82 146
82 150
82 155
82 176
82 185
82 194
82 195
82 215
82 236
82 244
82 256
82 264
82 266
82 285
82 292
83 95
83 116
83 125
83 130
83 132
83 164
83 191
83 201
83 202
83 207
83 225
83 251
83 254
83 295
83 296
84 91
84 97
84 99
84 132
84 134
84 135
84 147
84 149
84 151
84 154
84 159
84 160
84 161
84 179
84 186
84 187
84 188
84 204
84 220
84 234
84 237
84 240
84 241
84 243
84 247
84 266
84 271
84 282
84 287
85 99
85 128
85 129
85 137
85 150
85 159
85 168
85 174
85 178
85 186
85 192
85 195
85 196
85 211
85 228
85 244
85 248
85 262
85 264
85 279
85 287
85 291
85 295
86 96
86 98
86 153
86 177
86 178
86 179
86 185
86 201
86 207
86 232
86 234
86 254
86 262
86 270
86 290
86 295
86 299
87 93
87 94
87 95
87 98
87 104
87 143
87 147
87 149
87 151
87 165
87 175
87 181
87 202
87 209
87 224
87 233
87 239
87 245
87 250
87 259
88 97
88 109
88 131
88 132
88 144
88 173
88 181
88 186
88 202
88 216
88 217
88 234
88 267
88 274
88 285
88 289
88 299
89 93
89 119
89 123
89 151
89 156
89 160
89 216
89 227
89 239
89 244
89 253
89 258
89 272
89 279
89 283
89 292
90 100
90 118
90 172
90 221
90 246
90 258
90 289
90 291
90 296
91 94
91 98
91 148
91 162
91 197
91 198
91 249
91 251
91 255
91 268
91 275
91 278
91 280
91 287
91 294
92 100
92 129
92 133
92 136
92 140
92 169
92 182
92 187
92 196
92 199
92 203
92 225
92 228
92 243
92 275
92 290
93 113
93 122
93 139
93 149
93 160
93 164
93 168
93 172
93 187
93 198
93 201
93 204
93 218
93 220
93 224
93 244
93 259
93 269
93 276
93 291
93 293
93 297
94 104
94 116
94 131
94 170
94 183
94 186
94 190
94 196
94 207
94 218
94 223
94 228
94 233
94 253
94 260
94 261
94 265
94 266
95 105
95 118
95 176
95 191
95 194
95 242
95 245
95 247
95 262
95 274
95 278
95 283
95 286
95 295
96 109
96 129
96 133
96 135
96 142
96 187
96 199
96 213
96 225
96 245
96 248
96 266
96 277
96 283
96 287
96 288
97 105
97 115
97 117
97 120
97 126
97 200
97 202
97 211
97 222
97 224
97 259
97 260
97 271
98 121
98 125
98 175
98 183
98 189
98 195
98 211
98 214
98 223
98 230
98 242
98 250
98 251
98 257
98 262
98 271
98 294
98 295
98 299
99 104
99 140
99 147
99 219
99 227
99 236
99 263
99 269
99 278
100 105
100 140
100 171
100 205
100 218
100 227
100 229
100 269
100 276
100 285
100 290
100 291
101 103
101 121
101 122
101 133
101 134
101 145
101 149
101 153
101 165
101 182
101 185
101 198
101 201
101 203
101 212
101 244
101 267
101 298
102 113
102 141
102 146
102 167
102 177
102 183
102 193
102 197
102 207
102 214
102 220
102 222
102 230
102 240
102 257
102 268
102 282
102 290
103 110
103 131
103 140
103 141
103 148
103 153
103 167
103 178
103 187
103 200
103 208
103 217
103 240
103 290
104 110
104 111
104 121
104 155
104 172
104 177
104 181
104 182
104 215
104 220
104 230
104 278
104 282
104 287
104 298
105 111
105 116
105 124
105 126
105 146
105 154
105 169
105 174
105 201
105 243
105 245
105 246
105 259
105 263
105 287
106 109
106 113
106 122
106 129
106 161
106 176
106 179
106 185
106 210
106 211
106 221
106 229
106 233
106 234
106 256
106 261
106 268
106 282
106 296
107 116
107 137
107 153
107 164
107 190
107 191
107 195
107 199
107 215
107 218
107 225
107 236
107 241
107 245
107 280
107 284
108 159
108 160
108 167
108 169
108 191
108 196
108 205
108 216
108 233
108 240
108 242
108 261
108 267
108 270
108 278
108 291
109 113
109 138
109 147
109 149
109 152
109 155
109 177
109 188
109 189
109 216
109 244
109 263
109 279
110 126
110 130
110 131
110 137
110 144
110 152
110 157
110 168
110 187
110 191
110 202
110 208
110 211
110 224
110 229
110 238
110 248
110 252
110 282
111 119
111 149
111 160
111 177
111 205
111 209
111 218
111 227
111 232
111 249
111 261
111 269
111 272
111 273
111 280
111 281
111 293
112 128
112 163
112 178
112 186
112 201
112 207
112 211
112 212
112 215
112 227
112 229
112 230
112 236
112 275
112 282
112 293
112 299
113 114
113 155
113 172
113 173
113 194
113 196
113 208
113 211
113 235
113 255
113 271
113 274
113 275
113 281
113 297
114 133
114 148
114 165
114 172
114 175
114 179
114 190
114 206
114 210
114 215
114 231
114 270
114 287
114 289
115 118
115 120
115 121
115 128
115 146
115 162
115 192
115 214
115 220
115 224
115 255
115 259
115 262
115 273
115 279
115 293
116 140
116 180
116 198
116 209
116 216
116 234
116 249
116 258
116 268
117 121
117 138
117 168
117 169
117 170
117 174
117 176
117 180
117 181
117 184
117 188
117 190
117 203
117 219
117 227
117 235
117 237
117 239
117 253
117 258
117 271
117 281
117 285
118 137
118 158
118 173
118 197
118 199
118 202
118 216
118 265
118 299
119 120
119 138
119 146
119 156
119 161
119 177
119 200
119 209
119 222
119 227
119 253
119 257
119 286
120 137
120 146
120 164
120 167
120 168
120 178
120 189
120 201
120 211
120 222
120 223
120 224
120 236
120 246
120 267
120 283
120 299
121 123
121 137
121 148
121 155
121 182
121 183
121 184
121 214
121 218
121 249
121 254
121 257
121 259
121 263
121 294
121 299
122 123
122 139
122 153
122 156
122 171
122 181
122 213
122 216
122 231
122 249
122 250
122 254
122 255
122 256
122 263
122 266
122 268
122 277
122 283
122 296
122 297
123 124
123 126
123 139
123 146
123 183
123 186
123 205
123 233
123 238
123 243
123 255
123 284
123 288
124 155
124 170
124 171
124 191
124 205
124 208
124 214
124 222
124 242
124 249
124 253
124 257
124 261
124 271
124 299
125 133
125 161
125 166
125 170
125 191
125 218
125 253
125 272
125 279
125 292
125 299
126 129
126 140
126 143
126 156
126 220
126 224
126 231
126 237
126 244
126 247
126 254
126 258
126 270
127 156
127 183
127 189
127 197
127 199
127 221
127 234
127 262
128 145
128 177
128 198
128 235
128 244
128 257
128 261
128 285
129 132
129 144
129 150
129 158
129 162
129 175
129 204
129 210
129 232
129 237
129 244
129 251
129 259
129 267
130 133
130 135
130 148
130 160
130 204
130 207
130 225
130 236
130 240
130 253
130 261
130 293
131 138
131 146
131 147
131 169
131 171
131 174
131 187
131 200
131 204
131 215
131 239
131 253
131 259
131 260
131 261
131 262
131 271
131 275
131 280
131 297
132 140
132 147
132 157
132 173
132 177
132 180
132 181
132 182
132 187
132 213
132 223
132 234
132 243
132 293
133 150
133 161
133 179
133 185
133 206
133 239
133 261
133 270
133 272
133 275
133 278
134 135
134 155
134 169
134 192
134 201
134 224
134 249
134 250
134 268
134 276
135 137
135 146
135 147
135 168
135 176
135 189
135 196
135 205
135 268
135 294
136 141
136 171
136 172
136 181
136 198
136 199
136 200
136 206
136 216
136 240
136 261
136 264
136 266
136 269
136 297
137 138
137 142
137 145
137 183
137 187
137 188
137 197
137 198
137 199
137 201
137 204
137 211
137 220
137 226
137 230
137 265
138 142
138 146
138 156
138 185
138 186
138 207
138 225
138 241
138 247
138 259
138 261
138 270
138 289
139 149
139 154
139 159
139 163
139 164
139 172
139 178
139 182
139 184
139 195
139 199
139 206
139 214
139 229
139 231
139 232
139 235
139 237
139 251
139 254
139 257
140 147
140 155
140 158
140 165
140 173
140 187
140 201
140 209
140 212
140 214
140 220
140 235
140 242
140 246
140 253
140 268
140 292
140 294
140 295
140 298
141 158
141 164
141 186
141 192
141 204
141 210
141 225
141 264
141 286
142 154
142 157
142 182
142 189
142 202
142 215
142 260
142 262
142 267
142 298
143 151
143 157
143 161
143 174
143 181
143 184
143 260
143 261
143 263
143 294
144 151
144 164
144 171
144 172
144 174
144 204
144 206
144 210
144 231
144 237
144 238
144 279
144 283
144 293
144 294
145 175
145 186
145 190
145 193
145 234
145 260
145 269
145 274
146 152
146 158
146 180
146 192
146 196
146 199
146 203
146 212
146 218
146 237
146 244
146 265
146 277
146 286
146 287
146 298
147 171
147 191
147 193
147 198
147 199
147 203
147 205
147 215
147 219
147 262
147 270
147 271
147 275
147 284
148 150
148 179
148 195
148 211
148 224
148 226
148 231
148 239
148 251
148 265
148 292
148 294
149 190
149 191
149 194
149 202
149 211
149 219
149 220
149 226
149 227
149 244
149 252
150 159
150 196
150 208
150 216
150 238
150 252
150 256
150 261
150 277
150 278
150 281
150 283
150 285
150 298
150 299
151 187
151 208
151 210
151 211
151 217
151 224
151 236
151 241
151 251
151 260
151 267
151 282
151 288
151 291
152 161
152 202
152 232
152 245
152 264
152 268
152 270
152 272
152 275
152 278
152 281
152 283
152 295
153 181
153 188
153 192
153 208
153 210
153 244
153 248
153 257
153 283
153 298
154 169
154 178
154 188
154 225
154 228
154 262
154 269
154 270
154 276
154 288
154 296
155 158
155 167
155 168
155 180
155 181
155 201
155 226
155 236
155 240
155 256
155 269
155 273
155 279
155 280
155 283
155 288
155 289
155 297
155 298
156 166
156 169
156 177
156 198
156 210
156 212
156 216
156 242
156 243
156 254
156 263
156 272
156 273
156 281
156 284
157 185
157 204
157 217
157 233
157 252
157 265
157 275
157 283
157 284
158 172
158 187
158 196
158 225
158 237
158 254
158 260
158 264
158 268
158 289
158 294
159 160
159 178
159 193
159 201
159 232
159 240
159 257
159 261
159 262
159 265
159 287
159 299
160 162
160 164
160 190
160 217
160 227
160 242
160 251
160 254
160 281
161 162
161 170
161 213
161 216
161 248
161 259
161 268
161 271
161 283
161 290
161 294
162 165
162 178
162 193
162 194
162 228
162 270
162 286
162 298
163 209
163 212
163 257
163 262
163 272
163 274
163 277
163 279
164 191
164 194
164 211
164 212
164 223
164 230
164 246
164 255
164 287
164 288
164 294
164 298
165 170
165 174
165 183
165 217
165 228
165 233
165 241
165 245
165 260
165 269
165 275
165 284
165 289
166 168
166 180
166 186
166 203
166 213
166 218
166 260
166 266
166 272
166 285
166 293
167 183
167 184
167 185
167 194
167 196
167 203
167 207
167 217
167 227
167 266
167 271
167 274
167 290
167 296
167 297
167 298
167 299
168 175
168 196
168 206
168 247
168 270
168 272
168 284
168 289
169 179
169 183
169 186
169 218
169 228
169 240
169 269
169 291
169 292
170 178
170 185
170 208
170 214
170 234
170 261
170 267
170 268
170 272
170 292
171 192
171 196
171 220
171 237
171 245
171 280
171 295
171 298
172 173
172 183
172 230
172 232
172 247
172 248
172 256
172 270
173 177
173 191
173 194
173 217
173 218
173 219
173 222
173 229
173 231
173 234
173 236
173 240
173 247
173 252
173 298
173 299
174 176
174 179
174 191
174 218
174 221
174 235
174 238
174 240
174 244
174 289
175 190
175 221
175 257
175 296
176 195
176 207
176 217
176 239
176 247
176 288
177 182
177 192
177 198
177 201
177 202
177 226
177 236
177 253
177 255
177 265
177 280
177 281
177 283
177 291
177 295
177 298
178 197
178 201
178 214
178 231
178 276
178 286
179 191
179 199
179 200
179 211
179 216
179 222
179 224
179 242
179 250
179 270
179 292
180 184
180 190
180 225
180 237
180 249
180 252
180 260
180 269
180 270
180 290
181 193
181 214
181 216
181 220
181 224
181 233
181 239
181 247
181 255
181 274
182 206
182 209
182 211
182 218
182 231
182 243
182 245
182 250
182 253
182 262
182 264
183 186
183 195
183 197
183 243
183 274
183 282
184 191
184 207
184 209
184 217
184 228
184 233
184 235
184 236
184 248
184 253
184 256
184 264
184 278
184 280
184 290
185 213
185 222
185 230
185 246
185 282
185 288
186 199
186 205
186 209
186 224
186 225
186 227
186 229
186 238
186 241
186 251
186 257
186 288
186 290
187 194
187 197
187 200
187 207
187 214
187 220
187 221
187 228
187 231
187 234
187 242
187 244
187 245
187 249
187 266
187 268
187 289
187 295
187 296
188 202
188 203
188 210
188 211
188 219
188 223
188 238
188 240
188 255
188 258
188 268
189 192
189 206
189 210
189 217
189 245
189 261
189 268
189 275
189 281
189 284
189 287
190 192
190 239
190 243
190 252
190 294
191 214
191 236
191 237
191 262
191 282
191 290
192 197
192 214
192 223
192 250
192 283
193 213
193 226
193 244
193 266
193 273
193 288
193 290
193 296
193 299
194 196
194 211
194 214
194 268
194 290
194 292
195 221
195 240
195 293
196 201
196 208
196 265
196 271
196 287
196 291
196 294
197 198
197 221
197 229
197 234
197 248
197 256
197 289
197 291
198 201
198 227
198 228
198 240
198 256
198 272
198 291
198 299
199 212
199 214
199 217
199 241
199 243
199 254
199 255
199 263
199 284
199 291
199 293
199 296
200 201
200 216
200 217
200 254
200 264
200 265
200 297
200 298
201 203
201 209
201 212
201 215
201 218
201 219
201 225
201 226
201 246
201 255
201 258
201 265
201 268
201 272
201 278
201 283
201 299
202 208
202 211
202 221
202 224
202 234
202 262
202 273
202 280
202 284
203 230
203 242
203 244
203 249
203 269
203 276
203 277
203 282
204 206
204 214
204 219
204 229
204 232
204 248
204 260
204 264
204 276
204 283
204 287
205 213
205 219
205 230
205 244
205 256
205 259
205 262
205 263
205 272
205 288
206 216
206 219
206 230
206 248
206 257
206 259
206 265
206 273
206 297
207 213
207 232
207 234
207 251
207 263
207 279
207 299
208 210
208 220
208 227
208 235
208 237
208 238
208 263
208 270
208 274
208 283
208 286
208 297
209 214
209 228
209 234
209 236
209 246
209 277
209 299
210 214
210 221
210 281
210 283
210 285
211 231
211 252
211 257
211 262
211 270
211 275
211 286
211 291
211 292
212 222
212 247
212 249
212 250
212 283
212 287
212 289
212 295
213 214
213 230
213 243
213 244
213 254
213 271
214 225
214 232
214 260
214 266
214 272
214 283
214 290
214 299
215 222
215 227
215 265
215 277
215 279
216 226
216 228
216 235
216 236
216 237
216 245
216 251
216 280
216 289
216 290
216 297
217 241
217 248
218 222
218 227
218 239
218 241
218 251
218 264
218 265
218 268
218 279
218 288
219 229
219 241
219 242
219 243
219 245
219 246
219 256
219 260
219 270
219 287
219 299
220 228
220 275
220 279
220 286
220 290
221 232
221 245
221 248
221 254
221 284
221 296
222 227
222 228
222 264
222 276
222 281
222 283
222 284
222 290
223 236
223 272
223 297
224 233
224 235
224 238
224 242
224 251
224 252
224 254
224 258
224 293
225 227
225 239
225 242
225 249
225 257
225 259
225 265
225 268
226 268
226 276
227 266
227 281
227 283
228 238
228 239
228 241
228 244
228 267
228 268
228 270
228 273
228 276
229 253
229 272
229 274
229 279
229 286
230 248
230 252
230 254
230 256
230 278
231 233
231 246
231 254
231 257
231 274
232 239
232 242
232 268
233 244
233 251
233 258
233 273
233 275
233 295
233 299
234 235
234 248
234 270
234 275
234 281
234 283
234 284
234 289
234 296
235 248
235 275
235 279
235 287
235 291
236 260
236 262
236 271
236 278
236 286
237 245
237 246
237 250
237 259
237 260
237 267
237 269
237 272
237 292
237 296
237 299
238 270
238 273
238 275
238 281
239 260
239 261
239 272
239 277
239 290
240 270
240 285
241 250
241 259
241 273
241 274
241 286
241 291
241 293
242 248
242 255
242 257
242 278
242 292
243 246
243 247
243 277
243 287
243 291
243 298
244 286
245 247
245 251
245 294
246 250
246 253
246 255
246 266
246 274
247 268
247 269
247 279
247 284
247 291
248 252
248 254
248 288
249 275
249 278
249 287
249 297
249 298
250 267
250 279
250 288
250 295
251 256
251 269
251 271
251 293
252 259
252 261
252 289
253 258
253 295
254 260
254 269
254 273
254 298
255 296
256 259
256 261
256 263
256 264
256 266
256 271
256 276
256 283
257 258
257 263
257 273
258 262
258 269
258 291
258 297
259 260
259 267
259 270
259 279
259 280
260 286
260 287
260 290
261 270
261 275
261 293
261 294
262 264
262 295
263 268
264 283
265 280
265 281
265 284
265 291
266 283
266 285
267 271
267 272
267 277
267 298
268 279
268 290
269 288
270 272
270 281
271 276
272 287
274 278
274 294
275 277
275 287
277 298
278 299
280 281
283 287
283 293
284 292
284 295
285 292
285 293
287 289
287 292
287 297
290 298
293 298
294 299
296 298
