500 8596 0.5
0 5
0 54
0 66
0 77
0 82
0 84
0 88
0 137
0 171
0 185
0 190
0 204
0 218
0 230
0 240
0 260
0 263
0 297
0 307
0 313
0 327
0 346
0 358
0 384
0 390
0 395
0 401
0 404
0 408
0 416
0 425
0 426
0 428
0 467
0 469
0 484
0 493
1 43
1 53
1 100
1 163
1 196
1 199
1 228
1 249
1 264
1 287
1 291
1 296
1 304
1 313
1 331
1 391
1 395
1 411
1 417
1 464
2 42
2 64
2 76
2 88
2 105
2 113
2 158
2 164
2 170
2 177
2 184
2 187
2 195
2 200
2 206
2 209
2 219
2 226
2 243
2 287
2 297
2 315
2 321
2 337
2 346
2 375
2 381
2 399
2 419
2 424
2 430
2 459
2 467
2 479
2 493
3 7
3 20
3 110
3 139
3 143
3 200
3 223
3 224
3 244
3 273
3 282
3 308
3 316
3 340
3 343
3 345
3 352
3 354
3 360
3 364
3 383
3 385
3 391
3 419
3 432
3 435
3 453
3 460
3 469
3 482
3 483
3 484
3 485
4 10
4 26
4 29
4 42
4 54
4 61
4 74
4 78
4 79
4 117
4 124
4 165
4 179
4 190
4 198
4 227
4 239
4 241
4 242
4 268
4 278
4 299
4 300
4 371
4 388
4 389
4 397
4 423
4 451
4 472
4 486
4 492
5 8
5 27
5 29
5 32
5 33
5 35
5 37
5 42
5 47
5 48
5 88
5 106
5 137
5 177
5 197
5 205
5 209
5 221
5 249
5 254
5 271
5 280
5 292
5 301
5 303
5 327
5 334
5 336
5 353
5 369
5 380
5 401
5 405
5 412
5 433
5 434
5 458
5 459
5 461
5 468
5 484
5 486
5 494
6 15
6 31
6 51
6 65
6 78
6 93
6 120
6 148
6 165
6 197
6 199
6 231
6 240
6 276
6 277
6 289
6 290
6 291
6 297
6 308
6 324
6 332
6 338
6 368
6 372
6 400
6 426
6 437
6 438
6 476
6 489
6 494
7 16
7 44
7 54
7 55
7 74
7 83
7 98
7 110
7 158
7 190
7 226
7 238
7 255
7 269
7 273
7 274
7 276
7 287
7 293
7 304
7 318
7 323
7 330
7 334
7 338
7 425
7 438
7 453
7 477
7 490
7 493
8 10
8 23
8 80
8 83
8 96
8 106
8 108
8 137
8 145
8 147
8 151
8 163
8 174
8 226
8 235
8 247
8 265
8 279
8 328
8 332
8 343
8 387
8 388
8 400
8 441
8 450
8 455
8 477
8 484
9 15
9 16
9 35
9 38
9 57
9 60
9 75
9 98
9 99
9 119
9 123
9 128
9 154
9 166
9 170
9 178
9 239
9 252
9 255
9 261
9 268
9 289
9 295
9 299
9 324
9 333
9 351
9 370
9 418
9 422
9 439
9 482
10 13
10 20
10 34
10 45
10 78
10 87
10 121
10 127
10 140
10 152
10 160
10 162
10 209
10 228
10 283
10 285
10 320
10 322
10 338
10 385
10 390
10 401
10 402
10 408
10 425
10 427
10 428
10 449
10 462
10 478
10 489
11 63
11 98
11 115
11 116
11 124
11 126
11 157
11 176
11 199
11 214
11 221
11 232
11 260
11 266
11 284
11 308
11 312
11 326
11 329
11 350
11 355
11 366
11 368
11 403
11 424
11 425
11 432
11 434
11 440
11 462
11 468
11 475
11 478
12 15
12 41
12 45
12 54
12 75
12 82
12 91
12 118
12 122
12 123
12 128
12 153
12 158
12 188
12 190
12 198
12 207
12 217
12 228
12 270
12 275
12 290
12 300
12 307
12 314
12 325
12 326
12 328
12 335
12 347
12 375
12 410
12 426
12 460
12 474
13 14
13 18
13 51
13 61
13 63
13 65
13 71
13 75
13 95
13 101
13 112
13 120
13 153
13 164
13 168
13 193
13 216
13 223
13 249
13 252
13 253
13 263
13 305
13 320
13 327
13 361
13 368
13 405
13 408
13 420
13 423
13 449
13 462
13 471
13 482
14 19
14 20
14 33
14 57
14 73
14 93
14 119
14 123
14 124
14 181
14 190
14 205
14 207
14 218
14 224
14 229
14 231
14 232
14 261
14 307
14 342
14 380
14 405
14 418
14 420
14 436
14 454
14 456
14 497
15 30
15 43
15 46
15 47
15 72
15 76
15 131
15 134
15 135
15 151
15 168
15 188
15 198
15 203
15 221
15 225
15 227
15 231
15 232
15 251
15 254
15 267
15 272
15 278
15 285
15 286
15 303
15 313
15 344
15 349
15 402
15 429
15 482
15 496
16 29
16 30
16 33
16 59
16 70
16 74
16 120
16 128
16 134
16 151
16 186
16 187
16 190
16 191
16 198
16 199
16 226
16 248
16 255
16 265
16 282
16 292
16 295
16 330
16 363
16 394
16 395
16 399
16 421
16 435
16 448
16 456
16 460
16 465
16 481
16 486
17 18
17 23
17 48
17 49
17 83
17 99
17 120
17 138
17 172
17 228
17 239
17 242
17 250
17 263
17 266
17 269
17 280
17 287
17 299
17 300
17 312
17 340
17 359
17 375
17 383
17 387
17 415
17 430
17 459
17 461
17 466
18 35
18 38
18 56
18 86
18 90
18 105
18 138
18 167
18 185
18 186
18 193
18 222
18 239
18 254
18 273
18 281
18 304
18 306
18 309
18 322
18 325
18 349
18 350
18 361
18 363
18 370
18 394
18 399
18 400
18 402
18 403
18 408
18 454
18 477
18 495
19 43
19 63
19 75
19 82
19 84
19 108
19 123
19 130
19 140
19 151
19 158
19 169
19 172
19 179
19 197
19 202
19 208
19 226
19 240
19 241
19 264
19 286
19 297
19 311
19 315
19 375
19 378
19 389
19 396
19 405
19 410
19 417
19 438
19 447
19 462
19 475
19 478
19 479
19 491
19 498
20 48
20 50
20 51
20 71
20 86
20 97
20 146
20 179
20 181
20 185
20 213
20 225
20 230
20 235
20 244
20 257
20 271
20 277
20 286
20 312
20 360
20 378
20 397
20 409
20 437
20 449
20 458
20 478
20 494
21 77
21 82
21 117
21 127
21 135
21 140
21 144
21 153
21 166
21 231
21 240
21 243
21 260
21 283
21 317
21 333
21 336
21 361
21 375
21 376
21 379
21 397
21 408
21 423
21 433
21 443
21 450
21 451
21 461
21 471
21 476
21 481
21 484
21 491
21 498
21 499
22 53
22 66
22 79
22 95
22 140
22 175
22 184
22 190
22 197
22 203
22 216
22 268
22 272
22 282
22 291
22 311
22 359
22 388
22 407
22 419
22 427
22 439
22 443
22 479
22 490
22 495
23 39
23 42
23 44
23 69
23 78
23 86
23 156
23 159
23 217
23 220
23 240
23 241
23 248
23 260
23 268
23 269
23 284
23 299
23 318
23 329
23 338
23 342
23 350
23 352
23 409
23 412
23 429
23 459
23 468
23 469
23 470
23 486
23 496
24 53
24 58
24 109
24 127
24 133
24 141
24 174
24 206
24 214
24 227
24 238
24 256
24 311
24 337
24 338
24 346
24 350
24 374
24 375
24 394
24 399
24 401
24 422
24 432
24 435
24 436
24 439
24 442
24 448
24 458
24 463
25 38
25 61
25 83
25 86
25 94
25 113
25 126
25 144
25 151
25 158
25 161
25 176
25 188
25 197
25 226
25 253
25 261
25 288
25 292
25 304
25 307
25 314
25 327
25 331
25 336
25 339
25 340
25 395
25 419
25 420
25 433
25 447
25 453
25 455
25 459
25 461
25 462
25 473
26 48
26 57
26 58
26 60
26 62
26 73
26 74
26 78
26 98
26 120
26 128
26 135
26 143
26 144
26 153
26 160
26 172
26 205
26 209
26 214
26 217
26 220
26 236
26 243
26 248
26 266
26 298
26 371
26 379
26 406
26 420
26 430
26 443
26 455
26 459
26 464
26 468
26 476
26 483
26 493
27 60
27 87
27 102
27 158
27 187
27 189
27 193
27 207
27 220
27 221
27 283
27 306
27 316
27 324
27 340
27 352
27 366
27 368
27 402
27 403
27 421
27 425
27 488
28 41
28 46
28 66
28 74
28 111
28 126
28 149
28 152
28 172
28 174
28 176
28 182
28 185
28 197
28 200
28 206
28 208
28 223
28 239
28 263
28 264
28 272
28 303
28 317
28 322
28 351
28 377
28 394
28 397
28 420
28 440
28 447
28 449
28 454
28 458
28 469
28 473
29 30
29 50
29 57
29 65
29 71
29 100
29 102
29 125
29 128
29 139
29 185
29 189
29 197
29 225
29 231
29 239
29 240
29 253
29 258
29 261
29 270
29 271
29 282
29 301
29 315
29 316
29 327
29 342
29 347
29 350
29 351
29 354
29 357
29 361
29 362
29 363
29 400
29 406
29 407
29 432
29 469
29 485
29 488
29 494
29 499
30 31
30 63
30 67
30 73
30 76
30 94
30 122
30 129
30 145
30 171
30 204
30 205
30 212
30 255
30 261
30 268
30 281
30 321
30 337
30 349
30 366
30 375
30 385
30 415
30 425
30 441
30 450
30 453
30 480
30 493
30 496
31 64
31 65
31 93
31 105
31 107
31 111
31 121
31 145
31 192
31 256
31 308
31 315
31 347
31 357
31 369
31 376
31 395
31 443
31 496
32 52
32 63
32 84
32 95
32 118
32 130
32 131
32 145
32 174
32 189
32 201
32 238
32 249
32 253
32 264
32 285
32 293
32 314
32 325
32 329
32 347
32 363
32 404
32 406
32 432
32 452
32 484
33 38
33 39
33 51
33 98
33 134
33 159
33 162
33 215
33 220
33 237
33 269
33 276
33 303
33 324
33 356
33 357
33 360
33 365
33 366
33 373
33 400
33 416
33 421
33 453
33 457
33 466
34 52
34 79
34 89
34 90
34 91
34 93
34 148
34 154
34 157
34 162
34 167
34 177
34 185
34 195
34 198
34 252
34 293
34 296
34 298
34 303
34 309
34 342
34 344
34 346
34 411
34 413
34 415
34 422
34 470
34 475
34 477
34 488
35 55
35 87
35 90
35 93
35 97
35 117
35 127
35 129
35 150
35 159
35 165
35 195
35 217
35 236
35 243
35 251
35 277
35 279
35 297
35 334
35 359
35 360
35 396
35 409
35 413
35 423
35 438
35 442
35 450
35 454
35 457
35 459
35 477
35 479
35 498
36 54
36 77
36 85
36 109
36 132
36 133
36 135
36 147
36 154
36 166
36 170
36 171
36 188
36 198
36 201
36 206
36 214
36 247
36 248
36 257
36 261
36 269
36 276
36 277
36 281
36 283
36 285
36 287
36 290
36 318
36 321
36 335
36 354
36 383
36 392
36 398
36 401
36 405
36 425
37 46
37 64
37 68
37 81
37 85
37 89
37 91
37 95
37 102
37 123
37 141
37 149
37 152
37 178
37 198
37 216
37 217
37 238
37 249
37 260
37 280
37 290
37 363
37 365
37 392
37 406
37 418
37 420
37 424
37 428
37 438
37 469
37 498
38 41
38 51
38 65
38 122
38 147
38 148
38 155
38 177
38 187
38 208
38 226
38 248
38 270
38 272
38 275
38 323
38 332
38 349
38 355
38 369
38 372
38 378
38 402
38 419
38 421
38 424
38 440
38 461
38 494
39 51
39 68
39 111
39 122
39 154
39 180
39 186
39 194
39 198
39 205
39 206
39 218
39 220
39 227
39 231
39 236
39 245
39 265
39 271
39 290
39 300
39 318
39 325
39 328
39 336
39 352
39 359
39 360
39 366
39 384
39 405
39 430
39 442
39 455
39 465
39 469
39 473
39 493
39 499
40 50
40 54
40 62
40 69
40 116
40 130
40 144
40 221
40 243
40 287
40 325
40 338
40 345
40 358
40 382
40 383
40 389
40 391
40 397
40 399
40 401
40 409
40 415
40 460
40 461
40 466
40 490
40 495
41 43
41 48
41 70
41 75
41 79
41 94
41 105
41 127
41 133
41 140
41 161
41 195
41 208
41 214
41 228
41 237
41 238
41 265
41 272
41 273
41 289
41 315
41 327
41 328
41 331
41 337
41 341
41 355
41 390
41 408
41 410
41 411
41 429
41 457
41 485
41 488
42 60
42 66
42 72
42 81
42 83
42 84
42 96
42 105
42 139
42 146
42 149
42 191
42 214
42 264
42 298
42 317
42 340
42 365
42 379
42 386
42 406
42 421
42 435
42 442
42 456
42 459
42 497
43 44
43 66
43 76
43 118
43 120
43 141
43 148
43 167
43 169
43 170
43 213
43 219
43 225
43 261
43 268
43 279
43 310
43 322
43 358
43 398
43 399
43 425
43 444
43 455
43 460
43 486
43 494
43 497
44 66
44 101
44 117
44 125
44 146
44 156
44 172
44 187
44 189
44 257
44 260
44 264
44 280
44 303
44 308
44 325
44 330
44 344
44 355
44 363
44 365
44 371
44 391
44 406
44 424
44 438
44 447
44 454
44 457
44 459
44 492
44 497
45 69
45 99
45 100
45 104
45 115
45 124
45 134
45 138
45 139
45 143
45 168
45 191
45 202
45 263
45 274
45 297
45 312
45 313
45 326
45 348
45 370
45 379
45 398
45 429
45 451
45 485
45 488
45 496
46 53
46 70
46 95
46 98
46 119
46 120
46 130
46 132
46 146
46 155
46 156
46 218
46 223
46 226
46 272
46 281
46 313
46 324
46 330
46 359
46 364
46 371
46 375
46 403
46 410
46 421
46 428
46 432
46 433
46 445
46 459
46 482
46 494
47 54
47 75
47 86
47 95
47 101
47 114
47 123
47 138
47 139
47 146
47 150
47 213
47 215
47 235
47 252
47 272
47 316
47 324
47 343
47 345
47 359
47 381
47 400
47 406
47 411
47 417
47 449
47 456
47 457
47 479
47 486
48 74
48 80
48 88
48 94
48 102
48 111
48 119
48 142
48 144
48 189
48 190
48 204
48 215
48 219
48 225
48 257
48 267
48 283
48 285
48 291
48 314
48 320
48 326
48 327
48 332
48 350
48 364
48 367
48 390
48 421
48 424
48 433
48 448
48 457
48 459
48 460
48 471
48 477
49 51
49 63
49 64
49 77
49 84
49 129
49 159
49 167
49 172
49 192
49 220
49 226
49 247
49 248
49 262
49 272
49 288
49 299
49 308
49 334
49 339
49 348
49 349
49 361
49 395
49 401
49 423
49 427
49 428
49 446
49 460
49 474
49 476
50 52
50 57
50 61
50 107
50 115
50 143
50 162
50 172
50 177
50 181
50 184
50 189
50 201
50 204
50 222
50 224
50 227
50 238
50 250
50 258
50 261
50 279
50 304
50 328
50 333
50 335
50 350
50 362
50 369
50 381
50 382
50 400
50 406
50 413
50 444
50 456
50 466
50 493
51 68
51 80
51 81
51 84
51 111
51 121
51 150
51 180
51 185
51 186
51 189
51 191
51 195
51 197
51 204
51 263
51 297
51 345
51 362
51 363
51 387
51 401
51 417
51 457
52 55
52 60
52 77
52 87
52 94
52 134
52 156
52 163
52 174
52 179
52 194
52 204
52 255
52 262
52 283
52 293
52 295
52 308
52 309
52 337
52 347
52 381
52 385
52 386
52 401
52 407
52 413
52 417
52 419
52 435
52 442
52 452
52 453
52 454
52 457
52 460
53 97
53 98
53 103
53 113
53 114
53 150
53 176
53 182
53 187
53 191
53 200
53 227
53 234
53 244
53 258
53 282
53 303
53 336
53 350
53 354
53 378
53 392
53 393
53 444
53 450
53 470
53 472
53 474
53 475
53 492
54 55
54 85
54 92
54 94
54 95
54 110
54 134
54 167
54 176
54 177
54 207
54 213
54 227
54 232
54 251
54 257
54 288
54 291
54 316
54 326
54 334
54 357
54 362
54 372
54 392
54 407
54 431
54 445
54 446
54 456
54 459
54 486
54 493
55 115
55 152
55 170
55 177
55 184
55 201
55 233
55 240
55 250
55 251
55 252
55 274
55 291
55 340
55 342
55 366
55 372
55 399
55 403
55 434
55 437
55 465
55 475
55 482
55 492
56 70
56 74
56 76
56 84
56 105
56 116
56 122
56 142
56 147
56 164
56 178
56 198
56 211
56 231
56 240
56 251
56 270
56 290
56 291
56 302
56 351
56 363
56 368
56 393
56 403
56 412
56 413
56 418
56 430
56 453
56 474
56 486
56 494
57 83
57 85
57 92
57 110
57 120
57 128
57 130
57 200
57 210
57 244
57 278
57 285
57 303
57 312
57 313
57 329
57 359
57 378
57 380
57 412
57 421
57 428
57 471
57 486
58 82
58 95
58 101
58 114
58 119
58 136
58 148
58 151
58 160
58 164
58 180
58 202
58 205
58 229
58 234
58 237
58 249
58 250
58 258
58 262
58 306
58 327
58 333
58 344
58 362
58 391
58 415
58 423
58 425
58 428
58 433
58 435
58 447
58 452
58 494
59 64
59 72
59 84
59 92
59 95
59 138
59 147
59 152
59 157
59 168
59 172
59 196
59 201
59 207
59 237
59 259
59 264
59 293
59 308
59 311
59 325
59 331
59 345
59 349
59 352
59 354
59 361
59 384
59 396
59 412
59 455
59 482
60 83
60 119
60 120
60 127
60 182
60 227
60 257
60 264
60 273
60 276
60 278
60 289
60 299
60 312
60 324
60 354
60 355
60 387
60 394
60 410
60 447
60 468
60 475
60 478
61 67
61 75
61 117
61 135
61 146
61 185
61 236
61 247
61 253
61 262
61 267
61 286
61 298
61 301
61 317
61 324
61 349
61 359
61 369
61 436
61 450
61 465
61 468
61 478
61 482
61 483
61 490
62 65
62 80
62 81
62 117
62 118
62 243
62 259
62 269
62 277
62 287
62 288
62 313
62 324
62 328
62 329
62 341
62 350
62 353
62 360
62 369
62 424
62 437
62 448
62 452
63 66
63 69
63 97
63 100
63 130
63 131
63 148
63 162
63 163
63 178
63 200
63 207
63 234
63 239
63 288
63 297
63 300
63 301
63 317
63 373
63 377
63 386
63 420
63 423
63 429
63 438
63 439
63 456
64 87
64 121
64 133
64 146
64 182
64 195
64 222
64 230
64 231
64 239
64 251
64 265
64 309
64 329
64 331
64 335
64 336
64 338
64 347
64 357
64 359
64 373
64 375
64 376
64 381
64 395
64 397
64 426
64 441
64 454
64 458
64 485
64 497
65 120
65 146
65 147
65 155
65 168
65 194
65 218
65 245
65 248
65 257
65 297
65 298
65 300
65 304
65 314
65 352
65 367
65 380
65 394
65 404
65 407
65 415
65 417
65 493
65 495
66 92
66 101
66 108
66 121
66 124
66 143
66 168
66 176
66 179
66 181
66 186
66 198
66 202
66 204
66 216
66 222
66 227
66 260
66 264
66 281
66 326
66 340
66 345
66 347
66 369
66 377
66 381
66 393
66 396
66 403
66 445
66 458
66 490
67 76
67 133
67 134
67 148
67 166
67 174
67 176
67 185
67 195
67 196
67 222
67 232
67 256
67 275
67 282
67 298
67 321
67 377
67 379
67 380
67 399
67 402
67 424
67 425
67 451
67 458
67 464
67 496
68 71
68 83
68 101
68 136
68 161
68 164
68 203
68 213
68 221
68 269
68 275
68 297
68 302
68 307
68 318
68 322
68 323
68 331
68 341
68 380
68 381
68 383
68 401
68 404
68 406
68 411
68 412
68 419
68 429
68 439
68 443
68 444
68 459
68 480
68 482
68 489
68 490
69 71
69 74
69 78
69 138
69 145
69 155
69 166
69 168
69 170
69 182
69 185
69 228
69 246
69 255
69 265
69 287
69 289
69 333
69 342
69 374
69 404
69 420
69 421
69 442
69 469
69 471
69 473
69 486
70 81
70 98
70 120
70 132
70 134
70 141
70 144
70 145
70 146
70 150
70 180
70 188
70 239
70 246
70 273
70 313
70 356
70 366
70 384
70 385
70 407
70 415
70 430
70 449
70 455
71 89
71 98
71 108
71 111
71 113
71 138
71 140
71 150
71 180
71 188
71 202
71 257
71 272
71 279
71 287
71 302
71 335
71 359
71 365
71 373
71 383
71 386
71 400
71 402
71 428
71 437
71 439
71 449
72 77
72 115
72 136
72 140
72 176
72 190
72 194
72 216
72 234
72 238
72 240
72 241
72 269
72 275
72 289
72 295
72 298
72 306
72 315
72 326
72 333
72 339
72 355
72 364
72 368
72 383
72 436
72 443
72 446
72 460
72 469
72 493
73 87
73 106
73 127
73 132
73 135
73 139
73 147
73 150
73 167
73 188
73 194
73 219
73 223
73 231
73 234
73 238
73 241
73 253
73 265
73 267
73 268
73 290
73 300
73 306
73 309
73 335
73 346
73 363
73 364
73 373
73 389
73 420
73 454
73 474
73 479
73 482
73 483
73 496
74 102
74 104
74 111
74 115
74 127
74 141
74 173
74 205
74 218
74 220
74 248
74 256
74 277
74 285
74 289
74 326
74 330
74 353
74 356
74 375
74 378
74 396
74 468
74 469
74 470
74 478
74 483
74 499
75 128
75 134
75 158
75 168
75 189
75 195
75 205
75 217
75 222
75 266
75 278
75 293
75 321
75 331
75 333
75 350
75 369
75 386
75 438
75 441
75 446
75 498
76 100
76 109
76 113
76 158
76 165
76 169
76 180
76 217
76 227
76 240
76 248
76 261
76 263
76 270
76 273
76 274
76 324
76 369
76 393
76 394
76 395
76 404
76 429
76 435
76 461
76 487
76 494
77 78
77 88
77 100
77 105
77 120
77 129
77 133
77 165
77 173
77 176
77 211
77 212
77 225
77 229
77 232
77 246
77 253
77 256
77 271
77 298
77 309
77 321
77 334
77 338
77 351
77 392
77 410
77 413
77 417
77 427
77 445
77 495
78 80
78 84
78 109
78 130
78 132
78 138
78 141
78 145
78 147
78 166
78 168
78 174
78 177
78 186
78 198
78 200
78 202
78 208
78 219
78 222
78 229
78 232
78 235
78 240
78 245
78 267
78 287
78 298
78 333
78 366
78 384
78 389
78 407
78 412
78 428
78 475
78 495
79 82
79 96
79 97
79 125
79 140
79 176
79 185
79 230
79 238
79 243
79 250
79 258
79 263
79 310
79 325
79 327
79 345
79 356
79 413
79 464
79 479
79 483
80 120
80 128
80 166
80 178
80 192
80 204
80 212
80 213
80 225
80 256
80 268
80 272
80 275
80 282
80 296
80 307
80 314
80 334
80 354
80 362
80 379
80 397
80 412
80 455
80 485
80 487
80 493
81 82
81 86
81 131
81 152
81 184
81 205
81 210
81 212
81 227
81 229
81 230
81 234
81 240
81 269
81 294
81 306
81 312
81 349
81 360
81 371
81 384
81 407
81 420
81 438
81 441
81 453
81 459
81 461
81 477
81 489
81 490
81 491
82 114
82 126
82 156
82 161
82 180
82 211
82 217
82 241
82 244
82 266
82 268
82 269
82 291
82 298
82 347
82 365
82 382
82 389
82 400
82 411
82 418
82 433
82 436
82 451
82 483
82 494
82 496
83 85
83 141
83 149
83 179
83 191
83 196
83 205
83 217
83 220
83 241
83 275
83 301
83 312
83 331
83 357
83 361
83 376
83 383
83 385
83 386
83 393
83 398
83 407
83 411
83 474
83 477
83 484
83 488
84 89
84 106
84 119
84 126
84 175
84 188
84 196
84 200
84 203
84 230
84 249
84 267
84 283
84 294
84 311
84 320
84 323
84 347
84 350
84 394
84 410
84 464
84 466
84 488
84 496
85 92
85 94
85 105
85 119
85 148
85 165
85 175
85 205
85 209
85 237
85 261
85 319
85 326
85 343
85 359
85 368
85 388
85 406
85 465
85 485
85 488
86 114
86 138
86 155
86 169
86 187
86 208
86 214
86 237
86 250
86 253
86 287
86 309
86 312
86 316
86 318
86 327
86 329
86 332
86 340
86 357
86 361
86 372
86 404
86 409
86 423
86 449
86 451
86 453
86 459
86 462
86 466
86 474
86 496
87 102
87 110
87 115
87 133
87 162
87 183
87 201
87 208
87 217
87 220
87 223
87 238
87 256
87 283
87 296
87 298
87 306
87 312
87 334
87 380
87 390
87 392
87 393
87 409
87 422
87 427
87 436
87 445
87 452
87 463
87 472
87 476
87 488
88 101
88 114
88 128
88 131
88 132
88 142
88 150
88 191
88 211
88 225
88 231
88 239
88 253
88 266
88 268
88 275
88 296
88 345
88 350
88 351
88 354
88 363
88 371
88 380
88 390
88 420
88 443
88 459
88 466
88 473
88 479
88 496
89 144
89 177
89 193
89 218
89 235
89 266
89 274
89 279
89 305
89 325
89 334
89 351
89 421
89 441
89 451
89 469
89 498
90 94
90 112
90 144
90 193
90 256
90 258
90 271
90 281
90 304
90 324
90 328
90 348
90 352
90 353
90 383
90 384
90 399
90 410
90 414
90 443
90 493
90 495
91 100
91 110
91 113
91 118
91 121
91 130
91 134
91 136
91 145
91 146
91 157
91 171
91 178
91 187
91 189
91 192
91 194
91 213
91 227
91 273
91 288
91 351
91 366
91 372
91 377
91 408
91 412
91 414
91 420
91 429
91 438
91 456
91 466
91 469
91 480
91 492
91 495
92 115
92 133
92 137
92 139
92 142
92 149
92 152
92 157
92 206
92 210
92 234
92 239
92 244
92 246
92 255
92 258
92 261
92 313
92 328
92 354
92 358
92 364
92 387
92 402
92 419
92 445
92 449
92 461
92 476
93 94
93 100
93 120
93 131
93 145
93 155
93 170
93 176
93 194
93 197
93 199
93 237
93 240
93 244
93 282
93 310
93 351
93 366
93 372
93 377
93 380
93 383
93 428
93 441
93 448
93 449
93 454
93 460
93 468
93 477
93 487
94 103
94 161
94 220
94 250
94 268
94 274
94 277
94 281
94 312
94 365
94 458
95 104
95 132
95 140
95 156
95 162
95 173
95 177
95 179
95 181
95 190
95 209
95 238
95 255
95 267
95 274
95 292
95 313
95 329
95 340
95 379
95 392
95 402
95 409
95 419
95 424
95 430
95 444
95 455
95 474
96 112
96 122
96 143
96 151
96 155
96 168
96 175
96 183
96 185
96 195
96 212
96 227
96 243
96 251
96 319
96 335
96 338
96 348
96 350
96 354
96 355
96 374
96 383
96 386
96 423
96 435
96 462
97 134
97 152
97 165
97 166
97 201
97 236
97 239
97 245
97 261
97 325
97 337
97 350
97 365
97 368
97 379
97 381
97 402
97 409
97 452
98 126
98 135
98 143
98 146
98 173
98 176
98 202
98 215
98 228
98 235
98 251
98 253
98 257
98 260
98 262
98 284
98 291
98 308
98 313
98 322
98 345
98 349
98 351
98 362
98 375
98 378
98 387
98 405
98 408
98 414
98 441
98 443
98 446
98 459
98 472
98 473
98 474
98 481
98 493
99 103
99 186
99 198
99 209
99 211
99 217
99 221
99 244
99 249
99 250
99 256
99 276
99 281
99 292
99 339
99 345
99 351
99 363
99 378
99 388
99 399
99 420
99 425
99 426
99 469
99 485
99 486
99 493
100 113
100 115
100 128
100 134
100 143
100 150
100 154
100 157
100 162
100 179
100 184
100 199
100 234
100 236
100 271
100 316
100 351
100 367
100 376
100 400
100 402
100 406
100 412
100 417
100 428
100 433
100 443
100 453
100 455
100 469
100 473
101 129
101 147
101 160
101 184
101 191
101 205
101 206
101 208
101 246
101 250
101 259
101 273
101 279
101 307
101 311
101 353
101 357
101 376
101 401
101 440
101 465
101 469
101 499
102 114
102 123
102 133
102 136
102 203
102 210
102 232
102 241
102 245
102 267
102 271
102 301
102 343
102 355
102 361
102 380
102 381
102 411
103 117
103 143
103 144
103 147
103 152
103 206
103 211
103 217
103 242
103 247
103 248
103 263
103 270
103 277
103 281
103 325
103 352
103 354
103 375
103 400
103 405
103 447
103 448
103 452
103 462
103 468
103 493
104 107
104 111
104 148
104 151
104 172
104 209
104 214
104 238
104 256
104 271
104 294
104 331
104 339
104 356
104 372
104 399
104 453
104 466
104 475
104 476
104 484
104 485
104 489
104 491
105 132
105 144
105 153
105 159
105 187
105 191
105 216
105 225
105 241
105 251
105 252
105 260
105 280
105 283
105 313
105 315
105 316
105 329
105 349
105 355
105 364
105 367
105 393
105 414
105 445
105 449
105 477
106 122
106 124
106 154
106 165
106 199
106 225
106 242
106 244
106 249
106 250
106 269
106 302
106 316
106 326
106 330
106 342
106 347
106 356
106 389
106 396
106 439
106 461
106 462
107 113
107 117
107 123
107 130
107 140
107 141
107 153
107 198
107 199
107 204
107 205
107 206
107 246
107 269
107 276
107 282
107 290
107 300
107 306
107 349
107 350
107 351
107 356
107 398
107 403
107 407
107 412
107 413
107 459
107 477
108 111
108 113
108 137
108 140
108 165
108 173
108 178
108 187
108 248
108 256
108 264
108 267
108 337
108 345
108 350
108 392
108 435
108 454
108 480
109 111
109 136
109 198
109 200
109 209
109 219
109 220
109 248
109 257
109 270
109 276
109 293
109 308
109 311
109 315
109 320
109 327
109 335
109 350
109 362
109 368
109 381
109 389
109 412
109 414
109 429
109 450
109 452
109 488
109 492
110 111
110 121
110 138
110 139
110 158
110 168
110 228
110 233
110 257
110 258
110 280
110 282
110 288
110 291
110 303
110 307
110 325
110 328
110 352
110 353
110 366
110 373
110 378
110 399
110 403
110 415
110 416
110 424
110 432
110 436
110 441
110 454
110 455
110 457
110 459
110 475
110 486
111 123
111 142
111 169
111 186
111 206
111 214
111 232
111 239
111 250
111 272
111 287
111 304
111 325
111 344
111 357
111 374
111 378
111 385
111 415
111 438
111 443
111 449
111 470
111 480
111 483
111 486
111 490
111 492
112 119
112 122
112 136
112 138
112 161
112 216
112 224
112 236
112 252
112 277
112 298
112 303
112 330
112 384
112 442
112 447
112 460
112 473
112 474
112 498
113 179
113 208
113 216
113 239
113 277
113 286
113 310
113 322
113 327
113 340
113 345
113 350
113 363
113 391
113 401
113 405
113 425
113 438
113 450
113 462
113 467
113 468
113 489
114 116
114 124
114 129
114 144
114 158
114 192
114 220
114 245
114 265
114 275
114 292
114 302
114 311
114 314
114 335
114 345
114 362
114 375
114 392
114 415
114 421
114 439
114 458
114 472
115 127
115 141
115 143
115 169
115 217
115 240
115 241
115 244
115 286
115 289
115 292
115 297
115 308
115 343
115 349
115 358
115 373
115 382
115 427
115 441
115 463
115 467
115 480
116 121
116 143
116 149
116 157
116 183
116 194
116 201
116 203
116 211
116 213
116 220
116 232
116 234
116 262
116 284
116 294
116 308
116 313
116 318
116 326
116 331
116 353
116 379
116 383
116 408
116 415
116 445
116 446
116 459
116 480
116 485
116 496
117 137
117 142
117 177
117 181
117 206
117 216
117 245
117 292
117 302
117 312
117 321
117 334
117 356
117 365
117 420
117 426
117 496
118 119
118 124
118 126
118 133
118 144
118 153
118 156
118 157
118 171
118 176
118 179
118 187
118 189
118 194
118 195
118 204
118 234
118 240
118 241
118 263
118 276
118 292
118 304
118 321
118 330
118 339
118 352
118 374
118 387
118 390
118 421
118 423
118 425
118 428
118 440
118 458
118 471
118 474
118 475
119 122
119 140
119 193
119 206
119 230
119 232
119 242
119 246
119 248
119 260
119 271
119 281
119 300
119 304
119 348
119 353
119 355
119 373
119 399
119 436
119 454
119 455
119 488
120 121
120 127
120 129
120 131
120 134
120 142
120 168
120 189
120 207
120 262
120 270
120 283
120 326
120 340
120 363
120 364
120 379
120 399
120 400
120 409
120 446
120 486
121 122
121 169
121 173
121 207
121 220
121 230
121 234
121 244
121 253
121 278
121 293
121 296
121 302
121 326
121 336
121 352
121 383
121 394
121 421
121 446
121 476
121 480
121 486
121 491
122 133
122 140
122 154
122 158
122 161
122 162
122 179
122 183
122 194
122 206
122 226
122 247
122 258
122 261
122 273
122 308
122 311
122 352
122 353
122 363
122 375
122 382
122 418
122 422
122 440
122 458
122 460
122 473
123 140
123 183
123 184
123 209
123 225
123 229
123 240
123 242
123 273
123 279
123 307
123 310
123 318
123 351
123 353
123 356
123 357
123 363
123 377
123 381
123 385
123 387
123 405
123 455
123 481
124 186
124 204
124 221
124 227
124 240
124 250
124 253
124 265
124 278
124 303
124 304
124 318
124 325
124 350
124 366
124 381
124 392
124 399
124 403
124 410
124 414
124 439
124 482
124 484
124 498
124 499
125 136
125 143
125 193
125 230
125 232
125 271
125 296
125 312
125 338
125 359
125 361
125 371
125 391
125 400
125 449
125 453
125 461
125 492
126 157
126 165
126 199
126 210
126 212
126 213
126 226
126 253
126 261
126 267
126 276
126 282
126 311
126 322
126 324
126 325
126 373
126 379
126 382
126 399
126 409
126 422
126 425
126 434
126 448
126 470
126 475
126 484
127 129
127 164
127 176
127 177
127 191
127 235
127 239
127 242
127 298
127 332
127 336
127 363
127 383
127 389
127 408
127 411
127 417
127 422
127 435
127 444
127 450
127 464
127 476
128 134
128 154
128 155
128 157
128 159
128 163
128 171
128 242
128 333
128 349
128 416
128 421
128 450
128 451
128 469
128 472
129 151
129 173
129 185
129 215
129 217
129 224
129 232
129 249
129 254
129 281
129 304
129 316
129 320
129 332
129 348
129 353
129 363
129 365
129 377
129 385
129 392
129 399
129 400
129 441
129 442
129 444
129 452
129 458
129 471
129 482
130 131
130 136
130 140
130 155
130 169
130 183
130 214
130 215
130 250
130 283
130 296
130 307
130 321
130 327
130 336
130 352
130 385
130 392
130 396
130 430
130 434
130 476
130 478
130 484
131 139
131 184
131 202
131 210
131 236
131 245
131 248
131 260
131 264
131 279
131 285
131 295
131 303
131 307
131 315
131 338
131 345
131 349
131 368
131 371
131 406
131 440
131 441
131 454
131 464
131 465
131 471
131 492
132 165
132 167
132 169
132 174
132 176
132 179
132 197
132 202
132 213
132 215
132 242
132 244
132 270
132 279
132 280
132 283
132 288
132 305
132 329
132 340
132 352
132 370
132 373
132 407
132 413
132 415
132 418
132 446
132 453
132 455
132 456
132 480
132 483
132 484
133 136
133 142
133 175
133 177
133 180
133 215
133 222
133 224
133 230
133 236
133 271
133 275
133 277
133 296
133 304
133 341
133 343
133 378
133 384
133 394
133 397
133 419
133 471
133 479
133 482
133 492
133 493
134 203
134 210
134 211
134 228
134 232
134 254
134 263
134 284
134 286
134 305
134 314
134 315
134 333
134 377
134 397
134 415
134 420
134 422
134 443
134 470
134 476
134 486
134 492
134 494
134 495
134 499
135 163
135 190
135 203
135 228
135 229
135 237
135 244
135 253
135 254
135 261
135 268
135 270
135 272
135 313
135 327
135 333
135 357
135 378
135 379
135 399
135 406
135 426
135 427
135 450
135 458
135 471
135 479
135 489
136 164
136 169
136 172
136 192
136 233
136 239
136 247
136 260
136 264
136 267
136 350
136 352
136 358
136 392
136 429
136 430
136 431
136 443
136 447
136 456
136 465
136 467
136 468
136 474
136 486
136 499
137 141
137 156
137 158
137 159
137 176
137 179
137 181
137 220
137 224
137 230
137 238
137 245
137 249
137 263
137 270
137 274
137 275
137 320
137 331
137 351
137 357
137 378
137 394
137 404
137 421
137 445
137 455
137 485
138 175
138 200
138 209
138 216
138 222
138 244
138 269
138 285
138 287
138 292
138 309
138 317
138 318
138 373
138 406
138 416
138 442
138 446
138 449
138 453
138 488
138 496
139 151
139 155
139 173
139 218
139 251
139 290
139 325
139 332
139 362
139 416
139 432
139 444
139 449
139 461
139 465
140 149
140 159
140 171
140 206
140 215
140 218
140 222
140 240
140 255
140 261
140 263
140 275
140 277
140 290
140 295
140 318
140 327
140 342
140 350
140 363
140 373
140 375
140 385
140 397
140 404
140 414
140 419
140 424
140 429
140 431
140 459
140 467
140 471
140 486
141 159
141 171
141 176
141 193
141 238
141 245
141 246
141 250
141 262
141 285
141 287
141 298
141 301
141 305
141 306
141 311
141 328
141 347
141 377
141 388
141 432
141 440
141 442
141 457
141 469
141 481
141 485
141 496
142 189
142 192
142 237
142 239
142 240
142 260
142 318
142 325
142 327
142 330
142 333
142 334
142 346
142 393
142 401
142 435
142 437
142 438
142 440
142 454
142 479
142 497
143 147
143 156
143 189
143 206
143 211
143 235
143 240
143 252
143 272
143 298
143 304
143 329
143 344
143 364
143 378
143 404
143 409
143 410
143 425
143 428
143 429
143 441
143 452
143 484
143 493
144 157
144 183
144 184
144 215
144 240
144 310
144 316
144 317
144 318
144 328
144 344
144 352
144 370
144 388
144 416
144 423
144 433
144 464
144 470
144 474
144 490
144 499
145 160
145 167
145 183
145 190
145 191
145 212
145 213
145 215
145 222
145 236
145 253
145 262
145 284
145 287
145 301
145 302
145 307
145 308
145 342
145 345
145 346
145 348
145 349
145 358
145 388
145 408
145 438
145 454
145 467
145 481
145 483
145 487
145 494
146 170
146 193
146 223
146 268
146 296
146 306
146 313
146 329
146 330
146 342
146 343
146 373
146 377
146 439
146 447
147 149
147 158
147 166
147 188
147 213
147 228
147 239
147 248
147 250
147 256
147 257
147 265
147 319
147 341
147 363
147 365
147 384
147 386
147 395
147 400
147 419
147 424
147 427
147 430
147 495
148 152
148 166
148 171
148 192
148 204
148 205
148 221
148 247
148 253
148 289
148 295
148 316
148 318
148 324
148 327
148 336
148 354
148 367
148 384
148 395
148 401
148 425
148 440
148 446
148 453
148 456
149 176
149 190
149 198
149 205
149 206
149 222
149 237
149 239
149 243
149 265
149 291
149 306
149 327
149 347
149 354
149 355
149 375
149 383
149 403
149 445
149 452
149 453
149 458
149 464
149 467
149 483
150 167
150 174
150 180
150 230
150 262
150 273
150 281
150 288
150 290
150 328
150 390
150 395
150 409
150 418
150 430
150 433
150 437
150 438
150 439
150 471
150 472
150 481
150 499
151 162
151 181
151 207
151 222
151 224
151 264
151 275
151 287
151 319
151 320
151 344
151 362
151 380
151 425
151 431
151 461
151 474
152 173
152 175
152 177
152 197
152 205
152 207
152 208
152 209
152 210
152 216
152 225
152 270
152 306
152 316
152 341
152 377
152 435
152 446
152 448
152 469
152 472
152 478
153 159
153 177
153 193
153 205
153 273
153 301
153 315
153 326
153 335
153 340
153 341
153 344
153 345
153 354
153 362
153 382
153 390
153 395
153 398
153 425
153 435
153 439
153 442
153 447
153 452
153 461
153 464
153 467
153 481
153 482
153 483
154 160
154 185
154 190
154 217
154 221
154 223
154 232
154 236
154 238
154 246
154 270
154 301
154 332
154 342
154 349
154 361
154 367
154 422
154 435
154 468
154 486
155 195
155 202
155 223
155 231
155 255
155 257
155 261
155 263
155 272
155 290
155 324
155 348
155 350
155 367
155 380
155 400
155 411
155 412
155 430
155 443
155 449
155 459
155 494
156 184
156 187
156 198
156 206
156 258
156 264
156 275
156 276
156 310
156 337
156 338
156 348
156 367
156 376
156 383
156 388
156 398
156 399
156 403
156 411
156 420
156 425
156 439
156 456
156 460
156 482
156 489
156 492
156 496
157 171
157 189
157 203
157 220
157 244
157 293
157 317
157 318
157 335
157 355
157 356
157 359
157 385
157 387
157 390
157 406
157 410
157 416
157 419
157 421
157 445
157 455
157 466
157 494
157 498
158 168
158 180
158 190
158 192
158 204
158 215
158 217
158 238
158 245
158 246
158 249
158 258
158 260
158 262
158 264
158 267
158 335
158 353
158 359
158 364
158 382
158 408
158 414
158 415
158 437
158 460
158 468
158 471
158 472
158 498
159 178
159 183
159 201
159 216
159 236
159 252
159 289
159 304
159 306
159 307
159 308
159 315
159 320
159 327
159 332
159 334
159 345
159 346
159 375
159 395
159 403
159 407
159 409
159 424
159 446
159 450
159 485
159 490
160 171
160 175
160 179
160 188
160 189
160 193
160 196
160 206
160 216
160 225
160 271
160 272
160 283
160 293
160 300
160 316
160 326
160 391
160 402
160 409
160 420
160 432
160 439
160 449
160 453
160 456
160 482
160 485
161 186
161 195
161 196
161 197
161 231
161 241
161 261
161 309
161 322
161 341
161 355
161 368
161 403
161 409
161 411
161 436
161 488
161 497
162 168
162 263
162 264
162 274
162 280
162 282
162 294
162 301
162 307
162 332
162 333
162 341
162 342
162 350
162 354
162 366
162 372
162 377
162 388
162 393
162 423
162 437
162 464
162 468
162 477
162 489
163 168
163 198
163 202
163 231
163 235
163 284
163 292
163 295
163 318
163 320
163 339
163 354
163 355
163 362
163 370
163 398
163 411
163 419
163 440
163 474
164 185
164 188
164 193
164 206
164 231
164 235
164 247
164 256
164 274
164 292
164 296
164 302
164 303
164 308
164 323
164 333
164 344
164 369
164 380
164 388
164 392
164 394
164 412
164 417
164 441
164 463
164 479
165 207
165 208
165 223
165 240
165 270
165 275
165 293
165 295
165 300
165 316
165 320
165 355
165 358
165 378
165 381
165 386
165 391
165 401
165 427
165 460
166 176
166 195
166 205
166 217
166 220
166 228
166 236
166 239
166 242
166 246
166 262
166 303
166 320
166 341
166 354
166 360
166 374
166 379
166 396
166 405
166 418
167 168
167 209
167 214
167 216
167 233
167 247
167 248
167 257
167 274
167 288
167 289
167 301
167 304
167 312
167 336
167 338
167 374
167 381
167 409
167 419
167 423
167 429
167 443
167 449
167 452
167 472
167 475
167 485
168 216
168 224
168 233
168 249
168 250
168 264
168 281
168 282
168 287
168 306
168 314
168 336
168 341
168 346
168 347
168 365
168 366
168 377
168 390
168 395
168 413
168 416
168 497
169 180
169 181
169 203
169 211
169 214
169 215
169 216
169 220
169 226
169 236
169 255
169 261
169 265
169 309
169 312
169 320
169 331
169 335
169 374
169 383
169 386
169 391
169 394
169 395
169 427
169 431
169 447
170 184
170 188
170 198
170 203
170 204
170 241
170 248
170 252
170 262
170 274
170 288
170 320
170 346
170 348
170 406
170 416
170 423
170 432
170 465
170 469
170 480
170 499
171 173
171 183
171 209
171 223
171 225
171 229
171 244
171 269
171 271
171 289
171 296
171 334
171 371
171 372
171 404
171 407
171 422
171 426
171 456
171 472
172 205
172 211
172 213
172 219
172 222
172 247
172 265
172 286
172 312
172 321
172 342
172 351
172 393
172 394
172 417
172 445
172 448
172 495
173 176
173 220
173 231
173 238
173 284
173 285
173 293
173 343
173 353
173 355
173 358
173 361
173 380
173 411
173 416
173 436
173 454
173 496
174 184
174 200
174 229
174 244
174 312
174 334
174 394
174 405
174 443
174 451
174 455
174 456
174 477
174 486
174 493
174 497
175 236
175 243
175 254
175 272
175 282
175 284
175 301
175 321
175 347
175 356
175 357
175 390
175 417
175 464
175 467
175 468
175 476
175 482
175 483
175 486
176 183
176 219
176 222
176 224
176 225
176 239
176 246
176 250
176 294
176 317
176 330
176 334
176 347
176 383
176 389
176 402
176 404
176 411
176 416
176 425
176 427
176 440
176 467
176 480
176 483
177 187
177 195
177 207
177 223
177 250
177 275
177 312
177 325
177 329
177 338
177 340
177 380
177 390
177 415
177 452
177 460
178 196
178 213
178 219
178 224
178 240
178 245
178 248
178 252
178 275
178 296
178 299
178 305
178 309
178 359
178 365
178 367
178 380
178 409
178 435
178 436
178 498
179 180
179 201
179 214
179 223
179 227
179 248
179 252
179 266
179 275
179 287
179 289
179 293
179 306
179 322
179 348
179 351
179 377
179 390
179 391
179 407
179 412
179 464
179 489
180 219
180 221
180 226
180 229
180 230
180 265
180 274
180 281
180 288
180 297
180 315
180 328
180 343
180 359
180 364
180 429
180 432
180 469
180 470
180 480
180 481
180 488
180 491
181 184
181 189
181 204
181 215
181 235
181 248
181 251
181 255
181 258
181 297
181 301
181 325
181 335
181 336
181 339
181 389
181 405
181 416
181 434
181 440
181 445
181 446
181 481
181 483
181 489
182 202
182 234
182 273
182 307
182 308
182 319
182 357
182 367
182 373
182 375
182 384
182 385
182 396
182 401
182 404
182 433
182 462
182 470
182 472
182 476
182 491
183 186
183 191
183 192
183 212
183 214
183 216
183 218
183 249
183 265
183 277
183 287
183 312
183 322
183 330
183 336
183 341
183 357
183 384
183 396
183 426
183 451
183 458
183 474
183 492
184 203
184 210
184 217
184 229
184 244
184 262
184 265
184 271
184 278
184 284
184 287
184 302
184 304
184 310
184 311
184 326
184 344
184 370
184 373
184 378
184 399
184 404
184 410
184 437
184 442
184 467
184 469
184 472
184 493
185 192
185 209
185 211
185 218
185 230
185 238
185 261
185 263
185 269
185 280
185 300
185 304
185 317
185 335
185 356
185 390
185 391
185 395
185 411
185 421
185 426
186 206
186 207
186 211
186 235
186 236
186 278
186 291
186 316
186 332
186 343
186 360
186 364
186 367
186 369
186 375
186 381
186 398
186 407
186 417
186 452
186 454
186 462
186 467
186 469
186 475
186 483
187 203
187 209
187 234
187 271
187 296
187 310
187 324
187 326
187 336
187 375
187 378
187 393
187 395
187 398
187 422
187 445
187 464
187 470
187 484
187 487
187 490
187 493
187 499
188 193
188 201
188 221
188 236
188 246
188 267
188 270
188 282
188 285
188 294
188 320
188 321
188 326
188 345
188 389
188 394
188 444
188 449
188 466
188 471
188 497
189 192
189 201
189 213
189 215
189 221
189 233
189 250
189 265
189 274
189 282
189 297
189 314
189 325
189 332
189 342
189 396
189 404
189 415
189 417
189 436
189 480
189 487
189 489
189 490
190 205
190 225
190 234
190 283
190 285
190 298
190 300
190 324
190 330
190 340
190 378
190 399
190 420
190 421
190 438
190 443
190 454
190 471
190 478
190 490
190 498
191 193
191 195
191 196
191 201
191 206
191 221
191 248
191 258
191 281
191 285
191 287
191 307
191 313
191 346
191 355
191 359
191 379
191 392
191 394
191 406
191 410
191 442
191 447
191 448
191 469
192 197
192 232
192 269
192 287
192 308
192 327
192 333
192 341
192 346
192 360
192 375
192 382
192 386
192 389
192 391
192 412
192 414
192 429
192 454
192 455
192 489
192 495
193 205
193 229
193 243
193 259
193 273
193 300
193 318
193 326
193 344
193 350
193 351
193 379
193 395
193 405
193 432
193 436
194 215
194 223
194 239
194 263
194 268
194 287
194 290
194 300
194 309
194 313
194 317
194 335
194 349
194 351
194 371
194 377
194 402
194 412
194 434
194 445
194 454
194 462
194 472
194 477
194 493
195 200
195 243
195 281
195 284
195 324
195 330
195 339
195 341
195 358
195 366
195 394
195 400
195 447
195 460
195 489
196 215
196 220
196 227
196 300
196 316
196 325
196 328
196 335
196 346
196 376
196 381
196 420
196 424
196 427
196 435
196 438
196 477
196 479
196 497
197 211
197 225
197 231
197 233
197 247
197 254
197 268
197 273
197 276
197 296
197 314
197 337
197 338
197 368
197 389
197 391
197 392
197 396
197 411
197 412
197 417
197 436
197 440
197 446
197 475
197 486
198 226
198 233
198 238
198 246
198 251
198 261
198 288
198 292
198 316
198 361
198 377
198 381
198 413
198 414
198 429
198 430
198 481
198 482
198 491
199 207
199 211
199 212
199 221
199 240
199 248
199 268
199 273
199 275
199 281
199 306
199 320
199 337
199 354
199 378
199 379
199 385
199 398
199 407
199 442
199 448
199 476
199 495
200 222
200 238
200 253
200 257
200 258
200 260
200 263
200 266
200 283
200 313
200 318
200 344
200 397
200 406
200 408
200 410
200 414
200 429
200 438
200 439
200 448
200 464
200 485
201 230
201 255
201 266
201 325
201 334
201 361
201 374
201 426
201 464
201 465
201 490
201 492
201 494
201 498
202 233
202 237
202 253
202 256
202 264
202 269
202 287
202 330
202 339
202 396
202 404
202 405
202 466
202 487
202 494
203 214
203 216
203 245
203 265
203 281
203 314
203 316
203 335
203 341
203 352
203 364
203 388
203 399
203 403
203 411
203 423
203 426
203 428
203 445
203 446
203 463
203 485
203 493
203 497
204 246
204 253
204 262
204 273
204 276
204 286
204 290
204 341
204 354
204 384
204 385
204 389
204 394
204 396
204 401
204 456
204 464
204 468
204 469
205 213
205 223
205 228
205 243
205 287
205 309
205 311
205 330
205 331
205 340
205 355
205 358
205 382
205 387
205 392
205 432
205 436
205 437
205 445
205 448
205 465
205 476
205 479
206 216
206 218
206 222
206 240
206 278
206 288
206 325
206 326
206 330
206 351
206 376
206 378
206 404
206 406
206 411
206 478
207 217
207 219
207 230
207 236
207 240
207 248
207 254
207 277
207 281
207 296
207 339
207 340
207 416
207 439
207 446
207 449
207 458
207 461
207 468
207 478
208 210
208 214
208 217
208 246
208 253
208 256
208 275
208 280
208 308
208 310
208 333
208 353
208 370
208 394
208 402
208 406
208 411
208 414
208 439
208 449
208 464
209 229
209 237
209 246
209 264
209 288
209 291
209 298
209 299
209 300
209 303
209 357
209 372
209 380
209 384
209 391
209 405
209 407
209 413
209 420
209 422
209 423
209 426
209 441
209 450
209 458
209 460
210 214
210 246
210 264
210 267
210 272
210 276
210 287
210 291
210 294
210 306
210 312
210 313
210 322
210 326
210 335
210 338
210 343
210 349
210 355
210 360
210 373
210 403
210 412
210 422
210 437
210 453
210 455
211 213
211 254
211 304
211 318
211 336
211 348
211 354
211 368
211 375
211 400
211 416
211 430
211 457
211 474
211 489
212 214
212 220
212 222
212 232
212 246
212 254
212 262
212 267
212 282
212 328
212 331
212 334
212 379
212 385
212 404
212 421
212 442
212 465
212 467
212 499
213 234
213 242
213 266
213 267
213 347
213 378
213 381
213 386
213 476
214 215
214 239
214 243
214 248
214 254
214 279
214 289
214 293
214 304
214 321
214 338
214 340
214 348
214 370
214 371
214 402
214 414
214 429
214 438
214 448
214 449
214 452
214 455
214 478
214 489
214 492
214 495
215 231
215 234
215 242
215 250
215 275
215 298
215 306
215 307
215 315
215 328
215 346
215 358
215 380
215 387
215 446
215 459
215 460
215 476
215 490
215 496
216 229
216 253
216 267
216 270
216 285
216 308
216 323
216 373
216 395
216 397
216 423
216 449
216 470
216 476
217 222
217 233
217 236
217 261
217 264
217 269
217 272
217 273
217 284
217 304
217 305
217 309
217 313
217 314
217 316
217 320
217 340
217 350
217 358
217 365
217 375
217 386
217 446
217 499
218 232
218 250
218 261
218 267
218 273
218 302
218 310
218 313
218 319
218 348
218 379
218 399
218 404
218 421
218 431
218 449
218 454
218 458
218 466
218 485
219 232
219 261
219 278
219 286
219 297
219 308
219 332
219 337
219 351
219 356
219 394
219 398
219 432
219 439
219 451
219 476
219 480
219 491
220 222
220 231
220 237
220 243
220 247
220 272
220 289
220 290
220 300
220 302
220 308
220 313
220 340
220 349
220 357
220 360
220 366
220 369
220 411
220 413
220 459
220 471
220 478
220 495
221 250
221 255
221 257
221 292
221 293
221 304
221 320
221 348
221 371
221 374
221 381
221 382
221 385
221 395
221 413
221 438
221 441
221 444
221 457
221 462
221 495
222 234
222 249
222 263
222 264
222 266
222 280
222 283
222 288
222 299
222 446
222 467
222 476
222 495
223 228
223 242
223 262
223 268
223 281
223 293
223 308
223 309
223 310
223 396
223 416
223 430
223 439
223 462
223 468
223 483
223 484
223 489
224 250
224 291
224 305
224 309
224 319
224 342
224 360
224 363
224 426
224 427
224 429
224 467
224 471
224 475
225 239
225 240
225 242
225 268
225 278
225 290
225 293
225 300
225 301
225 337
225 368
225 376
225 380
225 383
225 403
225 406
225 411
225 414
225 447
225 476
225 481
225 489
226 233
226 249
226 264
226 276
226 293
226 331
226 344
226 372
226 393
226 400
226 423
226 435
226 441
226 458
226 462
226 485
227 237
227 241
227 261
227 262
227 266
227 269
227 280
227 281
227 283
227 284
227 302
227 316
227 320
227 335
227 343
227 350
227 356
227 391
227 415
227 444
227 446
227 459
227 493
227 494
228 258
228 273
228 275
228 280
228 318
228 341
228 355
228 383
228 440
228 456
228 465
228 481
228 494
229 243
229 244
229 245
229 266
229 272
229 284
229 314
229 329
229 374
229 379
229 393
229 394
229 406
229 419
229 446
229 469
229 475
229 494
230 241
230 274
230 281
230 300
230 328
230 334
230 339
230 387
230 391
230 403
230 430
230 448
230 456
231 242
231 257
231 277
231 286
231 323
231 338
231 355
231 361
231 376
231 405
231 411
231 436
231 437
231 438
231 444
231 477
232 235
232 247
232 251
232 279
232 281
232 322
232 351
232 372
232 376
232 381
232 383
232 393
232 438
232 442
232 451
232 459
232 472
232 477
232 485
233 257
233 276
233 285
233 294
233 299
233 318
233 350
233 352
233 362
233 370
233 383
233 405
233 427
233 481
233 490
234 242
234 246
234 254
234 276
234 294
234 296
234 297
234 299
234 302
234 311
234 356
234 368
234 392
234 440
234 442
234 445
234 463
234 466
234 482
234 488
235 252
235 253
235 255
235 275
235 300
235 312
235 326
235 329
235 331
235 338
235 347
235 349
235 351
235 352
235 364
235 380
235 393
235 400
235 412
235 423
235 424
235 432
235 433
235 438
235 449
235 461
235 469
235 475
236 240
236 245
236 257
236 292
236 298
236 306
236 313
236 316
236 381
236 386
236 409
236 412
236 459
236 470
236 479
236 480
237 264
237 277
237 301
237 310
237 332
237 335
237 336
237 343
237 345
237 355
237 373
237 403
237 405
237 407
237 429
237 442
237 465
237 476
237 479
237 487
238 244
238 252
238 258
238 261
238 264
238 265
238 273
238 288
238 306
238 314
238 318
238 329
238 375
238 382
238 386
238 387
238 399
238 402
238 405
238 413
238 458
238 459
238 469
238 470
238 484
238 486
239 243
239 245
239 249
239 261
239 266
239 267
239 275
239 306
239 330
239 334
239 354
239 374
239 379
239 386
239 391
239 394
239 401
239 402
239 412
239 417
239 426
239 458
239 464
239 489
239 491
240 246
240 253
240 259
240 279
240 298
240 301
240 319
240 322
240 335
240 342
240 366
240 378
240 380
240 396
240 397
240 404
240 412
240 421
240 431
240 432
240 440
240 445
240 460
240 475
240 489
240 499
241 276
241 279
241 308
241 316
241 328
241 337
241 340
241 343
241 349
241 360
241 383
241 404
241 419
241 423
241 429
241 432
241 435
241 444
241 445
241 452
241 453
241 460
241 483
242 284
242 289
242 310
242 311
242 343
242 361
242 385
242 401
242 412
242 432
242 437
242 454
242 475
242 486
242 489
243 245
243 248
243 257
243 258
243 283
243 294
243 298
243 318
243 325
243 343
243 361
243 379
243 386
243 393
243 402
243 403
243 420
243 445
243 455
243 474
243 482
243 490
244 275
244 287
244 301
244 320
244 342
244 375
244 380
244 385
244 386
244 392
244 408
244 410
244 416
244 421
244 436
244 437
244 439
244 444
244 445
244 454
244 465
244 466
244 473
244 486
244 494
245 247
245 250
245 261
245 262
245 266
245 283
245 293
245 321
245 323
245 325
245 363
245 373
245 403
245 405
245 431
245 463
245 464
245 469
245 495
246 268
246 271
246 277
246 312
246 316
246 338
246 350
246 419
246 457
246 465
246 469
246 478
246 483
246 498
247 266
247 284
247 298
247 347
247 348
247 379
247 380
247 407
247 431
247 437
247 451
247 455
247 473
247 493
248 253
248 279
248 318
248 322
248 332
248 338
248 339
248 344
248 349
248 363
248 373
248 374
248 438
248 452
248 455
248 477
248 496
249 264
249 265
249 272
249 288
249 290
249 307
249 311
249 341
249 342
249 350
249 361
249 376
249 389
249 392
249 395
249 398
249 407
249 417
249 434
249 474
249 483
249 484
249 485
250 299
250 313
250 318
250 356
250 369
250 379
250 382
250 391
250 429
250 442
250 443
250 454
250 461
250 490
251 266
251 296
251 297
251 301
251 303
251 325
251 332
251 339
251 343
251 345
251 349
251 359
251 378
251 433
251 440
251 451
251 457
252 273
252 294
252 313
252 321
252 358
252 369
252 378
252 379
252 380
252 383
252 385
252 397
252 406
252 430
252 449
252 451
252 454
252 457
252 463
252 467
252 473
252 485
252 492
252 498
253 331
253 337
253 360
253 405
253 414
253 447
253 455
253 468
253 477
253 490
253 494
254 273
254 291
254 307
254 320
254 330
254 382
254 383
254 390
254 396
254 399
254 407
254 419
254 421
254 431
254 455
254 469
254 497
255 265
255 273
255 275
255 285
255 327
255 329
255 334
255 356
255 360
255 368
255 373
255 374
255 397
255 413
255 435
255 444
255 475
255 486
256 269
256 295
256 339
256 377
256 389
256 398
256 406
256 412
256 414
256 433
256 436
256 446
256 460
256 467
256 471
257 264
257 289
257 307
257 314
257 318
257 320
257 322
257 329
257 331
257 344
257 353
257 357
257 396
257 414
257 424
257 425
257 429
257 448
257 452
257 468
257 470
257 477
258 266
258 268
258 270
258 284
258 306
258 324
258 361
258 379
258 383
258 392
258 414
258 419
258 458
258 477
258 484
258 485
259 277
259 292
259 353
259 363
259 379
259 408
259 413
259 476
259 481
260 262
260 281
260 284
260 291
260 299
260 309
260 315
260 316
260 332
260 334
260 351
260 355
260 356
260 377
260 415
260 420
260 434
260 440
260 456
260 469
260 496
261 318
261 325
261 354
261 358
261 364
261 397
261 400
261 403
261 424
261 427
261 431
261 442
261 476
261 479
261 499
262 265
262 267
262 282
262 286
262 294
262 322
262 329
262 330
262 336
262 355
262 366
262 389
262 393
262 444
262 456
262 466
262 478
262 497
263 276
263 306
263 315
263 323
263 360
263 368
263 407
263 448
263 452
263 473
263 489
264 265
264 281
264 283
264 296
264 317
264 328
264 342
264 352
264 367
264 374
264 394
264 413
264 418
264 428
264 431
264 434
264 452
264 473
264 475
265 330
265 332
265 346
265 352
265 369
265 376
265 382
265 390
265 404
265 409
265 410
265 419
265 422
265 428
265 429
265 438
265 445
265 450
265 491
265 492
266 272
266 292
266 295
266 317
266 320
266 345
266 372
266 404
266 410
266 440
266 462
266 480
266 493
267 303
267 315
267 318
267 326
267 329
267 332
267 334
267 339
267 347
267 357
267 366
267 402
267 408
267 411
267 415
267 425
267 428
267 431
267 455
267 458
267 488
268 272
268 276
268 287
268 296
268 299
268 302
268 311
268 312
268 318
268 323
268 363
268 378
268 383
268 403
268 445
268 461
268 475
268 481
268 489
269 270
269 305
269 328
269 349
269 356
269 360
269 378
269 426
269 447
269 452
269 457
269 461
269 483
270 300
270 329
270 352
270 368
270 378
270 418
270 429
270 486
270 487
270 494
271 293
271 298
271 313
271 351
271 370
271 394
271 401
271 407
271 414
271 439
271 465
271 467
271 470
271 478
271 483
271 488
271 491
272 273
272 275
272 276
272 290
272 305
272 321
272 331
272 351
272 373
272 378
272 412
272 417
272 426
272 435
272 442
272 467
272 481
273 328
273 361
273 406
273 412
273 424
273 427
273 445
273 452
273 480
274 292
274 294
274 309
274 323
274 388
274 391
274 392
274 401
274 409
274 413
274 423
274 427
274 429
274 444
274 452
274 467
274 478
274 491
275 298
275 311
275 352
275 363
275 391
275 394
275 414
275 415
275 426
275 438
275 441
275 443
275 464
275 477
275 480
275 482
275 498
276 354
276 372
276 390
276 391
276 429
276 463
276 472
276 484
277 279
277 313
277 335
277 350
277 369
277 403
277 406
277 414
277 418
277 441
277 454
277 457
277 467
277 469
277 480
277 494
278 290
278 291
278 300
278 325
278 346
278 355
278 367
278 420
278 445
278 473
278 491
279 313
279 323
279 328
279 334
279 336
279 377
279 413
279 421
279 464
279 465
279 470
279 481
279 483
279 485
279 486
279 493
280 293
280 299
280 311
280 328
280 338
280 340
280 345
280 356
280 369
280 372
280 388
280 407
280 412
280 415
280 472
280 482
280 487
280 497
280 498
281 301
281 323
281 343
281 346
281 350
281 358
281 393
281 394
281 418
281 431
281 449
281 457
281 471
281 487
281 494
282 301
282 303
282 338
282 354
282 373
282 386
282 387
282 395
282 411
282 428
282 460
282 482
282 496
283 284
283 306
283 308
283 311
283 314
283 315
283 316
283 317
283 339
283 349
283 372
283 373
283 379
283 390
283 399
283 414
283 424
283 427
283 442
283 467
283 469
283 487
284 289
284 296
284 319
284 332
284 352
284 353
284 358
284 377
284 384
284 395
284 417
284 423
284 443
284 452
284 460
285 312
285 318
285 327
285 340
285 357
285 363
285 377
285 384
285 394
285 395
285 431
285 441
285 460
285 477
285 485
285 488
286 325
286 332
286 343
286 374
286 397
286 399
286 403
286 423
286 468
286 470
286 492
287 295
287 308
287 310
287 311
287 327
287 332
287 348
287 352
287 361
287 366
287 389
287 399
287 403
287 406
287 437
287 442
287 478
287 483
287 491
288 289
288 294
288 303
288 318
288 352
288 365
288 367
288 389
288 402
288 418
288 443
288 486
288 498
289 331
289 352
289 354
289 389
289 393
289 404
289 408
289 411
289 465
289 488
289 496
290 302
290 375
290 413
290 418
290 425
290 456
290 458
290 481
291 300
291 304
291 331
291 344
291 368
291 370
291 382
291 397
291 399
291 416
291 440
291 448
291 449
291 476
291 498
292 354
292 369
292 380
292 405
292 422
292 423
292 431
292 432
292 433
292 447
292 453
292 455
293 309
293 345
293 348
293 364
293 372
293 391
293 415
293 430
293 434
293 449
293 456
293 491
294 307
294 312
294 318
294 336
294 353
294 358
294 364
294 371
294 382
294 390
294 410
294 437
294 441
294 447
294 456
294 469
294 476
294 482
294 487
294 489
295 297
295 330
295 332
295 346
295 347
295 355
295 356
295 358
295 382
295 422
295 426
295 437
295 462
295 484
295 495
296 297
296 324
296 349
296 375
296 407
296 424
296 428
296 435
296 441
296 443
296 446
296 450
297 342
297 357
297 364
297 378
297 456
297 469
297 483
297 484
298 303
298 304
298 310
298 316
298 324
298 342
298 349
298 352
298 357
298 384
298 386
298 391
298 402
298 407
298 408
298 414
298 425
298 430
298 432
298 433
298 446
298 452
298 453
298 486
298 489
298 492
299 305
299 344
299 346
299 350
299 362
299 378
299 383
299 388
299 411
299 425
299 440
299 450
299 478
300 322
300 325
300 327
300 334
300 338
300 359
300 360
300 365
300 366
300 369
300 388
300 392
300 453
300 460
300 461
300 475
300 494
301 310
301 323
301 326
301 336
301 366
301 374
301 386
301 388
301 410
301 424
301 435
301 438
301 455
301 469
301 473
301 476
301 492
301 493
301 495
302 307
302 364
302 366
302 396
302 406
302 423
302 447
302 456
302 487
303 310
303 322
303 333
303 364
303 400
303 404
303 417
303 426
303 436
303 440
303 453
303 459
303 496
304 329
304 333
304 343
304 348
304 356
304 361
304 363
304 399
304 448
304 463
304 465
304 483
304 487
304 490
305 306
305 309
305 318
305 320
305 356
305 359
305 367
305 373
305 385
305 403
305 409
305 426
305 431
305 437
305 462
305 475
306 311
306 313
306 321
306 328
306 345
306 354
306 379
306 428
306 437
306 459
306 474
306 481
306 487
306 490
307 310
307 338
307 354
307 357
307 363
307 364
307 374
307 413
307 417
307 436
307 443
307 454
308 365
308 367
308 391
308 397
308 472
308 477
308 479
308 488
309 319
309 337
309 340
309 345
309 356
309 382
309 400
309 402
309 414
309 417
309 423
309 437
309 481
310 314
310 317
310 339
310 355
310 365
310 374
310 375
310 393
310 397
310 412
310 434
310 452
310 459
310 460
310 474
310 495
310 497
311 315
311 321
311 345
311 374
311 396
311 398
311 455
311 462
311 484
312 320
312 324
312 335
312 339
312 341
312 364
312 375
312 384
312 386
312 391
312 424
312 446
312 480
313 314
313 322
313 353
313 359
313 364
313 383
313 384
313 421
313 425
313 434
313 437
313 443
313 461
313 465
313 468
313 475
313 479
313 497
314 339
314 347
314 353
314 373
314 374
314 378
314 403
314 404
314 410
314 413
314 435
314 437
314 451
314 468
314 496
315 318
315 323
315 334
315 339
315 340
315 344
315 372
315 393
315 428
315 429
315 437
315 447
315 472
315 477
315 484
315 490
316 324
316 335
316 341
316 343
316 378
316 405
316 427
316 429
316 452
316 455
316 477
316 478
316 479
316 482
316 498
317 322
317 330
317 340
317 370
317 372
317 379
317 391
317 408
317 446
317 462
317 485
317 486
318 320
318 337
318 364
318 378
318 379
318 390
318 403
318 419
318 433
318 491
319 320
319 324
319 344
319 353
319 354
319 360
319 379
319 403
319 454
319 461
319 475
319 476
319 480
319 493
320 327
320 341
320 367
320 371
320 402
320 416
320 428
320 447
320 448
320 453
320 457
320 459
320 464
320 465
320 474
320 487
321 323
321 324
321 330
321 331
321 349
321 357
321 368
321 372
321 416
321 422
321 434
322 332
322 351
322 359
322 363
322 378
322 383
322 384
322 392
322 403
322 410
322 420
322 429
322 430
322 431
322 438
322 447
322 474
322 498
323 327
323 345
323 411
323 423
323 443
323 454
324 339
324 377
324 395
324 416
324 419
324 451
324 453
324 476
324 479
324 498
325 334
325 335
325 363
325 364
325 373
325 376
325 380
325 387
325 432
325 449
325 480
325 494
325 495
325 498
326 375
326 400
326 411
326 414
326 415
326 426
326 442
326 450
326 452
326 453
327 332
327 350
327 359
327 382
327 383
327 410
327 414
327 422
327 424
327 453
327 455
327 465
328 340
328 341
328 358
328 363
328 374
328 380
328 406
328 414
328 434
328 470
328 472
329 345
329 363
329 364
329 379
329 396
329 406
329 409
329 415
329 463
329 475
329 477
330 335
330 352
330 355
330 356
330 363
330 392
330 396
330 405
330 427
330 445
330 450
330 483
330 488
330 492
330 495
331 389
331 390
331 403
331 414
331 431
331 440
331 444
331 473
331 489
331 496
332 378
332 395
332 397
332 442
332 450
332 469
332 470
332 476
332 478
332 480
333 337
333 375
333 381
333 392
333 424
333 425
333 436
333 457
333 466
333 479
334 353
334 391
334 400
334 417
334 420
334 422
334 453
334 454
334 465
334 481
334 489
334 491
335 337
335 354
335 396
335 428
335 433
335 479
335 488
335 489
336 381
336 391
336 396
336 398
336 425
336 429
336 448
336 454
336 476
336 498
337 338
337 356
337 439
337 463
337 465
337 469
337 475
337 493
338 358
338 372
338 387
338 398
338 409
338 410
338 431
338 439
338 444
338 451
338 462
338 463
338 464
338 468
338 480
338 481
338 499
339 352
339 354
339 365
339 371
339 425
339 427
339 438
339 454
339 475
339 476
339 487
339 497
340 361
340 377
340 382
340 392
340 420
340 447
341 343
341 352
341 361
341 371
341 374
341 377
341 383
341 416
341 418
341 436
341 453
341 486
342 345
342 357
342 368
342 412
342 439
342 461
342 464
342 465
342 476
343 348
343 352
343 378
343 388
343 393
343 395
343 399
343 416
343 420
343 429
343 457
343 478
343 483
343 497
344 351
344 371
344 382
344 387
344 398
344 412
344 422
344 468
344 473
344 493
344 497
345 361
345 371
345 399
345 428
345 431
345 465
345 478
345 482
345 487
345 489
345 495
346 349
346 390
346 408
346 434
346 439
346 455
346 456
346 495
347 351
347 379
347 410
347 418
347 427
347 441
347 459
347 478
348 394
348 405
348 427
348 430
348 442
348 446
348 458
348 480
348 494
349 383
349 384
349 385
349 400
349 405
349 413
349 425
349 447
349 459
349 463
349 467
349 468
349 473
349 476
349 497
350 417
350 424
350 428
350 451
350 458
350 489
350 494
351 369
351 380
351 383
351 418
351 433
351 444
351 480
351 487
352 394
352 395
352 403
352 413
352 414
352 425
352 445
352 464
353 363
353 374
353 385
353 391
353 410
353 418
353 427
353 441
353 443
353 444
353 450
353 453
353 470
353 472
353 476
353 499
354 380
354 414
354 423
354 456
354 458
354 463
355 367
355 382
355 423
355 430
355 435
355 442
355 473
355 477
355 491
356 359
356 361
356 362
356 382
356 385
356 388
356 399
356 403
356 416
356 425
356 468
357 372
357 387
357 396
357 397
357 401
357 414
357 421
357 424
357 425
357 441
357 466
357 495
357 496
358 375
358 407
358 420
358 435
358 452
358 453
358 477
358 478
359 373
359 412
359 427
359 450
359 453
359 473
359 485
359 498
360 382
360 386
360 397
360 405
360 408
360 411
360 414
360 419
360 448
360 467
360 493
360 494
360 499
361 363
361 385
361 410
361 411
361 428
361 430
361 459
361 487
362 367
362 376
362 378
362 386
362 393
362 399
362 433
362 439
362 456
362 467
362 468
362 481
363 397
363 420
363 424
363 452
363 453
363 456
363 475
363 486
363 496
363 499
364 366
364 377
364 385
364 387
364 397
364 436
364 464
364 469
365 370
365 380
365 399
365 420
365 430
365 435
365 443
365 444
365 446
365 448
365 451
365 455
365 475
365 478
365 483
365 488
365 490
366 374
366 382
366 390
366 401
366 410
366 412
366 469
366 475
366 490
367 419
367 422
367 431
367 448
367 476
367 492
368 379
368 408
368 440
368 441
368 444
368 455
368 491
368 492
369 373
369 376
369 377
369 391
369 392
369 406
369 432
369 433
369 455
369 487
370 379
370 386
370 388
370 426
370 433
370 441
370 463
370 479
370 495
371 385
371 404
371 415
371 419
371 424
371 426
371 469
372 373
372 374
372 399
372 407
372 409
372 416
372 421
372 435
372 439
372 446
372 479
372 495
373 375
373 377
373 400
373 408
373 414
373 441
373 470
373 481
373 496
374 381
374 393
374 409
374 463
374 464
374 482
374 499
375 386
375 400
375 417
375 434
375 448
375 451
375 456
375 466
375 471
375 477
375 478
375 496
376 383
376 390
376 411
376 413
376 414
377 410
377 440
377 468
377 469
377 471
377 472
377 473
377 474
377 485
378 379
378 387
378 406
378 412
378 431
378 444
378 479
378 491
378 498
379 407
379 414
379 483
380 391
380 399
380 405
380 406
380 448
380 465
380 466
380 491
380 492
380 496
381 398
381 402
381 418
381 424
381 427
381 444
381 449
381 464
381 470
381 475
381 479
381 480
381 483
381 484
381 490
381 495
382 398
382 423
382 427
382 450
382 454
382 465
382 497
383 405
383 416
383 424
383 453
383 475
383 482
384 385
384 392
384 397
384 399
384 411
384 445
384 460
384 468
384 488
385 396
385 416
385 418
385 423
385 424
385 432
385 443
385 450
385 461
385 465
385 476
385 480
386 403
386 455
386 489
387 388
387 446
387 492
387 493
388 393
388 394
388 403
388 405
388 423
388 432
388 434
388 438
388 439
388 448
388 450
388 453
388 465
388 468
388 483
389 390
389 447
389 451
389 453
389 469
389 482
390 401
390 422
390 428
390 473
390 474
391 413
391 435
391 439
391 442
391 448
391 463
391 468
391 473
391 485
392 393
392 416
392 459
392 463
392 470
392 476
392 477
393 394
393 416
393 431
393 449
393 454
393 463
393 467
393 477
393 485
394 426
394 478
394 490
395 396
395 447
395 466
395 478
396 413
396 415
396 440
396 449
396 450
396 470
396 479
396 487
396 493
397 399
397 411
397 429
397 438
397 488
397 493
398 403
398 413
398 419
398 422
398 425
398 429
398 448
398 454
398 466
398 469
398 472
398 483
399 411
399 425
399 437
399 451
399 452
399 457
399 458
399 469
399 477
399 489
399 495
400 401
400 411
400 421
400 442
400 454
400 467
400 495
401 432
401 439
401 455
401 461
401 479
402 419
402 453
402 497
403 429
403 443
403 444
403 446
403 450
403 460
403 474
403 496
403 499
404 408
404 475
404 477
404 481
404 491
405 413
405 439
405 443
405 447
405 450
405 456
405 458
405 497
406 411
406 416
406 431
406 449
406 463
406 496
407 455
407 472
407 484
408 418
408 425
408 447
408 456
408 466
408 468
408 482
408 495
408 498
409 421
409 425
409 432
409 462
409 465
410 427
410 438
410 455
410 458
410 476
411 443
411 457
411 458
412 421
412 426
412 443
412 452
412 460
412 484
412 493
413 415
413 474
413 477
413 478
413 498
414 440
414 450
414 453
414 456
414 462
414 468
414 490
414 496
415 426
415 430
415 445
415 451
415 453
415 455
415 456
416 426
416 474
416 483
416 487
417 469
417 479
417 488
418 423
418 437
418 439
418 464
418 466
418 476
418 479
418 483
419 434
419 467
419 468
419 485
419 491
419 496
420 424
420 433
420 452
420 480
420 492
421 424
421 440
421 469
421 470
421 477
422 432
422 435
422 452
422 458
422 484
422 489
423 433
423 441
423 456
423 467
423 471
423 478
423 479
423 487
423 497
424 427
424 441
424 454
424 484
425 428
425 431
425 455
425 471
425 493
425 499
426 432
426 442
426 479
427 436
427 463
427 482
427 492
428 438
428 442
428 462
428 463
428 464
428 470
428 481
428 484
428 486
429 441
429 454
429 464
429 469
429 471
429 478
429 484
429 490
430 437
430 463
430 471
430 472
431 452
431 453
431 478
431 479
431 483
431 497
432 435
432 439
432 447
432 475
433 462
433 468
433 471
433 477
433 479
433 495
433 496
434 439
434 465
434 474
434 477
434 478
434 495
435 485
435 486
435 489
435 493
435 498
436 458
436 466
436 468
437 450
437 480
437 488
437 493
438 441
438 450
438 483
439 486
439 489
440 443
440 458
440 488
441 442
441 450
441 452
441 454
441 472
441 499
442 447
442 481
443 461
443 473
443 477
444 475
444 488
445 448
445 460
445 467
445 470
445 481
446 495
447 450
447 462
447 467
447 481
447 498
448 450
448 460
448 467
448 499
449 480
449 490
449 495
450 459
450 487
451 454
451 455
451 473
451 487
451 499
453 485
453 487
453 499
454 455
454 484
454 488
455 460
455 464
455 465
455 467
455 484
455 489
456 475
456 477
456 478
456 485
457 460
457 461
457 467
457 487
457 494
457 496
458 470
458 485
459 492
460 461
460 488
461 462
461 494
462 464
462 465
462 466
462 470
462 483
462 485
462 490
462 496
462 499
463 475
464 470
464 486
464 498
466 473
466 481
466 499
467 468
467 480
467 493
469 473
472 477
472 479
472 491
472 493
473 476
473 483
474 479
474 492
475 476
475 486
476 482
476 487
476 493
477 480
477 493
478 497
479 484
480 484
480 495
481 486
481 496
482 496
484 492
484 498
487 496
488 494
490 492
492 496
492 498
493 496
496 499
498 499
