200 998 0.8
0 17
0 31
0 44
0 45
0 47
0 57
0 67
0 68
0 102
0 130
0 133
0 141
0 155
0 166
1 26
1 36
1 94
1 134
1 159
1 162
1 167
1 192
2 17
2 18
2 108
2 134
2 139
2 147
2 154
2 173
3 10
3 34
3 64
3 103
3 107
3 166
3 181
3 183
3 184
4 5
4 9
4 15
4 17
4 23
4 35
4 40
4 78
4 94
4 104
4 124
4 134
4 139
4 142
4 147
5 15
5 20
5 24
5 54
5 59
5 71
5 142
5 160
5 161
6 38
6 73
6 93
6 98
6 107
6 155
6 157
6 177
7 9
7 21
7 32
7 39
7 82
7 115
7 145
7 168
7 171
7 187
8 18
8 26
8 33
8 62
8 69
8 81
8 93
8 108
8 109
8 115
8 127
8 137
8 140
8 142
8 165
8 193
8 199
9 43
9 45
9 63
9 145
9 163
9 169
9 173
9 187
9 195
10 54
10 110
10 187
10 193
11 19
11 21
11 30
11 59
11 66
11 77
11 95
11 146
11 185
12 15
13 30
13 33
13 53
13 64
13 71
13 75
13 84
13 95
13 103
13 119
13 137
13 139
13 140
13 149
13 180
13 181
13 188
14 29
14 34
14 47
14 73
14 108
14 146
14 153
14 176
15 23
15 29
15 32
15 34
15 119
15 126
15 139
15 146
15 193
15 198
16 18
16 21
16 23
16 52
16 94
16 96
16 109
16 115
16 120
16 121
16 140
16 141
16 143
16 159
16 170
16 192
17 25
17 50
17 53
17 58
17 80
18 35
18 56
18 57
18 60
18 69
18 79
18 89
18 93
18 105
18 108
18 109
18 113
18 122
18 137
18 154
19 21
19 27
19 31
19 33
19 85
19 96
19 103
19 105
19 123
19 138
19 198
20 56
20 67
20 71
20 77
20 132
20 155
21 24
21 41
21 52
21 136
21 142
21 155
21 199
22 51
22 87
22 119
22 120
22 153
22 169
22 187
23 24
23 164
23 167
23 174
23 189
24 48
24 98
24 115
24 128
24 176
24 188
25 28
25 32
25 71
25 111
25 120
25 141
25 163
26 43
26 65
26 87
26 126
26 150
26 153
26 158
26 171
27 38
27 39
27 46
27 70
27 98
27 119
27 124
28 85
28 92
28 100
28 107
28 135
28 136
28 181
28 188
29 30
29 31
29 142
29 155
29 170
30 33
30 79
30 92
30 95
30 122
30 153
30 168
30 189
30 199
31 89
31 113
31 139
31 162
31 165
31 189
32 42
32 50
32 68
32 73
32 87
32 141
32 146
32 148
32 150
32 173
32 181
33 52
33 64
33 67
33 68
33 74
33 80
33 93
33 125
33 126
33 144
33 145
33 164
33 176
34 42
34 89
34 101
34 197
35 88
35 93
35 105
35 123
35 148
35 149
35 154
35 160
35 186
35 195
36 48
36 51
36 53
36 55
36 147
37 43
37 57
37 61
37 83
37 126
37 175
37 191
37 192
38 43
38 54
38 105
38 116
38 134
38 137
38 149
38 155
38 162
38 167
39 48
39 60
39 105
39 110
39 124
39 143
39 161
39 197
40 53
40 56
40 65
40 68
40 76
40 85
40 119
40 134
40 137
40 179
41 58
41 70
41 150
41 158
41 174
41 179
41 186
42 85
42 97
42 131
42 139
42 142
42 148
42 157
42 164
43 66
43 71
43 79
43 94
43 113
43 114
43 115
43 117
43 127
43 142
43 157
43 197
44 51
44 57
44 119
44 130
44 132
44 133
44 140
45 54
45 79
45 99
45 117
45 139
45 147
45 178
45 189
46 53
46 107
46 192
47 77
47 98
47 125
47 148
47 149
47 154
47 182
47 196
48 54
48 60
48 78
48 96
48 98
48 117
48 128
48 140
48 176
48 184
49 54
49 61
49 71
49 92
49 104
49 111
49 121
49 132
49 137
49 138
49 177
49 181
49 191
49 194
50 71
50 83
50 97
50 111
50 120
50 145
50 152
51 53
51 118
51 126
51 133
51 135
51 154
51 174
52 53
52 78
52 84
52 131
52 180
53 61
53 113
53 123
53 125
53 128
53 169
53 179
53 183
53 192
54 81
54 164
54 190
55 66
55 85
55 99
55 116
55 136
55 142
55 189
56 84
56 109
56 118
56 124
56 126
56 132
56 138
56 160
56 163
56 184
56 189
56 191
57 60
57 65
57 113
57 128
57 149
57 150
57 157
57 163
57 175
57 179
57 182
58 80
58 104
58 107
58 113
58 145
58 147
58 177
59 92
59 97
59 104
59 119
59 136
59 159
59 175
59 182
59 198
60 68
60 74
60 76
60 146
60 157
60 164
60 185
60 190
61 87
61 104
61 148
61 199
62 105
62 115
62 119
62 138
62 141
62 154
62 179
63 67
63 81
63 88
63 108
63 135
63 145
63 154
63 190
63 193
64 67
64 124
64 159
64 162
64 165
64 189
64 198
65 68
65 77
65 93
65 95
65 136
65 177
65 178
66 82
66 86
66 94
66 141
66 167
66 171
66 193
67 75
67 83
67 88
67 94
67 105
67 122
67 126
67 131
67 145
68 84
68 89
68 91
68 104
68 115
68 146
68 174
68 175
68 183
69 77
69 78
69 85
69 91
69 93
69 121
69 126
69 150
69 163
69 189
70 96
70 112
70 125
70 156
70 157
70 160
71 87
71 88
71 105
71 133
71 149
71 165
71 178
72 120
72 176
72 182
72 183
73 89
73 101
73 135
73 153
73 179
73 194
74 75
74 79
74 116
74 121
74 184
75 92
75 93
75 94
75 100
75 103
75 111
75 132
75 134
75 147
75 179
75 182
76 83
76 106
76 109
76 115
76 162
77 110
77 125
77 147
77 162
77 171
77 189
77 198
78 87
78 96
78 160
78 171
78 181
78 187
79 86
79 112
79 116
79 124
79 165
79 199
80 102
80 151
80 167
80 173
81 89
81 114
81 144
81 151
81 169
81 199
82 96
82 98
82 112
82 116
82 127
82 135
82 179
83 99
83 148
83 149
83 161
84 114
84 117
84 119
84 135
84 175
85 93
85 107
85 170
86 116
86 160
86 168
86 172
86 180
86 181
87 123
87 142
87 188
87 193
88 109
88 112
88 113
88 132
88 167
88 178
88 181
88 189
89 96
89 113
89 123
89 129
89 138
89 157
89 168
89 171
90 91
90 101
90 106
90 109
90 163
90 195
90 197
91 94
91 132
91 163
92 96
92 103
92 137
92 160
92 172
93 124
93 165
93 186
94 160
94 183
94 188
95 107
95 133
95 137
95 142
95 143
95 167
95 177
95 184
95 193
95 196
96 125
96 138
96 155
96 157
96 198
97 108
97 116
97 139
98 101
98 103
98 154
98 185
98 188
99 105
99 116
99 134
100 103
100 115
100 117
100 131
100 148
100 153
100 163
100 196
100 199
101 113
101 139
101 141
101 180
101 185
102 111
102 135
102 185
103 136
103 140
103 155
103 192
103 196
104 130
104 132
104 162
104 173
104 197
105 111
105 113
105 117
105 133
105 161
105 174
105 191
105 196
106 155
106 177
107 116
107 119
107 129
107 136
107 141
107 172
107 178
107 196
108 117
108 121
108 187
108 189
108 199
109 127
109 157
110 118
110 141
110 171
111 117
111 122
111 131
111 133
111 144
112 126
112 135
112 179
112 195
112 198
113 135
113 138
113 156
113 169
113 177
114 121
114 124
114 199
115 146
115 188
115 194
116 131
116 134
116 160
116 199
117 145
117 150
117 184
117 189
118 128
118 134
118 150
119 126
119 143
119 155
119 159
119 160
120 131
120 138
120 167
120 173
120 179
121 135
121 156
122 165
122 183
123 124
123 164
123 176
124 144
124 161
125 142
125 146
125 156
125 164
125 167
126 146
126 179
127 131
127 135
127 152
127 184
127 194
128 145
128 172
128 174
128 189
129 132
129 135
129 152
130 137
130 141
130 142
130 145
130 149
130 197
131 153
131 161
132 142
132 189
133 186
134 139
134 147
134 162
134 164
134 169
135 181
135 187
137 160
137 168
138 152
138 156
139 172
139 196
140 180
140 192
141 169
141 170
141 180
141 182
142 153
142 173
142 191
143 159
143 164
143 182
144 183
145 162
145 180
146 163
146 164
147 196
148 170
148 174
148 175
148 176
148 184
148 195
149 150
149 187
149 194
150 174
151 162
152 169
152 172
152 195
153 167
153 169
153 186
153 192
153 196
154 199
155 161
155 185
155 189
156 164
156 166
156 181
156 187
157 180
158 187
158 192
162 175
163 167
164 172
164 184
165 168
165 179
165 183
166 171
166 190
167 168
167 199
169 174
169 185
170 192
170 197
171 180
171 190
172 177
172 187
172 188
172 190
172 193
173 177
173 178
173 195
173 198
174 175
174 184
174 191
177 183
178 182
178 188
181 186
181 194
185 187
186 188
187 190
187 196
191 199
193 194
194 197
197 199
