400 5471 0.2
0 7
0 18
0 25
0 30
0 32
0 64
0 80
0 81
0 83
0 86
0 96
0 113
0 121
0 177
0 189
0 203
0 216
0 222
0 231
0 269
0 272
0 274
0 279
0 288
0 309
0 320
0 352
0 388
1 11
1 12
1 20
1 22
1 43
1 44
1 51
1 53
1 70
1 83
1 104
1 126
1 161
1 173
1 178
1 191
1 195
1 230
1 232
1 236
1 257
1 262
1 271
1 278
1 292
1 328
1 335
1 336
1 339
1 386
2 31
2 41
2 54
2 84
2 89
2 99
2 104
2 124
2 148
2 172
2 179
2 194
2 200
2 215
2 249
2 252
2 269
2 289
2 307
2 312
2 320
2 324
2 327
2 346
2 349
2 360
2 367
2 368
3 6
3 26
3 28
3 32
3 49
3 59
3 61
3 65
3 70
3 92
3 132
3 133
3 137
3 138
3 141
3 160
3 165
3 166
3 196
3 224
3 242
3 256
3 272
3 299
3 309
3 317
3 321
3 335
3 340
3 351
3 364
3 372
3 385
3 397
4 28
4 30
4 62
4 78
4 160
4 170
4 185
4 192
4 197
4 246
4 250
4 264
4 266
4 275
4 285
4 325
4 334
4 357
4 365
4 371
4 373
4 385
5 7
5 8
5 29
5 69
5 85
5 89
5 117
5 142
5 170
5 175
5 180
5 195
5 226
5 235
5 241
5 244
5 245
5 263
5 265
5 276
5 279
5 285
5 288
5 317
5 351
5 368
5 378
6 29
6 32
6 58
6 91
6 105
6 112
6 130
6 133
6 135
6 165
6 169
6 188
6 209
6 221
6 245
6 261
6 267
6 318
6 319
6 320
6 326
6 346
6 371
6 374
6 376
7 12
7 23
7 39
7 51
7 56
7 71
7 87
7 163
7 180
7 188
7 231
7 250
7 252
7 257
7 262
7 266
7 285
7 353
7 362
7 386
7 392
8 17
8 36
8 50
8 75
8 85
8 119
8 131
8 151
8 164
8 176
8 180
8 183
8 192
8 230
8 254
8 256
8 286
8 296
8 303
8 304
8 305
8 318
8 346
8 353
8 387
9 23
9 43
9 47
9 90
9 110
9 127
9 131
9 147
9 151
9 167
9 204
9 226
9 234
9 257
9 263
9 265
9 283
9 288
9 303
9 314
9 315
9 329
9 331
9 336
9 353
9 362
9 364
9 368
9 380
9 381
10 23
10 61
10 80
10 94
10 114
10 117
10 119
10 121
10 188
10 192
10 201
10 207
10 215
10 251
10 263
10 271
10 279
10 295
10 308
10 310
10 311
10 317
10 319
10 334
10 350
10 360
10 361
10 376
10 379
10 381
10 389
10 395
11 21
11 27
11 31
11 65
11 89
11 94
11 96
11 97
11 124
11 130
11 153
11 158
11 184
11 185
11 278
11 279
11 281
11 290
11 295
11 329
11 335
11 337
11 338
11 353
11 354
12 42
12 44
12 51
12 52
12 79
12 138
12 151
12 155
12 170
12 182
12 196
12 203
12 236
12 241
12 246
12 250
12 266
12 280
12 291
12 298
12 332
12 352
12 361
12 374
12 387
12 389
12 393
12 398
13 26
13 37
13 42
13 51
13 52
13 59
13 88
13 101
13 103
13 136
13 159
13 163
13 185
13 191
13 192
13 251
13 259
13 261
13 289
13 295
13 302
13 310
13 316
13 342
13 370
13 371
13 398
14 15
14 79
14 82
14 125
14 137
14 152
14 156
14 168
14 196
14 197
14 203
14 256
14 302
14 316
14 320
14 328
14 347
14 361
14 379
15 16
15 34
15 36
15 40
15 41
15 45
15 55
15 97
15 100
15 120
15 178
15 183
15 191
15 194
15 198
15 220
15 224
15 231
15 243
15 266
15 300
15 303
15 315
15 326
15 327
15 332
15 339
15 342
15 346
15 354
15 364
15 366
15 367
15 371
15 392
15 394
16 57
16 79
16 88
16 111
16 139
16 156
16 164
16 195
16 208
16 238
16 250
16 264
16 286
16 300
16 309
16 315
16 334
16 377
16 381
17 18
17 21
17 24
17 48
17 49
17 80
17 83
17 91
17 115
17 136
17 140
17 182
17 197
17 249
17 264
17 267
17 301
17 335
17 339
17 356
17 369
17 384
17 397
18 87
18 89
18 137
18 171
18 207
18 214
18 220
18 244
18 273
18 295
18 302
18 309
18 318
18 326
18 331
18 353
18 368
18 374
18 375
18 382
19 22
19 25
19 31
19 32
19 47
19 53
19 61
19 67
19 85
19 93
19 115
19 124
19 159
19 175
19 192
19 245
19 253
19 260
19 263
19 277
19 282
19 284
19 291
19 318
19 331
19 369
19 371
19 389
19 393
20 39
20 65
20 79
20 98
20 111
20 120
20 124
20 126
20 134
20 142
20 145
20 160
20 164
20 169
20 182
20 186
20 258
20 296
20 307
20 333
20 336
20 349
21 40
21 58
21 60
21 78
21 97
21 129
21 136
21 144
21 146
21 147
21 154
21 217
21 231
21 236
21 271
21 303
21 319
21 346
21 348
21 373
22 39
22 44
22 70
22 77
22 101
22 104
22 108
22 109
22 160
22 165
22 182
22 201
22 212
22 225
22 234
22 238
22 240
22 243
22 268
22 269
22 299
22 305
22 308
22 341
22 348
22 372
23 56
23 76
23 79
23 87
23 100
23 107
23 143
23 155
23 156
23 195
23 203
23 209
23 210
23 213
23 227
23 228
23 229
23 238
23 282
23 300
23 304
23 316
23 343
23 355
23 391
23 393
24 76
24 94
24 96
24 107
24 113
24 117
24 129
24 153
24 165
24 191
24 210
24 221
24 230
24 241
24 244
24 247
24 260
24 292
24 298
24 302
24 311
24 327
24 329
24 356
24 359
25 38
25 42
25 44
25 53
25 77
25 84
25 86
25 89
25 91
25 141
25 161
25 168
25 189
25 196
25 200
25 215
25 254
25 260
25 265
25 278
25 298
25 324
25 337
25 343
25 358
25 390
26 28
26 52
26 54
26 60
26 74
26 79
26 85
26 93
26 97
26 109
26 113
26 157
26 170
26 196
26 204
26 219
26 232
26 236
26 263
26 277
26 292
26 293
26 296
26 311
26 320
26 334
26 382
26 395
27 35
27 50
27 80
27 104
27 127
27 141
27 172
27 175
27 178
27 216
27 239
27 256
27 277
27 286
27 304
27 334
27 336
27 362
27 378
27 379
27 389
27 397
28 73
28 80
28 94
28 100
28 104
28 115
28 120
28 144
28 175
28 176
28 177
28 182
28 222
28 231
28 256
28 263
28 273
28 281
28 287
28 296
28 297
28 316
28 350
28 383
28 386
28 396
29 45
29 54
29 92
29 106
29 163
29 199
29 220
29 228
29 232
29 239
29 279
29 283
29 307
29 324
29 330
29 332
29 337
29 341
29 351
29 358
29 393
30 76
30 88
30 101
30 109
30 117
30 119
30 156
30 158
30 187
30 213
30 218
30 229
30 237
30 250
30 255
30 259
30 267
30 274
30 284
30 286
30 294
30 310
30 319
30 328
30 343
30 358
30 364
31 42
31 103
31 119
31 127
31 137
31 139
31 144
31 167
31 172
31 178
31 244
31 269
31 302
31 309
31 338
31 340
31 369
31 377
31 385
31 389
31 390
31 395
31 396
31 397
32 38
32 70
32 98
32 107
32 138
32 149
32 150
32 157
32 170
32 202
32 216
32 224
32 251
32 262
32 277
32 279
32 288
32 291
32 296
32 345
32 346
32 355
32 359
32 366
32 373
32 388
33 48
33 63
33 72
33 77
33 104
33 112
33 149
33 153
33 161
33 163
33 176
33 181
33 182
33 190
33 201
33 210
33 213
33 223
33 256
33 292
33 297
33 314
33 324
33 334
33 344
33 386
33 394
34 37
34 71
34 72
34 98
34 108
34 111
34 119
34 127
34 160
34 172
34 192
34 211
34 215
34 225
34 230
34 248
34 266
34 267
34 271
34 274
34 305
34 307
34 316
34 367
34 383
34 391
35 57
35 72
35 84
35 91
35 99
35 117
35 120
35 142
35 146
35 202
35 218
35 251
35 274
35 296
35 298
35 315
35 319
35 338
35 341
35 345
35 346
35 369
35 372
35 378
35 389
35 390
35 395
36 44
36 49
36 83
36 88
36 96
36 108
36 110
36 128
36 130
36 132
36 170
36 203
36 216
36 221
36 230
36 257
36 259
36 282
36 294
36 302
36 333
36 338
36 343
36 350
36 396
36 398
37 40
37 72
37 91
37 101
37 109
37 131
37 142
37 149
37 160
37 177
37 222
37 227
37 230
37 239
37 257
37 269
37 287
37 304
37 308
37 309
37 360
37 392
37 396
38 60
38 62
38 68
38 88
38 117
38 150
38 166
38 169
38 177
38 192
38 197
38 213
38 215
38 217
38 222
38 226
38 252
38 255
38 263
38 264
38 265
38 268
38 286
38 292
38 294
38 296
38 322
38 345
38 360
38 375
38 390
38 397
38 398
39 46
39 69
39 89
39 94
39 103
39 124
39 150
39 161
39 197
39 212
39 254
39 272
39 284
39 301
39 304
39 316
39 337
39 341
39 370
39 374
39 382
39 387
39 393
40 56
40 75
40 87
40 92
40 100
40 101
40 122
40 124
40 132
40 134
40 161
40 183
40 205
40 208
40 213
40 226
40 241
40 259
40 282
40 293
40 305
40 306
40 326
40 353
40 393
41 47
41 51
41 52
41 55
41 85
41 99
41 100
41 117
41 149
41 195
41 196
41 197
41 214
41 218
41 223
41 229
41 251
41 264
41 288
41 302
41 305
41 315
41 323
41 335
41 336
41 385
41 386
42 49
42 103
42 117
42 173
42 189
42 198
42 205
42 208
42 212
42 234
42 243
42 250
42 262
42 279
42 321
42 333
42 348
42 353
42 368
42 370
42 374
43 45
43 48
43 54
43 66
43 123
43 124
43 129
43 166
43 176
43 179
43 191
43 202
43 204
43 213
43 223
43 228
43 242
43 244
43 262
43 274
43 284
43 295
43 307
43 324
43 350
43 372
43 379
43 382
44 50
44 52
44 75
44 88
44 96
44 108
44 167
44 186
44 192
44 228
44 233
44 242
44 261
44 272
44 294
44 300
44 310
44 322
44 342
44 385
44 398
45 48
45 53
45 66
45 79
45 91
45 101
45 124
45 152
45 153
45 154
45 159
45 190
45 196
45 201
45 215
45 222
45 224
45 247
45 248
45 278
45 279
45 320
45 328
45 341
45 356
45 358
45 373
45 391
45 397
46 66
46 71
46 74
46 84
46 103
46 119
46 135
46 162
46 177
46 183
46 185
46 195
46 216
46 243
46 294
46 325
46 328
46 353
46 371
46 398
47 51
47 52
47 57
47 83
47 110
47 116
47 143
47 147
47 153
47 154
47 164
47 167
47 179
47 190
47 196
47 209
47 236
47 239
47 248
47 252
47 258
47 264
47 267
47 272
47 278
47 312
47 313
47 329
47 337
47 363
48 59
48 65
48 69
48 106
48 114
48 119
48 123
48 187
48 188
48 210
48 214
48 215
48 229
48 238
48 249
48 260
48 280
48 289
48 295
48 324
48 328
48 345
48 363
48 388
49 71
49 84
49 86
49 114
49 124
49 125
49 131
49 133
49 146
49 152
49 159
49 170
49 174
49 192
49 194
49 199
49 247
49 304
49 315
49 322
49 355
49 359
49 362
49 391
50 60
50 67
50 93
50 105
50 116
50 140
50 148
50 185
50 191
50 194
50 198
50 199
50 267
50 300
50 337
50 342
50 349
50 353
50 374
50 375
50 395
51 56
51 63
51 68
51 72
51 134
51 139
51 141
51 156
51 165
51 173
51 204
51 246
51 253
51 255
51 257
51 262
51 264
51 271
51 284
51 291
51 304
51 318
51 323
51 333
51 345
51 350
51 352
51 374
51 379
51 382
51 393
51 398
52 65
52 84
52 93
52 97
52 112
52 117
52 119
52 143
52 161
52 163
52 176
52 182
52 192
52 197
52 208
52 211
52 237
52 238
52 248
52 257
52 277
52 301
52 304
52 325
52 351
53 82
53 92
53 96
53 124
53 137
53 143
53 147
53 174
53 176
53 194
53 227
53 243
53 252
53 338
53 350
54 89
54 94
54 103
54 153
54 164
54 167
54 173
54 192
54 211
54 230
54 276
54 289
54 311
54 319
54 333
54 336
54 344
54 350
54 386
54 389
54 394
54 397
55 84
55 92
55 107
55 148
55 185
55 192
55 212
55 267
55 292
55 333
55 345
55 354
55 355
55 382
55 394
55 395
56 60
56 79
56 92
56 99
56 108
56 148
56 152
56 158
56 174
56 176
56 191
56 195
56 238
56 248
56 250
56 273
56 282
56 361
56 384
57 96
57 127
57 135
57 154
57 173
57 188
57 193
57 202
57 204
57 226
57 252
57 254
57 256
57 267
57 278
57 286
57 287
57 288
57 296
57 306
57 318
57 321
57 336
57 338
57 366
57 368
57 371
57 372
57 373
57 387
57 388
58 68
58 98
58 132
58 139
58 156
58 189
58 203
58 206
58 230
58 234
58 245
58 252
58 253
58 302
58 316
58 338
58 360
58 374
59 81
59 84
59 95
59 105
59 116
59 134
59 139
59 160
59 171
59 188
59 208
59 210
59 248
59 266
59 297
59 376
59 392
59 395
60 78
60 102
60 109
60 113
60 119
60 122
60 131
60 148
60 154
60 160
60 171
60 205
60 238
60 256
60 296
60 325
60 358
60 365
60 389
60 391
61 87
61 89
61 113
61 131
61 157
61 165
61 179
61 198
61 209
61 249
61 262
61 270
61 276
61 295
61 312
61 315
61 326
61 330
61 370
62 63
62 94
62 113
62 148
62 194
62 195
62 200
62 209
62 221
62 231
62 247
62 250
62 262
62 307
62 322
62 343
62 346
62 350
62 387
63 67
63 70
63 89
63 95
63 114
63 140
63 185
63 211
63 238
63 245
63 250
63 290
63 304
63 308
63 317
63 361
63 372
63 374
64 77
64 86
64 93
64 125
64 127
64 135
64 138
64 146
64 148
64 152
64 175
64 186
64 187
64 194
64 212
64 216
64 225
64 251
64 279
64 289
64 296
64 299
64 311
64 334
64 384
65 90
65 91
65 104
65 109
65 119
65 120
65 156
65 169
65 174
65 197
65 206
65 213
65 228
65 257
65 259
65 280
65 292
65 308
65 311
65 339
65 351
65 377
65 392
66 110
66 143
66 144
66 153
66 159
66 161
66 163
66 170
66 172
66 178
66 222
66 223
66 234
66 238
66 239
66 242
66 245
66 247
66 259
66 266
66 272
66 274
66 286
66 312
66 315
66 354
66 379
66 386
66 387
67 108
67 130
67 140
67 149
67 151
67 160
67 163
67 169
67 178
67 187
67 190
67 213
67 233
67 245
67 249
67 256
67 284
67 293
67 331
67 394
68 69
68 76
68 92
68 95
68 101
68 133
68 134
68 142
68 144
68 154
68 177
68 179
68 200
68 207
68 212
68 213
68 219
68 272
68 289
68 301
68 319
68 338
68 352
68 359
68 381
68 387
68 390
68 393
69 81
69 95
69 168
69 179
69 182
69 210
69 213
69 219
69 220
69 222
69 229
69 253
69 256
69 265
69 273
69 277
69 309
69 343
69 352
69 382
70 85
70 101
70 115
70 170
70 182
70 185
70 192
70 202
70 219
70 224
70 248
70 255
70 256
70 271
70 274
70 280
70 290
70 296
70 303
70 334
70 358
70 381
70 398
70 399
71 77
71 84
71 105
71 129
71 149
71 167
71 198
71 201
71 246
71 247
71 254
71 281
71 303
71 320
71 322
71 330
71 341
71 352
71 356
71 374
71 398
72 75
72 78
72 79
72 87
72 91
72 96
72 109
72 122
72 127
72 134
72 172
72 192
72 195
72 223
72 226
72 233
72 235
72 246
72 256
72 268
72 280
72 298
72 328
72 361
72 364
72 368
72 373
72 374
72 380
72 393
73 80
73 84
73 104
73 105
73 108
73 118
73 124
73 143
73 154
73 172
73 176
73 181
73 194
73 199
73 207
73 210
73 223
73 224
73 236
73 269
73 270
73 299
73 338
73 349
73 358
73 376
73 384
73 385
73 389
73 391
74 78
74 84
74 109
74 119
74 120
74 136
74 175
74 219
74 237
74 260
74 265
74 275
74 284
74 293
74 296
74 307
74 347
74 371
74 393
74 398
75 85
75 106
75 148
75 157
75 161
75 171
75 179
75 206
75 238
75 264
75 274
75 302
75 308
75 348
75 381
76 102
76 107
76 118
76 122
76 124
76 132
76 140
76 150
76 159
76 170
76 189
76 191
76 202
76 220
76 265
76 266
76 271
76 286
76 294
76 325
76 333
76 348
76 355
76 358
76 362
76 363
76 372
76 389
77 78
77 95
77 119
77 122
77 140
77 147
77 151
77 164
77 165
77 173
77 183
77 190
77 195
77 199
77 200
77 206
77 245
77 267
77 270
77 294
77 295
77 296
77 299
77 304
77 322
77 361
77 378
78 91
78 114
78 128
78 145
78 148
78 152
78 160
78 210
78 214
78 224
78 237
78 245
78 249
78 338
78 339
78 343
78 357
78 381
79 83
79 110
79 123
79 140
79 142
79 148
79 162
79 170
79 173
79 187
79 188
79 215
79 224
79 240
79 249
79 250
79 266
79 268
79 270
79 271
79 295
79 315
79 317
79 321
79 331
79 332
79 340
79 348
79 358
79 387
80 93
80 97
80 120
80 140
80 146
80 179
80 196
80 207
80 271
80 303
80 324
80 330
80 333
81 111
81 119
81 126
81 136
81 163
81 184
81 190
81 192
81 228
81 232
81 234
81 246
81 249
81 253
81 258
81 283
81 302
81 322
81 352
81 353
81 364
81 374
81 384
81 388
81 396
81 399
82 118
82 151
82 159
82 171
82 182
82 191
82 202
82 218
82 222
82 246
82 261
82 298
82 305
82 346
82 350
83 86
83 97
83 109
83 111
83 114
83 119
83 151
83 154
83 173
83 183
83 190
83 201
83 202
83 205
83 214
83 218
83 228
83 231
83 233
83 235
83 240
83 243
83 318
83 321
83 322
83 323
83 352
83 374
84 89
84 105
84 107
84 126
84 150
84 155
84 167
84 169
84 171
84 176
84 180
84 191
84 209
84 223
84 247
84 254
84 258
84 270
84 282
84 286
84 303
84 311
84 315
84 322
84 329
84 344
84 365
85 87
85 90
85 135
85 141
85 193
85 208
85 225
85 226
85 235
85 236
85 245
85 260
85 261
85 265
85 267
85 274
85 284
85 297
85 326
85 336
85 337
85 382
85 383
85 389
86 89
86 96
86 106
86 112
86 119
86 121
86 135
86 140
86 179
86 181
86 197
86 199
86 209
86 214
86 230
86 252
86 261
86 279
86 291
86 306
86 314
86 326
86 335
86 357
86 370
86 395
87 113
87 140
87 149
87 155
87 192
87 195
87 206
87 226
87 241
87 250
87 256
87 261
87 262
87 272
87 291
87 336
87 337
87 355
87 392
88 107
88 120
88 141
88 144
88 147
88 173
88 178
88 185
88 210
88 220
88 245
88 272
88 293
88 312
88 352
88 365
88 367
88 376
88 387
89 101
89 107
89 117
89 123
89 161
89 165
89 185
89 198
89 210
89 212
89 231
89 264
89 279
89 289
89 291
89 293
89 301
89 324
89 336
89 340
89 367
89 369
89 379
89 384
89 389
90 109
90 119
90 129
90 134
90 141
90 157
90 175
90 179
90 180
90 189
90 224
90 229
90 247
90 250
90 258
90 259
90 282
90 335
90 344
90 369
90 373
90 376
91 92
91 93
91 97
91 107
91 134
91 137
91 144
91 151
91 153
91 168
91 192
91 195
91 199
91 221
91 228
91 233
91 241
91 265
91 309
91 314
91 317
91 333
91 342
91 354
91 376
91 393
92 93
92 95
92 103
92 113
92 115
92 133
92 173
92 216
92 218
92 220
92 308
92 350
92 364
92 368
92 394
93 127
93 143
93 154
93 173
93 187
93 198
93 233
93 242
93 277
93 282
93 286
93 299
93 305
93 307
93 313
93 340
93 355
93 358
93 364
93 382
93 384
93 386
94 104
94 105
94 122
94 130
94 132
94 174
94 213
94 219
94 245
94 246
94 248
94 250
94 274
94 295
94 299
94 313
94 319
94 327
94 340
94 346
94 365
94 378
94 395
95 108
95 137
95 147
95 152
95 153
95 160
95 171
95 204
95 221
95 244
95 263
95 268
95 278
95 279
95 284
95 288
95 291
95 306
95 340
95 343
95 349
95 360
95 369
95 378
95 387
95 389
96 114
96 131
96 186
96 191
96 233
96 247
96 261
96 263
96 268
96 271
96 282
96 285
96 290
96 294
96 297
96 301
96 312
96 322
96 324
96 335
96 353
96 366
96 399
97 98
97 157
97 171
97 176
97 177
97 184
97 206
97 237
97 238
97 241
97 245
97 264
97 265
97 281
97 302
97 324
97 328
97 347
97 368
97 371
97 377
98 100
98 128
98 131
98 139
98 146
98 160
98 180
98 200
98 215
98 220
98 274
98 297
98 326
98 362
98 367
98 385
99 103
99 132
99 135
99 160
99 168
99 170
99 174
99 210
99 218
99 223
99 235
99 236
99 242
99 254
99 270
99 274
99 279
99 297
99 302
99 339
99 340
99 347
99 383
99 398
100 101
100 111
100 149
100 157
100 174
100 192
100 204
100 233
100 244
100 287
100 293
100 309
100 312
100 342
100 367
101 109
101 120
101 134
101 181
101 206
101 213
101 231
101 243
101 249
101 259
101 269
101 276
101 286
101 294
101 320
101 349
101 351
101 357
101 363
101 365
101 376
102 124
102 142
102 151
102 162
102 168
102 175
102 196
102 215
102 217
102 252
102 277
102 290
102 311
102 323
102 332
102 346
102 366
102 375
102 392
102 395
103 104
103 108
103 138
103 145
103 173
103 182
103 191
103 203
103 253
103 263
103 271
103 285
103 291
103 308
103 316
103 329
103 336
103 337
104 127
104 131
104 133
104 150
104 163
104 181
104 185
104 193
104 216
104 227
104 229
104 244
104 251
104 278
104 284
104 311
104 312
104 331
104 340
104 349
104 351
104 389
105 142
105 150
105 152
105 164
105 171
105 183
105 207
105 209
105 210
105 215
105 217
105 228
105 230
105 235
105 247
105 278
105 287
105 290
105 310
105 331
105 333
105 343
105 367
105 392
105 395
106 126
106 132
106 136
106 137
106 140
106 144
106 147
106 164
106 165
106 185
106 189
106 203
106 219
106 225
106 244
106 295
106 306
106 314
106 318
106 330
106 338
106 366
106 380
106 389
107 128
107 133
107 138
107 157
107 158
107 174
107 197
107 210
107 217
107 229
107 232
107 235
107 243
107 244
107 262
107 263
107 277
107 318
107 343
107 397
107 398
108 118
108 123
108 145
108 146
108 157
108 158
108 162
108 172
108 213
108 218
108 240
108 257
108 267
108 277
108 279
108 298
108 301
108 306
108 314
108 327
108 351
108 353
108 377
108 390
109 117
109 144
109 185
109 186
109 203
109 210
109 213
109 224
109 236
109 248
109 279
109 285
109 332
109 363
109 370
109 375
109 385
109 389
109 396
110 122
110 144
110 159
110 161
110 163
110 169
110 178
110 198
110 213
110 216
110 219
110 252
110 262
110 277
110 306
110 330
110 331
110 344
110 347
110 348
110 376
110 399
111 119
111 129
111 141
111 144
111 159
111 211
111 212
111 215
111 224
111 241
111 245
111 261
111 293
111 338
111 344
111 351
111 388
111 394
112 123
112 135
112 148
112 196
112 222
112 228
112 236
112 283
112 303
112 321
112 322
112 323
112 332
112 334
112 380
112 393
113 114
113 121
113 129
113 133
113 144
113 162
113 166
113 182
113 196
113 202
113 213
113 243
113 266
113 290
113 353
113 375
113 381
114 144
114 155
114 161
114 176
114 181
114 210
114 213
114 224
114 239
114 242
114 333
114 346
114 350
114 374
114 382
114 398
115 130
115 131
115 142
115 148
115 162
115 169
115 173
115 180
115 196
115 208
115 210
115 226
115 248
115 252
115 259
115 276
115 288
115 291
115 293
115 321
115 335
115 352
115 395
116 156
116 163
116 167
116 170
116 185
116 210
116 224
116 230
116 232
116 236
116 249
116 254
116 256
116 261
116 265
116 267
116 280
116 321
116 329
116 339
116 348
116 377
117 133
117 149
117 151
117 156
117 163
117 197
117 215
117 218
117 221
117 254
117 258
117 272
117 301
117 329
117 336
117 340
117 347
117 369
118 132
118 142
118 145
118 152
118 153
118 242
118 245
118 292
118 302
118 309
118 310
118 311
118 313
118 319
118 325
118 330
119 127
119 256
119 260
119 288
119 294
119 299
119 310
119 311
119 327
119 341
119 343
119 354
119 364
120 133
120 135
120 147
120 165
120 166
120 210
120 254
120 257
120 302
120 311
120 314
120 319
120 320
120 343
120 349
121 141
121 147
121 171
121 178
121 185
121 187
121 223
121 227
121 239
121 257
121 258
121 262
121 265
121 267
121 296
121 297
121 326
121 331
121 339
121 343
121 349
121 360
121 361
121 366
121 369
121 378
121 382
121 383
121 384
122 125
122 130
122 149
122 159
122 176
122 194
122 214
122 232
122 237
122 275
122 365
122 377
122 388
123 137
123 154
123 200
123 205
123 211
123 214
123 224
123 256
123 259
123 260
123 266
123 276
123 283
123 289
123 310
123 318
123 344
123 353
123 363
123 365
123 368
123 394
123 399
124 132
124 146
124 162
124 181
124 187
124 209
124 217
124 244
124 247
124 255
124 282
124 290
124 292
124 310
124 324
124 330
124 335
124 341
124 350
124 353
124 356
124 359
124 363
124 369
124 370
124 372
124 376
124 380
124 381
125 137
125 149
125 177
125 191
125 193
125 200
125 209
125 221
125 227
125 234
125 235
125 248
125 291
125 304
125 312
125 340
126 139
126 180
126 181
126 185
126 187
126 231
126 232
126 238
126 278
126 302
126 303
126 329
126 339
126 376
126 383
126 384
127 134
127 205
127 239
127 243
127 248
127 252
127 261
127 312
127 322
127 331
127 359
127 397
128 135
128 142
128 143
128 165
128 194
128 219
128 223
128 250
128 263
128 266
128 278
128 289
128 291
128 313
128 358
128 373
128 399
129 143
129 180
129 198
129 199
129 206
129 221
129 225
129 268
129 315
129 320
129 321
129 332
129 337
129 339
129 344
129 352
129 385
129 388
130 172
130 180
130 188
130 191
130 194
130 199
130 204
130 219
130 228
130 257
130 279
130 295
130 303
130 308
130 312
130 319
130 338
130 339
130 368
130 369
131 132
131 140
131 153
131 158
131 180
131 184
131 206
131 264
131 271
131 307
131 319
131 358
131 364
131 389
132 145
132 154
132 167
132 177
132 181
132 201
132 203
132 210
132 234
132 236
132 242
132 256
132 261
132 290
132 293
132 295
132 303
132 319
132 324
132 326
132 328
132 361
132 363
132 368
132 385
133 150
133 168
133 183
133 186
133 198
133 199
133 215
133 253
133 260
133 296
133 298
133 307
133 331
133 340
133 356
133 357
133 361
133 364
133 373
133 399
134 136
134 145
134 150
134 169
134 172
134 177
134 203
134 228
134 232
134 254
134 258
134 259
134 288
134 299
134 307
134 334
134 374
134 389
134 393
134 394
135 141
135 149
135 157
135 168
135 170
135 175
135 180
135 190
135 220
135 221
135 226
135 237
135 266
135 267
135 299
135 300
136 153
136 185
136 203
136 234
136 238
136 256
136 258
136 286
136 295
136 323
136 332
136 366
136 367
136 373
136 375
136 377
136 384
137 165
137 173
137 182
137 183
137 207
137 225
137 228
137 264
137 319
137 336
137 338
137 350
137 355
137 373
137 381
137 384
137 399
138 141
138 170
138 193
138 199
138 200
138 221
138 248
138 262
138 270
138 286
138 309
138 311
138 343
138 349
138 354
138 386
139 146
139 150
139 154
139 166
139 170
139 202
139 216
139 232
139 240
139 266
139 279
139 287
139 296
139 299
139 308
139 345
139 351
139 366
139 372
139 381
139 389
139 397
140 148
140 153
140 168
140 180
140 205
140 248
140 268
140 271
140 273
140 277
140 278
140 281
140 309
140 312
140 334
140 337
140 348
140 353
140 393
141 172
141 177
141 206
141 209
141 235
141 250
141 259
141 260
141 275
141 278
141 283
141 299
141 317
142 145
142 151
142 170
142 172
142 188
142 191
142 196
142 197
142 208
142 226
142 233
142 239
142 241
142 246
142 248
142 259
142 260
142 286
142 299
142 300
142 301
142 303
142 312
142 320
142 334
142 356
142 391
143 149
143 175
143 200
143 205
143 218
143 236
143 239
143 248
143 259
143 266
143 275
143 281
143 283
143 309
143 326
143 346
143 389
143 398
144 146
144 162
144 168
144 175
144 183
144 213
144 225
144 243
144 253
144 270
144 273
144 277
144 287
144 290
144 298
144 312
144 321
144 345
144 356
144 362
144 367
144 374
145 153
145 167
145 185
145 190
145 196
145 201
145 202
145 213
145 238
145 248
145 258
145 262
145 264
145 301
145 343
145 350
145 356
145 361
145 365
145 387
145 391
146 165
146 166
146 194
146 195
146 228
146 239
146 242
146 244
146 246
146 249
146 302
146 316
146 340
146 356
146 359
146 363
146 384
146 386
146 397
147 156
147 162
147 178
147 183
147 190
147 218
147 225
147 243
147 257
147 265
147 272
147 281
147 284
147 295
147 301
147 388
147 398
148 154
148 161
148 176
148 178
148 195
148 208
148 213
148 216
148 225
148 234
148 253
148 255
148 261
148 268
148 276
148 295
148 312
148 325
148 328
148 336
148 347
148 358
148 361
148 363
148 386
149 165
149 193
149 216
149 234
149 246
149 273
149 281
149 289
149 302
149 314
149 318
149 331
149 334
149 350
149 352
149 371
149 372
149 373
149 379
150 161
150 167
150 189
150 205
150 235
150 238
150 256
150 257
150 260
150 264
150 323
150 351
150 353
150 365
150 380
150 384
151 154
151 168
151 171
151 201
151 208
151 227
151 237
151 240
151 242
151 244
151 245
151 256
151 307
151 326
151 363
151 385
151 387
151 398
152 155
152 163
152 248
152 270
152 278
152 283
152 287
152 288
152 304
152 316
152 319
152 330
152 357
152 395
153 156
153 169
153 173
153 184
153 216
153 220
153 269
153 289
153 296
153 305
153 316
153 356
153 385
153 398
154 172
154 176
154 177
154 178
154 183
154 190
154 217
154 252
154 274
154 278
154 286
154 294
154 367
154 387
155 163
155 191
155 211
155 232
155 244
155 254
155 260
155 286
155 312
155 317
155 333
155 335
155 339
155 340
155 347
155 354
155 357
155 366
155 388
156 174
156 177
156 191
156 201
156 203
156 222
156 235
156 247
156 257
156 264
156 282
156 285
156 300
156 367
156 368
156 372
156 386
156 399
157 178
157 207
157 215
157 219
157 222
157 229
157 239
157 247
157 260
157 306
157 333
157 346
157 354
157 359
157 361
157 375
157 388
157 392
157 396
158 180
158 204
158 207
158 208
158 209
158 219
158 230
158 254
158 255
158 262
158 265
158 274
158 284
158 293
158 334
158 352
158 377
159 161
159 162
159 164
159 169
159 179
159 180
159 231
159 235
159 240
159 254
159 286
159 303
159 310
159 314
159 341
159 343
159 397
160 175
160 195
160 261
160 262
160 312
160 316
160 318
160 320
160 354
160 356
160 373
160 385
160 389
161 168
161 176
161 178
161 208
161 216
161 217
161 287
161 314
161 315
161 318
161 319
161 327
161 332
161 342
161 354
161 367
161 380
161 382
162 167
162 199
162 208
162 213
162 221
162 223
162 237
162 271
162 320
162 331
162 354
162 360
162 371
162 372
162 376
162 385
162 395
163 175
163 185
163 195
163 199
163 206
163 217
163 246
163 258
163 260
163 329
163 338
163 357
163 380
163 382
163 393
163 397
164 173
164 205
164 206
164 215
164 223
164 228
164 250
164 270
164 280
164 308
164 310
164 351
164 378
164 382
164 398
165 172
165 179
165 185
165 188
165 216
165 218
165 226
165 272
165 301
165 308
165 321
165 345
165 351
165 359
165 368
165 370
166 177
166 201
166 229
166 267
166 274
166 298
166 302
166 327
166 339
166 345
166 364
166 384
166 387
166 394
166 395
167 200
167 222
167 225
167 237
167 254
167 279
167 289
167 291
167 301
167 307
167 309
167 314
167 373
167 379
168 200
168 209
168 221
168 222
168 238
168 267
168 271
168 272
168 279
168 294
168 296
168 315
168 345
168 359
168 382
168 389
169 176
169 205
169 213
169 239
169 253
169 280
169 294
169 297
169 314
169 327
169 329
169 361
170 173
170 195
170 204
170 217
170 234
170 240
170 242
170 246
170 254
170 265
170 269
170 305
170 331
170 347
170 351
170 353
170 357
170 367
170 372
170 379
170 386
171 177
171 197
171 207
171 213
171 234
171 253
171 259
171 305
171 306
171 315
171 379
172 180
172 195
172 207
172 246
172 252
172 289
172 311
172 318
172 323
172 336
172 353
172 383
172 391
172 393
172 394
173 184
173 205
173 215
173 230
173 268
173 358
173 361
173 368
173 383
173 385
174 201
174 215
174 222
174 223
174 297
174 302
174 323
174 324
174 326
174 342
174 347
174 355
174 375
175 179
175 180
175 186
175 193
175 200
175 205
175 231
175 233
175 258
175 263
175 279
175 295
175 303
175 308
175 317
175 322
175 325
175 329
175 358
175 360
175 396
175 397
175 399
176 184
176 191
176 206
176 208
176 210
176 230
176 238
176 239
176 248
176 265
176 293
176 294
176 304
176 308
176 316
176 326
176 331
176 332
176 349
176 381
177 187
177 193
177 252
177 253
177 254
177 257
177 264
177 265
177 282
177 288
177 306
177 332
177 338
177 365
177 368
177 391
178 193
178 198
178 204
178 246
178 264
178 281
178 335
178 337
178 352
178 371
178 374
178 378
178 394
179 194
179 216
179 225
179 247
179 248
179 311
179 321
179 338
179 352
179 357
179 386
179 392
180 188
180 223
180 228
180 257
180 271
180 275
180 278
180 308
180 309
180 310
180 312
180 313
180 315
180 348
180 353
180 355
180 363
180 385
180 395
181 198
181 228
181 254
181 265
181 267
181 287
181 290
181 294
181 311
181 330
181 334
181 340
181 356
181 372
181 376
181 380
181 381
181 383
181 391
182 194
182 211
182 213
182 223
182 239
182 241
182 246
182 252
182 290
182 300
182 310
182 330
182 331
182 334
182 344
182 384
182 398
183 184
183 187
183 188
183 197
183 217
183 228
183 235
183 247
183 254
183 255
183 259
183 277
183 281
183 309
183 328
183 332
183 335
183 346
183 355
183 375
184 197
184 200
184 208
184 231
184 235
184 237
184 244
184 245
184 276
184 280
184 290
184 293
184 310
184 317
184 327
184 341
184 345
184 348
184 373
185 190
185 197
185 235
185 243
185 264
185 269
185 286
185 300
185 326
185 331
185 337
186 194
186 231
186 245
186 267
186 297
186 312
186 326
186 339
186 355
187 202
187 204
187 217
187 258
187 295
187 302
187 316
187 317
187 326
187 328
187 361
187 365
187 398
188 212
188 223
188 229
188 282
188 289
188 293
188 324
188 334
188 338
188 355
188 366
188 370
188 378
188 384
189 205
189 214
189 227
189 246
189 263
189 324
189 354
189 369
189 375
189 386
190 196
190 216
190 224
190 237
190 249
190 251
190 270
190 271
190 287
190 290
190 321
190 323
190 339
190 345
190 351
190 357
190 368
190 378
190 393
191 193
191 206
191 213
191 223
191 228
191 232
191 234
191 275
191 344
191 363
191 389
191 392
192 214
192 217
192 230
192 232
192 233
192 262
192 263
192 277
192 278
192 283
192 291
192 305
192 306
192 316
192 331
192 342
192 359
192 375
193 206
193 212
193 226
193 240
193 246
193 270
193 271
193 281
193 296
193 300
193 314
193 331
193 332
193 343
193 387
193 394
194 217
194 278
194 296
194 332
194 334
194 375
194 382
194 389
195 222
195 241
195 257
195 277
195 316
195 323
195 354
195 364
195 371
195 393
196 235
196 239
196 278
196 279
196 288
196 322
196 327
196 340
196 342
196 351
196 364
196 374
196 382
196 391
197 202
197 206
197 228
197 242
197 256
197 257
197 259
197 260
197 271
197 275
197 278
197 300
197 317
197 380
197 393
198 233
198 265
198 269
198 302
198 306
198 339
198 344
198 357
198 380
198 388
198 394
198 396
199 225
199 290
199 304
199 319
199 322
199 323
199 350
199 360
199 364
199 371
199 386
199 395
200 207
200 227
200 241
200 245
200 272
200 346
200 354
200 363
200 364
201 224
201 266
201 273
201 287
201 304
201 360
201 363
201 378
202 219
202 274
202 296
202 312
202 313
202 321
202 326
202 330
202 332
202 362
203 225
203 250
203 255
203 280
203 294
203 315
203 317
203 318
203 331
203 343
203 363
203 373
203 385
203 389
203 396
204 226
204 228
204 241
204 253
204 265
204 297
204 313
204 324
204 333
204 337
204 339
204 348
204 394
205 224
205 235
205 239
205 242
205 294
205 307
205 316
205 317
205 359
205 370
205 382
206 216
206 231
206 232
206 256
206 261
206 275
206 280
206 314
206 315
206 331
206 350
206 372
206 376
206 397
207 211
207 215
207 306
207 320
207 369
207 381
207 390
208 217
208 230
208 252
208 255
208 266
208 316
208 320
208 335
208 336
208 340
208 359
208 366
208 381
208 385
208 390
208 399
209 231
209 233
209 236
209 244
209 248
209 255
209 264
209 277
209 288
209 306
209 321
209 327
209 333
209 335
209 352
209 360
210 226
210 259
210 261
210 269
210 277
210 326
210 330
210 342
210 352
210 354
210 356
210 359
210 383
210 390
211 225
211 226
211 273
211 277
211 280
211 291
211 305
211 337
211 338
211 342
211 379
211 385
212 225
212 241
212 255
212 280
212 287
212 374
212 375
212 381
213 219
213 220
213 221
213 222
213 230
213 231
213 269
213 296
213 349
213 350
213 374
213 387
213 390
214 253
214 259
214 266
214 267
214 272
214 302
214 316
214 327
214 338
215 267
215 273
215 293
215 295
215 303
215 318
215 325
215 328
215 332
215 358
215 366
215 370
215 392
216 227
216 243
216 270
216 278
216 279
216 281
216 307
216 334
216 350
216 354
216 367
217 223
217 226
217 230
217 243
217 254
217 256
217 260
217 264
217 270
217 279
217 297
217 310
217 322
217 325
217 328
217 330
217 336
217 343
217 348
217 357
217 362
217 363
217 379
218 230
218 235
218 242
218 246
218 251
218 287
218 316
218 319
218 345
218 360
218 364
218 366
218 376
218 380
218 399
219 222
219 226
219 308
219 320
219 353
219 360
219 375
219 386
220 228
220 229
220 254
220 263
220 265
220 283
220 297
220 303
220 311
220 333
220 384
220 391
220 398
221 236
221 269
221 287
221 340
221 344
221 349
221 380
221 397
222 234
222 239
222 247
222 259
222 263
222 267
222 297
222 300
222 308
222 310
222 347
222 349
222 352
222 359
222 375
222 380
222 382
222 395
222 399
223 228
223 243
223 255
223 260
223 270
223 298
223 310
223 326
223 359
223 360
223 363
223 382
223 397
224 256
224 258
224 264
224 283
224 311
224 319
224 321
224 324
224 329
224 356
224 393
225 231
225 237
225 247
225 258
225 268
225 273
225 279
225 280
225 286
225 292
225 294
225 299
225 303
225 305
225 314
225 318
225 334
225 347
225 378
226 254
226 257
226 312
226 340
226 396
227 233
227 241
227 252
227 254
227 266
227 282
227 324
227 331
227 347
227 357
228 229
228 249
228 251
228 281
228 289
228 292
228 300
228 302
228 305
228 314
228 318
228 354
228 391
229 279
229 280
229 291
229 301
229 323
229 332
229 338
229 348
229 366
229 370
229 381
229 390
229 395
230 239
230 247
230 256
230 270
230 288
230 332
230 337
230 342
230 349
230 384
230 385
230 391
230 397
231 252
231 254
231 260
231 283
231 301
231 338
231 388
232 234
232 248
232 260
232 264
232 273
232 275
232 284
232 305
232 321
232 329
232 343
232 365
232 381
232 397
233 236
233 249
233 252
233 261
233 288
233 326
233 337
233 369
233 385
234 245
234 249
234 259
234 263
234 282
234 285
234 321
234 325
234 353
234 369
234 376
234 392
234 398
235 249
235 271
235 294
235 322
235 338
235 359
235 367
235 385
235 386
236 239
236 247
236 255
236 295
236 306
236 308
236 318
236 322
236 324
236 338
236 348
236 358
236 367
236 377
236 394
237 243
237 257
237 261
237 262
237 270
237 276
237 289
237 314
237 316
237 324
237 341
237 344
237 355
237 362
237 364
238 298
238 302
238 351
238 357
238 359
238 361
238 379
238 380
238 382
238 399
239 250
239 273
239 364
239 385
239 387
239 392
240 249
240 266
240 269
240 293
240 321
240 331
240 332
240 384
240 385
240 387
240 390
240 396
240 397
240 398
241 249
241 254
241 267
241 270
241 289
241 290
241 307
241 324
241 332
241 337
241 362
241 379
242 255
242 265
242 306
242 307
242 315
242 316
242 320
242 362
242 365
242 369
242 396
243 272
243 279
243 286
243 289
243 296
243 306
243 315
243 329
243 337
243 352
244 251
244 276
244 285
244 291
244 295
244 296
244 304
244 320
244 335
244 344
244 364
244 368
244 377
244 378
244 384
244 394
245 249
245 261
245 284
245 299
245 330
245 342
245 356
245 370
245 399
246 252
246 254
246 256
246 289
246 327
246 337
246 359
246 387
246 390
247 249
247 252
247 266
247 278
247 292
247 293
247 296
247 327
247 333
247 338
247 363
247 385
247 395
248 258
248 262
248 299
248 301
248 302
248 310
248 325
248 370
248 379
248 389
249 250
249 257
249 258
249 272
249 306
249 336
249 350
249 358
249 361
249 382
250 252
250 270
250 294
250 308
250 312
250 314
250 345
250 352
250 385
250 386
251 254
251 260
251 274
251 275
251 287
251 288
251 300
251 303
251 333
251 347
251 348
251 357
251 372
251 380
251 397
252 266
252 269
252 292
252 316
252 358
252 360
252 382
253 259
253 262
253 282
253 296
253 311
253 330
253 359
253 377
253 387
253 394
254 255
254 311
254 345
254 355
254 358
254 367
254 382
254 383
255 258
255 259
255 280
255 300
255 311
255 314
255 324
255 325
255 328
255 343
255 359
255 367
255 368
255 383
255 397
256 261
256 262
256 278
256 302
256 319
256 320
256 356
256 370
256 393
257 263
257 282
257 331
257 332
257 336
257 345
257 352
258 259
258 267
258 274
258 275
258 282
258 295
258 301
258 304
258 306
258 309
258 320
258 324
258 328
258 338
258 343
258 369
258 372
259 262
259 275
259 291
259 352
259 360
259 384
259 394
260 269
260 273
260 301
260 312
260 317
260 320
260 333
260 340
260 369
260 370
260 374
260 385
261 266
261 277
261 321
261 327
261 328
261 334
261 345
261 356
261 369
261 375
261 381
262 276
262 284
262 295
262 300
262 329
262 331
262 334
262 339
262 341
262 388
262 390
263 270
263 285
263 291
263 296
263 299
263 301
263 342
263 360
263 370
263 373
263 380
264 332
264 359
264 360
264 367
264 384
264 385
264 396
265 277
265 278
265 282
265 290
265 296
265 311
265 314
265 315
265 322
265 324
265 326
265 328
265 339
265 344
265 345
265 349
265 350
265 358
265 390
266 271
266 315
266 340
266 345
266 346
266 347
267 280
267 294
267 299
267 315
267 321
267 335
267 336
267 340
267 362
267 388
267 397
268 303
268 311
268 331
268 342
268 346
268 349
268 372
268 391
268 395
269 281
269 283
269 290
269 335
269 341
269 343
269 348
269 350
269 353
269 374
269 380
269 384
269 389
269 399
270 279
270 296
270 312
270 363
270 372
270 381
271 290
271 333
271 335
271 345
271 371
271 374
272 277
272 301
272 332
272 333
272 350
272 376
272 386
272 395
273 275
273 286
273 290
273 342
273 350
273 351
273 354
273 366
273 378
274 279
274 319
274 345
274 383
274 396
275 353
275 361
275 367
275 373
275 397
276 296
276 297
276 309
276 310
276 318
276 335
276 347
276 369
276 370
277 279
277 317
277 329
277 342
277 347
277 379
278 281
278 283
278 314
278 330
278 331
278 340
278 358
278 361
278 363
278 378
278 385
278 389
279 307
279 318
279 321
279 329
279 353
279 359
279 364
279 371
279 385
280 297
280 315
280 343
280 347
280 361
280 362
280 377
281 288
281 329
281 380
282 287
282 302
282 315
282 332
282 351
282 352
282 367
283 284
283 290
283 296
283 307
283 327
283 339
283 343
283 344
283 355
283 361
283 395
284 305
284 311
284 316
284 350
284 383
285 291
285 292
285 293
285 343
285 344
285 352
285 362
285 366
285 369
285 373
285 384
285 388
285 390
285 397
286 303
286 331
286 338
286 339
286 377
286 380
286 386
287 335
287 336
287 350
287 398
288 300
288 314
288 386
289 309
289 312
289 328
289 355
289 375
289 391
290 300
290 329
290 355
290 364
290 387
290 399
291 332
291 348
291 364
292 304
292 338
292 346
293 303
293 304
293 310
293 330
293 342
293 357
293 358
293 365
293 377
293 381
294 309
294 316
294 328
294 333
294 354
294 359
294 375
295 310
295 312
295 316
295 317
295 319
295 336
295 345
295 366
295 381
296 307
296 312
296 342
296 349
296 353
296 354
296 380
296 389
297 308
297 330
297 354
297 371
297 374
297 382
297 384
297 393
297 396
298 310
298 318
298 325
298 341
298 342
298 383
298 391
299 320
299 376
299 381
299 382
299 387
299 395
299 397
300 321
300 363
300 364
300 369
300 386
300 395
301 302
301 305
301 311
301 319
301 346
302 310
302 317
302 360
302 378
302 382
302 392
303 342
303 358
303 395
304 320
304 331
304 334
304 359
304 389
305 315
305 325
305 350
305 368
305 381
306 333
306 358
306 371
306 391
307 321
307 322
307 324
307 381
307 387
308 322
308 339
308 398
309 311
309 314
309 320
309 329
309 334
309 379
309 383
309 391
309 395
310 313
310 322
310 325
310 342
311 320
311 326
311 337
311 338
311 347
311 365
311 383
312 331
312 347
312 375
312 384
312 399
313 316
313 320
313 322
313 325
313 335
313 341
313 346
313 393
314 323
314 324
314 344
314 349
314 364
314 379
314 397
315 318
315 324
315 329
315 338
315 346
315 358
315 381
315 382
315 385
315 389
315 391
315 393
316 335
316 350
316 351
316 371
316 380
317 326
317 348
317 360
317 363
317 365
317 373
317 385
318 320
318 329
318 359
318 363
318 381
319 327
319 333
319 337
319 356
319 361
319 369
319 375
319 391
319 396
319 397
320 322
320 367
320 385
320 387
321 337
321 339
321 342
321 351
321 352
321 365
321 366
321 371
321 381
321 384
321 386
322 328
322 336
322 376
323 330
323 370
323 387
324 357
324 377
324 384
324 397
325 342
325 346
325 377
325 392
326 329
326 332
326 338
326 350
326 352
326 365
326 370
326 378
326 382
327 346
328 338
328 360
328 369
328 383
329 340
329 349
329 359
329 385
329 387
330 336
330 343
331 355
331 368
331 370
331 371
331 374
331 383
331 396
332 336
332 342
332 398
333 339
333 349
333 351
333 356
333 365
333 366
333 373
333 383
333 387
333 389
333 397
334 336
334 339
334 358
334 362
335 363
335 387
335 397
336 351
336 356
336 366
336 380
336 392
337 340
337 357
337 359
337 371
337 373
337 374
338 352
338 395
339 344
339 354
339 370
339 382
339 384
339 388
340 352
340 366
340 375
340 387
340 392
341 350
341 355
341 377
341 391
341 398
342 348
342 355
342 372
342 393
343 357
343 368
343 381
343 389
343 396
343 397
344 365
344 376
344 380
345 346
345 355
345 373
345 393
345 394
346 352
346 358
346 367
346 369
347 353
347 357
347 365
347 371
347 376
347 389
347 391
347 398
348 353
349 362
349 388
350 393
351 376
351 384
351 388
351 399
352 365
352 396
354 376
354 397
355 389
355 392
357 387
358 370
358 371
359 373
360 372
360 373
360 374
360 375
360 390
361 394
362 371
362 378
362 397
363 368
363 369
363 381
363 382
363 384
363 389
363 396
364 374
364 386
364 399
365 374
365 386
365 392
366 398
367 375
368 373
368 380
369 377
370 393
370 399
371 376
372 375
373 382
373 392
377 382
377 392
377 395
378 388
378 397
378 399
379 392
379 399
380 381
380 386
384 385
386 397
387 389
387 399
394 399
