200 1379 0.2
0 4
0 5
0 25
0 61
0 62
0 95
0 100
0 134
0 142
0 147
0 156
0 158
0 195
1 26
1 56
1 87
1 95
1 105
1 119
1 163
1 164
1 168
1 172
1 180
1 183
2 8
2 10
2 19
2 30
2 48
2 49
2 65
2 75
2 80
2 81
2 89
2 115
2 119
2 124
2 125
2 129
2 145
2 150
2 152
2 153
2 156
2 181
2 188
2 192
3 23
3 33
3 45
3 47
3 49
3 76
3 99
3 106
3 110
3 113
3 173
3 174
3 178
3 182
4 36
4 41
4 54
4 82
4 85
4 103
4 109
4 126
4 160
4 197
5 11
5 14
5 17
5 28
5 30
5 57
5 59
5 63
5 151
5 153
5 157
5 164
5 174
5 180
6 14
6 26
6 28
6 38
6 78
6 86
6 104
6 124
6 147
6 153
6 155
6 159
7 32
7 45
7 48
7 53
7 84
7 89
7 97
7 140
7 155
7 156
7 171
7 179
8 23
8 50
8 89
8 103
8 121
8 123
8 147
8 181
8 185
9 11
9 16
9 23
9 31
9 41
9 63
9 79
9 90
9 146
9 158
9 162
9 182
9 183
9 192
9 199
10 11
10 37
10 59
10 62
10 65
10 68
10 89
10 116
10 132
10 144
10 179
11 13
11 31
11 114
11 127
11 132
11 143
11 182
11 190
12 34
12 48
12 50
12 68
12 102
12 131
12 142
12 152
12 165
12 174
12 180
12 187
12 190
13 19
13 24
13 30
13 35
13 43
13 66
13 115
13 155
13 156
13 163
13 176
14 17
14 29
14 42
14 63
14 124
14 127
14 157
14 158
14 161
14 184
15 26
15 29
15 50
15 56
15 70
15 75
15 104
15 108
15 111
15 183
16 27
16 36
16 81
16 131
16 132
16 140
16 146
16 148
16 161
16 166
16 177
16 191
17 19
17 33
17 90
17 97
17 114
17 142
17 159
17 160
17 179
18 26
18 44
18 45
18 48
18 54
18 61
18 67
18 70
18 75
18 77
18 78
18 81
18 95
18 101
18 107
18 109
18 123
18 126
18 152
18 172
18 176
18 187
19 20
19 42
19 65
19 75
19 85
19 97
19 104
19 119
19 154
19 157
19 172
19 176
19 198
20 25
20 45
20 46
20 50
20 84
20 90
20 122
20 153
20 184
20 187
20 190
21 22
21 27
21 63
21 65
21 66
21 118
21 126
21 141
21 145
21 148
21 154
22 35
22 46
22 81
22 83
22 87
22 92
22 104
22 142
22 172
22 187
23 26
23 50
23 55
23 74
23 76
23 80
23 83
23 110
23 139
23 140
23 146
23 157
23 175
23 176
23 179
23 190
24 32
24 82
24 107
24 123
24 149
24 162
24 184
24 185
24 190
24 196
25 35
25 62
25 79
25 97
25 113
25 120
25 128
25 168
25 173
25 174
25 178
26 55
26 59
26 68
26 108
26 110
26 122
26 164
26 171
27 36
27 43
27 44
27 45
27 47
27 69
27 78
27 99
27 109
27 120
27 122
27 125
27 141
27 183
27 186
27 196
28 29
28 33
28 38
28 46
28 56
28 70
28 72
28 91
28 97
28 157
28 166
28 168
28 196
29 47
29 66
29 68
29 100
29 104
29 131
29 140
29 145
29 195
30 35
30 37
30 70
30 94
30 150
30 152
30 172
30 194
30 195
31 45
31 53
31 116
31 117
31 133
31 138
31 144
31 154
31 160
31 167
31 173
31 182
32 55
32 57
32 73
32 77
32 83
32 90
32 96
32 103
32 110
32 118
32 129
32 137
32 140
32 151
32 155
32 171
32 174
32 178
33 44
33 49
33 65
33 73
33 76
33 92
33 96
33 106
33 118
33 136
33 142
33 164
33 177
33 183
33 188
33 196
34 36
34 42
34 45
34 49
34 50
34 89
34 97
34 123
34 128
34 139
34 149
34 156
35 36
35 63
35 66
35 102
35 104
35 123
35 130
35 140
35 147
35 175
35 187
35 198
36 37
36 55
36 87
36 97
36 100
36 102
36 125
36 157
36 159
36 195
37 52
37 62
37 70
37 87
37 100
37 101
37 105
37 106
37 107
37 114
37 127
37 135
37 138
37 148
37 173
37 185
38 48
38 50
38 62
38 82
38 91
38 93
38 109
38 122
38 134
38 138
38 145
38 147
38 195
39 46
39 69
39 78
39 98
39 104
39 127
39 133
39 140
39 156
39 158
39 159
39 165
40 41
40 62
40 97
40 113
40 124
40 138
40 140
40 188
41 62
41 70
41 74
41 75
41 112
41 125
41 127
41 132
41 143
41 152
41 168
41 182
41 197
42 50
42 58
42 68
42 70
42 123
42 129
42 131
42 145
42 160
42 164
43 98
43 168
43 173
43 186
44 52
44 58
44 59
44 63
44 68
44 75
44 93
44 151
44 153
44 154
44 167
44 199
45 52
45 59
45 69
45 72
45 74
45 79
45 92
45 102
45 113
45 133
45 142
45 153
45 161
45 165
45 180
45 187
45 196
46 53
46 68
46 91
46 112
46 116
46 118
46 125
46 145
46 181
46 182
47 75
47 82
47 108
47 114
47 117
47 123
47 174
47 186
47 192
48 71
48 85
48 96
48 121
48 151
48 162
48 163
48 195
49 52
49 70
49 81
49 87
49 114
49 124
49 146
49 158
49 160
49 166
49 174
49 184
50 57
50 73
50 80
50 102
50 122
50 151
50 169
50 191
50 196
50 197
51 74
51 90
51 98
51 101
51 112
51 125
51 141
51 155
51 169
51 170
51 176
51 193
52 53
52 79
52 101
52 108
52 156
52 167
52 171
52 185
52 194
53 61
53 70
53 86
53 103
53 111
53 113
53 118
53 121
53 152
53 170
53 184
54 133
54 145
54 163
54 178
55 56
55 57
55 58
55 61
55 73
55 79
55 93
55 118
55 142
55 169
55 175
55 181
55 185
55 188
55 189
55 197
56 72
56 91
56 108
56 124
56 136
56 166
57 59
57 68
57 109
57 110
57 114
57 115
57 117
57 119
57 120
57 123
57 159
57 179
58 63
58 72
58 76
58 78
58 126
58 141
58 144
58 148
58 167
58 171
58 175
58 176
58 182
58 185
59 62
59 97
59 139
59 162
59 164
59 169
59 170
59 171
59 172
59 186
59 199
60 84
60 96
60 107
60 115
60 117
60 121
60 148
60 149
60 155
60 183
60 189
61 110
61 138
61 141
61 169
61 175
61 187
62 90
62 156
62 180
62 181
63 71
63 93
63 96
63 102
63 107
63 114
63 117
63 118
63 124
63 129
63 142
63 146
63 158
63 167
63 185
63 186
64 73
64 106
64 120
64 122
64 130
64 134
64 142
64 146
64 169
65 73
65 96
65 106
65 107
65 109
65 110
65 126
65 129
65 131
65 169
65 186
65 189
66 79
66 87
66 141
66 146
66 161
66 168
66 169
66 192
67 92
67 93
67 106
67 121
67 122
67 125
67 132
67 143
67 152
67 158
67 160
67 165
67 177
67 183
67 191
67 194
68 91
68 101
68 128
68 143
68 147
68 150
68 169
68 174
68 191
69 75
69 87
69 96
69 112
69 116
69 145
69 172
69 174
69 185
69 190
70 74
70 102
71 74
71 85
71 87
71 132
71 151
71 190
71 197
72 75
72 99
72 106
72 120
72 144
72 145
72 156
72 193
72 196
73 109
73 115
73 123
73 133
73 147
73 162
73 166
73 180
73 185
73 199
74 77
74 92
74 93
74 141
74 151
74 157
74 170
74 172
74 176
75 83
75 118
75 155
75 160
75 187
75 197
75 199
76 94
76 106
76 115
76 123
76 126
76 151
76 152
76 171
76 192
76 197
77 84
77 102
77 109
77 116
77 131
77 154
77 167
77 179
77 187
78 98
78 122
78 127
78 155
78 170
78 172
78 181
79 112
79 122
79 134
79 160
80 99
80 124
80 162
80 167
80 169
80 170
80 174
80 182
81 103
81 132
81 141
81 160
81 198
82 83
82 108
82 126
82 135
82 169
82 195
83 92
83 118
83 126
83 169
83 173
83 175
83 177
83 190
84 110
84 120
84 157
84 183
85 86
85 102
85 175
85 186
86 107
86 112
86 166
86 194
87 91
87 94
87 119
87 125
87 148
87 167
87 171
87 178
87 186
87 187
87 199
88 90
88 93
88 101
88 134
88 161
89 112
89 149
89 166
89 173
90 96
90 100
90 105
90 111
90 116
90 119
90 123
90 125
90 137
90 149
90 173
90 180
91 100
91 110
91 123
91 133
91 135
91 160
91 169
91 180
92 101
92 109
92 113
92 114
92 118
92 120
92 125
92 136
92 174
92 177
92 180
92 183
92 198
93 113
93 123
93 133
93 140
93 174
93 195
93 198
94 104
94 144
94 167
94 176
94 177
94 179
94 196
95 117
95 130
95 132
95 165
95 179
95 194
96 105
96 121
96 164
96 178
96 179
97 99
97 114
97 123
97 147
97 178
97 193
98 103
98 119
98 132
98 135
98 136
98 143
98 147
98 163
98 167
99 117
99 119
99 121
99 123
99 129
99 145
99 159
99 169
99 178
99 185
99 186
99 189
99 196
100 152
100 166
100 167
100 182
101 111
101 122
101 139
101 141
101 160
101 169
102 103
102 110
102 113
102 120
102 128
102 148
102 155
102 170
103 105
103 133
103 135
103 153
103 159
103 160
104 126
104 128
104 131
104 143
104 148
104 159
104 167
104 169
104 171
104 178
104 181
104 183
104 192
104 198
105 119
105 123
105 140
105 150
105 157
105 188
105 191
106 118
106 140
106 162
106 163
106 199
107 142
107 163
107 181
107 184
108 140
108 165
108 168
108 171
108 187
109 113
109 134
109 167
109 171
109 180
110 127
110 152
110 173
110 189
111 130
111 148
111 153
111 159
111 160
111 180
111 192
112 113
112 144
112 176
112 190
112 199
113 147
113 155
113 172
113 194
113 195
114 122
114 140
114 148
114 170
114 181
114 186
114 193
114 195
114 198
115 137
115 159
115 194
116 120
116 142
116 149
116 153
116 195
117 139
117 140
117 151
117 152
117 160
117 161
117 169
117 185
117 192
118 131
118 139
118 142
118 148
118 160
118 172
118 178
118 182
118 193
119 126
119 137
119 153
119 155
119 173
119 180
120 125
120 175
120 177
120 179
121 143
121 148
121 172
121 179
122 174
122 190
122 197
123 159
123 173
123 175
123 179
123 181
123 184
123 188
123 189
123 193
123 194
124 134
124 143
124 146
124 197
125 132
125 136
125 145
125 151
125 179
125 198
126 134
126 154
126 168
126 170
126 177
126 179
127 143
127 197
127 198
128 141
128 151
128 160
128 167
128 181
128 189
129 138
129 141
129 175
129 181
129 182
130 138
130 150
130 154
130 173
130 176
131 133
131 136
131 157
131 175
132 140
132 151
132 163
132 168
132 176
132 191
133 139
133 145
134 166
134 167
134 182
134 184
134 196
134 199
135 155
135 160
135 161
135 165
136 147
136 149
136 167
136 184
136 185
136 191
137 140
137 171
137 180
137 189
137 196
138 141
138 166
138 196
138 198
139 151
139 158
139 175
139 180
139 181
139 189
140 146
140 149
140 161
140 170
140 174
140 197
141 152
141 180
141 184
141 191
142 157
142 179
142 189
143 145
143 151
143 159
143 178
143 179
143 180
143 196
144 164
144 170
144 195
144 198
145 154
145 166
145 171
146 156
146 170
147 153
147 158
147 167
147 180
147 184
147 185
147 186
148 168
148 180
148 187
149 158
149 185
149 187
149 196
150 169
150 173
150 187
151 181
151 191
152 165
152 198
153 158
154 170
154 198
155 162
155 177
155 184
155 195
155 198
156 159
156 167
156 175
156 197
156 199
157 172
157 174
158 163
158 168
158 174
158 190
158 193
159 160
159 165
159 173
159 184
159 185
160 165
160 170
161 162
161 178
161 185
161 190
161 194
162 174
163 170
163 178
163 190
164 195
165 172
166 171
166 199
167 187
167 195
168 194
169 175
169 197
170 197
171 176
171 177
171 182
171 184
172 178
172 195
173 188
174 186
174 194
174 198
175 189
175 199
176 177
177 189
178 184
178 198
179 187
180 183
180 194
180 197
182 193
182 199
183 196
184 192
184 194
188 189
188 195
190 191
191 196
191 197
193 198
