500 7620 0.5
0 11
0 12
0 17
0 56
0 65
0 84
0 104
0 118
0 124
0 129
0 133
0 134
0 166
0 174
0 179
0 185
0 187
0 190
0 200
0 206
0 211
0 228
0 240
0 249
0 250
0 291
0 300
0 347
0 354
0 371
0 375
0 387
0 391
0 394
0 414
0 416
0 418
0 421
0 424
0 433
0 445
0 453
0 455
0 498
1 10
1 23
1 69
1 78
1 124
1 139
1 173
1 214
1 218
1 227
1 260
1 267
1 320
1 441
1 448
1 460
1 479
1 487
1 498
2 28
2 70
2 87
2 94
2 116
2 127
2 144
2 171
2 176
2 204
2 216
2 222
2 316
2 324
2 347
2 356
2 420
2 440
2 459
2 462
2 468
2 473
2 474
2 490
3 12
3 21
3 35
3 53
3 59
3 61
3 63
3 65
3 66
3 73
3 122
3 136
3 146
3 173
3 174
3 190
3 200
3 203
3 213
3 221
3 247
3 251
3 254
3 260
3 265
3 279
3 323
3 338
3 369
3 374
3 376
3 391
3 423
3 435
3 438
3 471
3 489
3 493
4 7
4 21
4 47
4 60
4 74
4 76
4 96
4 126
4 140
4 141
4 147
4 149
4 182
4 195
4 201
4 206
4 220
4 253
4 257
4 278
4 280
4 283
4 297
4 318
4 320
4 323
4 332
4 335
4 350
4 375
4 388
4 396
4 423
4 430
4 432
4 439
4 447
4 452
4 472
4 480
4 498
5 6
5 7
5 38
5 78
5 100
5 182
5 213
5 218
5 236
5 246
5 305
5 318
5 363
5 392
5 411
5 439
5 450
5 456
5 458
5 482
6 38
6 44
6 49
6 60
6 71
6 96
6 121
6 140
6 141
6 150
6 157
6 163
6 165
6 170
6 187
6 264
6 341
6 349
6 360
6 362
6 387
6 414
6 453
6 464
6 485
7 16
7 26
7 28
7 46
7 60
7 70
7 106
7 147
7 161
7 165
7 189
7 190
7 216
7 228
7 230
7 239
7 246
7 254
7 274
7 292
7 303
7 322
7 339
7 353
7 356
7 389
7 403
7 404
7 423
7 433
8 43
8 62
8 95
8 106
8 112
8 137
8 168
8 209
8 220
8 225
8 253
8 280
8 290
8 299
8 324
8 340
8 355
8 357
8 366
8 384
8 409
8 426
8 439
8 443
8 448
8 454
8 476
8 477
8 479
8 498
8 499
9 11
9 14
9 15
9 18
9 66
9 69
9 86
9 87
9 89
9 106
9 128
9 161
9 162
9 169
9 171
9 203
9 243
9 268
9 277
9 282
9 291
9 309
9 342
9 370
9 396
9 398
9 403
9 428
9 442
9 453
9 455
9 479
9 492
9 495
10 16
10 18
10 39
10 47
10 68
10 74
10 77
10 109
10 121
10 170
10 184
10 186
10 195
10 206
10 231
10 233
10 292
10 313
10 342
10 351
10 390
10 407
10 413
10 440
10 461
10 462
10 472
10 474
10 487
11 32
11 37
11 68
11 79
11 86
11 92
11 98
11 158
11 160
11 173
11 193
11 212
11 250
11 277
11 288
11 292
11 297
11 300
11 323
11 330
11 347
11 406
11 415
11 431
11 440
11 453
12 16
12 21
12 36
12 41
12 62
12 71
12 83
12 94
12 99
12 100
12 141
12 164
12 165
12 179
12 217
12 228
12 254
12 258
12 263
12 317
12 324
12 328
12 384
12 415
12 418
12 445
13 15
13 28
13 60
13 66
13 70
13 72
13 107
13 125
13 132
13 147
13 149
13 165
13 194
13 202
13 207
13 222
13 224
13 230
13 244
13 261
13 264
13 289
13 296
13 299
13 310
13 318
13 342
13 357
13 380
13 389
13 399
13 418
13 426
13 459
13 464
13 470
13 486
13 496
14 15
14 25
14 38
14 49
14 52
14 64
14 108
14 153
14 162
14 178
14 185
14 189
14 215
14 234
14 244
14 248
14 273
14 274
14 284
14 331
14 332
14 334
14 357
14 363
14 377
14 384
14 388
14 389
14 392
14 455
15 24
15 25
15 32
15 48
15 57
15 73
15 74
15 80
15 88
15 90
15 108
15 111
15 155
15 216
15 243
15 255
15 278
15 306
15 312
15 328
15 378
15 387
15 389
15 394
15 409
15 467
15 475
16 42
16 49
16 56
16 64
16 106
16 110
16 115
16 150
16 157
16 160
16 169
16 181
16 188
16 209
16 246
16 254
16 272
16 328
16 349
16 353
16 367
16 377
16 394
16 413
16 416
16 429
16 468
16 491
17 32
17 33
17 48
17 79
17 80
17 97
17 138
17 164
17 169
17 178
17 181
17 187
17 191
17 297
17 318
17 329
17 340
17 352
17 371
17 386
17 397
17 398
17 410
17 412
17 430
17 435
17 459
17 460
17 468
18 21
18 36
18 41
18 64
18 65
18 67
18 85
18 120
18 143
18 192
18 210
18 221
18 222
18 244
18 270
18 303
18 310
18 313
18 327
18 344
18 366
18 380
18 406
18 423
18 429
18 442
18 462
18 489
19 20
19 38
19 72
19 85
19 93
19 105
19 164
19 193
19 195
19 218
19 233
19 238
19 269
19 273
19 297
19 321
19 328
19 338
19 339
19 345
19 363
19 386
19 413
19 448
19 459
19 485
20 23
20 37
20 38
20 48
20 49
20 52
20 60
20 68
20 84
20 92
20 93
20 104
20 105
20 152
20 159
20 196
20 205
20 225
20 250
20 264
20 272
20 306
20 307
20 309
20 322
20 327
20 330
20 366
20 373
20 385
20 395
20 424
21 34
21 40
21 44
21 87
21 89
21 108
21 148
21 181
21 203
21 207
21 208
21 212
21 238
21 259
21 291
21 301
21 307
21 375
21 377
21 383
21 415
21 460
21 484
21 493
22 23
22 60
22 89
22 102
22 108
22 134
22 154
22 165
22 173
22 183
22 190
22 193
22 239
22 256
22 280
22 288
22 292
22 297
22 332
22 346
22 367
22 371
22 410
22 415
22 430
22 468
22 476
22 498
23 66
23 76
23 93
23 96
23 99
23 123
23 164
23 199
23 201
23 215
23 268
23 271
23 286
23 337
23 340
23 344
23 354
23 359
23 373
23 377
23 378
23 385
23 390
23 400
23 402
23 413
23 421
23 438
23 482
23 491
24 31
24 46
24 62
24 71
24 95
24 125
24 160
24 183
24 203
24 221
24 241
24 257
24 258
24 266
24 281
24 291
24 293
24 312
24 331
24 336
24 390
24 402
24 403
24 419
24 430
24 465
25 44
25 45
25 48
25 50
25 58
25 72
25 78
25 84
25 91
25 103
25 124
25 168
25 181
25 188
25 221
25 245
25 247
25 272
25 289
25 297
25 321
25 325
25 388
25 439
25 447
25 452
25 455
25 497
26 31
26 35
26 57
26 64
26 66
26 78
26 107
26 160
26 207
26 212
26 227
26 229
26 253
26 271
26 292
26 305
26 316
26 318
26 342
26 358
26 362
26 376
26 381
26 383
26 398
26 400
26 402
26 415
26 442
26 449
26 476
26 482
26 491
27 81
27 86
27 128
27 152
27 153
27 163
27 167
27 189
27 190
27 211
27 213
27 265
27 273
27 292
27 310
27 314
27 318
27 348
27 353
27 376
27 392
27 407
27 417
27 464
27 468
27 470
27 480
28 50
28 64
28 65
28 90
28 96
28 101
28 143
28 174
28 190
28 226
28 231
28 250
28 263
28 279
28 288
28 360
28 367
28 368
28 377
28 381
28 394
28 408
28 421
28 442
28 451
28 471
28 474
28 478
28 486
29 48
29 61
29 63
29 67
29 80
29 102
29 105
29 194
29 195
29 255
29 259
29 264
29 283
29 301
29 309
29 310
29 324
29 325
29 346
29 392
29 429
29 432
29 441
29 465
30 31
30 48
30 52
30 93
30 97
30 103
30 116
30 126
30 163
30 164
30 175
30 177
30 192
30 224
30 228
30 256
30 260
30 273
30 283
30 286
30 308
30 326
30 329
30 339
30 341
30 348
30 357
30 361
30 365
30 392
30 414
30 426
30 430
30 432
31 41
31 54
31 57
31 61
31 68
31 78
31 108
31 119
31 131
31 133
31 165
31 214
31 230
31 253
31 285
31 289
31 305
31 307
31 314
31 326
31 340
31 347
31 376
31 389
31 402
31 422
31 425
31 439
31 452
31 494
32 35
32 38
32 45
32 54
32 72
32 75
32 77
32 84
32 89
32 109
32 129
32 135
32 140
32 149
32 161
32 184
32 234
32 236
32 246
32 249
32 262
32 281
32 320
32 326
32 345
32 349
32 352
32 358
32 361
32 381
32 385
32 407
32 413
32 455
32 460
32 486
32 490
32 491
33 34
33 73
33 75
33 93
33 125
33 133
33 141
33 155
33 159
33 203
33 228
33 236
33 238
33 258
33 259
33 283
33 299
33 312
33 338
33 342
33 345
33 353
33 356
33 372
33 381
33 401
33 411
33 423
33 471
34 46
34 62
34 68
34 70
34 103
34 123
34 142
34 202
34 228
34 229
34 270
34 277
34 291
34 299
34 318
34 326
34 337
34 356
34 382
34 442
34 449
34 450
34 482
35 49
35 59
35 76
35 106
35 108
35 191
35 218
35 225
35 229
35 237
35 245
35 263
35 273
35 281
35 297
35 354
35 384
35 386
35 403
35 426
35 438
35 471
35 472
35 486
36 66
36 134
36 151
36 160
36 195
36 226
36 235
36 241
36 242
36 249
36 271
36 280
36 306
36 311
36 322
36 344
36 355
36 356
36 361
36 375
36 393
36 395
36 408
36 417
36 418
36 423
36 463
36 467
37 103
37 105
37 107
37 108
37 116
37 127
37 141
37 193
37 201
37 240
37 254
37 273
37 279
37 286
37 289
37 305
37 323
37 346
37 370
37 372
37 373
37 380
37 396
37 416
37 427
37 434
37 445
37 476
37 489
38 66
38 79
38 110
38 135
38 152
38 163
38 181
38 192
38 232
38 256
38 261
38 266
38 273
38 275
38 312
38 315
38 323
38 379
38 409
38 415
38 437
38 442
38 445
38 448
38 474
38 491
39 40
39 41
39 45
39 51
39 55
39 71
39 78
39 123
39 175
39 202
39 232
39 287
39 301
39 303
39 304
39 316
39 336
39 342
39 352
39 353
39 358
39 366
39 399
39 404
39 413
39 436
39 450
39 458
39 464
39 483
40 52
40 55
40 60
40 66
40 120
40 134
40 142
40 154
40 163
40 169
40 187
40 286
40 295
40 298
40 329
40 335
40 347
40 378
40 383
40 387
40 402
40 424
40 453
40 464
40 499
41 66
41 107
41 172
41 180
41 190
41 208
41 213
41 220
41 224
41 242
41 271
41 312
41 323
41 333
41 346
41 363
41 405
41 419
41 451
42 71
42 130
42 136
42 179
42 190
42 197
42 203
42 211
42 293
42 297
42 315
42 331
42 334
42 337
42 364
42 382
42 398
42 403
42 411
42 440
42 450
42 458
42 477
42 482
42 495
43 70
43 71
43 83
43 99
43 102
43 135
43 148
43 179
43 224
43 231
43 246
43 251
43 254
43 265
43 290
43 326
43 328
43 375
43 384
43 386
43 404
43 416
43 428
43 439
43 462
43 464
43 484
44 47
44 55
44 58
44 63
44 67
44 68
44 94
44 100
44 115
44 150
44 169
44 174
44 180
44 204
44 216
44 232
44 239
44 240
44 244
44 251
44 255
44 256
44 314
44 332
44 341
44 354
44 358
44 394
44 400
44 402
44 409
44 411
44 419
44 421
44 430
44 436
44 446
44 456
44 470
44 477
44 484
45 64
45 83
45 85
45 114
45 129
45 146
45 150
45 161
45 202
45 205
45 215
45 248
45 256
45 274
45 277
45 330
45 339
45 351
45 375
45 378
45 386
45 395
45 417
45 466
45 475
46 54
46 80
46 92
46 94
46 101
46 108
46 117
46 128
46 136
46 147
46 175
46 199
46 201
46 209
46 218
46 220
46 225
46 228
46 231
46 269
46 280
46 297
46 310
46 325
46 329
46 333
46 369
46 395
46 417
46 435
46 448
46 453
46 474
46 476
46 480
47 52
47 58
47 81
47 112
47 143
47 158
47 204
47 210
47 211
47 233
47 235
47 242
47 293
47 297
47 308
47 352
47 354
47 358
47 389
47 399
47 402
47 434
47 435
47 470
47 482
48 71
48 82
48 83
48 106
48 115
48 160
48 173
48 178
48 194
48 197
48 198
48 201
48 228
48 236
48 245
48 255
48 269
48 275
48 329
48 344
48 362
48 390
48 402
48 417
48 460
49 88
49 106
49 107
49 112
49 139
49 152
49 169
49 182
49 186
49 200
49 218
49 226
49 228
49 244
49 250
49 253
49 268
49 299
49 309
49 330
49 364
49 371
49 374
49 412
49 418
49 419
49 432
49 448
49 465
49 485
50 55
50 94
50 99
50 113
50 122
50 123
50 126
50 141
50 150
50 163
50 184
50 188
50 209
50 245
50 257
50 259
50 262
50 269
50 289
50 295
50 304
50 328
50 332
50 333
50 363
50 372
50 393
50 399
50 438
50 443
50 446
50 463
50 477
51 66
51 82
51 102
51 124
51 125
51 127
51 144
51 165
51 177
51 179
51 215
51 220
51 241
51 247
51 263
51 271
51 280
51 290
51 294
51 305
51 313
51 356
51 366
51 368
51 377
51 380
51 388
51 395
51 416
51 419
51 438
51 465
51 468
51 478
52 59
52 84
52 100
52 137
52 145
52 148
52 154
52 162
52 184
52 186
52 190
52 192
52 213
52 215
52 221
52 223
52 255
52 259
52 271
52 300
52 322
52 327
52 340
52 424
52 433
52 440
52 494
52 495
53 141
53 143
53 162
53 166
53 191
53 205
53 220
53 234
53 236
53 254
53 265
53 286
53 303
53 306
53 312
53 327
53 341
53 358
53 373
53 394
53 404
53 407
53 429
53 460
53 462
53 467
53 473
53 474
53 477
53 478
53 487
53 491
53 494
54 57
54 69
54 92
54 120
54 125
54 138
54 139
54 154
54 207
54 212
54 213
54 216
54 249
54 269
54 281
54 289
54 296
54 308
54 315
54 318
54 322
54 376
54 379
54 396
54 426
54 444
54 472
54 484
55 77
55 94
55 190
55 252
55 300
55 328
55 352
55 353
55 376
55 400
55 419
55 420
55 452
55 477
55 497
56 112
56 120
56 139
56 168
56 172
56 186
56 232
56 243
56 258
56 266
56 274
56 279
56 286
56 311
56 353
56 393
56 396
56 434
56 499
57 63
57 85
57 149
57 168
57 236
57 260
57 288
57 293
57 310
57 321
57 322
57 332
57 336
57 357
57 412
57 421
57 424
57 481
57 484
57 488
58 82
58 89
58 133
58 143
58 163
58 166
58 173
58 183
58 198
58 206
58 209
58 214
58 221
58 222
58 273
58 280
58 283
58 299
58 302
58 318
58 333
58 344
58 353
58 358
58 368
58 370
58 392
58 397
58 410
58 412
58 414
58 434
58 435
58 446
58 447
58 474
58 481
58 487
59 63
59 96
59 127
59 148
59 158
59 182
59 186
59 204
59 211
59 217
59 225
59 242
59 265
59 311
59 322
59 342
59 349
59 366
59 404
59 468
59 497
60 62
60 66
60 119
60 129
60 153
60 168
60 179
60 194
60 231
60 240
60 247
60 271
60 274
60 277
60 312
60 315
60 319
60 329
60 372
60 380
60 382
60 383
60 396
60 423
60 424
60 425
60 434
60 466
60 477
60 498
61 63
61 81
61 126
61 141
61 162
61 172
61 179
61 209
61 226
61 234
61 252
61 280
61 306
61 361
61 375
61 391
61 412
61 418
61 422
61 432
61 434
61 437
61 445
61 447
61 452
61 458
61 473
61 486
61 494
62 74
62 77
62 80
62 87
62 92
62 105
62 123
62 130
62 146
62 163
62 169
62 171
62 193
62 199
62 232
62 287
62 302
62 323
62 334
62 346
62 357
62 371
62 372
62 382
62 388
62 392
62 398
62 405
62 423
62 439
62 448
62 495
63 66
63 70
63 85
63 88
63 139
63 154
63 158
63 185
63 228
63 239
63 276
63 288
63 298
63 361
63 363
63 376
63 396
63 408
63 414
63 426
63 427
63 435
63 460
63 496
63 498
64 69
64 74
64 78
64 91
64 101
64 148
64 170
64 176
64 181
64 187
64 205
64 224
64 237
64 238
64 254
64 270
64 279
64 335
64 346
64 384
64 416
64 437
64 440
64 466
64 473
64 476
64 487
64 498
65 83
65 91
65 95
65 101
65 112
65 120
65 141
65 173
65 229
65 247
65 254
65 263
65 264
65 270
65 293
65 294
65 296
65 308
65 352
65 369
65 380
65 386
65 395
65 403
65 408
65 454
65 455
65 472
65 475
66 71
66 78
66 102
66 125
66 126
66 127
66 168
66 179
66 180
66 186
66 196
66 198
66 211
66 221
66 229
66 232
66 250
66 268
66 269
66 282
66 285
66 287
66 289
66 298
66 327
66 338
66 350
66 351
66 367
66 401
66 432
66 457
66 462
66 486
66 489
66 492
67 81
67 82
67 92
67 112
67 125
67 129
67 130
67 131
67 140
67 143
67 145
67 159
67 212
67 225
67 237
67 246
67 281
67 330
67 339
67 349
67 351
67 355
67 363
67 372
67 373
67 403
67 453
67 494
68 78
68 96
68 103
68 108
68 117
68 126
68 155
68 185
68 188
68 192
68 220
68 282
68 286
68 375
68 393
68 408
68 455
68 467
68 471
68 479
68 482
69 89
69 92
69 104
69 113
69 130
69 139
69 215
69 230
69 233
69 255
69 256
69 318
69 323
69 325
69 341
69 344
69 378
69 416
69 420
69 434
70 126
70 152
70 165
70 169
70 172
70 179
70 199
70 205
70 210
70 223
70 230
70 251
70 254
70 281
70 302
70 312
70 341
70 346
70 373
70 386
70 417
70 420
70 424
70 448
70 467
70 490
71 100
71 122
71 137
71 150
71 171
71 176
71 192
71 216
71 257
71 258
71 266
71 269
71 316
71 354
71 364
71 405
71 417
71 428
71 453
71 457
71 460
71 462
71 475
71 490
71 494
72 111
72 130
72 162
72 187
72 188
72 206
72 265
72 279
72 303
72 328
72 331
72 338
72 341
72 351
72 355
72 371
72 387
72 397
72 406
72 419
72 424
72 477
73 76
73 108
73 122
73 127
73 148
73 160
73 162
73 167
73 174
73 180
73 190
73 194
73 208
73 216
73 231
73 240
73 248
73 263
73 272
73 281
73 360
73 391
73 401
73 423
73 454
73 483
73 494
74 77
74 80
74 93
74 115
74 131
74 137
74 171
74 185
74 220
74 229
74 237
74 261
74 264
74 268
74 285
74 293
74 315
74 323
74 333
74 337
74 346
74 366
74 373
74 449
74 473
75 79
75 83
75 119
75 127
75 129
75 144
75 162
75 191
75 201
75 202
75 220
75 223
75 253
75 263
75 276
75 285
75 294
75 315
75 320
75 325
75 326
75 356
75 365
75 381
75 419
75 445
75 457
75 459
75 466
75 468
76 81
76 89
76 114
76 122
76 144
76 201
76 238
76 262
76 271
76 277
76 281
76 285
76 317
76 325
76 335
76 349
76 353
76 360
76 368
76 397
76 402
76 413
76 457
77 94
77 108
77 134
77 145
77 151
77 153
77 162
77 165
77 175
77 192
77 202
77 208
77 235
77 300
77 329
77 357
77 371
77 372
77 386
77 396
77 402
77 404
77 430
77 442
77 451
77 457
77 470
78 81
78 88
78 92
78 94
78 95
78 99
78 103
78 106
78 112
78 113
78 117
78 121
78 135
78 153
78 161
78 187
78 205
78 234
78 252
78 270
78 281
78 326
78 350
78 352
78 353
78 363
78 367
78 381
78 388
78 390
78 393
78 402
78 427
78 430
78 436
78 443
78 476
78 491
78 497
79 92
79 99
79 116
79 135
79 148
79 149
79 153
79 159
79 172
79 190
79 195
79 198
79 213
79 216
79 220
79 287
79 293
79 317
79 322
79 363
79 379
79 392
79 401
79 402
79 403
79 407
79 409
79 449
79 478
79 497
79 499
80 82
80 121
80 130
80 154
80 174
80 247
80 254
80 266
80 272
80 277
80 279
80 281
80 300
80 314
80 318
80 331
80 335
80 351
80 360
80 369
80 398
80 405
80 439
80 497
80 499
81 113
81 127
81 134
81 136
81 173
81 175
81 177
81 247
81 248
81 256
81 272
81 299
81 302
81 319
81 409
81 460
81 465
81 466
81 468
81 473
82 92
82 95
82 111
82 144
82 150
82 166
82 170
82 197
82 210
82 275
82 309
82 376
82 386
82 388
82 394
82 396
82 423
82 447
82 450
82 453
82 495
83 97
83 109
83 112
83 114
83 131
83 139
83 145
83 149
83 166
83 183
83 184
83 197
83 215
83 222
83 232
83 234
83 237
83 249
83 266
83 268
83 298
83 323
83 364
83 378
83 401
83 413
83 421
83 430
83 458
83 459
83 478
83 496
84 88
84 89
84 97
84 98
84 129
84 134
84 145
84 147
84 174
84 182
84 217
84 254
84 266
84 275
84 278
84 284
84 338
84 361
84 371
84 378
84 403
84 411
84 414
84 471
85 119
85 133
85 144
85 151
85 174
85 186
85 223
85 229
85 232
85 258
85 266
85 302
85 305
85 348
85 356
85 367
85 384
85 398
85 427
85 429
85 431
85 436
85 456
85 474
86 88
86 108
86 197
86 199
86 208
86 228
86 230
86 242
86 249
86 283
86 314
86 316
86 332
86 335
86 336
86 383
86 432
86 457
86 463
86 472
86 490
87 103
87 134
87 181
87 198
87 200
87 222
87 246
87 255
87 297
87 305
87 315
87 405
87 422
87 452
87 475
87 493
87 499
88 96
88 98
88 99
88 108
88 109
88 113
88 114
88 115
88 131
88 140
88 146
88 172
88 215
88 222
88 226
88 249
88 253
88 256
88 313
88 316
88 321
88 334
88 338
88 355
88 397
88 400
88 404
88 408
88 409
88 428
88 455
88 459
88 468
88 482
88 493
89 114
89 117
89 139
89 143
89 184
89 190
89 217
89 267
89 304
89 331
89 358
89 370
89 384
89 396
89 405
89 409
89 414
89 415
89 423
89 430
89 437
89 449
90 113
90 115
90 147
90 148
90 149
90 153
90 181
90 208
90 222
90 258
90 295
90 297
90 314
90 317
90 427
90 428
90 472
90 482
90 485
90 495
91 117
91 129
91 137
91 138
91 145
91 224
91 240
91 287
91 289
91 374
91 385
91 410
91 412
91 413
91 416
91 419
91 429
91 480
91 483
91 493
91 498
92 115
92 125
92 173
92 174
92 197
92 199
92 223
92 270
92 290
92 304
92 311
92 328
92 348
92 356
92 376
92 388
92 402
92 407
92 408
92 409
92 412
92 418
92 419
92 423
92 455
92 456
92 469
93 114
93 132
93 135
93 151
93 159
93 168
93 170
93 218
93 223
93 265
93 270
93 295
93 303
93 343
93 344
93 347
93 360
93 385
93 387
93 423
93 437
93 448
93 473
93 477
93 484
94 101
94 113
94 133
94 152
94 161
94 166
94 169
94 186
94 188
94 192
94 202
94 212
94 247
94 262
94 266
94 313
94 317
94 364
94 384
94 403
94 445
94 455
94 456
94 459
94 480
94 494
95 103
95 133
95 152
95 164
95 171
95 174
95 185
95 193
95 196
95 200
95 219
95 223
95 244
95 262
95 283
95 339
95 340
95 370
95 391
95 397
95 415
95 446
95 447
95 448
95 471
95 482
95 489
96 103
96 109
96 110
96 122
96 147
96 152
96 166
96 210
96 225
96 243
96 244
96 249
96 256
96 264
96 266
96 268
96 274
96 277
96 289
96 298
96 299
96 305
96 311
96 334
96 339
96 418
96 419
96 471
97 103
97 105
97 142
97 155
97 160
97 179
97 198
97 203
97 204
97 226
97 243
97 250
97 276
97 288
97 304
97 311
97 314
97 329
97 340
97 345
97 348
97 353
97 368
97 387
97 389
97 395
97 419
97 445
97 477
97 485
97 496
98 102
98 103
98 150
98 172
98 195
98 197
98 198
98 215
98 219
98 228
98 291
98 311
98 319
98 326
98 349
98 365
98 370
98 376
98 391
98 401
98 438
98 456
98 466
98 471
98 486
99 114
99 125
99 130
99 132
99 158
99 178
99 181
99 184
99 234
99 254
99 265
99 267
99 286
99 338
99 355
99 415
99 434
99 440
99 441
99 444
99 490
99 492
99 496
100 149
100 154
100 162
100 206
100 243
100 272
100 302
100 367
100 378
100 397
100 436
100 487
100 490
100 496
101 116
101 139
101 154
101 162
101 200
101 205
101 223
101 240
101 244
101 250
101 352
101 355
101 386
101 400
101 431
101 434
101 444
101 448
101 449
101 450
101 462
102 127
102 163
102 183
102 240
102 245
102 292
102 294
102 303
102 314
102 344
102 358
102 362
102 371
102 381
102 390
102 409
102 411
102 417
102 439
102 449
102 490
103 105
103 130
103 135
103 140
103 157
103 163
103 193
103 197
103 202
103 240
103 246
103 259
103 267
103 280
103 288
103 295
103 306
103 332
103 338
103 351
103 370
103 379
103 392
103 398
103 400
103 409
103 424
103 428
103 448
103 470
104 106
104 115
104 153
104 159
104 172
104 192
104 222
104 243
104 253
104 257
104 267
104 271
104 290
104 332
104 352
104 356
104 370
104 371
104 377
104 385
104 387
104 413
104 428
104 435
104 449
104 457
104 458
104 495
104 497
105 128
105 145
105 146
105 151
105 166
105 180
105 196
105 218
105 233
105 265
105 278
105 280
105 284
105 332
105 334
105 341
105 354
105 368
105 376
105 389
105 395
105 400
105 412
105 422
105 433
105 447
105 454
105 462
105 463
105 478
106 108
106 109
106 145
106 208
106 219
106 254
106 259
106 269
106 305
106 306
106 312
106 326
106 331
106 348
106 352
106 379
106 393
106 402
106 412
106 433
106 466
107 161
107 175
107 180
107 214
107 216
107 222
107 241
107 255
107 294
107 314
107 337
107 350
107 353
107 375
107 377
107 384
107 403
107 404
107 414
107 422
107 488
107 491
108 110
108 111
108 115
108 135
108 234
108 236
108 256
108 264
108 279
108 284
108 297
108 302
108 318
108 330
108 336
108 347
108 361
108 374
108 377
108 399
108 429
108 431
108 441
108 444
108 457
108 470
108 479
108 493
109 124
109 126
109 160
109 164
109 192
109 234
109 246
109 280
109 305
109 314
109 347
109 362
109 364
109 423
109 432
109 440
109 478
109 480
110 124
110 131
110 142
110 224
110 250
110 252
110 255
110 266
110 271
110 275
110 305
110 318
110 334
110 348
110 351
110 376
110 384
110 396
110 403
110 424
110 442
110 447
110 459
110 460
110 461
110 470
110 485
110 492
110 498
111 125
111 137
111 211
111 212
111 223
111 229
111 238
111 241
111 242
111 244
111 259
111 260
111 280
111 284
111 290
111 327
111 329
111 339
111 361
111 365
111 400
111 401
111 427
111 456
111 465
111 497
112 137
112 159
112 177
112 184
112 193
112 196
112 204
112 216
112 217
112 226
112 283
112 306
112 328
112 392
112 418
112 420
112 427
112 446
112 447
112 452
112 468
112 479
112 481
112 488
113 118
113 149
113 153
113 170
113 173
113 227
113 234
113 247
113 251
113 297
113 311
113 335
113 352
113 353
113 363
113 420
113 430
113 431
113 468
113 482
113 484
114 158
114 191
114 197
114 205
114 244
114 266
114 272
114 275
114 277
114 284
114 315
114 336
114 390
114 423
114 439
114 492
115 122
115 152
115 160
115 183
115 208
115 244
115 261
115 308
115 317
115 328
115 329
115 335
115 347
115 361
115 362
115 383
115 388
115 391
115 400
115 426
115 458
115 469
115 473
115 478
115 480
115 490
116 138
116 177
116 199
116 220
116 241
116 256
116 257
116 261
116 292
116 330
116 349
116 354
116 361
116 364
116 422
116 448
116 498
117 132
117 144
117 157
117 158
117 209
117 219
117 227
117 252
117 285
117 287
117 334
117 347
117 369
117 385
117 390
117 401
117 407
117 429
117 436
117 438
117 459
117 463
117 464
117 498
118 128
118 158
118 164
118 173
118 224
118 226
118 239
118 251
118 255
118 256
118 257
118 259
118 260
118 281
118 294
118 330
118 338
118 369
118 398
118 406
118 423
118 425
118 460
118 475
118 477
118 494
119 121
119 131
119 134
119 138
119 149
119 150
119 160
119 181
119 185
119 204
119 206
119 213
119 214
119 222
119 239
119 245
119 253
119 262
119 263
119 269
119 280
119 298
119 299
119 317
119 327
119 337
119 364
119 379
119 410
119 420
119 441
119 448
119 461
119 483
119 490
120 142
120 241
120 284
120 291
120 300
120 318
120 329
120 330
120 347
120 351
120 362
120 385
120 395
120 401
120 430
120 457
120 496
121 128
121 137
121 138
121 145
121 160
121 169
121 175
121 247
121 257
121 268
121 281
121 298
121 304
121 315
121 354
121 396
121 401
121 414
121 444
121 469
122 155
122 161
122 163
122 185
122 202
122 211
122 217
122 223
122 241
122 259
122 271
122 304
122 310
122 364
122 375
122 385
122 409
122 410
122 426
122 444
122 460
122 480
122 491
123 145
123 178
123 188
123 194
123 207
123 216
123 233
123 264
123 313
123 375
123 394
123 399
123 412
123 457
123 458
123 462
123 474
124 151
124 167
124 179
124 214
124 225
124 236
124 245
124 251
124 266
124 278
124 309
124 314
124 322
124 341
124 371
124 395
124 403
124 449
124 457
124 463
124 474
124 485
124 491
124 493
125 165
125 191
125 193
125 195
125 197
125 215
125 225
125 260
125 263
125 275
125 290
125 324
125 330
125 332
125 385
125 391
125 395
125 404
125 406
125 416
125 437
125 467
126 155
126 168
126 181
126 189
126 192
126 196
126 208
126 229
126 313
126 343
126 356
126 359
126 399
126 411
126 452
126 461
126 469
127 156
127 158
127 168
127 182
127 211
127 212
127 223
127 237
127 243
127 260
127 273
127 283
127 314
127 339
127 342
127 348
127 371
127 381
127 397
127 408
127 416
127 444
127 446
127 452
127 456
127 459
127 463
127 486
128 131
128 145
128 151
128 152
128 153
128 188
128 191
128 210
128 233
128 256
128 259
128 267
128 284
128 285
128 300
128 308
128 312
128 374
128 398
128 400
128 414
128 448
129 172
129 196
129 203
129 205
129 245
129 281
129 288
129 299
129 315
129 316
129 322
129 361
129 375
129 389
129 390
129 395
129 407
129 426
129 427
129 428
129 430
129 499
130 139
130 155
130 166
130 180
130 187
130 237
130 289
130 291
130 297
130 320
130 324
130 334
130 335
130 337
130 382
130 390
130 405
130 406
130 410
130 420
130 426
130 439
130 446
130 459
130 460
130 464
131 135
131 147
131 170
131 173
131 181
131 190
131 219
131 250
131 277
131 278
131 280
131 308
131 327
131 344
131 376
131 388
131 396
131 399
131 464
131 467
131 474
131 487
132 149
132 173
132 189
132 198
132 200
132 241
132 246
132 249
132 254
132 260
132 263
132 287
132 294
132 313
132 317
132 347
132 348
132 389
132 397
132 410
132 418
132 470
132 491
132 493
133 151
133 181
133 187
133 195
133 246
133 247
133 274
133 285
133 293
133 310
133 316
133 332
133 363
133 376
133 387
133 389
133 390
133 441
133 458
133 464
133 474
133 486
133 492
133 494
134 152
134 229
134 238
134 241
134 251
134 264
134 277
134 314
134 328
134 333
134 338
134 347
134 359
134 408
134 411
134 441
134 444
134 446
134 471
134 480
135 155
135 156
135 161
135 172
135 178
135 199
135 228
135 259
135 296
135 299
135 335
135 349
135 377
135 392
135 397
135 419
135 421
135 444
135 459
135 489
135 491
136 140
136 144
136 177
136 203
136 231
136 237
136 304
136 315
136 324
136 375
136 380
136 416
136 492
137 138
137 153
137 194
137 204
137 205
137 212
137 213
137 225
137 282
137 301
137 326
137 329
137 336
137 342
137 356
137 385
137 387
137 392
137 411
137 414
137 416
137 427
137 429
137 440
137 443
137 444
137 465
137 489
138 174
138 202
138 214
138 262
138 266
138 287
138 290
138 353
138 360
138 363
138 368
138 392
138 430
139 151
139 156
139 157
139 197
139 220
139 227
139 228
139 245
139 252
139 279
139 294
139 298
139 323
139 327
139 329
139 332
139 394
139 395
139 398
139 411
139 424
139 426
139 427
139 438
139 449
139 455
139 492
140 162
140 175
140 188
140 211
140 220
140 232
140 269
140 272
140 286
140 297
140 300
140 310
140 315
140 327
140 333
140 336
140 351
140 359
140 380
140 398
140 442
140 460
140 476
141 176
141 180
141 219
141 222
141 223
141 231
141 236
141 240
141 279
141 302
141 310
141 314
141 332
141 336
141 346
141 404
141 415
141 435
141 452
141 465
142 168
142 216
142 236
142 256
142 262
142 292
142 332
142 340
142 355
142 419
142 425
142 429
142 442
142 460
142 461
142 470
142 475
142 482
143 146
143 163
143 230
143 250
143 265
143 270
143 306
143 397
143 406
143 426
143 427
143 436
143 445
143 477
143 479
144 150
144 157
144 200
144 222
144 231
144 234
144 237
144 241
144 254
144 267
144 275
144 312
144 323
144 327
144 369
144 399
144 429
144 436
144 437
144 450
144 458
144 481
144 485
144 492
145 156
145 166
145 167
145 223
145 257
145 268
145 277
145 279
145 281
145 310
145 355
145 374
145 388
145 395
145 399
145 402
145 403
145 422
145 428
145 431
145 459
145 462
145 464
145 485
146 181
146 183
146 198
146 217
146 227
146 240
146 241
146 244
146 271
146 277
146 286
146 295
146 296
146 298
146 311
146 312
146 313
146 323
146 338
146 355
146 391
146 392
146 401
146 419
146 420
146 429
146 431
146 434
146 471
146 472
146 479
146 480
146 482
146 487
147 165
147 169
147 202
147 208
147 238
147 245
147 253
147 270
147 287
147 296
147 301
147 316
147 322
147 325
147 346
147 366
147 386
147 409
147 412
147 427
147 454
147 474
147 484
147 494
148 153
148 164
148 195
148 225
148 231
148 259
148 265
148 276
148 303
148 342
148 351
148 375
148 385
148 394
148 418
148 436
148 451
148 453
148 454
148 456
148 460
148 464
148 471
148 476
149 155
149 167
149 217
149 233
149 261
149 276
149 331
149 337
149 343
149 347
149 353
149 382
149 400
149 423
149 445
149 469
149 494
149 498
150 171
150 194
150 201
150 208
150 214
150 232
150 236
150 292
150 295
150 299
150 322
150 366
150 372
150 397
150 429
150 454
150 473
150 494
150 499
151 160
151 189
151 206
151 210
151 230
151 231
151 257
151 258
151 260
151 266
151 278
151 288
151 306
151 308
151 326
151 345
151 347
151 352
151 374
151 401
151 447
151 458
151 489
151 495
152 153
152 178
152 194
152 214
152 216
152 269
152 293
152 296
152 309
152 331
152 333
152 336
152 346
152 350
152 387
152 390
152 399
152 438
152 444
152 452
152 477
152 492
152 493
152 497
153 155
153 174
153 175
153 184
153 185
153 189
153 261
153 269
153 305
153 313
153 323
153 339
153 342
153 353
153 363
153 375
153 381
153 410
153 423
153 425
153 496
153 498
154 185
154 199
154 212
154 218
154 228
154 252
154 274
154 283
154 296
154 329
154 380
154 423
154 440
155 177
155 200
155 206
155 207
155 211
155 232
155 248
155 250
155 271
155 277
155 290
155 379
155 430
155 481
155 483
155 492
155 494
156 159
156 200
156 215
156 216
156 264
156 290
156 293
156 296
156 300
156 302
156 304
156 321
156 337
156 348
156 397
156 465
157 181
157 195
157 207
157 213
157 269
157 274
157 310
157 313
157 315
157 336
157 340
157 370
157 375
157 381
157 386
157 428
157 432
157 437
157 438
157 460
157 470
157 476
158 206
158 256
158 279
158 284
158 333
158 338
158 359
158 366
158 374
158 395
158 404
158 410
158 462
158 480
158 499
159 188
159 191
159 208
159 224
159 241
159 245
159 294
159 313
159 320
159 322
159 336
159 372
159 374
159 406
159 424
159 426
159 427
159 464
159 493
160 161
160 186
160 193
160 200
160 224
160 237
160 241
160 257
160 272
160 300
160 312
160 315
160 320
160 335
160 372
160 428
160 446
160 471
160 475
160 482
160 489
160 494
161 165
161 169
161 175
161 195
161 212
161 214
161 218
161 228
161 234
161 235
161 243
161 254
161 259
161 260
161 281
161 282
161 291
161 304
161 324
161 354
161 372
161 396
161 400
161 410
161 420
161 425
161 439
161 459
161 482
161 499
162 224
162 256
162 266
162 274
162 276
162 281
162 297
162 332
162 367
162 412
162 419
162 435
162 455
162 497
163 165
163 168
163 219
163 268
163 283
163 312
163 325
163 328
163 333
163 380
163 440
163 460
164 172
164 203
164 209
164 217
164 269
164 276
164 304
164 305
164 313
164 316
164 327
164 334
164 387
164 392
164 403
164 404
164 411
164 448
164 449
164 490
164 493
165 192
165 196
165 200
165 213
165 218
165 220
165 247
165 253
165 260
165 274
165 304
165 311
165 319
165 328
165 370
165 399
165 406
165 407
165 484
165 488
165 492
166 176
166 212
166 236
166 276
166 301
166 310
166 322
166 324
166 386
166 395
166 397
166 435
166 438
166 462
166 466
166 472
166 483
166 497
167 175
167 185
167 188
167 192
167 205
167 250
167 257
167 267
167 271
167 282
167 287
167 289
167 292
167 293
167 298
167 316
167 327
167 329
167 336
167 347
167 351
167 358
167 372
167 374
167 384
167 403
167 411
167 418
167 428
168 169
168 176
168 193
168 208
168 218
168 257
168 278
168 287
168 295
168 334
168 349
168 389
168 395
168 401
168 403
168 418
168 422
168 457
168 463
168 466
168 489
168 492
169 183
169 184
169 190
169 194
169 197
169 202
169 240
169 242
169 252
169 256
169 260
169 274
169 285
169 307
169 311
169 382
169 383
169 385
169 413
169 430
169 432
169 433
169 449
169 458
169 465
169 472
169 475
169 487
169 492
169 493
170 188
170 223
170 234
170 242
170 246
170 273
170 291
170 297
170 309
170 337
170 352
170 427
170 435
170 442
170 449
170 482
170 496
171 196
171 200
171 272
171 336
171 355
171 381
171 388
171 393
171 398
171 424
171 438
171 453
171 460
172 190
172 199
172 202
172 216
172 227
172 229
172 248
172 249
172 261
172 295
172 324
172 334
172 343
172 360
172 394
172 401
172 409
172 410
172 418
172 437
172 459
172 474
172 479
172 490
172 499
173 176
173 186
173 192
173 193
173 203
173 225
173 227
173 244
173 300
173 309
173 331
173 333
173 364
173 398
173 409
173 411
173 431
173 434
173 456
173 473
174 205
174 207
174 208
174 214
174 217
174 226
174 273
174 308
174 328
174 345
174 381
174 400
174 434
174 436
174 437
175 214
175 251
175 258
175 262
175 267
175 272
175 291
175 292
175 313
175 341
175 343
175 369
175 375
175 393
175 431
175 438
175 486
176 212
176 217
176 243
176 259
176 316
176 324
176 325
176 329
176 344
176 356
176 363
176 375
176 376
176 381
176 429
176 440
176 441
176 487
177 190
177 196
177 201
177 212
177 240
177 250
177 293
177 299
177 304
177 308
177 310
177 321
177 333
177 370
177 379
177 394
177 397
177 399
177 408
177 423
177 437
177 439
177 448
177 457
178 189
178 195
178 201
178 204
178 206
178 209
178 229
178 234
178 238
178 243
178 286
178 310
178 334
178 341
178 367
178 377
178 391
178 470
179 196
179 217
179 239
179 242
179 253
179 254
179 274
179 293
179 325
179 409
179 435
179 436
179 460
179 476
180 187
180 199
180 217
180 236
180 241
180 256
180 260
180 261
180 276
180 284
180 287
180 300
180 302
180 310
180 337
180 338
180 346
180 367
180 368
180 389
180 394
180 415
180 416
180 451
180 456
180 491
181 203
181 234
181 286
181 291
181 322
181 340
181 341
181 350
181 359
181 365
181 371
181 373
181 414
181 419
181 458
181 484
181 496
182 186
182 202
182 208
182 218
182 242
182 263
182 278
182 285
182 316
182 317
182 318
182 343
182 368
182 370
182 374
182 391
182 404
182 415
182 419
182 427
182 431
182 437
182 491
182 496
182 499
183 185
183 231
183 236
183 265
183 275
183 283
183 293
183 305
183 336
183 344
183 349
183 358
183 405
183 409
183 427
183 428
183 452
183 456
183 468
183 479
183 487
183 499
184 192
184 210
184 265
184 275
184 276
184 277
184 291
184 321
184 324
184 351
184 382
184 420
184 440
184 446
184 483
184 494
184 499
185 188
185 195
185 205
185 208
185 210
185 223
185 229
185 243
185 249
185 267
185 281
185 286
185 315
185 320
185 403
185 435
185 451
185 481
185 488
185 498
186 224
186 230
186 238
186 259
186 291
186 315
186 353
186 368
186 389
186 439
186 454
186 459
186 468
186 469
186 471
187 198
187 201
187 231
187 256
187 258
187 281
187 292
187 300
187 306
187 309
187 316
187 332
187 335
187 339
187 370
187 385
187 400
187 429
187 449
187 450
187 486
188 192
188 199
188 213
188 220
188 226
188 234
188 236
188 258
188 282
188 285
188 302
188 319
188 329
188 339
188 344
188 347
188 349
188 368
188 373
188 381
188 393
188 394
188 464
188 465
188 474
188 477
188 496
189 194
189 207
189 227
189 246
189 258
189 263
189 280
189 314
189 326
189 337
189 362
189 380
189 384
189 390
189 417
189 419
189 421
189 480
190 192
190 209
190 231
190 289
190 292
190 304
190 323
190 326
190 334
190 346
190 363
190 400
190 406
190 421
190 426
190 461
190 469
190 493
191 198
191 209
191 222
191 226
191 239
191 246
191 247
191 250
191 261
191 268
191 292
191 300
191 307
191 318
191 320
191 329
191 338
191 362
191 369
191 395
191 413
191 431
191 453
191 480
191 482
191 493
192 210
192 233
192 271
192 303
192 313
192 332
192 338
192 342
192 358
192 370
192 384
192 386
192 394
192 407
192 436
192 451
192 452
192 467
192 479
192 498
193 226
193 252
193 261
193 270
193 285
193 290
193 292
193 324
193 334
193 347
193 358
193 368
193 392
193 409
193 426
193 429
193 433
193 448
193 455
193 457
193 459
193 480
193 481
193 484
193 495
194 207
194 209
194 222
194 230
194 234
194 262
194 269
194 284
194 285
194 291
194 317
194 341
194 354
194 356
194 357
194 365
194 366
194 375
194 379
194 416
194 420
194 422
194 427
194 448
194 461
194 467
194 484
195 233
195 236
195 245
195 271
195 280
195 288
195 312
195 317
195 319
195 320
195 339
195 344
195 356
195 360
195 388
195 414
195 415
195 417
195 425
195 435
195 449
195 460
195 487
195 498
195 499
196 210
196 216
196 218
196 236
196 237
196 258
196 259
196 261
196 282
196 283
196 302
196 314
196 354
196 357
196 386
196 423
196 461
196 463
196 473
196 487
196 490
196 492
197 203
197 209
197 218
197 231
197 243
197 255
197 257
197 283
197 332
197 336
197 389
197 397
198 212
198 231
198 239
198 265
198 278
198 280
198 291
198 306
198 313
198 360
198 377
198 400
198 432
198 433
198 447
198 461
198 463
198 464
198 470
199 214
199 224
199 226
199 243
199 330
199 335
199 388
199 429
199 442
199 479
199 482
200 201
200 217
200 239
200 275
200 304
200 311
200 335
200 340
200 351
200 376
200 384
200 408
200 413
200 428
200 433
200 453
200 456
200 499
201 212
201 220
201 238
201 259
201 274
201 279
201 304
201 376
201 379
201 435
201 446
201 449
201 468
202 203
202 210
202 218
202 274
202 301
202 308
202 314
202 360
202 395
202 427
202 437
202 438
202 445
202 457
202 469
202 474
202 485
203 208
203 212
203 219
203 220
203 230
203 238
203 318
203 334
203 335
203 337
203 338
203 380
203 411
203 424
203 428
203 440
203 448
203 455
203 498
204 242
204 248
204 252
204 256
204 266
204 269
204 279
204 280
204 284
204 292
204 352
204 371
204 386
204 392
204 404
204 429
204 482
204 491
205 208
205 209
205 273
205 284
205 299
205 319
205 332
205 334
205 349
205 355
205 369
205 391
205 399
205 417
205 458
205 461
205 464
205 470
205 481
205 486
205 498
206 208
206 237
206 241
206 248
206 252
206 254
206 256
206 265
206 293
206 307
206 313
206 325
206 326
206 329
206 332
206 357
206 368
206 399
206 446
206 455
206 475
207 216
207 223
207 242
207 251
207 254
207 284
207 293
207 300
207 316
207 326
207 352
207 367
207 378
207 382
207 385
207 390
207 418
207 441
207 443
207 448
207 450
207 456
207 492
208 233
208 247
208 260
208 264
208 279
208 285
208 304
208 319
208 336
208 344
208 348
208 351
208 360
208 375
208 393
208 459
208 474
208 475
209 217
209 222
209 292
209 307
209 323
209 339
209 349
209 362
209 370
209 420
209 430
209 440
209 449
209 450
209 461
209 497
210 228
210 245
210 246
210 265
210 271
210 329
210 338
210 339
210 346
210 347
210 355
210 374
210 375
210 383
210 384
210 395
210 407
210 439
210 445
210 457
210 482
211 230
211 231
211 234
211 248
211 249
211 252
211 261
211 269
211 272
211 317
211 319
211 328
211 338
211 355
211 362
211 368
211 391
211 407
211 437
211 443
211 451
211 457
211 485
211 489
212 230
212 253
212 280
212 292
212 304
212 333
212 431
212 441
212 464
212 493
212 495
213 214
213 245
213 246
213 260
213 263
213 268
213 279
213 285
213 288
213 305
213 336
213 405
213 459
213 476
214 216
214 218
214 222
214 236
214 241
214 243
214 249
214 252
214 255
214 259
214 275
214 281
214 286
214 288
214 304
214 307
214 313
214 345
214 366
214 374
214 384
214 413
214 416
214 476
215 227
215 253
215 266
215 310
215 329
215 340
215 343
215 402
215 428
215 440
215 492
216 233
216 243
216 297
216 299
216 328
216 341
216 356
216 387
216 390
216 394
216 396
216 398
216 412
216 439
216 452
216 453
216 469
216 470
216 490
216 497
217 274
217 308
217 316
217 323
217 345
217 351
217 364
217 375
217 388
217 393
217 402
217 422
217 425
217 496
217 499
218 226
218 251
218 255
218 275
218 311
218 331
218 344
218 356
218 390
218 395
218 414
218 423
218 438
218 446
218 457
218 463
218 482
218 488
218 497
219 234
219 238
219 246
219 255
219 258
219 262
219 269
219 294
219 313
219 335
219 351
219 361
219 374
219 381
219 395
219 417
219 423
219 430
219 443
219 476
219 489
219 490
219 496
219 499
220 265
220 277
220 283
220 294
220 317
220 333
220 336
220 341
220 364
220 366
220 375
220 382
220 383
220 388
220 398
220 417
220 419
220 423
220 455
220 467
220 480
221 250
221 253
221 256
221 316
221 321
221 334
221 337
221 338
221 370
221 381
221 382
221 389
221 396
221 405
221 409
221 462
221 471
221 493
221 494
221 495
222 266
222 272
222 273
222 279
222 280
222 285
222 289
222 309
222 319
222 331
222 383
222 417
222 439
222 469
222 475
223 237
223 266
223 293
223 340
223 375
223 406
223 411
223 412
223 416
223 424
223 429
223 449
223 457
223 463
223 469
223 492
223 494
223 495
223 498
224 264
224 269
224 278
224 280
224 287
224 289
224 291
224 294
224 314
224 323
224 343
224 346
224 362
224 375
224 393
224 399
224 401
224 417
224 419
224 424
224 470
225 230
225 261
225 313
225 315
225 387
225 413
225 444
225 473
225 476
225 482
226 243
226 253
226 273
226 287
226 323
226 345
226 353
226 357
226 388
226 396
226 397
226 407
226 420
226 432
226 450
226 455
226 461
226 466
226 490
226 494
227 233
227 240
227 289
227 301
227 309
227 310
227 311
227 329
227 343
227 358
227 387
227 393
227 394
227 435
227 462
228 232
228 260
228 278
228 286
228 289
228 299
228 307
228 321
228 326
228 340
228 346
228 361
228 370
228 391
228 403
228 414
228 465
228 479
229 256
229 273
229 289
229 303
229 325
229 384
229 429
229 448
229 461
229 491
230 231
230 245
230 257
230 263
230 270
230 318
230 319
230 341
230 367
230 368
230 384
230 389
230 403
230 428
230 431
230 444
230 449
230 480
230 489
231 250
231 265
231 274
231 288
231 318
231 363
231 403
231 408
231 412
231 448
231 465
231 492
232 252
232 255
232 304
232 384
232 447
232 452
232 460
232 469
232 472
232 476
232 482
232 497
233 244
233 245
233 259
233 264
233 270
233 282
233 285
233 288
233 319
233 355
233 360
233 367
233 369
233 371
233 384
233 411
233 415
233 419
233 493
234 236
234 251
234 259
234 274
234 298
234 327
234 343
234 344
234 374
234 401
234 430
234 431
234 438
234 469
234 475
234 496
235 253
235 276
235 311
235 327
235 334
235 335
235 352
235 365
235 379
235 391
235 393
235 403
235 420
235 422
235 483
236 275
236 301
236 320
236 329
236 330
236 342
236 355
236 373
236 454
236 460
236 478
236 479
236 495
237 242
237 247
237 250
237 259
237 283
237 292
237 295
237 301
237 302
237 320
237 325
237 352
237 358
237 384
237 399
237 445
237 452
237 459
237 462
237 468
238 262
238 285
238 300
238 318
238 379
238 400
238 412
238 415
238 417
238 426
238 443
238 453
238 486
239 260
239 267
239 276
239 351
239 364
239 378
239 423
239 461
239 474
240 241
240 263
240 265
240 287
240 298
240 303
240 334
240 347
240 360
240 422
240 438
240 444
240 488
240 490
241 270
241 273
241 274
241 345
241 401
241 424
241 431
241 437
241 449
241 450
241 454
241 460
241 461
241 474
241 476
241 485
242 323
242 332
242 333
242 351
242 378
242 380
242 392
242 409
242 415
242 438
242 472
242 480
242 492
242 496
243 251
243 277
243 295
243 301
243 341
243 345
243 356
243 422
243 431
243 452
243 453
243 460
243 467
243 469
243 470
243 475
243 485
243 499
244 250
244 254
244 265
244 274
244 275
244 279
244 280
244 281
244 307
244 332
244 338
244 390
244 405
244 417
244 435
244 448
244 477
245 256
245 257
245 275
245 288
245 292
245 310
245 345
245 355
245 374
245 381
245 389
245 404
245 425
245 437
245 452
245 456
245 490
246 250
246 262
246 263
246 282
246 283
246 344
246 349
246 372
246 401
246 411
246 423
246 426
246 438
246 449
246 458
246 462
246 487
247 284
247 288
247 302
247 303
247 318
247 339
247 355
247 382
247 410
247 420
247 429
247 451
247 452
247 468
247 496
248 249
248 259
248 276
248 289
248 302
248 315
248 318
248 355
248 380
248 382
248 385
248 396
248 408
248 429
248 449
248 464
248 473
249 267
249 274
249 285
249 295
249 298
249 301
249 313
249 341
249 385
249 388
249 408
249 424
249 434
249 479
249 483
249 493
250 262
250 293
250 299
250 308
250 334
250 337
250 353
250 367
250 377
250 454
250 478
250 498
251 276
251 302
251 309
251 321
251 327
251 328
251 336
251 342
251 350
251 369
251 437
251 447
251 454
251 487
251 499
252 278
252 285
252 311
252 315
252 320
252 378
252 389
252 390
252 428
252 436
252 447
252 483
252 487
253 263
253 269
253 294
253 315
253 343
253 344
253 353
253 395
253 461
253 483
254 274
254 276
254 315
254 322
254 334
254 342
254 351
254 379
254 404
254 420
254 451
254 462
254 478
255 311
255 326
255 397
255 418
255 422
255 458
255 470
255 488
255 490
256 258
256 268
256 281
256 284
256 304
256 391
256 405
256 418
256 437
256 463
256 476
256 477
256 498
257 268
257 304
257 305
257 312
257 336
257 348
257 355
257 377
257 397
257 405
257 409
257 455
257 463
257 467
257 471
257 475
257 496
258 262
258 267
258 275
258 277
258 297
258 318
258 331
258 336
258 341
258 359
258 386
258 395
258 409
258 426
258 429
258 436
258 437
258 456
258 485
258 497
259 268
259 276
259 284
259 306
259 349
259 389
259 395
259 400
259 424
259 440
259 447
259 474
259 488
260 277
260 292
260 294
260 301
260 316
260 319
260 321
260 332
260 338
260 348
260 366
260 397
260 421
260 429
260 442
260 474
261 271
261 341
261 348
261 382
261 386
261 411
261 415
261 417
261 449
261 463
261 481
262 269
262 276
262 293
262 310
262 322
262 333
262 337
262 371
262 407
262 454
262 456
262 458
262 477
262 497
263 264
263 275
263 305
263 334
263 383
263 395
263 402
263 403
263 413
263 415
263 437
263 447
263 459
263 467
264 268
264 292
264 306
264 307
264 312
264 336
264 352
264 356
264 359
264 362
264 393
264 411
264 414
264 456
264 481
264 486
264 487
265 267
265 270
265 274
265 287
265 299
265 307
265 311
265 315
265 322
265 325
265 328
265 354
265 373
265 436
265 449
265 472
266 279
266 335
266 340
266 344
266 349
266 367
266 383
266 415
266 424
266 443
266 457
267 295
267 331
267 370
267 390
267 396
267 401
267 415
267 422
267 425
267 455
267 472
267 480
267 496
268 270
268 286
268 298
268 327
268 339
268 340
268 348
268 353
268 376
268 428
268 449
268 452
268 473
268 486
269 298
269 308
269 324
269 335
269 367
269 384
269 441
269 481
269 495
269 497
270 272
270 277
270 304
270 310
270 321
270 323
270 328
270 335
270 340
270 362
270 379
270 387
270 429
270 430
270 451
270 471
271 321
271 326
271 353
271 358
271 388
271 390
271 395
271 424
271 488
271 491
272 293
272 295
272 312
272 320
272 340
272 357
272 373
272 374
272 389
272 390
272 404
272 410
272 416
272 429
272 432
272 449
272 451
272 461
272 486
272 488
272 491
273 285
273 307
273 308
273 310
273 313
273 340
273 371
273 384
273 389
273 391
273 411
273 417
273 476
273 498
274 278
274 288
274 325
274 329
274 343
274 344
274 367
274 372
274 379
274 383
274 412
274 424
274 436
275 276
275 285
275 291
275 304
275 318
275 334
275 337
275 338
275 341
275 397
275 428
275 434
275 453
275 461
275 473
275 499
276 286
276 288
276 341
276 366
276 368
276 386
276 394
276 425
276 429
276 431
276 435
276 444
276 457
276 491
276 498
277 279
277 297
277 307
277 310
277 311
277 320
277 374
277 387
277 388
277 390
277 400
277 410
277 430
277 458
277 469
277 494
278 280
278 281
278 294
278 302
278 308
278 318
278 340
278 372
278 426
278 447
278 464
278 475
278 491
279 301
279 317
279 321
279 342
279 351
279 450
279 460
279 480
280 282
280 367
280 374
280 382
280 399
280 400
280 419
280 428
280 434
280 464
280 474
280 476
281 319
281 326
281 328
281 335
281 351
281 374
281 389
281 393
281 409
281 427
281 430
281 459
281 479
281 487
282 326
282 351
282 352
282 358
282 373
282 387
282 388
282 392
282 395
282 402
282 417
282 433
282 457
282 471
283 340
283 366
283 400
283 411
283 459
283 467
283 473
283 478
284 289
284 306
284 310
284 319
284 336
284 353
284 387
284 405
284 442
284 476
284 490
284 496
285 298
285 357
285 358
285 367
285 370
285 384
285 402
285 447
285 455
285 465
285 471
285 473
285 482
285 483
285 494
285 498
286 302
286 343
286 359
286 384
286 390
286 420
286 446
286 463
287 297
287 302
287 314
287 321
287 346
287 358
287 371
287 379
287 381
287 420
287 445
287 448
287 450
287 456
287 475
287 495
288 295
288 301
288 311
288 332
288 371
288 391
288 398
288 399
288 403
288 414
288 417
288 432
288 438
288 441
288 457
288 464
288 483
289 309
289 311
289 314
289 333
289 349
289 365
289 369
289 407
289 441
289 464
289 466
289 469
289 486
290 308
290 312
290 320
290 333
290 342
290 372
290 385
290 433
290 458
290 471
290 474
290 482
290 484
291 320
291 324
291 335
291 354
291 361
291 367
291 387
291 399
291 422
291 435
291 443
291 499
292 297
292 303
292 325
292 327
292 335
292 336
292 371
292 378
292 379
292 389
292 408
292 424
292 451
292 468
293 332
293 349
293 386
293 390
293 411
293 422
293 428
293 456
293 482
293 488
293 498
294 329
294 337
294 343
294 351
294 392
294 395
294 408
294 421
294 434
294 437
294 462
294 464
294 490
294 493
295 310
295 323
295 329
295 363
295 372
295 375
295 384
295 394
295 398
295 406
295 414
295 450
295 458
295 473
295 490
295 492
295 496
296 302
296 306
296 308
296 350
296 359
296 369
296 373
296 380
296 403
296 409
296 428
296 442
297 309
297 320
297 328
297 329
297 344
297 357
297 358
297 378
297 381
297 396
297 410
297 418
297 441
297 442
297 445
297 459
297 466
297 468
298 313
298 323
298 352
298 370
298 379
298 395
298 427
298 443
298 457
298 466
298 477
298 481
298 496
299 329
299 343
299 359
299 373
299 376
299 394
299 413
299 421
299 429
299 433
299 447
299 474
299 494
300 306
300 314
300 329
300 341
300 351
300 378
300 412
300 428
300 429
300 449
300 466
300 480
300 487
301 305
301 307
301 340
301 379
301 416
301 424
301 427
301 468
301 471
301 489
302 309
302 375
302 381
302 383
302 390
302 397
302 432
302 435
302 457
302 465
302 466
302 475
302 488
302 495
303 314
303 337
303 338
303 348
303 361
303 391
303 393
303 453
303 477
304 323
304 373
304 382
304 391
304 395
304 398
304 419
304 438
304 467
305 314
305 343
305 362
305 372
305 394
305 421
305 434
305 440
305 449
305 488
306 320
306 333
306 367
306 388
306 403
306 408
306 441
306 451
306 456
307 308
307 314
307 328
307 347
307 390
307 398
307 424
307 425
307 435
307 452
307 455
307 462
307 485
308 321
308 345
308 348
308 366
308 369
308 376
308 381
308 384
308 397
308 398
308 403
308 418
308 450
308 458
308 482
309 315
309 327
309 336
309 373
309 378
309 383
309 394
309 413
309 425
309 459
309 489
309 491
310 332
310 350
310 363
310 407
310 438
310 444
310 494
311 326
311 331
311 355
311 373
311 407
311 433
311 436
311 456
311 464
311 477
311 481
312 314
312 330
312 349
312 355
312 361
312 362
312 408
312 417
312 471
312 482
312 490
313 328
313 338
313 341
313 370
313 379
313 403
313 425
313 434
313 455
314 322
314 332
314 377
314 394
314 395
314 397
314 399
314 458
314 459
314 469
314 483
314 485
315 323
315 326
315 331
315 332
315 339
315 383
315 384
315 425
315 466
315 471
315 479
315 482
315 486
315 488
315 494
316 334
316 339
316 345
316 353
316 405
316 414
316 416
316 441
316 452
316 455
317 327
317 350
317 363
317 375
317 379
317 396
317 415
317 426
317 429
317 442
317 454
317 466
317 470
317 471
318 333
318 357
318 361
318 372
318 382
318 385
318 424
318 447
318 475
319 333
319 339
319 340
319 356
319 392
319 404
319 407
319 409
319 420
319 422
319 454
319 480
320 328
320 343
320 351
320 375
320 380
320 390
320 410
320 432
320 445
320 446
320 465
320 489
321 347
321 371
321 380
321 394
321 464
321 475
322 349
322 373
322 377
322 383
322 385
322 391
322 424
322 435
322 441
322 472
322 474
323 372
323 374
323 396
323 408
323 411
323 430
323 446
323 448
323 471
323 472
323 477
323 489
324 328
324 337
324 339
324 348
324 356
324 410
324 411
324 421
324 475
324 481
324 488
325 350
325 400
325 416
325 423
325 448
325 462
325 464
325 473
325 477
325 484
325 491
325 492
325 495
325 496
326 363
326 369
326 407
326 419
326 424
326 428
326 436
326 448
326 462
326 466
326 472
326 490
326 491
327 333
327 339
327 343
327 345
327 346
327 382
327 385
327 389
327 392
327 402
327 407
327 415
327 420
327 446
327 448
327 473
327 497
327 498
328 340
328 351
328 354
328 355
328 362
328 365
328 378
328 419
328 480
328 499
329 341
329 352
329 399
329 414
329 415
329 441
329 462
329 471
329 484
330 333
330 397
330 409
330 440
330 470
330 479
330 482
330 483
331 341
331 344
331 402
331 412
331 432
331 467
331 483
331 491
331 493
332 341
332 347
332 352
332 364
332 385
332 388
332 392
332 397
333 362
333 378
333 383
333 411
333 445
333 450
333 457
333 458
333 474
333 487
334 378
334 400
334 442
334 474
334 477
334 494
335 367
335 390
335 411
335 443
335 454
336 353
336 356
336 372
336 431
336 436
336 487
337 338
337 352
337 353
337 396
337 409
337 434
337 460
337 493
338 348
338 360
338 361
338 379
338 391
338 446
338 456
338 457
338 461
338 467
338 496
339 378
339 382
339 423
339 433
339 441
339 452
339 469
339 486
340 360
340 361
340 407
340 409
340 413
340 415
340 443
340 449
340 471
340 495
340 499
341 389
341 402
341 416
341 440
341 457
341 468
341 475
341 477
342 354
342 408
342 423
342 436
342 495
342 497
343 363
343 383
343 390
343 404
343 409
343 433
343 445
343 479
343 488
344 347
344 400
344 409
344 412
344 444
344 446
344 449
344 466
344 473
344 478
344 487
344 497
345 383
345 384
345 465
345 479
345 494
346 357
346 360
346 363
346 366
346 368
346 412
346 450
347 353
347 366
347 388
347 399
347 408
347 438
347 448
347 455
347 463
347 467
347 473
348 394
348 470
348 486
348 497
348 498
349 358
349 369
349 372
349 400
349 403
349 405
349 408
349 412
349 415
349 429
349 436
349 471
349 497
350 353
350 377
350 421
350 428
350 431
350 433
350 440
350 473
350 486
351 356
351 373
351 378
351 390
351 400
351 419
351 428
351 435
351 442
351 451
351 468
351 476
351 477
351 496
352 358
352 363
352 365
352 389
352 396
352 416
352 443
352 459
352 471
352 481
352 484
352 489
353 369
353 377
353 381
353 393
353 412
353 466
353 489
354 371
354 378
354 381
354 387
354 404
354 415
354 441
354 444
354 474
354 478
354 496
355 382
355 399
355 401
355 413
355 417
355 420
355 431
355 434
355 444
355 446
355 475
355 480
355 494
356 401
356 443
356 459
356 497
357 360
357 361
357 382
357 412
357 425
357 438
357 456
357 458
357 490
358 371
358 374
358 394
358 401
358 429
358 449
358 488
358 497
359 382
359 395
359 424
359 425
359 430
359 444
359 450
359 460
359 479
359 485
359 489
360 367
360 375
360 398
360 411
360 445
360 446
360 454
360 458
360 460
360 470
360 487
361 370
361 377
361 379
361 380
361 386
361 401
361 450
361 454
361 456
361 458
361 460
361 467
361 491
361 499
362 369
362 417
362 468
362 486
362 492
362 497
363 369
363 370
363 372
363 397
363 442
363 462
363 490
363 492
364 369
364 376
364 389
364 403
364 442
364 463
364 472
365 366
365 381
365 382
365 463
366 377
366 401
366 438
366 439
366 498
367 409
367 415
367 434
367 492
368 393
368 397
368 408
368 411
368 420
368 426
368 463
368 473
368 476
368 481
369 408
369 412
369 431
369 457
370 372
370 389
370 406
370 410
370 412
370 498
371 392
371 418
371 427
371 433
371 434
371 484
371 497
372 417
372 432
372 441
372 445
372 477
372 488
373 378
373 379
373 399
373 405
373 406
373 432
373 438
373 442
373 463
374 401
374 444
374 450
374 458
374 473
374 486
374 488
375 390
375 419
375 422
375 430
375 431
375 449
375 461
375 481
375 486
376 379
376 384
376 391
376 404
376 415
376 437
376 487
377 390
377 442
377 447
377 448
377 452
377 453
377 499
378 417
378 430
378 445
378 447
378 461
378 482
379 397
379 402
379 438
379 456
379 458
379 460
379 472
379 473
380 449
380 452
380 464
380 472
380 486
381 395
381 413
381 416
381 418
381 423
381 447
381 474
381 484
381 493
381 497
381 498
382 398
382 410
382 411
382 414
382 430
382 441
382 478
382 485
382 496
383 390
383 392
383 402
383 410
383 446
383 448
383 457
383 460
383 472
384 404
384 407
384 420
384 423
384 427
384 431
384 432
384 444
384 453
384 477
384 492
385 403
385 421
385 428
385 429
385 434
385 490
386 388
386 391
386 424
386 460
386 464
387 400
387 401
387 405
387 452
387 467
387 470
387 473
387 489
388 394
388 400
388 402
388 421
388 464
388 465
388 487
388 492
388 494
388 495
389 406
389 421
389 429
389 435
389 459
389 467
389 475
390 422
390 449
390 471
391 430
391 439
391 450
391 451
391 460
391 484
391 487
391 494
392 393
392 394
392 413
392 463
393 397
393 401
393 411
393 434
393 446
393 463
393 495
394 409
394 424
394 441
394 442
394 492
394 498
395 412
395 413
395 477
396 410
396 420
396 446
396 466
396 470
396 489
397 405
397 415
397 428
397 436
397 440
397 444
397 455
397 463
397 484
398 410
398 413
398 426
398 429
398 450
398 458
398 459
398 470
399 405
399 434
399 460
399 479
399 499
400 423
400 425
400 465
401 407
401 411
401 421
401 462
401 467
401 470
402 407
402 441
402 470
402 493
403 407
403 408
403 428
403 433
403 443
403 446
403 478
403 488
403 492
404 422
404 446
404 488
405 411
405 420
405 424
405 430
405 445
405 465
405 491
406 408
406 409
406 488
407 434
407 441
407 444
407 454
408 420
408 455
408 459
408 465
408 482
408 499
409 413
409 453
409 460
409 477
410 411
410 414
410 416
410 429
410 435
410 450
410 451
410 478
411 413
411 415
411 430
411 433
411 454
411 479
411 480
411 483
411 484
411 496
411 499
412 413
412 416
412 430
412 432
412 443
413 414
413 462
413 464
413 484
413 485
413 490
413 497
414 416
414 459
414 477
415 427
415 428
415 489
415 490
416 433
417 459
418 419
418 434
418 439
418 460
418 486
418 490
418 498
419 427
419 447
419 464
419 479
419 482
419 499
420 447
420 475
420 480
421 430
421 459
421 477
421 487
422 432
422 436
422 475
423 434
423 451
423 488
424 429
424 440
424 442
424 456
424 459
424 471
424 481
424 485
424 496
425 429
425 442
425 450
425 451
425 458
425 473
425 485
425 497
426 429
426 438
426 455
426 471
426 475
426 478
426 490
426 493
427 434
427 436
428 437
428 448
428 458
428 473
428 498
429 441
429 456
429 467
429 482
429 485
430 448
430 475
431 434
431 462
431 463
431 466
431 496
432 437
432 446
432 455
433 442
433 455
433 457
433 458
433 464
433 468
434 436
434 439
434 473
434 497
435 444
435 490
436 437
436 446
436 448
436 451
436 456
436 474
436 498
437 449
437 454
437 499
438 441
438 443
438 478
439 443
439 460
439 461
440 446
440 448
440 458
440 469
441 444
441 455
441 467
441 468
441 472
441 480
441 487
441 488
442 456
442 462
442 466
442 484
442 493
443 447
443 453
443 466
443 487
444 469
444 470
444 474
444 479
444 480
445 453
445 474
445 476
445 484
446 472
446 476
446 480
447 470
447 476
447 478
447 489
448 470
449 473
450 467
450 469
450 482
450 495
451 475
451 479
452 470
452 490
453 455
453 467
453 488
453 494
453 495
453 497
454 485
454 486
454 488
454 492
454 493
455 469
455 484
455 487
455 492
456 458
456 459
456 461
457 470
457 483
457 498
459 465
459 471
459 483
459 492
460 462
460 464
460 468
460 470
460 483
460 484
460 499
461 466
461 477
461 480
463 470
463 485
465 470
466 467
466 480
466 498
467 474
467 479
467 490
468 498
470 472
471 485
471 499
472 478
472 494
473 485
473 497
474 476
474 499
475 476
475 482
477 479
477 494
477 495
478 481
478 490
478 494
481 497
482 495
482 498
483 491
483 496
483 497
484 494
484 497
486 497
487 495
490 492
490 497
490 498
