300 3618 0.8
0 5
0 20
0 26
0 37
0 40
0 44
0 48
0 50
0 83
0 84
0 99
0 105
0 114
0 115
0 118
0 119
0 123
0 124
0 128
0 134
0 200
0 207
0 216
0 240
0 265
1 27
1 29
1 34
1 44
1 71
1 78
1 101
1 132
1 158
1 163
1 176
1 183
1 189
1 210
1 228
1 230
1 233
1 250
1 251
1 260
1 265
1 273
1 277
1 288
1 291
1 294
2 22
2 34
2 67
2 70
2 72
2 74
2 94
2 97
2 114
2 125
2 154
2 163
2 189
2 199
2 203
2 209
2 215
2 217
2 296
2 298
3 22
3 24
3 25
3 55
3 65
3 67
3 72
3 83
3 92
3 112
3 125
3 130
3 153
3 183
3 205
3 211
3 217
3 223
3 259
3 275
3 276
3 277
3 287
3 293
3 296
4 22
4 25
4 59
4 68
4 71
4 73
4 90
4 92
4 108
4 111
4 120
4 139
4 142
4 147
4 158
4 168
4 189
4 201
4 203
4 215
4 248
4 274
4 281
4 288
4 292
4 295
4 296
4 298
5 25
5 32
5 58
5 67
5 101
5 157
5 161
5 167
5 177
5 180
5 182
5 183
5 189
5 198
5 242
5 255
5 261
5 284
5 291
6 27
6 56
6 58
6 70
6 71
6 85
6 89
6 94
6 126
6 135
6 136
6 150
6 156
6 161
6 165
6 182
6 198
6 203
6 225
6 230
6 240
6 255
6 270
6 274
7 15
7 31
7 32
7 33
7 36
7 58
7 64
7 88
7 90
7 98
7 99
7 100
7 105
7 107
7 111
7 114
7 130
7 134
7 144
7 148
7 157
7 185
7 199
7 205
7 220
7 246
7 247
7 258
7 259
7 262
7 263
7 278
8 28
8 66
8 81
8 97
8 104
8 120
8 135
8 141
8 143
8 145
8 149
8 154
8 176
8 179
8 181
8 217
8 220
8 247
8 263
8 268
8 276
8 278
8 281
9 10
9 11
9 12
9 14
9 16
9 22
9 48
9 100
9 104
9 118
9 143
9 150
9 160
9 172
9 185
9 190
9 195
9 197
9 207
9 208
9 219
9 235
9 239
9 255
9 259
9 261
9 290
10 19
10 25
10 30
10 53
10 61
10 75
10 82
10 94
10 101
10 126
10 132
10 145
10 162
10 164
10 168
10 191
10 202
10 209
10 210
10 226
10 264
10 272
10 282
10 293
11 12
11 15
11 27
11 37
11 45
11 64
11 71
11 76
11 87
11 94
11 127
11 137
11 139
11 147
11 154
11 190
11 196
11 200
11 201
11 212
11 237
11 276
11 285
11 293
12 15
12 21
12 26
12 40
12 62
12 73
12 91
12 96
12 113
12 116
12 127
12 131
12 171
12 179
12 182
12 193
12 198
12 204
12 211
12 216
12 246
12 254
12 269
12 274
12 276
12 279
12 290
13 16
13 25
13 37
13 39
13 62
13 65
13 75
13 79
13 85
13 96
13 105
13 120
13 127
13 138
13 142
13 207
13 217
13 219
13 239
13 243
13 248
13 250
13 253
13 261
13 265
13 289
13 292
14 40
14 42
14 43
14 47
14 48
14 50
14 56
14 60
14 64
14 97
14 98
14 116
14 121
14 123
14 130
14 141
14 156
14 173
14 175
14 177
14 187
14 230
14 231
14 244
14 245
14 254
14 264
14 278
14 286
14 290
14 295
15 23
15 25
15 28
15 43
15 54
15 60
15 69
15 77
15 78
15 83
15 123
15 133
15 148
15 151
15 153
15 200
15 216
15 218
15 219
15 222
15 232
15 243
15 253
15 254
15 261
15 282
15 293
16 19
16 21
16 24
16 36
16 41
16 42
16 53
16 55
16 56
16 136
16 150
16 152
16 161
16 178
16 182
16 187
16 193
16 196
16 233
16 273
16 285
16 295
17 26
17 57
17 62
17 98
17 101
17 148
17 153
17 174
17 189
17 203
17 209
17 214
17 241
17 246
17 252
17 266
17 289
18 42
18 57
18 62
18 87
18 113
18 124
18 184
18 193
18 197
18 219
18 253
18 296
19 50
19 54
19 69
19 86
19 94
19 95
19 122
19 135
19 153
19 165
19 167
19 175
19 180
19 195
19 196
19 218
19 222
19 246
19 260
19 262
20 21
20 25
20 29
20 31
20 45
20 67
20 93
20 98
20 105
20 114
20 141
20 157
20 158
20 176
20 179
20 184
20 187
20 205
20 214
20 221
20 248
20 256
20 279
21 38
21 82
21 115
21 119
21 120
21 148
21 158
21 162
21 217
21 236
21 237
21 244
21 262
21 288
21 295
21 297
22 39
22 57
22 61
22 71
22 87
22 97
22 136
22 143
22 149
22 158
22 175
22 181
22 189
22 211
22 221
22 224
22 238
22 244
22 265
22 281
22 288
22 297
23 27
23 53
23 59
23 61
23 66
23 95
23 104
23 111
23 120
23 128
23 143
23 147
23 157
23 163
23 175
23 192
23 205
23 206
23 216
23 230
23 231
23 236
23 240
23 265
23 272
24 61
24 63
24 67
24 93
24 105
24 116
24 118
24 124
24 127
24 133
24 137
24 149
24 151
24 186
24 199
24 224
24 231
24 233
24 244
24 245
24 256
24 264
24 295
25 38
25 43
25 97
25 112
25 117
25 148
25 158
25 173
25 181
25 186
25 199
25 207
25 209
25 217
25 244
25 246
25 288
26 36
26 45
26 49
26 55
26 70
26 77
26 109
26 122
26 127
26 129
26 131
26 161
26 181
26 202
26 217
26 225
26 230
26 271
26 274
26 275
27 34
27 42
27 50
27 53
27 83
27 88
27 94
27 101
27 106
27 119
27 125
27 136
27 161
27 170
27 182
27 188
27 204
27 213
27 214
27 215
27 219
27 228
27 229
27 245
27 253
27 269
27 286
27 293
28 55
28 71
28 86
28 98
28 140
28 158
28 161
28 162
28 165
28 170
28 172
28 179
28 191
28 204
28 217
28 225
28 238
28 253
28 254
28 260
28 269
28 272
28 274
28 275
28 277
28 292
29 39
29 44
29 58
29 77
29 86
29 97
29 103
29 137
29 140
29 141
29 149
29 155
29 163
29 164
29 173
29 186
29 189
29 226
29 231
29 245
29 288
30 32
30 36
30 38
30 65
30 76
30 89
30 108
30 121
30 133
30 140
30 144
30 145
30 152
30 154
30 156
30 158
30 171
30 174
30 181
30 187
30 205
30 208
30 216
30 221
30 224
30 228
30 244
30 277
30 299
31 40
31 70
31 82
31 84
31 91
31 92
31 114
31 139
31 147
31 167
31 175
31 182
31 185
31 188
31 204
31 224
31 284
31 292
31 294
32 39
32 40
32 101
32 103
32 104
32 118
32 121
32 153
32 164
32 172
32 197
32 209
32 239
32 246
32 250
32 264
32 265
32 269
32 272
32 283
32 286
32 287
33 43
33 54
33 55
33 68
33 73
33 92
33 114
33 129
33 130
33 131
33 134
33 142
33 150
33 152
33 159
33 171
33 185
33 188
33 248
33 268
34 38
34 52
34 53
34 56
34 68
34 81
34 92
34 113
34 121
34 133
34 141
34 175
34 185
34 223
34 237
34 246
34 264
34 295
34 298
35 46
35 55
35 59
35 76
35 89
35 92
35 160
35 172
35 177
35 197
35 198
35 251
35 257
35 279
35 282
36 42
36 60
36 61
36 66
36 78
36 81
36 108
36 116
36 122
36 129
36 130
36 139
36 145
36 153
36 157
36 175
36 179
36 190
36 196
36 207
36 247
36 258
36 262
36 294
37 38
37 45
37 81
37 107
37 119
37 132
37 139
37 144
37 147
37 150
37 168
37 169
37 194
37 205
37 211
37 248
37 253
37 269
37 276
38 69
38 72
38 73
38 74
38 76
38 91
38 94
38 180
38 189
38 208
38 219
38 262
38 267
38 277
38 286
38 288
39 45
39 78
39 79
39 86
39 119
39 131
39 134
39 138
39 144
39 153
39 157
39 164
39 168
39 194
39 218
39 234
39 248
39 257
39 284
39 290
39 293
40 45
40 74
40 89
40 99
40 103
40 107
40 120
40 121
40 128
40 149
40 150
40 159
40 182
40 188
40 191
40 220
40 221
40 234
40 256
40 297
41 58
41 69
41 83
41 85
41 87
41 106
41 115
41 123
41 125
41 165
41 169
41 186
41 187
41 200
41 211
41 215
41 239
41 248
41 265
41 295
42 50
42 55
42 67
42 92
42 98
42 115
42 124
42 133
42 151
42 154
42 160
42 162
42 171
42 180
42 184
42 225
42 234
42 260
42 261
42 266
42 267
42 270
42 278
42 289
42 290
43 56
43 63
43 69
43 70
43 91
43 95
43 138
43 218
43 224
43 238
43 251
44 51
44 63
44 65
44 73
44 79
44 89
44 131
44 134
44 137
44 138
44 171
44 188
44 202
44 204
44 205
44 209
44 214
44 235
44 245
44 270
44 278
44 288
44 289
45 56
45 70
45 72
45 82
45 86
45 120
45 151
45 154
45 163
45 170
45 176
45 185
45 192
45 200
45 204
45 227
45 242
45 250
45 252
45 263
45 266
45 281
46 66
46 74
46 78
46 80
46 84
46 95
46 120
46 124
46 131
46 163
46 180
46 187
46 216
46 221
46 232
46 237
46 268
46 275
46 280
47 56
47 58
47 67
47 96
47 103
47 111
47 117
47 122
47 124
47 125
47 154
47 157
47 209
47 216
47 223
47 236
47 252
47 278
47 279
47 281
47 285
47 292
48 63
48 75
48 82
48 93
48 104
48 106
48 117
48 120
48 122
48 146
48 156
48 185
48 202
48 231
48 240
48 252
48 253
48 257
48 269
48 270
48 274
49 52
49 66
49 122
49 129
49 162
49 200
49 216
49 217
49 236
49 241
49 243
49 251
49 256
49 264
49 270
49 280
49 289
49 294
49 296
50 61
50 71
50 79
50 81
50 103
50 116
50 120
50 121
50 127
50 130
50 135
50 168
50 172
50 178
50 181
50 182
50 201
50 209
50 214
50 228
50 250
50 269
50 291
51 73
51 81
51 83
51 96
51 97
51 98
51 102
51 137
51 156
51 170
51 171
51 174
51 175
51 180
51 182
51 195
51 201
51 215
51 222
51 224
51 226
51 240
51 251
51 259
51 266
51 273
51 283
52 70
52 73
52 88
52 104
52 121
52 130
52 132
52 139
52 152
52 157
52 173
52 179
52 193
52 199
52 200
52 229
52 230
52 246
52 249
52 257
52 286
53 66
53 74
53 101
53 103
53 145
53 157
53 160
53 162
53 213
53 215
53 217
53 241
53 259
53 268
53 281
53 289
53 291
53 293
53 298
54 90
54 100
54 101
54 102
54 106
54 107
54 112
54 127
54 130
54 152
54 153
54 155
54 158
54 171
54 205
54 219
54 235
54 257
54 258
54 273
54 277
54 283
55 84
55 89
55 91
55 116
55 117
55 151
55 168
55 175
55 181
55 198
55 208
55 213
55 232
55 255
55 298
56 62
56 65
56 72
56 80
56 85
56 94
56 145
56 168
56 169
56 170
56 172
56 181
56 207
56 246
56 249
56 257
56 260
56 289
56 295
56 297
57 60
57 61
57 69
57 90
57 100
57 108
57 118
57 134
57 136
57 139
57 155
57 165
57 173
57 186
57 202
57 235
57 258
57 262
57 268
57 279
57 294
57 298
58 75
58 91
58 112
58 129
58 140
58 160
58 164
58 169
58 209
58 221
58 223
58 226
58 228
58 229
58 236
58 239
59 71
59 81
59 86
59 88
59 94
59 106
59 112
59 163
59 182
59 196
59 204
59 205
59 211
59 219
59 225
59 242
59 272
59 280
60 96
60 112
60 139
60 145
60 150
60 154
60 174
60 187
60 194
60 217
60 219
60 235
60 241
60 252
60 259
61 106
61 114
61 167
61 179
61 193
61 216
61 230
61 235
61 238
61 241
61 245
61 255
61 257
61 273
61 284
62 77
62 86
62 91
62 101
62 103
62 104
62 117
62 152
62 155
62 202
62 210
62 232
62 238
62 268
62 292
62 294
63 68
63 82
63 83
63 107
63 115
63 141
63 146
63 170
63 177
63 178
63 190
63 218
63 221
63 241
63 253
63 260
63 269
63 286
63 296
64 70
64 78
64 83
64 87
64 96
64 101
64 113
64 119
64 137
64 146
64 170
64 172
64 188
64 192
64 197
64 198
64 209
64 213
64 215
64 217
64 243
64 246
64 249
64 257
64 269
64 281
65 106
65 119
65 133
65 146
65 162
65 164
65 187
65 204
65 256
65 267
65 296
66 73
66 75
66 107
66 120
66 129
66 156
66 171
66 186
66 194
66 196
66 206
66 212
66 213
66 223
66 233
66 238
66 257
66 259
66 271
66 274
66 278
66 285
67 83
67 85
67 87
67 99
67 105
67 110
67 112
67 119
67 131
67 154
67 173
67 176
67 219
67 237
67 251
67 260
67 279
67 299
68 100
68 156
68 165
68 170
68 177
68 178
68 194
68 199
68 200
68 218
68 225
68 237
68 247
68 249
68 267
68 271
68 272
68 277
68 289
69 92
69 107
69 110
69 113
69 115
69 152
69 153
69 164
69 168
69 170
69 183
69 217
69 227
69 244
69 258
69 263
69 281
70 71
70 83
70 99
70 118
70 124
70 128
70 131
70 135
70 147
70 178
70 193
70 196
70 204
70 245
70 258
70 286
70 293
71 95
71 115
71 124
71 126
71 128
71 141
71 146
71 176
71 199
71 207
71 208
71 236
71 247
71 249
71 251
71 254
71 262
71 288
71 294
72 78
72 84
72 86
72 89
72 96
72 99
72 104
72 121
72 122
72 136
72 143
72 144
72 159
72 161
72 196
72 199
72 245
72 252
72 255
72 262
72 275
72 293
73 75
73 83
73 89
73 107
73 116
73 123
73 127
73 130
73 131
73 145
73 179
73 196
73 204
73 211
73 212
73 227
73 233
73 234
73 238
73 240
73 241
73 263
73 274
73 292
74 75
74 80
74 91
74 95
74 104
74 105
74 119
74 138
74 152
74 164
74 176
74 183
74 207
74 209
74 213
74 217
74 219
74 227
74 265
74 285
74 291
74 299
75 77
75 95
75 107
75 113
75 117
75 124
75 135
75 166
75 169
75 181
75 183
75 188
75 189
75 198
75 229
75 263
75 283
76 91
76 96
76 123
76 135
76 156
76 171
76 183
76 192
76 193
76 198
76 199
76 212
76 216
76 220
76 230
76 272
76 282
76 286
76 293
77 80
77 84
77 107
77 112
77 113
77 134
77 155
77 161
77 166
77 227
77 228
77 240
77 245
77 255
77 271
77 275
78 86
78 106
78 114
78 123
78 149
78 172
78 175
78 186
78 187
78 188
78 207
78 227
78 233
78 237
78 274
78 275
79 108
79 127
79 130
79 135
79 146
79 157
79 172
79 180
79 197
79 202
79 208
79 212
79 220
79 231
79 234
79 238
79 243
79 248
79 257
79 283
80 87
80 89
80 98
80 99
80 134
80 139
80 167
80 181
80 193
80 194
80 203
80 249
80 259
80 262
80 263
80 266
80 277
80 285
80 288
80 292
81 83
81 115
81 139
81 142
81 184
81 199
81 227
81 258
81 260
81 298
82 83
82 103
82 104
82 116
82 119
82 129
82 164
82 210
82 218
82 232
82 263
82 268
82 271
83 85
83 100
83 114
83 116
83 117
83 152
83 155
83 171
83 185
83 193
83 207
83 210
83 212
83 218
83 250
83 256
83 257
83 260
83 274
84 101
84 120
84 124
84 149
84 163
84 196
84 201
84 217
84 233
84 239
84 248
84 273
84 275
84 282
84 286
84 292
85 128
85 136
85 239
85 243
86 90
86 92
86 102
86 106
86 109
86 140
86 149
86 151
86 157
86 158
86 168
86 189
86 210
86 219
86 225
86 276
86 291
86 295
87 90
87 120
87 125
87 160
87 162
87 168
87 177
87 191
87 193
87 246
87 263
87 286
87 298
88 96
88 119
88 163
88 171
88 175
88 200
88 201
88 208
88 212
88 217
88 232
88 233
88 239
88 247
88 256
88 273
88 275
88 278
88 280
88 297
89 98
89 118
89 195
89 230
89 275
89 278
90 101
90 126
90 130
90 153
90 169
90 190
90 191
90 220
90 228
90 245
90 246
90 250
90 255
90 282
90 287
91 95
91 110
91 111
91 125
91 134
91 141
91 145
91 152
91 178
91 180
91 186
91 189
91 198
91 214
91 240
91 268
91 269
91 281
91 289
92 94
92 101
92 113
92 120
92 139
92 142
92 145
92 151
92 175
92 185
92 191
92 217
92 227
92 240
92 254
92 286
93 99
93 164
93 169
93 171
93 197
93 216
93 224
93 243
93 257
93 267
93 295
94 119
94 124
94 141
94 152
94 165
94 179
94 184
94 189
94 191
94 198
94 209
94 218
94 239
94 242
94 285
94 295
94 297
95 96
95 104
95 111
95 126
95 140
95 151
95 152
95 184
95 192
95 194
95 197
95 199
95 201
95 211
95 215
95 231
95 235
95 264
95 270
95 277
95 279
95 289
96 125
96 132
96 159
96 171
96 179
96 194
96 197
96 206
96 249
96 258
96 277
96 285
96 288
96 293
97 107
97 117
97 129
97 137
97 173
97 184
97 187
97 203
97 234
97 259
97 277
97 287
97 296
98 100
98 102
98 124
98 130
98 141
98 153
98 157
98 160
98 168
98 172
98 179
98 182
98 185
98 200
98 201
98 207
98 211
98 218
98 227
98 231
98 233
98 255
98 267
99 114
99 129
99 136
99 139
99 146
99 152
99 172
99 208
99 221
99 247
99 262
99 263
99 268
99 270
99 280
99 281
99 282
99 286
99 288
99 297
100 128
100 137
100 152
100 163
100 176
100 193
100 196
100 199
100 212
100 221
100 236
100 238
100 240
100 260
100 275
100 297
101 102
101 107
101 140
101 146
101 161
101 170
101 179
101 186
101 194
101 208
101 210
101 222
101 229
101 239
101 251
101 281
101 290
102 106
102 109
102 120
102 122
102 132
102 139
102 141
102 147
102 170
102 206
102 214
102 238
102 257
102 259
102 262
102 265
102 272
102 287
103 104
103 106
103 110
103 121
103 149
103 178
103 214
103 215
103 222
103 242
103 280
103 283
103 298
104 107
104 115
104 116
104 119
104 120
104 122
104 128
104 135
104 137
104 147
104 150
104 155
104 181
104 184
104 185
104 198
104 208
104 211
104 213
104 229
104 247
104 272
105 121
105 138
105 144
105 160
105 161
105 167
105 187
105 212
105 267
105 277
105 288
106 115
106 142
106 145
106 147
106 187
106 190
106 195
106 197
106 201
106 213
106 222
106 235
106 266
106 281
107 118
107 125
107 170
107 171
107 176
107 191
107 203
107 228
107 230
107 239
107 256
107 261
107 264
107 279
107 288
108 112
108 144
108 156
108 193
108 196
108 201
108 210
108 216
108 225
108 231
108 271
108 272
108 298
109 114
109 133
109 143
109 177
109 188
109 223
109 227
109 253
109 269
109 292
110 119
110 129
110 133
110 154
110 235
110 248
110 261
110 266
110 270
110 272
110 290
110 291
110 298
111 116
111 117
111 129
111 161
111 163
111 179
111 200
111 201
111 206
111 234
111 239
111 282
111 283
112 120
112 124
112 126
112 131
112 153
112 156
112 170
112 174
112 175
112 181
112 203
112 204
112 211
112 222
112 229
112 244
112 247
112 250
112 251
112 259
112 270
112 279
113 119
113 132
113 135
113 142
113 170
113 189
113 200
113 203
113 212
113 230
113 249
113 299
114 117
114 148
114 154
114 160
114 178
114 182
114 195
114 210
114 215
114 226
114 230
114 239
114 241
114 243
114 248
114 269
114 288
114 299
115 118
115 129
115 132
115 152
115 170
115 178
115 221
115 230
115 245
115 271
115 280
115 284
116 117
116 124
116 125
116 139
116 150
116 155
116 156
116 159
116 165
116 168
116 175
116 179
116 200
116 225
116 229
116 238
116 240
116 247
116 268
116 288
116 292
116 299
117 149
117 154
117 178
117 184
117 195
117 199
117 210
117 219
117 239
117 259
117 264
117 266
117 268
117 281
117 299
118 131
118 137
118 147
118 158
118 160
118 169
118 170
118 171
118 174
118 180
118 210
118 231
118 248
118 261
118 272
118 297
118 299
119 127
119 128
119 138
119 160
119 170
119 172
119 181
119 194
119 210
119 214
119 216
119 220
119 226
119 234
119 239
119 240
119 255
120 133
120 141
120 147
120 151
120 158
120 167
120 174
120 185
120 202
120 204
120 236
120 241
121 122
121 125
121 142
121 149
121 150
121 152
121 164
121 176
121 192
121 198
121 219
121 220
121 226
121 235
121 250
121 261
121 265
121 279
121 283
121 285
121 288
122 126
122 134
122 135
122 148
122 153
122 163
122 164
122 166
122 188
122 221
122 239
122 240
122 248
122 260
122 262
122 271
122 282
122 288
123 126
123 138
123 145
123 151
123 152
123 157
123 170
123 171
123 182
123 188
123 192
123 201
123 226
123 230
123 244
123 245
123 247
123 254
123 265
123 273
123 299
124 138
124 166
124 167
124 169
124 175
124 178
124 195
124 214
124 227
124 230
124 236
124 258
124 270
124 271
124 273
124 290
125 126
125 144
125 155
125 173
125 179
125 186
125 196
125 207
125 208
125 211
125 243
125 281
125 287
125 296
126 134
126 177
126 197
126 199
126 257
126 265
126 272
126 285
127 140
127 144
127 145
127 152
127 156
127 157
127 183
127 188
127 202
127 216
127 223
127 225
127 242
127 247
127 265
127 268
127 289
128 137
128 141
128 144
128 159
128 182
128 195
128 209
128 219
128 223
128 233
128 239
128 255
129 138
129 150
129 153
129 157
129 176
129 177
129 180
129 188
129 214
129 215
129 224
129 226
129 247
129 258
129 259
129 268
129 299
130 142
130 158
130 173
130 185
130 190
130 198
130 206
130 208
130 251
130 267
130 270
130 290
131 166
131 167
131 171
131 186
131 191
131 202
131 205
131 207
131 215
131 218
131 229
131 232
131 240
131 271
131 288
132 141
132 142
132 148
132 149
132 164
132 177
132 184
132 186
132 190
132 205
132 228
132 231
132 249
132 257
132 264
132 279
132 289
133 179
133 180
133 186
133 207
133 212
133 218
133 236
133 240
133 243
133 260
133 261
133 267
133 286
133 287
134 142
134 154
134 166
134 182
134 206
134 209
134 216
134 219
134 230
134 232
134 240
134 245
134 268
134 270
134 274
134 285
134 294
135 137
135 151
135 159
135 161
135 165
135 182
135 190
135 200
135 204
135 221
135 244
135 248
135 250
135 256
135 277
136 171
136 204
136 205
136 222
136 240
136 299
137 140
137 146
137 153
137 157
137 177
137 190
137 200
137 237
137 252
137 282
137 294
138 176
138 180
138 202
138 223
138 224
138 244
138 295
139 173
139 181
139 196
139 197
139 207
139 233
139 240
139 252
139 254
140 148
140 168
140 174
140 194
140 195
140 199
140 209
140 228
140 238
140 240
140 247
140 250
140 261
140 268
140 269
140 277
140 280
141 151
141 153
141 165
141 172
141 176
141 180
141 181
141 192
141 195
141 262
141 272
141 287
141 294
142 144
142 147
142 148
142 162
142 163
142 176
142 199
142 201
142 210
142 238
142 253
142 254
142 272
142 287
142 289
143 153
143 164
143 167
143 173
143 182
143 185
143 219
143 239
143 242
143 244
143 254
143 292
144 148
144 154
144 156
144 165
144 177
144 188
144 189
144 191
144 203
144 204
144 207
144 247
144 259
144 266
144 283
145 147
145 148
145 151
145 154
145 165
145 173
145 174
145 199
145 207
145 209
145 264
145 265
145 278
145 285
146 151
146 163
146 176
146 182
146 187
146 210
146 226
146 228
146 230
146 242
146 251
146 257
146 264
146 272
146 284
147 158
147 177
147 185
147 193
147 208
147 212
147 223
147 242
147 245
147 259
147 280
147 291
147 292
147 296
148 152
148 156
148 162
148 176
148 192
148 196
148 204
148 242
148 244
148 247
148 250
148 265
148 266
148 269
148 290
148 291
148 296
149 152
149 164
149 179
149 200
149 209
149 218
149 221
149 256
149 265
149 280
149 281
149 292
150 157
150 185
150 187
150 196
150 206
150 220
150 260
150 267
150 279
151 172
151 189
151 203
151 221
151 226
151 231
151 234
151 237
151 260
151 264
152 155
152 165
152 176
152 178
152 198
152 200
152 204
152 217
152 229
152 241
152 242
152 270
152 280
152 297
152 298
153 172
153 176
153 185
153 187
153 195
153 198
153 258
153 261
153 262
153 267
153 271
153 291
154 165
154 191
154 195
154 200
154 212
154 232
154 247
154 253
154 284
154 289
154 294
155 167
155 178
155 191
155 224
155 241
155 249
155 279
155 293
155 295
156 158
156 166
156 168
156 182
156 185
156 188
156 217
156 219
156 231
156 237
156 247
156 251
156 252
156 255
156 270
156 288
156 289
157 158
157 179
157 189
157 205
157 209
157 210
157 247
157 255
158 177
158 194
158 202
158 214
158 234
158 249
158 250
158 261
158 273
158 290
158 293
158 298
159 163
159 166
159 183
159 202
159 211
159 224
159 247
159 250
159 253
159 254
159 271
159 276
159 291
160 181
160 182
160 184
160 204
160 228
160 241
160 253
160 266
160 268
160 271
160 297
161 167
161 174
161 176
161 180
161 186
161 190
161 202
161 208
161 209
161 250
161 259
161 260
161 269
162 163
162 186
162 217
162 222
162 225
162 227
162 241
162 279
162 288
163 183
163 184
163 203
163 204
163 212
163 214
163 253
163 268
163 295
164 169
164 180
164 187
164 190
164 212
164 216
164 219
164 221
164 224
164 225
164 262
164 280
164 281
164 296
165 184
165 188
165 193
165 200
165 201
165 206
165 217
165 223
165 237
165 241
165 283
165 299
166 189
166 217
166 218
166 226
166 232
166 263
166 283
167 176
167 192
167 202
167 203
167 217
167 225
167 238
167 258
167 266
167 277
167 282
167 289
167 290
168 171
168 173
168 189
168 190
168 205
168 207
168 221
168 231
168 244
168 255
168 267
168 274
168 285
169 177
169 181
169 199
169 223
169 226
169 251
169 279
169 293
169 297
169 299
170 193
170 231
170 236
170 262
170 271
170 276
170 283
170 287
170 294
171 177
171 195
171 217
171 228
171 249
171 251
171 255
171 260
171 263
171 278
171 290
171 298
172 178
172 196
172 198
172 244
172 299
173 174
173 178
173 184
173 193
173 196
173 201
173 210
173 223
173 250
173 266
173 269
173 273
173 275
173 285
173 290
173 299
174 193
174 203
174 206
174 211
174 256
174 260
174 274
174 276
174 285
174 294
174 299
175 186
175 198
175 199
175 224
175 247
175 259
175 276
175 282
175 285
175 292
176 177
176 191
176 248
176 249
176 250
176 258
176 259
176 282
176 285
177 185
177 192
177 193
177 210
177 227
177 250
177 258
177 260
177 293
178 179
178 194
178 197
178 201
178 204
178 213
178 216
178 225
178 228
178 246
178 261
178 281
179 180
179 191
179 230
179 246
179 257
179 282
180 204
180 218
180 233
180 235
180 236
180 250
180 274
180 290
180 295
180 298
181 187
181 211
181 215
181 220
181 228
181 229
181 232
181 252
181 259
181 262
181 282
181 284
182 186
182 212
182 233
182 235
182 243
182 245
182 255
182 267
182 282
182 295
182 299
183 187
183 205
183 214
183 216
183 223
183 236
183 252
183 254
183 257
183 261
183 265
183 266
183 272
183 288
184 200
184 216
184 241
184 242
184 244
184 247
184 289
184 296
185 200
185 222
185 259
185 276
185 293
185 299
186 187
186 196
186 237
186 283
186 293
187 212
187 215
187 220
187 243
187 257
187 271
187 273
188 196
188 219
188 227
188 238
188 245
188 260
188 262
188 270
189 198
189 200
189 206
189 211
189 212
189 222
189 229
189 251
189 254
189 261
189 268
189 272
189 278
189 287
190 201
190 232
190 234
190 249
190 273
190 292
191 196
191 199
191 201
191 206
191 207
191 220
191 224
191 226
191 231
191 232
191 233
191 235
191 252
191 256
191 257
191 258
191 287
191 293
192 198
192 199
192 229
192 234
192 270
193 197
193 207
193 238
193 246
193 248
193 283
193 290
194 196
194 199
194 207
194 209
194 211
194 246
194 248
194 251
194 277
194 278
194 295
194 297
195 201
195 211
195 238
195 247
195 253
195 261
195 285
195 292
195 293
196 225
196 228
196 241
196 246
196 253
196 266
196 270
197 199
197 204
197 215
197 223
197 224
197 228
197 237
197 248
197 271
197 275
198 205
198 210
198 235
198 238
198 246
198 253
198 260
198 286
198 289
199 207
199 243
199 270
199 279
199 293
200 229
200 232
200 246
200 264
200 266
200 274
200 289
200 299
201 206
201 216
201 228
201 234
201 255
201 273
201 281
201 284
201 288
201 298
201 299
202 211
202 217
202 221
202 230
202 241
202 242
202 255
202 278
202 292
203 213
203 237
203 243
203 251
203 264
204 258
204 268
204 287
204 295
205 214
205 218
205 245
205 269
205 279
205 288
206 212
206 224
206 235
206 255
206 259
206 260
206 261
206 269
207 210
207 219
207 227
207 239
207 250
207 271
207 293
207 294
208 214
208 216
208 225
208 226
208 252
208 272
208 283
208 290
209 213
209 218
209 219
209 220
209 248
209 249
209 251
209 257
209 265
209 297
210 211
210 216
210 220
210 222
210 226
210 245
210 260
210 280
210 294
211 212
211 234
211 247
211 255
211 285
212 226
212 233
212 234
212 259
212 260
212 289
213 222
213 241
213 292
213 298
214 219
214 220
214 282
214 296
215 250
215 263
215 277
215 298
216 221
216 267
216 269
216 270
216 271
216 272
216 290
216 294
217 233
217 246
217 247
217 259
217 264
217 296
218 219
218 231
218 239
218 265
218 272
218 292
219 232
219 242
219 251
219 259
219 260
219 267
219 288
219 291
220 233
220 236
220 248
220 249
220 270
220 293
221 229
221 230
221 242
221 254
221 261
221 266
221 271
221 276
222 229
222 237
222 256
222 260
222 267
222 295
223 235
223 252
223 274
223 277
223 288
224 244
224 252
224 266
224 291
225 228
225 241
225 246
225 264
225 274
225 277
225 290
225 295
226 245
226 246
226 249
226 257
226 259
226 272
226 283
226 297
227 258
227 269
227 273
227 278
227 284
227 296
227 297
227 298
228 250
228 254
228 255
228 265
229 238
229 253
229 288
229 290
229 292
229 299
230 234
230 243
230 279
230 282
230 283
230 291
230 299
231 232
231 233
231 250
231 253
231 258
231 262
231 296
232 233
232 235
232 261
232 267
232 299
233 234
233 238
233 241
233 264
233 265
233 276
233 292
234 239
234 242
234 249
234 271
235 254
235 264
235 286
235 291
235 296
236 246
236 274
236 277
236 296
237 250
237 258
237 264
237 270
237 279
237 286
237 296
237 299
238 249
238 273
238 296
239 256
239 280
239 294
240 245
240 268
240 272
240 273
241 250
241 265
241 272
241 288
241 291
242 258
242 259
242 263
242 271
242 277
243 246
243 251
243 259
243 268
243 295
244 251
244 265
244 279
244 281
244 291
245 246
245 248
245 250
245 293
246 253
246 281
246 285
246 293
246 294
247 251
247 258
247 261
247 291
247 294
247 296
248 256
248 262
248 263
248 268
249 267
249 277
250 291
250 293
250 294
251 284
252 279
252 281
252 291
252 292
252 298
253 254
253 257
253 262
253 265
253 270
253 272
253 285
254 267
254 272
254 289
254 292
254 297
255 293
255 294
256 273
257 260
257 299
259 266
259 273
260 264
260 272
260 285
260 293
260 297
261 263
261 270
262 284
262 285
263 285
264 269
264 276
264 281
264 289
265 286
265 295
265 299
266 298
267 292
267 298
268 276
268 283
268 285
269 276
269 292
269 293
269 299
270 280
270 287
270 289
270 291
270 292
270 297
271 277
272 292
272 293
273 287
273 299
276 299
277 280
277 299
278 281
279 289
280 281
280 288
280 292
280 297
281 288
282 285
282 295
284 295
285 296
286 299
287 294
288 299
289 297
290 292
290 294
293 295
294 296
295 299
