300 2145 0.8
0 44
0 68
0 70
0 74
0 98
0 128
0 129
0 139
0 153
0 204
0 244
0 245
0 293
1 19
1 23
1 27
1 107
1 108
1 144
1 150
1 178
1 207
1 240
1 257
1 258
1 272
1 277
1 295
1 299
2 3
2 27
2 37
2 62
2 72
2 77
2 80
2 111
2 115
2 130
2 144
2 187
2 196
2 207
2 209
2 210
2 220
2 221
2 247
2 271
2 282
3 7
3 13
3 24
3 29
3 43
3 88
3 91
3 113
3 150
3 151
3 154
3 177
3 209
3 233
3 236
3 239
3 244
3 254
3 263
3 265
3 282
3 295
4 15
4 29
4 101
4 168
4 186
4 246
4 266
4 294
4 299
5 53
5 73
5 116
5 158
5 195
5 243
5 251
5 256
5 259
5 263
6 17
6 35
6 68
6 81
6 110
6 123
6 153
6 163
6 180
6 183
6 190
6 213
6 241
6 247
7 15
7 17
7 22
7 34
7 106
7 109
7 115
7 138
7 169
7 178
7 183
7 193
7 199
7 211
7 217
7 249
7 258
8 16
8 49
8 58
8 95
8 113
8 169
8 210
8 250
8 256
8 279
8 284
9 19
9 21
9 87
9 111
9 130
9 155
9 158
9 185
9 190
9 195
9 202
9 287
9 294
10 38
10 60
10 66
10 95
10 136
10 140
10 144
10 269
10 292
11 23
11 31
11 42
11 61
11 64
11 81
11 102
11 167
11 172
11 199
11 200
11 219
11 227
11 234
11 272
11 273
12 19
12 20
12 80
12 84
12 89
12 90
12 135
12 154
12 161
12 199
12 203
12 204
12 228
12 289
13 14
13 16
13 35
13 102
13 112
13 117
13 121
13 140
13 146
13 167
13 192
13 207
13 236
13 256
13 282
13 283
14 18
14 50
14 94
14 125
14 138
14 152
14 183
14 185
14 207
14 245
14 254
14 257
14 278
15 53
15 57
15 64
15 66
15 85
15 109
15 125
15 149
15 165
15 198
15 200
15 212
15 219
15 234
15 260
15 266
16 31
16 41
16 48
16 49
16 66
16 71
16 120
16 188
16 235
17 23
17 30
17 32
17 69
17 91
17 175
17 187
17 188
17 205
17 208
17 223
17 224
17 228
17 231
17 243
17 260
18 32
18 41
18 78
18 125
18 137
18 138
18 158
18 162
18 168
18 184
18 198
18 200
18 214
18 215
18 225
18 233
18 258
18 264
18 270
18 297
19 53
19 87
19 101
19 132
19 146
19 161
19 174
19 175
19 181
19 185
19 187
19 207
19 218
19 222
19 241
19 254
19 256
19 267
19 295
20 23
20 27
20 49
20 66
20 78
20 80
20 87
20 135
20 147
20 158
20 173
20 180
20 194
20 216
20 225
20 237
20 245
20 268
20 285
20 288
21 25
21 31
21 43
21 51
21 69
21 85
21 167
21 197
21 215
21 231
21 249
21 250
21 261
21 294
22 91
22 97
22 122
22 143
22 164
22 188
22 193
22 198
22 257
22 265
23 26
23 27
23 47
23 70
23 116
23 119
23 138
23 144
23 148
23 171
23 204
23 253
23 259
23 268
23 284
23 287
24 28
24 136
24 149
24 184
24 186
24 199
24 232
24 242
24 249
24 276
24 282
25 55
25 61
25 71
25 112
25 164
25 173
25 176
25 182
25 236
25 279
25 286
25 297
26 42
26 49
26 61
26 75
26 98
26 104
26 140
26 143
26 145
26 148
26 161
26 166
26 182
26 196
26 215
26 259
26 284
26 296
27 28
27 50
27 65
27 95
27 104
27 112
27 142
27 163
27 169
27 210
27 237
27 238
27 262
27 269
28 50
28 58
28 76
28 105
28 150
28 170
28 210
28 255
28 280
29 36
29 39
29 40
29 73
29 86
29 127
29 145
29 166
29 181
29 244
29 276
29 297
30 42
30 46
30 52
30 98
30 124
30 146
30 154
30 171
30 193
30 198
30 202
30 231
30 241
30 274
30 284
30 288
31 76
31 95
31 140
31 159
31 168
31 172
31 177
31 181
31 238
31 261
31 280
31 294
32 41
32 49
32 52
32 86
32 98
32 114
32 134
32 144
32 147
32 149
32 190
32 193
32 226
32 246
32 278
33 44
33 67
33 77
33 148
33 175
33 192
33 210
33 218
33 230
33 245
33 246
33 248
33 271
33 272
33 294
34 70
34 93
34 97
34 107
34 148
34 173
34 193
34 209
34 214
34 234
34 236
34 239
34 271
34 275
34 286
34 297
35 50
35 54
35 134
35 177
35 190
35 232
35 238
35 248
35 261
35 273
35 284
35 296
36 38
36 86
36 89
36 92
36 150
36 158
36 175
36 196
36 204
36 269
36 291
37 39
37 58
37 65
37 73
37 118
37 119
37 127
37 155
37 182
37 186
37 193
37 196
37 199
38 49
38 115
38 123
38 146
38 191
38 200
38 202
38 228
38 238
38 253
38 256
38 271
39 69
39 74
39 148
39 157
39 171
39 179
39 199
39 215
39 267
39 275
39 291
39 297
39 299
40 76
40 78
40 88
40 109
40 119
40 167
40 169
40 181
40 201
40 220
40 265
40 288
41 49
41 74
41 104
41 123
41 125
41 126
41 133
41 144
41 149
41 162
41 169
41 198
41 258
41 265
41 275
42 56
42 85
42 112
42 126
42 138
42 197
42 211
42 217
42 222
42 230
42 257
42 276
42 279
42 291
43 55
43 71
43 76
43 131
43 140
43 154
43 163
43 199
43 208
43 220
43 235
43 240
43 244
43 259
43 290
44 59
44 81
44 87
44 102
44 130
44 146
44 157
44 186
44 201
44 209
44 215
44 228
44 239
44 241
44 242
44 252
44 265
44 273
44 280
45 73
45 74
45 86
45 95
45 116
45 119
45 128
45 169
45 172
45 199
45 219
45 260
45 268
45 269
45 299
46 66
46 73
46 74
46 89
46 95
46 97
46 109
46 122
46 128
46 193
46 214
46 240
46 252
46 257
46 294
47 48
47 112
47 176
47 241
47 246
47 255
47 292
48 86
48 88
48 103
48 113
48 181
48 217
49 93
49 117
49 128
49 146
49 150
49 153
49 157
49 176
49 182
49 230
49 232
49 285
50 56
50 57
50 59
50 60
50 69
50 78
50 87
50 88
50 100
50 159
50 181
50 236
50 249
50 261
51 55
51 76
51 78
51 106
51 129
51 131
51 141
51 159
51 179
51 185
51 194
51 211
51 216
51 218
52 58
52 66
52 72
52 74
52 91
52 96
52 129
52 173
52 212
52 266
52 291
53 79
53 111
53 157
53 159
53 163
53 171
53 260
53 269
53 294
53 297
54 123
54 149
54 166
54 167
54 173
54 240
54 242
54 248
54 255
54 275
55 109
55 167
55 171
55 175
55 204
56 71
56 84
56 122
56 130
56 146
56 154
56 168
56 174
56 187
56 238
56 241
56 249
56 298
57 60
57 83
57 89
57 172
57 194
57 200
57 204
57 214
57 241
57 245
57 263
57 269
58 61
58 67
58 73
58 74
58 105
58 121
58 182
58 202
58 217
58 233
58 242
58 244
58 247
58 267
59 96
59 158
59 164
59 171
59 179
59 192
59 208
59 215
59 217
59 219
59 228
59 254
59 285
59 296
60 79
60 82
60 91
60 158
60 183
60 188
60 215
60 220
60 232
60 276
61 106
61 122
61 143
61 160
61 200
61 214
61 236
61 266
62 96
62 131
62 141
62 148
62 232
62 234
62 248
62 254
62 285
62 286
62 291
62 293
63 91
63 136
63 141
63 145
63 150
63 173
63 199
63 205
63 238
63 263
63 271
63 277
63 283
64 83
64 106
64 129
64 150
64 153
64 155
64 157
64 160
64 209
64 261
64 289
64 295
65 76
65 172
65 219
65 225
65 246
65 289
66 77
66 100
66 115
66 119
66 139
66 162
66 174
66 202
66 246
66 297
67 105
67 128
67 134
67 138
67 147
67 172
67 173
67 175
67 204
67 205
67 237
67 243
67 244
67 269
67 270
67 274
68 86
68 90
68 116
68 123
68 129
68 132
68 163
68 173
68 179
68 210
68 246
68 254
68 255
68 266
68 289
68 295
68 298
69 95
69 123
69 141
69 190
69 197
69 203
69 208
69 212
69 257
69 258
69 282
69 288
69 292
70 107
70 124
70 127
70 129
70 176
70 199
70 207
70 216
71 74
71 94
71 124
71 136
71 138
71 152
71 184
71 206
71 262
72 103
72 107
72 137
72 143
72 149
72 157
72 165
72 200
72 214
72 286
73 83
73 87
73 91
73 119
73 131
73 142
73 146
73 171
73 176
73 182
73 194
73 202
73 205
73 208
73 227
73 232
73 242
73 252
73 287
74 81
74 97
74 115
74 133
74 151
74 167
74 179
74 186
74 196
74 227
74 241
74 252
74 283
74 285
75 87
75 204
75 214
75 248
75 264
75 290
75 295
76 107
76 129
76 135
76 149
76 154
76 168
76 175
76 183
76 185
76 251
76 283
77 81
77 101
77 118
77 125
77 165
77 226
77 228
77 234
77 268
77 277
78 91
78 143
78 159
78 165
78 219
78 220
79 93
79 97
79 98
79 104
79 128
79 172
79 179
79 197
79 215
79 244
79 264
80 143
80 160
80 184
80 195
80 197
80 213
80 216
80 267
80 285
80 290
81 113
81 121
81 123
81 127
81 149
81 234
81 273
81 282
81 285
82 94
82 108
82 157
82 160
82 164
82 165
82 173
82 177
82 199
82 200
82 226
82 270
82 296
82 297
83 103
83 127
83 128
83 184
83 204
83 225
83 234
83 254
83 290
83 295
84 92
84 105
84 147
84 163
84 165
84 178
84 234
84 240
84 241
84 261
85 90
85 98
85 129
85 187
85 196
85 208
85 214
85 235
85 242
85 249
85 276
85 283
86 103
86 130
86 166
86 176
86 207
86 217
86 279
86 282
87 97
87 100
87 108
87 110
87 150
87 155
87 216
87 218
87 245
87 259
87 275
88 146
88 155
88 166
88 167
88 199
88 212
88 226
88 247
88 298
89 102
89 143
89 164
89 202
89 238
89 293
90 94
90 100
90 102
90 111
90 119
90 131
90 155
90 162
90 163
90 170
90 189
90 237
90 243
90 249
90 254
90 270
90 279
91 153
91 225
91 227
91 253
91 257
91 281
91 285
92 103
92 111
92 143
92 157
92 167
92 183
92 187
92 195
92 211
92 220
92 233
92 256
92 266
92 295
92 298
93 152
93 189
93 228
93 232
93 261
93 267
93 271
93 288
94 119
94 131
94 140
94 148
94 182
94 189
94 193
94 287
95 97
95 101
95 123
95 132
95 158
95 159
95 221
95 225
95 236
95 239
95 283
95 297
96 128
96 162
96 165
96 172
96 177
96 214
96 223
96 227
96 250
96 267
96 268
96 285
96 298
97 133
97 141
97 185
97 195
97 196
97 209
97 215
97 218
97 253
97 256
97 264
97 295
98 120
98 123
98 147
98 152
98 166
98 228
98 275
98 279
98 283
99 111
99 197
99 223
99 226
99 244
99 253
99 279
99 292
100 119
100 129
100 132
100 157
100 220
100 231
100 277
101 111
101 198
101 250
101 256
101 284
101 286
101 289
101 290
102 144
102 161
102 200
102 240
102 269
102 293
103 105
103 153
103 171
103 197
103 250
104 128
104 150
104 230
104 246
104 270
104 274
105 111
105 125
105 129
105 133
105 140
105 146
105 191
105 220
105 224
105 237
105 239
106 108
106 146
106 152
106 199
106 216
106 247
106 248
106 249
106 268
106 271
107 120
107 146
107 179
107 188
107 198
107 215
108 111
108 180
108 220
108 235
108 244
108 247
108 248
108 280
108 297
109 147
109 157
109 177
109 191
109 207
109 209
109 243
109 244
109 276
109 290
110 191
110 211
110 222
110 245
110 247
110 250
111 206
111 230
111 249
111 275
112 117
112 126
112 148
112 172
112 191
112 214
112 234
112 268
112 270
112 277
112 291
112 298
113 126
113 155
113 164
113 171
113 188
113 227
113 261
114 138
114 151
114 167
114 175
114 264
114 272
115 121
115 153
115 235
115 237
115 246
115 253
115 263
115 296
116 118
116 146
116 174
116 197
116 225
116 232
116 237
116 274
117 134
117 202
117 225
117 241
117 259
117 268
118 121
118 125
118 171
118 205
118 206
118 227
118 239
118 242
118 244
118 259
118 266
119 205
119 233
119 250
119 254
119 262
119 280
120 131
120 137
120 148
120 156
120 167
120 170
120 173
120 177
120 205
120 213
120 220
120 240
120 247
120 265
121 133
121 171
121 187
121 194
121 205
121 206
121 212
121 215
121 231
121 273
121 278
121 286
121 291
121 295
122 127
122 157
122 173
122 197
122 205
122 221
122 251
122 252
123 176
123 192
123 200
123 209
123 214
123 256
123 278
123 288
123 297
124 133
124 174
124 223
124 227
124 256
124 272
124 278
125 142
125 174
125 185
125 258
125 273
125 296
126 166
126 211
126 259
127 137
127 154
127 167
127 199
127 207
127 210
127 235
127 265
127 267
127 270
127 283
128 196
128 204
128 217
128 220
128 253
128 260
128 292
128 295
129 161
129 183
129 255
129 258
129 260
129 276
129 278
130 141
130 155
130 160
130 162
130 174
130 187
130 213
130 219
130 243
130 263
131 133
131 195
131 197
131 217
131 257
132 142
132 143
132 156
132 184
132 212
132 213
133 150
133 159
133 190
133 220
133 243
134 140
134 154
134 200
134 227
134 239
134 255
134 257
134 263
134 268
134 281
135 145
135 151
135 178
135 198
135 243
135 249
135 259
136 216
136 248
136 257
136 277
137 148
137 165
137 185
137 187
137 192
137 193
137 207
137 238
137 250
137 259
138 223
138 246
138 269
139 157
139 163
139 180
139 191
139 204
139 275
139 279
139 280
139 293
140 141
140 179
140 191
140 241
140 285
140 291
141 148
141 156
141 160
141 169
141 179
141 188
141 196
141 212
141 221
141 234
141 251
141 255
141 268
141 272
141 293
142 188
142 194
142 211
142 234
142 260
142 288
143 173
143 180
143 181
143 218
143 223
143 246
143 294
144 156
144 189
144 221
144 225
144 229
144 230
144 231
144 233
144 246
144 265
144 281
145 158
145 178
145 190
145 209
145 219
145 228
145 231
145 257
145 260
145 270
145 279
146 147
146 168
146 193
146 197
146 208
146 226
146 235
146 252
146 272
146 283
147 149
147 166
147 184
147 195
147 204
147 225
147 247
147 270
148 194
148 212
148 254
148 268
149 161
149 165
149 263
150 184
150 192
150 252
150 261
150 262
150 271
151 163
151 165
151 174
151 175
151 195
151 228
151 236
151 242
151 273
151 288
151 293
152 224
152 243
152 251
152 268
152 270
152 286
153 155
153 161
153 171
153 208
153 219
153 221
153 268
153 298
154 178
154 225
154 259
154 264
154 278
155 158
155 161
155 257
155 260
155 282
156 167
156 204
156 211
156 233
156 254
157 165
157 204
157 216
157 237
157 259
158 168
158 186
158 203
158 214
158 226
158 291
158 295
159 177
159 183
159 206
159 222
159 231
159 253
160 161
160 180
160 194
160 214
160 269
160 281
160 291
161 167
161 205
161 220
161 238
161 254
161 262
162 174
162 185
162 243
162 260
162 270
162 280
163 166
163 234
163 239
163 282
164 185
164 261
164 297
165 197
165 214
165 226
165 247
165 274
165 281
165 284
165 292
166 190
166 191
166 237
166 255
166 289
166 293
166 295
166 296
167 172
167 179
167 229
167 232
167 297
168 182
168 211
168 222
168 242
168 259
168 268
168 270
169 240
169 246
169 283
170 222
170 264
170 285
171 174
171 177
171 192
171 193
171 194
171 207
171 208
171 212
171 232
171 254
171 295
172 180
172 259
172 267
172 273
172 278
172 281
172 295
173 183
173 192
173 193
173 202
173 203
173 225
173 261
173 265
174 187
174 216
174 229
174 239
174 242
174 269
175 181
175 186
175 191
175 205
175 246
175 266
175 269
175 270
175 283
176 179
176 205
176 241
176 263
176 279
176 292
177 234
177 273
177 288
177 291
177 298
178 209
178 216
178 220
178 230
178 274
179 226
179 235
179 259
179 285
180 210
180 211
180 246
180 278
180 285
181 217
181 229
181 280
181 297
182 187
182 199
182 222
182 266
183 200
183 251
183 256
183 265
183 297
184 185
184 190
184 201
184 203
184 217
184 259
185 187
185 218
185 222
185 232
185 265
185 266
185 273
186 194
186 207
186 222
186 229
186 233
186 247
186 255
186 257
186 262
186 272
187 192
187 206
187 216
187 250
188 190
188 192
188 210
188 232
189 194
189 197
189 230
189 238
189 242
189 289
189 293
189 294
190 222
190 250
191 196
191 208
191 220
191 224
191 226
191 241
191 249
191 258
192 204
192 250
192 273
192 279
192 287
193 198
193 204
194 210
194 216
194 220
194 233
194 238
194 279
194 293
195 202
195 246
196 235
196 236
197 232
197 253
197 255
197 263
198 204
198 226
198 285
200 226
200 244
200 253
200 260
200 265
200 280
201 202
201 249
202 203
202 225
202 238
202 243
202 250
202 261
202 275
202 299
203 214
203 233
203 248
203 253
203 255
203 277
203 281
203 284
203 287
203 291
204 222
204 227
204 283
205 269
205 271
205 281
206 252
206 254
206 265
206 271
206 277
206 296
207 239
207 241
208 279
208 285
208 292
208 295
209 247
209 267
209 269
210 211
210 213
210 225
210 247
210 249
210 271
211 249
211 266
211 267
211 283
211 284
212 239
212 264
212 277
212 294
212 296
213 237
213 244
213 256
214 222
214 298
215 228
215 233
215 258
215 266
216 238
216 251
216 293
217 221
217 239
217 269
217 273
217 299
218 220
218 222
218 232
218 236
218 241
218 243
218 265
218 290
218 299
219 239
219 244
219 252
219 282
220 221
220 233
220 251
220 252
220 269
220 288
221 231
221 249
221 256
221 261
221 262
221 272
221 291
223 261
223 279
224 227
224 234
224 242
224 254
224 263
224 265
224 271
224 281
224 292
225 241
225 267
226 240
226 248
226 252
226 258
226 272
227 254
227 263
228 229
228 252
228 259
228 297
229 252
229 283
229 290
230 262
230 293
230 297
231 254
231 284
231 291
232 233
232 242
232 293
234 248
234 263
234 268
234 289
235 244
235 263
235 287
236 254
237 282
238 243
238 250
238 259
238 261
238 264
238 270
238 299
239 246
240 245
240 291
241 252
241 273
242 246
242 273
243 255
243 263
243 265
244 253
244 263
244 285
244 292
244 295
245 246
245 271
245 298
246 273
246 297
247 249
247 277
247 282
247 283
248 253
248 288
249 251
249 296
250 277
250 290
251 256
251 285
251 292
252 260
252 261
252 280
252 294
253 265
253 286
253 290
254 292
255 271
255 274
255 298
258 280
258 291
258 293
258 296
259 268
259 273
261 290
261 297
261 298
263 289
264 265
264 279
266 274
267 272
267 273
267 293
268 277
269 295
270 290
271 279
271 285
271 291
272 286
273 289
275 296
277 294
277 295
279 289
279 298
280 281
281 282
282 294
284 298
292 293
292 295
