300 3077 0.5
0 8
0 22
0 40
0 52
0 53
0 60
0 71
0 74
0 93
0 108
0 119
0 184
0 201
0 202
0 203
0 205
0 213
0 239
0 258
0 270
0 278
0 297
1 5
1 8
1 34
1 71
1 119
1 124
1 125
1 144
1 165
1 198
1 199
1 218
1 234
1 279
1 282
2 10
2 31
2 35
2 48
2 53
2 67
2 70
2 81
2 86
2 93
2 106
2 108
2 127
2 136
2 140
2 147
2 167
2 180
2 192
2 196
2 203
2 218
2 249
2 259
2 261
2 271
2 292
3 25
3 64
3 65
3 80
3 82
3 89
3 93
3 98
3 103
3 120
3 145
3 148
3 170
3 171
3 180
3 189
3 200
3 201
3 243
3 249
3 266
3 275
3 277
4 12
4 20
4 52
4 56
4 59
4 60
4 66
4 88
4 92
4 98
4 114
4 142
4 154
4 158
4 163
4 165
4 179
4 193
4 207
4 211
4 234
4 258
4 261
4 264
4 265
4 284
5 30
5 35
5 72
5 93
5 109
5 110
5 128
5 151
5 155
5 156
5 166
5 178
5 200
5 222
5 229
5 235
5 242
5 249
5 281
5 283
5 295
6 8
6 17
6 29
6 48
6 58
6 65
6 72
6 162
6 172
6 211
6 241
6 295
6 297
6 298
7 24
7 40
7 41
7 68
7 95
7 123
7 143
7 154
7 158
7 172
7 173
7 212
7 213
7 217
7 226
7 230
7 233
8 31
8 33
8 37
8 43
8 93
8 103
8 105
8 120
8 122
8 138
8 162
8 187
8 189
8 198
8 200
8 211
8 217
8 223
8 225
8 234
8 235
8 244
8 260
8 261
8 269
8 272
8 289
9 23
9 65
9 69
9 95
9 98
9 113
9 114
9 118
9 122
9 127
9 129
9 185
9 187
9 196
9 247
9 258
9 264
9 267
9 273
9 274
9 295
9 296
10 28
10 40
10 48
10 51
10 62
10 74
10 77
10 90
10 92
10 96
10 111
10 116
10 126
10 138
10 167
10 203
10 228
10 239
10 240
10 241
10 265
10 284
11 45
11 48
11 51
11 53
11 55
11 57
11 64
11 69
11 80
11 91
11 101
11 126
11 145
11 169
11 201
11 209
11 211
11 226
11 227
11 232
11 266
11 289
11 292
12 17
12 18
12 21
12 26
12 27
12 48
12 50
12 76
12 85
12 86
12 102
12 118
12 125
12 146
12 183
12 193
12 200
12 216
12 238
12 249
12 274
12 278
12 285
12 289
13 26
13 27
13 94
13 112
13 114
13 124
13 136
13 138
13 159
13 171
13 184
13 195
13 248
13 252
13 254
13 259
13 286
13 299
14 36
14 43
14 55
14 58
14 61
14 65
14 70
14 71
14 82
14 102
14 115
14 127
14 137
14 141
14 150
14 154
14 166
14 172
14 175
14 195
14 214
14 269
14 273
15 26
15 53
15 64
15 80
15 85
15 97
15 113
15 129
15 135
15 136
15 145
15 167
15 175
15 182
15 197
15 205
15 211
15 214
15 258
16 17
16 40
16 59
16 91
16 100
16 101
16 120
16 121
16 143
16 150
16 164
16 166
16 167
16 179
16 191
16 194
16 246
16 282
16 287
16 288
17 35
17 64
17 104
17 144
17 153
17 155
17 167
17 170
17 197
17 220
17 223
17 225
17 242
17 260
17 264
17 268
17 296
18 28
18 31
18 35
18 37
18 60
18 69
18 75
18 77
18 81
18 105
18 120
18 130
18 149
18 156
18 157
18 159
18 167
18 171
18 192
18 210
18 214
18 234
18 270
18 271
18 273
19 21
19 23
19 29
19 30
19 47
19 48
19 56
19 69
19 85
19 103
19 108
19 113
19 119
19 125
19 129
19 133
19 143
19 170
19 175
19 182
19 183
19 199
19 220
19 223
19 254
19 287
20 28
20 57
20 68
20 74
20 76
20 101
20 116
20 168
20 178
20 180
20 206
20 207
20 226
20 233
20 235
20 236
20 254
20 257
20 266
20 271
21 29
21 50
21 77
21 104
21 109
21 130
21 131
21 158
21 160
21 168
21 176
21 184
21 188
21 191
21 195
21 200
21 215
21 216
21 218
21 236
21 238
21 242
21 262
21 272
22 31
22 37
22 42
22 48
22 66
22 71
22 91
22 109
22 115
22 129
22 164
22 171
22 178
22 179
22 187
22 193
22 208
22 213
22 222
22 242
22 251
22 255
22 275
22 278
22 290
22 291
23 44
23 66
23 67
23 78
23 83
23 85
23 132
23 159
23 166
23 172
23 197
23 202
23 206
23 207
23 210
23 235
23 255
23 263
23 265
23 268
23 276
23 287
24 52
24 62
24 88
24 108
24 164
24 192
24 206
24 255
24 264
24 287
25 26
25 36
25 49
25 53
25 56
25 72
25 87
25 98
25 100
25 127
25 129
25 137
25 140
25 152
25 158
25 196
25 197
25 207
25 211
25 223
25 273
25 284
26 27
26 34
26 39
26 48
26 80
26 131
26 144
26 160
26 178
26 180
26 214
26 228
26 230
26 240
26 251
26 254
26 259
26 276
26 294
27 66
27 74
27 114
27 123
27 163
27 168
27 199
27 201
27 210
27 211
27 218
27 235
27 244
27 246
27 247
27 271
27 280
27 291
28 54
28 63
28 73
28 83
28 89
28 100
28 111
28 113
28 115
28 168
28 172
28 185
28 203
28 213
28 246
28 248
28 275
28 284
28 298
28 299
29 32
29 41
29 60
29 68
29 70
29 74
29 100
29 133
29 158
29 166
29 172
29 175
29 182
29 186
29 189
29 196
29 218
29 236
29 241
29 264
29 272
30 35
30 51
30 69
30 81
30 83
30 124
30 137
30 141
30 144
30 150
30 157
30 162
30 187
30 193
30 216
30 249
30 264
31 47
31 74
31 78
31 93
31 109
31 120
31 129
31 171
31 194
31 195
31 204
31 211
31 212
31 255
31 261
31 268
31 299
32 69
32 81
32 100
32 107
32 108
32 111
32 135
32 138
32 148
32 163
32 166
32 178
32 182
32 235
32 237
32 298
33 42
33 48
33 58
33 59
33 67
33 72
33 76
33 80
33 113
33 124
33 145
33 178
33 184
33 209
33 223
33 233
33 235
33 243
33 245
33 247
33 252
33 259
33 270
33 290
34 58
34 69
34 70
34 77
34 99
34 136
34 151
34 156
34 172
34 183
34 184
34 235
34 238
34 252
34 257
34 284
35 38
35 47
35 78
35 88
35 93
35 99
35 107
35 130
35 148
35 164
35 169
35 174
35 200
35 208
35 210
35 215
35 256
35 260
35 288
35 293
36 62
36 74
36 81
36 83
36 99
36 101
36 120
36 133
36 146
36 163
36 171
36 178
36 217
36 233
36 236
36 239
36 247
36 252
36 253
36 269
37 44
37 62
37 86
37 111
37 128
37 130
37 140
37 141
37 146
37 148
37 155
37 168
37 179
37 200
37 202
37 218
37 238
37 240
37 245
37 251
37 253
37 263
37 274
38 60
38 89
38 101
38 129
38 161
38 166
38 178
38 183
38 200
38 201
38 203
38 205
38 210
38 216
38 225
38 238
38 242
38 249
38 256
38 298
39 84
39 112
39 131
39 139
39 144
39 162
39 175
39 178
39 186
39 197
39 198
39 214
39 218
39 233
39 257
39 267
39 270
39 299
40 52
40 60
40 137
40 146
40 163
40 175
40 182
40 206
40 212
40 215
40 239
40 258
41 42
41 54
41 72
41 108
41 130
41 132
41 151
41 153
41 162
41 164
41 174
41 190
41 195
41 205
41 210
41 248
41 264
41 284
41 285
41 286
42 54
42 57
42 84
42 90
42 113
42 139
42 152
42 183
42 194
42 209
42 236
42 238
42 250
42 262
42 268
42 275
42 276
42 277
42 295
42 296
43 62
43 82
43 127
43 141
43 150
43 170
43 174
43 178
43 210
43 211
43 221
43 226
43 243
43 275
43 288
43 292
44 48
44 57
44 80
44 94
44 114
44 123
44 136
44 141
44 145
44 152
44 162
44 177
44 192
44 256
44 270
44 285
45 56
45 63
45 67
45 116
45 117
45 153
45 154
45 159
45 171
45 175
45 199
45 210
45 212
45 227
45 249
45 253
45 260
45 267
45 271
45 288
46 55
46 62
46 65
46 122
46 126
46 139
46 141
46 147
46 156
46 184
46 211
46 223
46 232
46 238
46 248
46 261
46 287
47 52
47 63
47 80
47 86
47 100
47 109
47 119
47 127
47 187
47 190
47 221
47 240
47 253
47 263
47 285
48 64
48 91
48 138
48 147
48 152
48 156
48 171
48 192
48 200
48 215
48 226
48 231
48 240
48 253
48 255
48 256
48 274
48 295
49 50
49 53
49 116
49 124
49 127
49 130
49 147
49 153
49 156
49 182
49 183
49 270
49 286
49 299
50 118
50 120
50 166
50 187
50 196
50 216
50 230
50 237
50 264
50 277
50 281
51 81
51 93
51 98
51 104
51 105
51 112
51 127
51 140
51 153
51 169
51 173
51 187
51 195
51 196
51 204
51 217
51 220
51 227
51 281
51 294
51 295
52 66
52 69
52 112
52 116
52 142
52 161
52 172
52 173
52 175
52 191
52 233
52 243
52 245
52 248
52 270
52 273
52 291
53 59
53 101
53 103
53 107
53 138
53 160
53 185
53 199
53 227
53 242
53 259
53 270
53 283
54 75
54 90
54 103
54 114
54 124
54 125
54 130
54 189
54 192
54 210
54 235
54 239
54 266
54 287
54 291
55 62
55 88
55 92
55 93
55 117
55 131
55 171
55 177
55 210
55 211
55 249
55 250
55 252
55 255
55 273
55 290
55 291
56 63
56 96
56 128
56 154
56 159
56 167
56 175
56 181
56 198
56 232
56 280
56 287
57 58
57 81
57 113
57 116
57 142
57 188
57 222
57 249
57 278
57 289
57 290
57 295
58 60
58 61
58 62
58 77
58 95
58 111
58 143
58 149
58 200
58 239
58 241
58 256
58 267
58 284
59 73
59 91
59 97
59 131
59 178
59 181
59 183
59 188
59 198
59 209
59 219
59 232
59 253
59 257
59 261
59 264
59 265
60 88
60 91
60 96
60 106
60 137
60 146
60 158
60 161
60 162
60 185
60 204
60 206
60 216
60 218
60 219
60 222
60 244
60 258
60 262
60 286
60 287
61 70
61 76
61 88
61 111
61 151
61 158
61 178
61 179
61 188
61 215
61 241
61 252
62 66
62 70
62 88
62 91
62 95
62 112
62 115
62 126
62 143
62 153
62 154
62 173
62 242
62 246
62 249
62 269
62 273
62 285
62 298
63 72
63 74
63 89
63 100
63 108
63 130
63 135
63 154
63 155
63 171
63 215
63 232
63 235
63 236
63 250
63 257
63 260
63 274
63 284
64 84
64 121
64 136
64 160
64 189
64 191
64 202
64 208
64 223
64 250
64 297
65 67
65 76
65 100
65 114
65 119
65 122
65 130
65 133
65 136
65 159
65 184
65 200
65 201
65 206
65 222
65 245
65 255
65 271
65 272
65 276
65 292
66 73
66 75
66 109
66 116
66 121
66 134
66 144
66 145
66 165
66 170
66 178
66 193
66 198
66 222
66 237
66 254
66 259
66 279
66 287
67 70
67 75
67 95
67 112
67 114
67 135
67 162
67 171
67 180
67 244
67 254
67 279
67 285
68 90
68 94
68 104
68 122
68 124
68 126
68 147
68 196
68 201
68 209
68 218
68 233
68 249
68 260
68 263
68 269
68 286
69 88
69 116
69 124
69 133
69 134
69 140
69 146
69 170
69 171
69 196
69 210
69 217
69 221
69 239
69 292
70 73
70 85
70 152
70 161
70 178
70 182
70 191
70 194
70 195
70 196
70 251
70 276
70 283
70 293
71 75
71 89
71 123
71 130
71 161
71 165
71 193
71 195
71 211
71 213
71 221
71 222
71 223
71 228
71 235
71 237
71 240
71 249
71 255
71 260
71 262
71 265
71 268
71 297
72 101
72 103
72 104
72 106
72 142
72 188
72 208
72 237
72 256
73 84
73 97
73 102
73 135
73 145
73 174
73 204
73 221
73 238
73 255
73 274
74 93
74 104
74 140
74 207
74 208
74 228
74 239
74 250
74 251
74 260
74 271
74 276
74 296
75 84
75 85
75 88
75 118
75 158
75 161
75 171
75 175
75 181
75 188
75 189
75 190
75 206
75 210
75 234
75 246
75 248
75 252
75 290
75 296
76 80
76 95
76 107
76 120
76 127
76 174
76 185
76 204
76 217
76 235
76 298
77 93
77 99
77 146
77 152
77 163
77 166
77 183
77 204
77 215
77 222
77 234
77 237
77 256
77 258
77 269
78 82
78 100
78 121
78 122
78 137
78 178
78 180
78 201
78 210
78 230
78 237
78 262
78 290
78 291
78 294
79 90
79 92
79 96
79 100
79 118
79 143
79 146
79 153
79 180
79 181
79 215
79 227
79 230
79 249
79 279
79 296
79 297
80 85
80 115
80 126
80 130
80 140
80 150
80 154
80 164
80 181
80 197
80 204
80 214
80 235
80 279
80 297
81 86
81 144
81 158
81 180
81 183
81 214
81 239
81 246
81 248
81 274
82 84
82 89
82 95
82 102
82 114
82 129
82 151
82 156
82 157
82 166
82 171
82 176
82 178
82 181
82 216
82 218
82 220
82 238
82 247
82 255
82 279
82 289
82 290
83 84
83 86
83 87
83 90
83 92
83 108
83 110
83 137
83 167
83 171
83 177
83 213
83 223
83 230
83 270
83 272
84 123
84 148
84 160
84 162
84 163
84 176
84 196
84 204
84 223
84 230
84 235
84 236
84 241
84 243
84 249
84 274
84 280
84 286
84 295
84 296
85 95
85 97
85 105
85 115
85 132
85 137
85 149
85 178
85 185
85 193
85 198
85 240
85 241
85 254
85 256
85 258
85 259
85 260
85 265
85 287
85 292
85 296
86 105
86 114
86 127
86 142
86 193
86 220
86 223
86 266
86 267
86 270
87 92
87 100
87 131
87 138
87 150
87 151
87 158
87 159
87 185
87 204
87 207
87 220
87 221
87 224
88 108
88 136
88 140
88 141
88 147
88 157
88 161
88 179
88 182
88 191
88 194
88 222
88 223
88 227
88 237
88 240
88 244
88 251
88 265
88 282
88 288
88 290
89 112
89 121
89 146
89 161
89 176
89 195
89 219
89 225
89 250
89 260
89 261
89 275
90 114
90 126
90 133
90 134
90 147
90 159
90 160
90 163
90 164
90 189
90 203
90 212
90 222
90 242
90 262
90 274
90 285
90 290
91 166
91 177
91 207
91 216
91 246
91 264
91 265
91 292
92 106
92 110
92 114
92 118
92 129
92 134
92 139
92 142
92 168
92 174
92 176
92 177
92 183
92 193
92 204
92 209
92 214
92 240
92 242
92 248
92 251
92 255
92 272
93 95
93 104
93 109
93 131
93 135
93 137
93 141
93 183
93 187
93 199
93 218
93 221
93 234
93 240
93 259
93 287
93 291
94 95
94 132
94 171
94 173
94 198
94 199
94 214
94 225
94 232
94 245
94 286
94 292
95 114
95 121
95 146
95 155
95 182
95 187
95 198
95 199
95 200
95 213
95 220
95 251
95 298
96 115
96 148
96 176
96 188
96 221
96 223
96 248
96 251
96 260
97 102
97 109
97 110
97 118
97 120
97 122
97 153
97 191
97 201
97 205
97 218
97 258
97 268
98 133
98 137
98 167
98 216
98 229
98 237
98 241
98 244
98 264
98 268
98 286
99 104
99 172
99 180
99 202
99 205
99 206
99 210
99 211
99 257
99 270
99 271
99 287
99 291
100 125
100 209
100 243
100 288
100 294
101 105
101 108
101 140
101 143
101 152
101 155
101 159
101 205
101 227
101 252
101 259
101 263
101 275
101 276
101 280
101 283
102 123
102 126
102 139
102 154
102 166
102 172
102 175
102 185
102 213
102 216
102 237
103 115
103 124
103 147
103 178
103 188
103 191
103 196
103 221
103 237
103 273
103 276
103 285
103 286
103 290
104 106
104 145
104 173
104 174
104 176
104 180
104 196
104 242
104 244
104 253
104 266
104 283
105 107
105 158
105 186
105 189
105 192
105 205
105 212
105 224
105 236
105 243
105 245
105 247
105 266
105 297
106 124
106 147
106 159
106 168
106 187
106 198
106 213
106 221
106 225
106 252
106 259
106 266
106 267
106 268
106 270
106 283
107 120
107 128
107 142
107 153
107 184
107 197
107 198
107 208
107 255
107 265
107 267
107 298
108 116
108 118
108 123
108 125
108 127
108 141
108 169
108 184
108 188
108 225
108 234
108 253
108 263
108 264
108 275
108 287
109 113
109 127
109 135
109 145
109 161
109 162
109 184
109 192
109 200
109 260
109 264
109 265
109 267
109 282
110 137
110 140
110 152
110 192
110 201
110 220
110 240
110 251
110 272
110 281
110 291
111 129
111 141
111 163
111 186
111 192
111 194
111 200
111 208
111 250
111 265
111 273
111 287
111 299
112 118
112 171
112 183
112 208
112 209
112 248
112 266
112 273
112 277
113 133
113 140
113 157
113 205
113 227
113 231
113 256
114 151
114 172
114 189
114 194
114 215
114 237
114 244
114 254
114 259
114 262
114 267
114 271
114 287
115 142
115 164
115 169
115 189
115 211
115 217
115 248
115 250
115 292
115 299
116 126
116 172
116 176
116 187
116 192
116 217
116 219
116 249
116 260
117 119
117 134
117 140
117 183
117 194
117 199
117 259
117 267
117 299
118 125
118 135
118 180
118 196
118 203
118 204
118 209
118 224
118 278
118 284
119 124
119 131
119 134
119 162
119 165
119 187
119 206
119 257
119 266
119 286
119 294
120 126
120 130
120 140
120 143
120 148
120 153
120 158
120 172
120 203
120 216
120 252
120 286
121 147
121 158
121 162
121 189
121 192
121 197
121 211
121 245
121 250
121 268
121 277
121 296
122 125
122 173
122 214
122 216
122 221
122 228
122 250
122 262
122 264
122 271
122 280
122 292
123 124
123 139
123 171
123 190
123 232
123 247
123 252
123 254
123 268
123 297
124 137
124 156
124 160
124 212
124 213
124 224
124 232
124 261
124 266
124 273
125 136
125 174
125 189
125 191
125 211
125 217
125 232
125 263
125 265
125 294
126 172
126 176
126 180
126 184
126 201
126 207
126 232
126 247
126 270
126 272
126 274
127 180
127 191
127 207
127 239
127 246
127 247
127 277
127 290
127 297
128 142
128 150
128 152
128 153
128 170
128 173
128 187
128 232
128 237
128 254
128 259
128 269
128 279
129 166
129 218
129 230
129 236
129 242
129 255
129 273
130 146
130 172
130 174
130 177
130 189
130 198
130 268
130 278
130 297
131 141
131 166
131 189
131 190
131 221
131 276
131 277
131 298
132 153
132 154
132 195
132 209
132 225
132 286
132 296
133 137
133 143
133 176
133 177
133 212
133 213
133 221
133 226
133 281
133 294
134 135
134 155
134 159
134 160
134 164
134 172
134 186
134 191
134 217
134 219
134 229
134 254
134 257
134 260
134 294
134 298
135 136
135 174
135 177
135 185
135 190
135 201
135 205
135 226
135 231
135 232
135 249
135 250
135 259
135 262
135 267
135 278
136 142
136 148
136 159
136 173
136 192
136 211
136 215
136 221
136 228
136 257
136 281
136 292
136 297
137 149
137 168
137 173
137 180
137 185
137 230
137 241
137 243
137 250
137 251
137 274
137 288
138 146
138 178
138 244
138 250
138 251
138 261
138 269
138 271
138 286
138 298
138 299
139 160
139 165
139 173
139 188
139 212
139 219
139 236
139 249
139 280
139 290
139 296
140 149
140 164
140 165
140 194
140 232
140 241
140 263
140 282
141 191
141 227
141 247
141 290
141 299
142 143
142 155
142 158
142 174
142 178
142 233
142 247
142 250
142 251
142 264
142 296
143 167
143 174
143 183
143 190
143 192
143 205
143 213
143 215
143 231
143 236
143 239
143 262
143 290
144 169
144 186
144 196
144 202
144 264
144 282
144 286
144 299
145 157
145 167
145 193
145 198
145 199
145 209
145 221
145 226
145 234
145 251
145 255
145 287
146 157
146 178
146 190
146 194
146 195
146 202
146 211
146 216
146 223
146 234
146 254
146 264
146 269
146 278
146 287
147 158
147 178
147 198
147 239
147 266
147 273
147 287
147 288
147 290
148 168
148 204
148 208
148 224
148 243
148 247
148 262
148 275
148 277
149 158
149 197
149 223
149 241
149 243
149 248
149 268
149 270
149 277
150 162
150 166
150 169
150 191
150 210
150 245
150 256
150 280
150 288
151 157
151 165
151 188
151 205
151 208
151 214
151 218
151 228
151 241
151 247
151 272
151 278
151 294
152 164
152 171
152 201
152 202
152 222
152 232
152 234
152 236
152 251
152 278
152 280
153 161
153 180
153 200
153 218
153 223
153 276
153 278
153 283
153 286
154 165
154 192
154 203
154 216
154 224
154 233
154 248
154 258
154 262
154 268
154 273
154 280
154 285
154 296
155 237
155 249
156 160
156 202
156 203
156 229
156 239
156 289
157 161
157 168
157 248
157 258
157 261
158 192
158 208
158 273
159 186
159 187
159 191
159 198
159 215
159 223
159 236
159 237
159 261
159 285
159 286
159 297
160 166
160 186
160 190
160 193
160 223
160 252
160 271
160 279
160 281
160 283
160 291
161 203
161 215
161 226
161 246
161 253
161 261
161 269
161 281
161 287
162 183
162 213
162 230
162 243
162 259
162 292
163 220
163 229
163 242
163 268
163 274
163 284
163 291
164 178
164 199
164 220
164 225
164 234
164 259
164 291
165 173
165 174
165 186
165 219
165 238
165 249
165 277
165 280
165 286
165 287
166 184
166 193
166 199
166 201
166 212
166 216
166 226
166 233
166 242
166 257
166 260
166 272
166 278
166 285
167 170
167 180
167 182
167 197
167 209
167 216
167 232
167 252
167 255
167 264
167 273
167 275
167 289
168 185
168 191
168 202
168 206
168 208
168 262
168 268
168 281
169 185
169 200
169 216
169 264
169 297
170 236
170 237
170 243
170 270
170 290
170 293
170 295
170 296
170 299
171 183
171 223
171 251
171 261
171 270
171 272
171 288
171 293
172 198
172 212
172 221
172 232
172 267
172 287
173 198
173 208
173 214
173 217
173 221
173 241
173 245
173 246
173 251
173 256
173 274
173 296
174 175
174 177
174 207
174 211
174 212
174 255
174 256
174 273
174 294
175 192
175 246
175 247
175 267
175 273
175 280
176 200
176 209
176 235
176 237
176 246
176 248
176 249
176 266
176 279
176 286
176 291
177 178
177 203
177 210
177 217
177 238
177 246
177 249
177 257
177 274
177 281
178 192
178 216
178 217
178 239
178 249
178 266
178 285
178 294
179 195
179 212
179 221
179 229
179 231
179 235
179 240
179 245
179 256
179 264
179 266
179 276
180 191
180 229
180 256
180 295
181 183
181 240
181 249
181 251
181 285
182 199
182 211
182 213
182 220
182 229
182 241
182 273
182 277
183 184
183 189
183 192
183 194
183 198
183 225
183 227
183 229
183 242
183 251
183 265
183 286
183 293
184 190
184 196
184 204
184 205
184 206
184 252
184 261
184 266
184 275
184 298
185 187
185 189
185 201
185 218
185 248
185 257
185 275
185 276
186 188
186 192
186 210
186 231
186 241
186 287
186 295
187 204
187 208
187 225
187 237
187 244
187 281
187 287
187 289
188 191
188 209
188 210
188 247
188 257
188 260
188 289
188 297
189 191
189 204
189 209
189 225
189 259
189 272
190 205
190 206
190 229
190 249
190 262
190 265
190 269
190 272
190 277
191 213
191 223
191 245
191 268
191 271
192 219
192 220
192 238
192 254
192 267
193 201
193 211
193 225
193 256
193 266
193 267
193 275
193 287
194 215
194 219
194 270
194 275
194 278
194 287
194 293
195 219
195 221
195 241
195 247
195 284
195 297
196 197
196 219
196 233
196 235
196 243
196 281
196 288
196 289
197 200
197 202
197 235
197 240
197 241
197 255
197 287
197 289
197 295
198 200
198 202
198 209
198 213
198 220
198 243
198 283
199 205
199 230
199 233
199 242
199 256
199 258
199 261
199 271
199 283
199 297
200 225
200 265
200 278
201 204
201 277
201 285
201 297
202 206
202 209
202 249
202 281
202 287
202 298
203 207
203 226
203 259
203 260
203 262
203 285
203 289
203 298
204 212
204 217
204 223
204 226
204 230
204 259
204 261
204 277
204 291
204 292
205 239
205 270
205 271
205 278
205 289
206 214
206 243
206 246
206 255
206 258
206 268
206 272
206 293
206 296
207 209
207 233
207 248
207 291
207 299
208 210
208 214
208 257
208 276
208 278
209 217
209 220
209 221
209 236
209 239
209 243
209 257
209 263
209 276
209 286
209 295
210 215
210 224
210 227
210 234
210 251
210 266
210 282
210 285
211 221
211 223
211 224
211 232
211 245
211 254
211 266
211 268
211 269
211 272
211 290
211 292
211 293
212 223
212 230
212 239
212 265
212 267
212 297
213 216
213 221
213 223
213 234
213 257
214 222
214 225
214 226
214 255
214 257
214 261
214 263
214 267
215 243
215 247
215 270
215 286
216 222
216 230
216 245
216 276
216 284
216 297
217 245
217 259
217 263
217 266
217 277
217 299
218 246
218 286
218 298
218 299
219 222
219 225
219 241
219 260
219 272
219 297
220 242
220 260
220 266
220 286
221 222
221 235
221 252
221 257
221 282
221 293
222 237
222 243
222 249
222 285
222 292
223 233
223 242
223 259
223 265
223 273
223 279
223 285
224 227
224 237
224 239
224 262
224 270
224 271
224 272
224 279
225 237
225 245
225 249
225 260
225 278
225 288
226 236
226 247
226 265
226 285
226 287
227 236
227 243
227 252
227 253
227 255
227 259
227 261
227 268
227 270
227 280
228 241
228 244
228 249
228 257
228 259
228 273
228 275
228 280
228 284
228 286
229 255
229 256
229 270
229 272
230 231
230 256
230 257
230 259
230 267
230 284
230 288
231 242
231 251
231 296
232 246
232 264
232 268
232 273
232 282
232 287
232 293
233 246
233 263
233 276
233 289
233 294
234 235
234 266
234 271
234 274
234 293
235 251
235 263
235 264
235 272
235 297
236 250
236 264
236 283
236 287
236 292
237 252
237 270
237 271
237 280
237 281
237 285
237 292
237 294
237 297
238 248
238 267
238 270
238 280
239 249
239 257
239 290
240 246
240 259
240 261
240 264
241 254
241 261
241 277
241 282
241 296
242 263
242 268
242 285
242 292
242 294
242 297
243 282
243 293
244 254
244 275
244 277
244 289
245 273
245 289
246 258
246 262
246 265
247 267
247 280
248 249
248 252
248 285
248 289
249 258
249 267
249 268
250 260
250 269
251 275
251 281
251 290
251 299
252 267
252 278
253 255
253 270
253 273
253 299
254 282
255 281
255 282
255 285
256 266
256 271
256 288
257 270
257 276
257 280
257 286
257 291
257 293
258 283
258 290
259 274
259 285
259 289
259 296
260 262
260 283
261 266
261 274
262 265
263 292
265 292
266 292
267 282
267 295
267 297
268 289
269 273
269 289
270 277
270 295
270 299
271 291
272 297
273 277
276 288
276 295
278 283
279 281
280 294
281 284
283 287
283 290
285 288
285 292
285 294
288 289
291 294
293 298
294 297
294 299
297 298
