400 4776 0.2
0 10
0 13
0 37
0 71
0 78
0 88
0 114
0 116
0 129
0 136
0 147
0 162
0 191
0 208
0 209
0 220
0 246
0 248
0 257
0 260
0 277
0 281
0 282
0 292
0 311
0 341
0 348
0 373
1 24
1 55
1 63
1 73
1 79
1 82
1 92
1 136
1 182
1 192
1 215
1 229
1 245
1 251
1 262
1 265
1 292
1 299
1 331
1 359
1 366
1 397
2 16
2 17
2 30
2 43
2 65
2 77
2 127
2 149
2 158
2 166
2 169
2 171
2 173
2 195
2 197
2 206
2 221
2 291
2 314
2 315
2 334
2 344
2 357
2 363
2 370
2 387
3 8
3 79
3 123
3 130
3 131
3 154
3 166
3 185
3 205
3 222
3 226
3 227
3 261
3 270
3 290
3 296
3 306
3 313
3 351
3 355
3 379
4 7
4 33
4 81
4 82
4 101
4 113
4 135
4 145
4 186
4 201
4 226
4 227
4 233
4 244
4 249
4 278
4 287
4 307
4 326
4 363
4 375
4 384
4 399
5 56
5 67
5 125
5 133
5 140
5 151
5 152
5 160
5 166
5 174
5 187
5 204
5 210
5 221
5 232
5 244
5 254
5 289
5 296
5 299
5 311
5 330
5 374
5 394
6 9
6 31
6 40
6 45
6 65
6 77
6 81
6 89
6 105
6 114
6 138
6 149
6 151
6 161
6 166
6 172
6 175
6 207
6 237
6 240
6 248
6 257
6 288
6 333
6 348
6 357
6 362
6 366
6 368
6 386
6 393
7 13
7 18
7 49
7 66
7 82
7 101
7 133
7 164
7 172
7 175
7 201
7 215
7 233
7 261
7 288
7 298
7 327
7 373
7 377
8 18
8 20
8 32
8 43
8 44
8 51
8 75
8 105
8 117
8 120
8 148
8 166
8 185
8 189
8 191
8 203
8 210
8 219
8 238
8 240
8 245
8 262
8 271
8 291
8 315
8 328
8 380
8 393
9 33
9 53
9 57
9 63
9 86
9 96
9 100
9 144
9 168
9 218
9 229
9 232
9 243
9 249
9 299
9 310
9 316
9 325
9 348
10 11
10 93
10 97
10 125
10 127
10 134
10 163
10 169
10 173
10 194
10 195
10 202
10 235
10 241
10 284
10 310
10 320
10 321
10 341
10 345
10 394
11 12
11 13
11 45
11 54
11 62
11 67
11 75
11 98
11 119
11 121
11 128
11 154
11 179
11 181
11 200
11 203
11 207
11 221
11 230
11 237
11 253
11 259
11 279
11 282
11 287
11 304
11 314
11 322
11 341
11 363
11 373
12 50
12 103
12 128
12 135
12 166
12 168
12 170
12 195
12 200
12 215
12 218
12 219
12 225
12 229
12 230
12 247
12 272
12 277
12 292
12 315
12 334
12 349
12 390
13 19
13 22
13 42
13 59
13 91
13 151
13 154
13 170
13 194
13 204
13 212
13 241
13 253
13 283
13 290
13 318
13 354
13 366
13 385
14 21
14 26
14 41
14 51
14 59
14 61
14 65
14 71
14 72
14 76
14 107
14 115
14 117
14 119
14 146
14 151
14 152
14 164
14 170
14 176
14 185
14 195
14 222
14 228
14 232
14 233
14 269
14 297
14 298
14 300
14 307
14 308
14 381
14 392
14 395
14 396
14 398
15 32
15 49
15 55
15 63
15 85
15 98
15 111
15 135
15 167
15 172
15 173
15 175
15 203
15 224
15 262
15 291
15 303
15 373
15 386
16 33
16 97
16 99
16 125
16 144
16 151
16 166
16 186
16 189
16 200
16 216
16 233
16 244
16 300
16 376
17 20
17 62
17 71
17 73
17 74
17 81
17 99
17 103
17 134
17 136
17 148
17 184
17 192
17 216
17 237
17 241
17 245
17 248
17 253
17 282
17 291
17 301
17 317
17 323
17 337
17 352
17 379
17 389
18 19
18 47
18 78
18 137
18 139
18 149
18 157
18 159
18 162
18 172
18 206
18 219
18 224
18 241
18 247
18 261
18 277
18 284
18 302
18 327
18 328
18 332
18 345
18 381
19 29
19 38
19 60
19 76
19 105
19 135
19 138
19 147
19 151
19 161
19 175
19 180
19 210
19 227
19 250
19 258
19 289
19 308
19 316
19 327
19 340
19 359
19 383
19 386
20 32
20 35
20 39
20 42
20 51
20 65
20 88
20 114
20 117
20 127
20 158
20 170
20 197
20 206
20 239
20 314
20 315
20 320
20 333
20 336
20 354
20 375
20 392
20 399
21 53
21 74
21 84
21 116
21 187
21 197
21 205
21 210
21 216
21 219
21 255
21 267
21 283
21 305
21 307
21 324
21 330
21 331
21 334
21 335
21 354
21 356
21 381
21 384
21 387
22 29
22 30
22 42
22 43
22 46
22 52
22 73
22 82
22 106
22 128
22 134
22 146
22 158
22 176
22 187
22 192
22 194
22 205
22 209
22 211
22 220
22 225
22 228
22 257
22 272
22 297
22 333
22 350
22 365
23 25
23 27
23 70
23 91
23 104
23 108
23 117
23 162
23 183
23 186
23 199
23 212
23 219
23 224
23 230
23 246
23 277
23 298
23 303
23 309
23 322
23 323
23 374
23 382
23 387
23 395
24 39
24 43
24 67
24 83
24 100
24 103
24 107
24 110
24 131
24 142
24 147
24 149
24 154
24 156
24 167
24 197
24 215
24 227
24 267
24 285
24 293
24 312
24 328
24 343
24 348
24 367
24 374
24 377
24 385
24 386
25 34
25 49
25 63
25 102
25 113
25 131
25 152
25 170
25 174
25 179
25 184
25 193
25 196
25 209
25 221
25 226
25 237
25 260
25 280
25 330
25 331
25 343
25 346
25 351
25 397
26 73
26 95
26 192
26 202
26 215
26 217
26 250
26 292
26 295
26 300
26 316
26 333
26 343
26 355
26 370
26 374
26 387
26 399
27 62
27 66
27 73
27 94
27 101
27 144
27 145
27 152
27 177
27 192
27 194
27 237
27 250
27 313
27 329
27 338
27 342
27 345
27 366
28 38
28 59
28 88
28 112
28 129
28 139
28 160
28 173
28 186
28 188
28 208
28 230
28 237
28 255
28 285
28 290
28 303
28 320
28 323
28 331
28 332
28 343
28 353
28 360
28 372
28 392
28 394
29 55
29 57
29 106
29 108
29 109
29 126
29 154
29 162
29 167
29 200
29 265
29 270
29 307
29 311
29 321
29 363
29 380
29 398
30 31
30 47
30 75
30 82
30 84
30 96
30 98
30 99
30 123
30 130
30 153
30 155
30 164
30 180
30 201
30 204
30 210
30 282
30 290
30 300
30 304
30 340
30 341
30 377
30 399
31 41
31 76
31 89
31 106
31 115
31 121
31 127
31 129
31 134
31 201
31 272
31 289
31 299
31 302
31 330
31 337
31 386
31 387
32 48
32 56
32 66
32 97
32 102
32 107
32 137
32 161
32 178
32 186
32 187
32 197
32 202
32 215
32 221
32 237
32 246
32 248
32 260
32 299
32 300
32 302
32 304
32 311
32 320
32 322
32 336
32 359
32 394
32 397
33 50
33 62
33 66
33 72
33 121
33 131
33 133
33 169
33 174
33 200
33 220
33 221
33 225
33 232
33 241
33 263
33 272
33 275
33 290
33 299
33 302
33 315
33 352
33 363
33 385
33 391
34 61
34 70
34 74
34 84
34 95
34 102
34 121
34 147
34 153
34 170
34 181
34 182
34 188
34 197
34 204
34 206
34 221
34 226
34 240
34 252
34 285
34 295
34 330
34 336
34 346
34 352
34 354
34 358
34 362
34 372
34 382
35 36
35 37
35 45
35 54
35 81
35 89
35 96
35 104
35 136
35 145
35 154
35 166
35 174
35 209
35 241
35 254
35 268
35 274
35 306
35 317
35 336
35 347
35 365
35 384
35 396
36 72
36 90
36 93
36 106
36 129
36 141
36 176
36 192
36 193
36 208
36 225
36 245
36 259
36 269
36 277
36 287
36 289
36 320
36 328
36 337
36 338
36 340
36 341
36 351
36 380
37 47
37 56
37 63
37 87
37 96
37 106
37 156
37 160
37 161
37 168
37 181
37 197
37 198
37 228
37 236
37 243
37 259
37 260
37 280
37 306
37 311
37 319
37 321
37 325
37 338
37 339
37 366
37 371
38 52
38 54
38 79
38 94
38 99
38 110
38 115
38 174
38 177
38 211
38 214
38 226
38 296
38 323
38 330
38 373
39 41
39 46
39 97
39 137
39 141
39 145
39 177
39 216
39 220
39 222
39 228
39 231
39 244
39 268
39 279
39 284
39 315
39 332
39 342
39 370
39 378
39 380
40 87
40 110
40 122
40 152
40 155
40 182
40 191
40 192
40 204
40 206
40 210
40 239
40 240
40 257
40 266
40 268
40 290
40 300
40 352
40 360
40 370
40 386
41 64
41 112
41 119
41 121
41 124
41 143
41 170
41 173
41 175
41 180
41 217
41 235
41 280
41 292
41 293
41 319
41 338
41 360
41 361
42 46
42 49
42 61
42 79
42 82
42 93
42 105
42 161
42 189
42 196
42 204
42 219
42 221
42 228
42 240
42 248
42 255
42 303
42 307
42 342
42 355
42 356
42 359
42 381
43 48
43 49
43 51
43 123
43 150
43 177
43 184
43 187
43 206
43 226
43 236
43 278
43 299
43 300
43 336
43 338
43 361
43 373
43 375
43 392
44 90
44 108
44 110
44 118
44 124
44 137
44 141
44 162
44 164
44 224
44 226
44 231
44 235
44 253
44 259
44 277
44 278
44 298
44 311
44 360
44 361
44 393
45 48
45 61
45 66
45 71
45 75
45 100
45 108
45 111
45 150
45 184
45 185
45 205
45 220
45 253
45 279
45 285
45 297
45 304
45 332
45 355
45 359
45 361
45 377
46 50
46 66
46 102
46 112
46 127
46 135
46 156
46 195
46 199
46 235
46 250
46 263
46 321
46 330
46 333
46 355
46 358
46 379
46 382
47 81
47 94
47 112
47 203
47 248
47 259
47 260
47 264
47 273
47 275
47 286
47 308
47 327
47 362
47 371
47 377
48 56
48 78
48 88
48 89
48 101
48 110
48 162
48 188
48 193
48 220
48 250
48 256
48 331
49 69
49 75
49 128
49 199
49 242
49 245
49 268
49 274
49 289
49 296
49 354
49 355
49 387
49 395
50 55
50 64
50 65
50 89
50 95
50 155
50 187
50 236
50 245
50 295
50 298
50 384
51 55
51 88
51 95
51 104
51 108
51 206
51 207
51 215
51 228
51 238
51 255
51 267
51 298
51 309
51 324
51 339
51 354
51 382
52 79
52 135
52 138
52 161
52 167
52 172
52 175
52 212
52 215
52 222
52 231
52 314
52 327
52 330
52 341
52 344
52 367
52 395
52 399
53 56
53 59
53 64
53 65
53 66
53 88
53 92
53 103
53 111
53 125
53 134
53 147
53 150
53 153
53 173
53 202
53 214
53 270
53 278
53 281
53 288
53 309
53 321
53 333
53 396
54 70
54 85
54 103
54 194
54 195
54 209
54 232
54 249
54 258
54 265
54 325
54 335
54 343
54 371
55 56
55 95
55 99
55 105
55 111
55 116
55 126
55 136
55 149
55 175
55 198
55 214
55 221
55 263
55 268
55 311
55 312
55 314
55 322
55 369
55 376
55 391
55 398
56 108
56 140
56 173
56 178
56 194
56 195
56 220
56 223
56 224
56 245
56 254
56 257
56 286
56 299
56 305
56 326
56 332
56 335
56 339
56 340
56 344
56 350
56 351
56 354
56 380
57 75
57 85
57 91
57 118
57 156
57 174
57 175
57 182
57 184
57 216
57 218
57 235
57 287
57 330
57 342
57 351
57 359
57 388
58 77
58 101
58 106
58 124
58 128
58 134
58 172
58 183
58 187
58 189
58 196
58 209
58 259
58 310
58 313
58 387
59 74
59 118
59 173
59 176
59 211
59 225
59 236
59 256
59 267
59 268
59 290
59 316
59 321
59 376
60 79
60 96
60 99
60 114
60 120
60 123
60 178
60 187
60 190
60 206
60 214
60 223
60 225
60 272
60 273
60 282
60 312
60 355
60 377
60 389
60 390
60 391
61 71
61 77
61 82
61 97
61 106
61 119
61 142
61 200
61 222
61 247
61 261
61 324
61 333
61 338
61 352
61 354
61 378
61 387
61 395
61 398
62 87
62 100
62 106
62 128
62 133
62 137
62 161
62 166
62 186
62 202
62 208
62 216
62 226
62 253
62 254
62 344
62 353
62 363
62 378
62 379
62 386
62 396
63 66
63 138
63 145
63 211
63 267
63 272
63 286
63 292
63 301
63 373
64 76
64 124
64 140
64 143
64 147
64 151
64 160
64 163
64 174
64 199
64 214
64 232
64 241
64 263
64 277
64 278
64 286
64 308
64 315
64 318
64 329
64 347
64 363
65 67
65 73
65 88
65 112
65 115
65 119
65 164
65 181
65 188
65 284
65 286
65 302
65 329
65 335
65 362
65 394
65 398
66 115
66 132
66 141
66 142
66 184
66 189
66 205
66 207
66 216
66 222
66 260
66 273
66 277
66 278
66 279
66 337
66 341
67 75
67 82
67 85
67 134
67 139
67 152
67 153
67 173
67 190
67 194
67 195
67 235
67 237
67 249
67 299
67 309
67 311
67 324
67 343
67 347
67 352
67 364
67 379
67 383
67 390
68 86
68 102
68 107
68 110
68 126
68 130
68 145
68 161
68 188
68 198
68 216
68 228
68 229
68 232
68 248
68 257
68 300
68 312
68 319
68 323
68 341
68 378
68 397
69 82
69 167
69 206
69 221
69 233
69 235
69 255
69 259
69 260
69 279
69 287
69 302
69 332
69 339
69 341
69 372
70 73
70 87
70 99
70 107
70 119
70 121
70 144
70 171
70 172
70 188
70 190
70 196
70 200
70 208
70 217
70 245
70 247
70 268
70 280
70 285
70 287
70 308
70 310
70 339
71 73
71 79
71 101
71 122
71 124
71 149
71 158
71 176
71 178
71 190
71 238
71 252
71 254
71 256
71 261
71 277
71 285
71 286
71 290
71 298
71 322
71 358
71 369
71 374
71 388
71 392
72 87
72 88
72 152
72 173
72 199
72 240
72 251
72 285
72 305
72 340
72 350
72 363
72 376
72 391
73 88
73 120
73 138
73 139
73 151
73 157
73 171
73 205
73 212
73 219
73 221
73 229
73 232
73 265
73 275
73 288
73 296
73 311
73 332
73 344
73 348
73 351
73 367
73 371
73 376
73 377
73 379
73 389
73 392
74 86
74 89
74 97
74 136
74 138
74 164
74 192
74 194
74 208
74 214
74 227
74 236
74 247
74 248
74 302
74 304
74 342
74 349
74 352
74 361
75 77
75 83
75 84
75 86
75 124
75 151
75 169
75 172
75 182
75 191
75 192
75 236
75 257
75 258
75 259
75 279
75 301
75 370
75 381
75 398
76 83
76 93
76 105
76 112
76 123
76 128
76 131
76 181
76 194
76 208
76 259
76 270
76 271
76 296
76 342
76 378
76 380
76 399
77 80
77 83
77 110
77 126
77 139
77 164
77 191
77 231
77 262
77 265
77 266
77 268
77 278
77 279
77 282
77 334
77 355
77 359
77 373
77 379
78 143
78 183
78 206
78 207
78 210
78 220
78 242
78 310
78 321
78 347
78 363
78 376
78 377
79 80
79 84
79 88
79 93
79 145
79 148
79 171
79 208
79 213
79 225
79 229
79 238
79 254
79 258
79 273
79 283
79 311
79 329
79 345
79 362
79 363
79 379
79 381
80 83
80 108
80 109
80 114
80 119
80 122
80 139
80 196
80 229
80 234
80 239
80 241
80 271
80 283
80 295
80 307
80 308
80 357
80 378
81 98
81 112
81 113
81 153
81 166
81 176
81 180
81 190
81 192
81 229
81 235
81 240
81 241
81 244
81 248
81 258
81 283
81 284
81 313
81 331
81 332
81 348
81 349
81 356
81 381
81 393
82 101
82 161
82 172
82 202
82 234
82 238
82 244
82 250
82 265
82 268
82 272
82 275
82 290
82 293
82 316
82 339
82 366
82 381
82 397
83 107
83 110
83 122
83 133
83 159
83 165
83 171
83 210
83 227
83 241
83 247
83 249
83 261
83 305
83 315
83 319
83 323
83 326
83 342
83 352
83 354
83 368
83 374
83 377
83 386
84 94
84 100
84 101
84 107
84 130
84 140
84 151
84 202
84 208
84 235
84 258
84 278
84 319
84 333
84 380
84 390
85 134
85 143
85 149
85 172
85 200
85 203
85 208
85 217
85 225
85 237
85 291
85 293
85 296
85 300
85 309
85 325
85 329
85 340
85 341
85 374
85 377
85 380
85 382
85 388
85 395
86 114
86 142
86 169
86 178
86 184
86 185
86 194
86 225
86 232
86 280
86 292
86 298
86 303
86 316
86 328
86 355
86 356
86 359
86 362
86 370
86 375
86 396
87 88
87 91
87 99
87 112
87 127
87 131
87 150
87 158
87 168
87 177
87 178
87 183
87 230
87 239
87 251
87 257
87 259
87 264
87 282
87 283
87 293
87 294
87 303
87 307
87 327
87 376
87 378
87 389
88 104
88 129
88 143
88 148
88 151
88 164
88 168
88 174
88 186
88 227
88 256
88 278
88 280
88 293
88 324
88 344
88 368
88 391
89 121
89 152
89 187
89 200
89 210
89 215
89 240
89 274
89 276
89 283
89 287
89 318
89 322
89 323
89 332
89 360
89 366
89 372
89 376
90 95
90 97
90 131
90 147
90 175
90 197
90 200
90 207
90 216
90 225
90 227
90 231
90 268
90 269
90 272
90 306
90 345
90 351
90 367
90 369
90 374
91 121
91 131
91 154
91 181
91 206
91 217
91 224
91 241
91 249
91 273
91 288
91 303
91 310
91 319
91 330
91 360
91 390
92 106
92 118
92 130
92 145
92 177
92 182
92 213
92 221
92 233
92 235
92 237
92 239
92 252
92 268
92 324
92 334
92 352
92 356
92 363
93 137
93 179
93 189
93 212
93 223
93 235
93 240
93 245
93 272
93 299
93 304
93 338
93 362
93 398
94 97
94 98
94 118
94 151
94 161
94 181
94 188
94 190
94 211
94 268
94 343
94 396
95 102
95 127
95 134
95 191
95 291
95 321
95 330
95 348
95 361
95 366
95 385
95 394
96 101
96 107
96 109
96 126
96 129
96 149
96 166
96 172
96 223
96 229
96 234
96 240
96 263
96 302
96 303
96 357
96 358
96 374
96 393
97 103
97 149
97 226
97 234
97 251
97 282
97 285
97 344
97 351
97 397
98 132
98 143
98 169
98 213
98 243
98 260
98 261
98 270
98 286
98 344
98 354
98 366
98 373
99 116
99 129
99 130
99 151
99 179
99 191
99 193
99 201
99 226
99 253
99 262
99 274
99 309
99 341
99 354
99 358
99 366
99 370
100 106
100 108
100 130
100 206
100 228
100 252
100 255
100 287
100 289
100 291
100 341
100 355
100 356
100 362
100 370
100 371
101 102
101 118
101 127
101 179
101 182
101 194
101 229
101 231
101 235
101 236
101 270
101 289
101 293
101 294
101 319
101 337
101 342
101 370
101 372
101 379
101 380
102 103
102 113
102 141
102 148
102 158
102 178
102 205
102 207
102 210
102 220
102 227
102 250
102 270
102 277
102 279
102 282
102 289
102 300
102 308
102 315
102 354
103 129
103 130
103 136
103 153
103 161
103 190
103 196
103 211
103 219
103 221
103 225
103 241
103 242
103 244
103 247
103 248
103 250
103 261
103 264
103 267
103 322
103 334
103 337
103 344
103 368
103 383
103 399
104 141
104 143
104 145
104 159
104 162
104 201
104 253
104 257
104 296
104 321
104 376
104 386
105 110
105 111
105 121
105 128
105 141
105 144
105 158
105 177
105 195
105 196
105 199
105 245
105 250
105 258
105 271
105 314
105 391
106 115
106 118
106 134
106 138
106 139
106 169
106 175
106 223
106 237
106 261
106 279
106 280
106 314
106 370
106 372
106 374
106 389
106 396
106 397
107 108
107 136
107 145
107 153
107 165
107 171
107 172
107 175
107 176
107 191
107 207
107 209
107 228
107 229
107 270
107 318
107 350
107 390
108 114
108 131
108 145
108 190
108 203
108 208
108 210
108 211
108 223
108 227
108 252
108 262
108 267
108 351
108 369
108 378
108 385
108 387
108 391
108 395
108 399
109 134
109 142
109 213
109 227
109 232
109 247
109 248
109 249
109 297
109 332
109 352
109 362
110 112
110 155
110 168
110 169
110 180
110 186
110 190
110 196
110 203
110 211
110 237
110 240
110 247
110 274
110 275
110 325
110 326
110 331
110 337
110 341
110 356
110 358
110 359
110 384
111 119
111 129
111 145
111 167
111 216
111 233
111 244
111 280
111 301
111 352
111 354
111 357
111 374
111 381
112 137
112 160
112 184
112 188
112 197
112 201
112 207
112 213
112 275
112 287
112 288
112 290
112 331
112 350
112 354
112 392
112 394
113 126
113 140
113 215
113 232
113 241
113 269
113 297
113 311
113 317
113 359
113 363
113 373
113 395
114 118
114 178
114 182
114 233
114 273
114 309
114 311
114 313
114 321
114 350
114 352
114 370
114 376
114 377
114 394
115 140
115 262
115 278
115 304
115 313
115 342
116 132
116 143
116 155
116 159
116 200
116 201
116 211
116 218
116 242
116 280
116 328
116 329
116 333
116 359
117 123
117 134
117 151
117 203
117 211
117 229
117 240
117 245
117 267
117 275
117 283
117 288
117 293
117 303
117 335
117 338
117 360
117 381
117 388
118 137
118 142
118 152
118 177
118 186
118 187
118 189
118 204
118 218
118 275
118 296
118 300
118 384
119 121
119 122
119 124
119 140
119 166
119 196
119 204
119 206
119 209
119 222
119 244
119 251
119 266
119 267
119 275
119 277
119 357
119 366
119 376
119 381
119 385
120 135
120 149
120 154
120 165
120 182
120 196
120 206
120 214
120 232
120 281
120 320
120 326
120 338
120 367
121 123
121 132
121 156
121 162
121 165
121 181
121 191
121 193
121 195
121 213
121 215
121 217
121 222
121 259
121 265
121 275
121 309
121 366
121 367
121 385
122 127
122 133
122 225
122 243
122 255
122 263
122 277
122 285
122 298
122 323
122 350
122 385
122 386
122 394
122 397
123 126
123 217
123 268
123 298
123 327
123 332
123 356
123 368
123 384
123 385
123 390
124 131
124 162
124 167
124 196
124 198
124 217
124 227
124 249
124 252
124 261
124 266
124 285
124 303
124 316
124 319
124 341
124 344
124 355
124 368
124 369
124 390
125 126
125 139
125 146
125 149
125 152
125 169
125 192
125 199
125 204
125 209
125 256
125 270
125 272
125 356
125 380
125 389
126 135
126 151
126 155
126 210
126 217
126 226
126 233
126 250
126 252
126 263
126 318
126 332
126 347
126 379
126 384
126 398
127 128
127 132
127 142
127 152
127 161
127 163
127 173
127 182
127 209
127 213
127 215
127 245
127 265
127 271
127 286
127 343
127 348
128 130
128 145
128 172
128 186
128 210
128 285
128 293
128 303
128 313
128 320
128 323
128 353
129 146
129 178
129 190
129 194
129 224
129 235
129 240
129 265
129 282
129 301
129 366
129 377
129 380
129 383
129 388
129 397
130 141
130 165
130 175
130 187
130 192
130 195
130 231
130 234
130 262
130 263
130 275
130 293
130 301
130 341
130 345
130 348
130 352
130 365
130 373
130 390
130 392
131 136
131 147
131 161
131 168
131 214
131 219
131 229
131 231
131 233
131 245
131 258
131 272
131 322
131 347
131 350
131 353
131 355
131 362
131 368
131 377
131 382
132 143
132 151
132 202
132 238
132 252
132 266
132 286
132 291
132 292
132 299
132 300
132 335
132 340
132 351
132 352
132 364
132 368
132 376
132 380
132 399
133 137
133 145
133 203
133 216
133 278
133 304
133 313
133 318
133 323
133 339
133 342
133 350
133 355
133 370
133 381
133 393
134 147
134 153
134 214
134 231
134 245
134 256
134 258
134 293
134 299
134 306
134 326
134 345
134 367
134 371
135 142
135 145
135 153
135 196
135 206
135 216
135 228
135 250
135 280
136 138
136 158
136 160
136 167
136 227
136 250
136 259
136 272
136 297
136 305
136 339
136 349
136 353
136 369
136 372
136 384
136 392
137 141
137 173
137 174
137 192
137 223
137 225
137 248
137 250
137 374
137 393
137 395
137 398
138 144
138 161
138 169
138 218
138 227
138 249
138 262
138 268
138 292
138 294
138 299
138 304
138 317
138 347
138 350
138 354
138 378
139 141
139 163
139 173
139 209
139 210
139 229
139 242
139 266
139 269
139 348
139 353
139 378
139 385
140 167
140 172
140 235
140 249
140 300
140 320
140 331
140 346
140 351
140 352
140 367
140 369
141 146
141 151
141 194
141 213
141 271
141 276
141 284
141 287
141 316
141 318
141 392
141 394
142 168
142 172
142 238
142 250
142 281
142 339
142 374
143 147
143 154
143 174
143 204
143 210
143 238
143 255
143 258
143 298
143 304
143 337
143 351
143 355
143 360
143 386
144 145
144 172
144 176
144 211
144 216
144 237
144 246
144 303
144 321
144 342
144 363
144 370
144 371
144 384
145 162
145 180
145 184
145 197
145 220
145 229
145 231
145 295
145 304
145 314
145 316
145 325
145 339
145 376
146 152
146 155
146 157
146 171
146 190
146 208
146 221
146 253
146 272
146 309
146 328
146 336
146 338
146 355
146 369
146 375
147 149
147 172
147 202
147 226
147 296
147 307
147 377
147 382
148 158
148 169
148 176
148 180
148 213
148 219
148 244
148 245
148 271
148 282
148 286
148 294
148 299
148 317
148 338
148 352
148 361
148 362
148 364
149 152
149 159
149 170
149 171
149 174
149 187
149 211
149 215
149 230
149 238
149 255
149 262
149 269
149 298
149 308
149 309
149 327
149 334
149 358
149 369
149 383
149 384
149 390
150 152
150 270
150 282
150 285
150 307
150 315
150 340
150 348
150 354
150 359
150 394
151 152
151 170
151 186
151 206
151 223
151 230
151 238
151 240
151 242
151 243
151 279
151 282
151 283
151 288
151 298
151 317
151 319
151 369
151 387
151 396
152 154
152 159
152 162
152 175
152 189
152 192
152 210
152 228
152 236
152 239
152 256
152 266
152 273
152 275
152 293
152 319
152 335
152 350
152 372
152 386
153 166
153 169
153 178
153 183
153 216
153 220
153 224
153 225
153 262
153 265
153 319
153 337
153 354
153 395
154 163
154 198
154 200
154 230
154 244
154 275
154 292
154 334
154 336
154 360
154 364
154 379
154 382
155 196
155 211
155 221
155 223
155 232
155 252
155 280
155 291
155 297
155 301
155 332
155 336
155 353
155 359
156 157
156 171
156 174
156 188
156 203
156 210
156 236
156 262
156 293
156 297
156 335
156 348
156 356
156 369
157 183
157 189
157 202
157 204
157 218
157 220
157 238
157 281
157 314
157 320
157 327
157 338
157 340
157 355
157 357
157 360
157 362
157 373
157 376
157 382
158 193
158 214
158 225
158 229
158 230
158 266
158 286
158 288
158 300
158 316
158 345
158 365
158 383
158 389
159 183
159 187
159 189
159 192
159 193
159 204
159 206
159 208
159 215
159 216
159 217
159 237
159 249
159 251
159 268
159 324
159 325
159 327
159 351
159 365
159 388
159 395
160 182
160 184
160 202
160 210
160 235
160 276
160 289
160 310
160 311
160 319
160 342
160 345
160 349
160 381
161 194
161 224
161 238
161 244
161 270
161 272
161 274
161 275
161 282
161 323
161 338
161 351
161 363
162 177
162 179
162 181
162 201
162 242
162 243
162 271
162 275
162 282
162 345
162 384
163 167
163 185
163 186
163 190
163 193
163 205
163 207
163 250
163 268
163 287
163 289
163 292
163 304
163 318
163 327
163 351
163 394
164 173
164 198
164 227
164 234
164 241
164 262
164 266
164 268
164 273
164 306
164 353
164 365
164 385
165 168
165 171
165 192
165 266
165 282
165 293
165 313
165 320
165 321
165 322
165 330
165 380
165 382
165 389
165 395
165 399
166 179
166 181
166 193
166 230
166 231
166 236
166 240
166 248
166 249
166 254
166 262
166 276
166 283
166 285
166 300
166 320
166 326
166 329
166 361
166 365
166 386
166 398
167 180
167 188
167 198
167 201
167 206
167 213
167 262
167 263
167 269
167 278
167 284
167 298
167 333
167 350
167 365
167 370
167 373
168 193
168 208
168 214
168 252
168 255
168 263
168 292
168 297
168 329
168 332
168 338
168 371
169 178
169 183
169 189
169 199
169 219
169 256
169 267
169 305
169 309
169 323
169 348
169 358
169 377
169 383
169 392
170 228
170 240
170 249
170 261
170 290
170 293
170 309
170 312
170 326
170 337
170 338
170 351
170 354
170 386
170 387
171 226
171 231
171 252
171 254
171 275
171 281
171 311
171 342
171 346
171 351
171 373
171 399
172 183
172 184
172 194
172 232
172 237
172 259
172 264
172 274
172 296
172 304
172 320
172 324
172 333
172 350
172 393
173 195
173 200
173 216
173 238
173 265
173 285
173 311
173 333
173 355
173 377
173 387
174 196
174 220
174 237
174 245
174 246
174 256
174 261
174 263
174 273
174 285
174 300
174 356
174 365
174 387
175 188
175 192
175 208
175 220
175 231
175 240
175 243
175 249
175 278
175 292
175 302
175 316
175 341
175 344
176 228
176 258
176 268
176 282
176 288
176 299
176 329
176 337
176 343
177 179
177 190
177 267
177 279
177 317
177 337
177 350
177 364
178 181
178 190
178 224
178 242
178 259
178 268
178 282
178 338
178 352
178 389
178 392
179 180
179 193
179 234
179 246
179 349
179 355
179 386
179 393
180 194
180 216
180 223
180 259
180 272
180 348
180 349
180 372
180 398
181 195
181 199
181 203
181 213
181 236
181 316
181 325
181 329
181 334
181 358
181 367
181 372
181 395
181 399
182 193
182 209
182 226
182 238
182 247
182 249
182 270
182 276
182 305
182 312
182 345
182 360
182 361
183 191
183 192
183 210
183 211
183 239
183 242
183 249
183 254
183 269
183 271
183 276
183 289
183 290
183 303
183 309
183 319
183 338
183 342
183 351
183 372
184 197
184 225
184 256
184 273
184 306
184 337
184 339
184 351
184 362
184 365
185 190
185 238
185 254
185 268
185 269
185 275
185 300
185 303
185 318
185 332
185 345
185 348
185 363
185 380
185 384
186 193
186 208
186 221
186 244
186 265
186 270
186 280
186 281
186 284
186 296
186 305
186 363
186 365
186 375
186 393
187 188
187 193
187 206
187 231
187 258
187 274
187 304
187 311
187 339
187 353
187 365
187 373
187 389
187 395
188 189
188 195
188 197
188 208
188 248
188 268
188 273
188 278
188 287
188 321
188 330
188 337
188 346
188 362
188 387
189 217
189 247
189 261
189 272
189 291
189 296
189 312
189 342
189 343
189 399
190 212
190 224
190 225
190 274
190 286
190 294
190 346
190 395
191 199
191 213
191 229
191 234
191 241
191 251
191 277
191 284
191 292
191 318
191 350
191 370
191 395
192 197
192 198
192 201
192 226
192 230
192 233
192 258
192 269
192 292
192 313
192 319
192 329
192 340
192 343
192 356
192 366
193 211
193 216
193 226
193 235
193 238
193 250
193 259
193 270
193 272
193 287
193 307
193 331
193 339
193 344
193 355
193 356
193 362
193 367
193 399
194 196
194 213
194 244
194 253
194 260
194 270
194 312
194 365
194 382
194 386
195 205
195 214
195 224
195 234
195 238
195 270
195 325
195 396
196 197
196 208
196 219
196 233
196 236
196 247
196 251
196 260
196 290
196 370
196 390
196 392
197 212
197 216
197 241
197 277
197 291
197 300
197 322
197 323
197 335
197 338
197 340
197 341
197 347
197 358
197 396
198 200
198 208
198 227
198 265
198 266
198 267
198 308
198 356
198 361
198 383
198 399
199 200
199 202
199 205
199 249
199 272
199 281
199 286
199 305
199 337
199 392
200 210
200 221
200 230
200 236
200 239
200 245
200 247
200 274
200 322
200 336
200 349
200 366
200 370
201 208
201 233
201 248
201 280
201 307
202 205
202 214
202 217
202 228
202 234
202 236
202 286
202 309
202 315
202 326
202 337
202 347
202 365
202 383
203 214
203 234
203 236
203 253
203 261
203 262
203 268
203 299
203 302
203 325
203 335
203 382
204 212
204 241
204 263
204 289
204 301
204 346
204 365
205 250
205 275
205 295
205 313
205 350
205 357
205 399
206 238
206 259
206 312
206 316
206 324
206 373
206 384
207 220
207 248
207 250
207 255
207 259
207 286
207 287
207 298
207 318
207 323
207 365
207 366
207 370
208 213
208 218
208 225
208 240
208 259
208 266
208 268
208 271
208 273
208 324
208 345
208 357
208 366
208 383
208 388
209 225
209 240
209 260
209 261
209 262
209 271
209 295
209 327
209 334
209 367
209 392
210 278
210 291
210 325
210 336
210 357
210 377
210 386
210 387
211 229
211 238
211 316
211 328
211 336
211 363
211 387
211 389
212 216
212 224
212 247
212 248
212 251
212 275
212 303
212 304
212 316
212 321
212 341
212 364
212 386
213 216
213 218
213 236
213 260
213 277
213 286
213 322
213 342
213 353
213 370
213 381
213 389
213 398
214 240
214 241
214 273
214 292
214 299
214 314
214 315
214 351
214 362
214 383
215 247
215 273
215 288
215 298
215 322
215 327
215 329
215 354
215 363
215 398
216 218
216 244
216 259
216 269
216 273
216 279
216 307
216 317
216 332
216 364
217 253
217 309
217 316
217 318
217 379
217 384
217 387
218 234
218 240
218 242
218 274
218 286
218 301
218 304
218 312
218 329
218 347
218 367
218 376
219 256
219 263
219 276
219 279
219 307
219 353
219 380
219 389
220 248
220 256
220 281
220 288
220 306
220 317
220 321
220 354
220 378
221 223
221 235
221 265
221 291
221 297
221 314
221 317
221 318
221 328
221 342
221 359
221 374
221 389
221 397
222 240
222 243
222 262
222 273
222 275
222 277
222 283
222 294
222 306
222 330
222 331
222 348
222 351
222 362
222 398
223 224
223 241
223 260
223 261
223 274
223 281
223 302
223 313
223 314
223 328
223 335
223 336
223 347
223 359
223 370
223 376
223 381
224 237
224 257
224 268
224 270
224 291
224 292
224 295
224 336
224 383
225 241
225 289
225 294
225 335
225 342
225 375
226 248
226 265
226 267
226 276
226 277
226 280
226 284
226 289
226 352
226 354
226 355
226 363
226 382
227 240
227 257
227 265
227 286
227 312
227 322
227 325
227 352
227 382
228 271
228 279
228 287
228 295
228 302
228 310
228 348
228 378
229 261
229 337
229 385
230 238
230 251
230 292
230 321
230 340
230 349
230 360
230 363
230 379
230 395
231 265
231 266
231 310
231 321
231 329
231 352
231 392
231 393
232 295
232 339
232 348
232 358
232 364
232 365
232 391
233 270
233 271
233 282
233 299
233 301
233 353
233 364
233 374
233 387
234 244
234 271
234 312
234 317
234 333
234 338
234 354
234 364
234 378
234 389
235 252
235 306
235 307
235 332
235 345
235 347
235 351
235 363
235 364
235 379
235 395
236 298
236 307
236 321
236 341
236 397
237 258
237 262
237 277
237 278
237 290
237 309
237 313
237 317
237 330
237 338
237 345
237 356
237 385
237 391
238 283
238 289
238 299
238 358
238 360
239 247
239 277
239 279
239 281
239 307
239 312
239 316
239 322
239 326
239 342
239 364
239 397
240 247
240 250
240 257
240 259
240 270
240 281
240 289
240 306
240 353
240 359
240 364
240 385
240 387
241 249
241 269
241 299
241 310
241 324
241 342
241 343
241 356
242 258
242 265
242 322
242 351
242 364
242 375
242 391
242 393
243 254
243 263
243 273
243 276
243 284
243 295
243 299
243 316
243 396
243 399
244 339
244 354
244 355
244 368
244 375
244 398
245 285
245 286
245 289
245 302
245 313
245 334
245 343
245 357
245 361
245 362
245 380
245 386
246 276
246 278
246 282
246 285
246 296
246 326
246 336
246 337
246 365
247 260
247 263
247 269
247 287
247 296
247 302
247 307
247 311
247 336
247 355
247 359
247 371
247 379
247 383
248 259
248 263
248 294
248 299
248 316
248 329
248 342
248 359
248 381
248 383
248 393
249 323
249 338
249 364
249 375
249 385
249 397
250 278
250 286
250 287
250 303
250 309
250 312
250 313
250 325
250 333
250 345
250 377
250 388
250 389
251 262
251 267
251 275
251 291
251 306
251 327
251 335
251 342
252 272
252 283
252 287
252 296
252 352
252 395
253 255
253 267
253 276
253 284
253 286
253 299
253 325
253 348
253 363
253 365
253 366
253 396
254 262
254 291
254 300
254 305
254 310
254 316
254 318
254 325
254 332
254 356
254 369
254 375
254 378
254 380
254 381
255 279
255 311
255 315
255 331
255 352
255 360
255 377
256 290
256 291
256 294
256 357
256 370
256 381
256 383
256 388
257 300
257 321
257 375
258 267
258 281
258 290
258 293
258 351
258 354
258 355
258 363
259 261
259 284
259 304
259 305
259 312
259 313
259 343
259 374
259 375
259 376
260 268
260 283
260 315
260 338
260 372
260 375
260 392
261 263
261 273
261 293
261 294
261 387
261 395
262 289
262 304
262 308
262 311
262 318
262 349
262 351
262 360
262 370
262 390
263 282
263 308
263 319
263 323
263 329
263 340
263 345
263 346
263 357
263 389
263 394
264 275
264 289
264 295
264 300
264 324
264 327
264 335
264 349
264 356
264 369
264 383
264 386
265 268
265 288
265 329
265 384
265 397
266 278
266 308
266 362
266 391
266 398
267 272
267 278
267 291
267 334
267 346
267 353
267 374
267 397
268 278
268 286
268 294
268 311
268 338
268 369
268 373
268 379
268 380
268 387
269 280
269 281
269 307
269 333
269 334
269 350
269 353
269 376
270 272
270 293
270 307
270 362
270 364
270 372
271 287
271 322
271 357
271 367
271 369
272 276
272 291
272 293
272 336
272 360
272 365
272 366
272 388
273 289
273 290
273 302
273 312
273 329
273 380
273 393
273 398
274 290
274 329
274 335
274 348
274 359
274 397
275 303
275 305
275 307
275 352
275 371
275 376
275 397
276 283
276 296
276 303
276 310
276 315
276 319
276 351
276 366
276 389
276 391
277 284
277 290
277 293
277 298
277 305
277 314
277 338
277 342
277 345
277 349
277 366
277 373
277 390
278 323
278 347
278 353
278 370
278 375
278 383
278 395
279 328
279 329
279 389
279 399
280 282
280 287
280 289
280 317
280 320
280 349
280 362
280 379
280 398
281 291
281 328
281 360
281 372
281 378
281 380
281 390
281 399
282 284
282 307
282 323
282 331
282 336
282 341
282 347
282 373
282 374
283 292
283 300
283 314
283 318
283 320
283 331
283 338
283 357
283 364
283 368
283 381
283 398
284 308
284 331
284 342
284 361
284 368
284 387
284 388
285 294
285 302
285 310
285 335
285 339
285 349
285 388
286 306
286 315
286 321
286 326
286 331
286 353
286 373
286 394
287 323
287 331
287 332
287 365
287 370
287 371
287 377
287 390
288 289
288 300
288 347
288 364
288 367
288 375
288 398
289 300
289 317
289 325
289 389
290 293
290 295
290 314
290 328
290 339
290 394
291 297
291 299
291 307
291 375
291 378
291 390
292 294
292 345
292 395
293 365
293 393
294 313
294 330
294 358
294 386
295 296
295 307
295 340
295 375
295 384
296 321
296 331
296 334
296 336
296 353
296 362
296 374
296 395
297 304
297 306
297 310
297 320
297 324
297 349
297 367
297 390
298 300
298 337
298 344
298 354
298 378
298 390
298 398
299 315
299 327
299 329
299 347
299 379
299 387
300 301
300 306
300 337
300 350
300 351
300 372
301 343
301 370
301 389
302 310
302 323
302 324
302 333
302 335
302 354
302 363
302 379
303 373
303 392
303 396
304 311
304 317
304 363
304 384
305 342
305 353
305 362
305 365
305 390
306 323
306 340
306 379
307 314
307 315
307 342
307 350
307 373
307 376
307 381
307 395
308 312
308 315
308 368
308 378
308 380
308 387
308 389
309 326
309 330
309 364
309 377
309 380
309 384
310 319
310 322
310 350
310 355
310 368
310 382
310 394
311 314
311 317
311 363
311 387
311 389
312 314
312 326
312 336
312 348
312 383
312 387
312 396
313 359
313 360
313 395
314 316
314 317
314 331
314 338
314 361
314 366
314 379
314 398
315 318
315 337
315 355
315 388
316 336
316 374
316 390
316 398
317 326
317 337
317 365
317 371
317 377
317 395
318 328
318 335
318 360
318 372
318 378
318 382
318 394
319 329
319 335
319 339
319 343
319 358
319 366
320 321
320 324
320 341
320 356
320 396
321 331
321 363
321 395
322 331
322 339
322 350
322 361
322 363
322 366
322 386
322 387
322 394
323 337
323 354
323 355
323 377
323 382
323 392
324 332
324 335
324 346
324 365
324 381
325 364
325 369
325 371
325 380
325 397
325 399
326 346
326 349
326 350
326 356
326 359
326 397
327 334
327 337
327 351
327 397
328 330
328 339
328 344
328 361
328 376
329 343
329 345
329 368
329 376
330 353
330 355
330 392
331 339
331 341
331 350
331 362
331 382
331 393
331 394
332 390
333 342
333 382
333 383
333 399
334 345
334 351
334 375
334 383
334 386
335 351
335 356
335 363
335 365
336 346
336 368
336 376
336 378
336 398
337 349
337 356
337 377
337 398
338 339
338 367
338 372
338 387
339 379
339 384
339 387
339 388
339 395
340 343
340 355
340 357
340 382
341 364
341 382
341 397
342 343
342 368
342 386
343 361
343 381
343 385
344 358
344 389
345 346
345 363
345 381
345 385
345 392
346 374
347 353
347 354
347 355
347 369
347 392
347 393
348 390
348 392
349 362
349 371
349 377
350 365
350 370
350 394
350 397
351 389
352 359
352 376
352 379
353 356
353 370
353 372
353 395
353 398
355 364
356 357
356 362
356 399
357 359
358 361
359 375
359 398
360 371
360 387
361 375
361 376
361 391
362 380
364 374
364 376
365 386
366 386
366 393
368 390
368 399
370 374
370 391
371 383
372 380
372 393
372 397
373 379
373 398
374 381
374 382
374 394
376 379
376 383
376 389
376 393
377 381
378 380
379 381
380 384
380 386
380 387
383 392
384 385
385 398
386 387
389 390
393 399
397 398
