500 11268 0.2
0 1
0 10
0 12
0 13
0 21
0 39
0 45
0 64
0 72
0 78
0 79
0 91
0 96
0 104
0 110
0 116
0 124
0 144
0 153
0 157
0 159
0 160
0 162
0 167
0 178
0 194
0 196
0 202
0 210
0 214
0 245
0 248
0 254
0 262
0 273
0 282
0 285
0 313
0 331
0 348
0 359
0 381
0 407
0 414
0 421
0 462
0 463
0 464
0 482
0 491
0 494
1 25
1 30
1 40
1 52
1 64
1 71
1 97
1 105
1 128
1 153
1 154
1 158
1 164
1 175
1 180
1 220
1 229
1 245
1 249
1 256
1 275
1 306
1 308
1 310
1 315
1 318
1 349
1 362
1 369
1 388
1 390
1 404
1 413
1 426
1 437
1 443
1 460
1 461
1 466
1 491
1 496
2 3
2 4
2 10
2 50
2 59
2 67
2 74
2 76
2 88
2 94
2 100
2 119
2 126
2 129
2 134
2 137
2 150
2 166
2 169
2 173
2 178
2 211
2 250
2 299
2 304
2 325
2 337
2 339
2 353
2 357
2 374
2 377
2 382
2 386
2 387
2 398
2 402
2 404
2 410
2 416
2 417
2 426
2 432
2 435
2 441
2 454
2 466
2 478
2 481
2 486
2 490
3 7
3 12
3 26
3 31
3 38
3 46
3 75
3 88
3 89
3 131
3 132
3 133
3 134
3 140
3 144
3 145
3 150
3 168
3 169
3 200
3 202
3 210
3 230
3 247
3 253
3 266
3 277
3 278
3 279
3 282
3 291
3 307
3 313
3 317
3 326
3 328
3 340
3 354
3 362
3 366
3 375
3 387
3 394
3 395
3 399
3 405
3 415
3 436
3 449
3 460
3 476
3 482
3 485
4 10
4 13
4 30
4 36
4 51
4 53
4 70
4 72
4 80
4 83
4 89
4 92
4 109
4 117
4 120
4 129
4 130
4 154
4 159
4 176
4 183
4 186
4 211
4 221
4 236
4 245
4 252
4 256
4 284
4 300
4 302
4 323
4 324
4 340
4 355
4 358
4 377
4 388
4 397
4 404
4 418
4 420
4 435
4 447
4 450
4 463
4 470
4 483
5 6
5 7
5 16
5 20
5 21
5 22
5 46
5 49
5 51
5 57
5 98
5 105
5 113
5 126
5 128
5 129
5 136
5 163
5 182
5 190
5 201
5 207
5 209
5 213
5 221
5 239
5 245
5 246
5 257
5 261
5 287
5 305
5 308
5 312
5 315
5 325
5 329
5 347
5 349
5 365
5 371
5 375
5 386
5 410
5 413
5 424
5 426
5 431
5 432
5 442
5 447
5 454
5 459
5 475
5 481
5 484
5 491
6 34
6 47
6 55
6 80
6 140
6 153
6 155
6 172
6 193
6 205
6 222
6 228
6 243
6 245
6 260
6 261
6 262
6 266
6 275
6 279
6 283
6 300
6 336
6 343
6 359
6 364
6 386
6 401
6 403
6 410
6 425
6 436
6 451
6 455
6 464
6 469
6 473
6 484
6 485
6 487
6 495
6 496
7 10
7 20
7 53
7 78
7 87
7 88
7 104
7 115
7 118
7 127
7 128
7 131
7 135
7 140
7 152
7 160
7 239
7 241
7 249
7 263
7 264
7 272
7 277
7 289
7 297
7 301
7 315
7 316
7 339
7 341
7 345
7 353
7 356
7 372
7 373
7 386
7 387
7 402
7 416
7 426
7 430
7 436
7 438
7 439
7 459
7 461
7 467
7 468
7 480
8 22
8 36
8 40
8 60
8 61
8 63
8 98
8 113
8 132
8 159
8 182
8 194
8 196
8 226
8 240
8 243
8 244
8 246
8 290
8 299
8 316
8 339
8 340
8 342
8 349
8 367
8 377
8 390
8 393
8 409
8 411
8 422
8 485
9 12
9 28
9 34
9 39
9 49
9 57
9 59
9 96
9 101
9 106
9 108
9 114
9 128
9 133
9 136
9 154
9 159
9 174
9 191
9 197
9 198
9 204
9 206
9 219
9 230
9 233
9 246
9 247
9 258
9 260
9 271
9 288
9 293
9 300
9 306
9 314
9 315
9 316
9 322
9 329
9 337
9 347
9 348
9 353
9 365
9 377
9 416
9 419
9 421
9 424
9 443
9 468
9 473
9 477
9 479
9 488
10 23
10 46
10 47
10 65
10 68
10 78
10 101
10 121
10 132
10 148
10 153
10 164
10 169
10 189
10 199
10 206
10 214
10 228
10 231
10 265
10 275
10 290
10 294
10 295
10 304
10 308
10 333
10 338
10 347
10 348
10 356
10 359
10 363
10 400
10 409
10 415
10 417
10 425
10 430
10 443
10 452
10 454
10 470
10 477
10 482
10 483
10 487
10 499
11 14
11 17
11 26
11 41
11 46
11 47
11 49
11 53
11 92
11 117
11 122
11 123
11 147
11 179
11 181
11 184
11 199
11 207
11 208
11 210
11 213
11 215
11 229
11 240
11 244
11 258
11 261
11 269
11 274
11 279
11 296
11 299
11 301
11 309
11 318
11 327
11 344
11 378
11 379
11 388
11 423
11 429
11 433
11 464
11 477
11 478
11 483
12 71
12 87
12 88
12 97
12 127
12 156
12 157
12 197
12 202
12 221
12 228
12 236
12 244
12 260
12 272
12 279
12 288
12 290
12 309
12 322
12 323
12 332
12 344
12 355
12 371
12 378
12 428
12 432
12 438
12 460
12 473
12 474
12 485
13 19
13 43
13 44
13 46
13 51
13 54
13 64
13 68
13 80
13 93
13 96
13 103
13 104
13 122
13 126
13 141
13 151
13 152
13 159
13 186
13 190
13 193
13 238
13 252
13 266
13 278
13 284
13 300
13 308
13 315
13 324
13 325
13 328
13 335
13 339
13 359
13 366
13 369
13 378
13 383
13 389
13 392
13 395
13 420
13 430
13 448
13 464
13 467
13 470
13 474
13 482
13 489
14 16
14 17
14 28
14 42
14 61
14 77
14 82
14 92
14 97
14 98
14 99
14 115
14 120
14 121
14 130
14 144
14 150
14 155
14 165
14 181
14 203
14 234
14 236
14 259
14 260
14 264
14 272
14 278
14 295
14 301
14 307
14 314
14 319
14 327
14 329
14 335
14 414
14 418
14 438
14 443
14 445
14 459
14 467
14 483
15 30
15 38
15 40
15 51
15 74
15 77
15 83
15 84
15 96
15 97
15 105
15 107
15 114
15 127
15 128
15 140
15 143
15 149
15 179
15 183
15 186
15 219
15 221
15 228
15 232
15 239
15 255
15 281
15 282
15 284
15 293
15 328
15 347
15 352
15 353
15 354
15 371
15 372
15 378
15 409
15 418
15 421
15 429
15 455
15 457
15 486
15 488
15 494
15 495
15 497
16 43
16 56
16 75
16 84
16 94
16 105
16 116
16 131
16 134
16 140
16 141
16 148
16 151
16 161
16 171
16 172
16 197
16 207
16 212
16 235
16 243
16 253
16 285
16 287
16 306
16 317
16 319
16 334
16 339
16 355
16 369
16 371
16 390
16 401
16 402
16 406
16 426
16 437
16 444
16 450
16 452
16 453
16 462
16 473
16 480
16 487
17 30
17 52
17 67
17 105
17 110
17 123
17 134
17 139
17 142
17 149
17 160
17 168
17 176
17 190
17 191
17 204
17 210
17 238
17 242
17 245
17 276
17 278
17 280
17 281
17 282
17 308
17 313
17 321
17 322
17 324
17 329
17 344
17 347
17 358
17 377
17 386
17 407
17 409
17 411
17 419
17 441
17 453
17 459
17 489
17 490
18 67
18 75
18 83
18 91
18 103
18 114
18 127
18 139
18 147
18 151
18 159
18 173
18 184
18 187
18 201
18 227
18 255
18 267
18 274
18 291
18 293
18 300
18 317
18 320
18 330
18 334
18 338
18 342
18 348
18 349
18 352
18 356
18 364
18 374
18 416
18 421
18 452
18 455
18 460
18 488
19 24
19 25
19 56
19 74
19 83
19 85
19 86
19 95
19 140
19 147
19 152
19 221
19 233
19 256
19 257
19 260
19 272
19 273
19 282
19 284
19 293
19 294
19 300
19 317
19 318
19 328
19 332
19 333
19 347
19 350
19 353
19 354
19 383
19 392
19 413
19 418
19 448
19 454
19 475
19 493
19 496
19 497
20 36
20 47
20 51
20 53
20 54
20 101
20 107
20 120
20 126
20 127
20 154
20 156
20 162
20 163
20 175
20 202
20 215
20 221
20 222
20 232
20 239
20 240
20 251
20 258
20 272
20 275
20 291
20 292
20 313
20 319
20 320
20 323
20 335
20 359
20 379
20 404
20 406
20 413
20 443
20 450
20 451
20 462
20 463
20 466
20 471
20 492
21 22
21 27
21 30
21 43
21 55
21 58
21 72
21 152
21 157
21 182
21 185
21 208
21 243
21 248
21 254
21 256
21 262
21 263
21 272
21 273
21 276
21 287
21 325
21 341
21 342
21 395
21 408
21 435
21 452
21 458
21 471
21 477
21 480
21 492
21 499
22 27
22 36
22 72
22 80
22 89
22 99
22 108
22 117
22 141
22 151
22 162
22 165
22 170
22 187
22 214
22 218
22 229
22 235
22 238
22 239
22 253
22 255
22 264
22 265
22 267
22 283
22 315
22 326
22 332
22 337
22 352
22 354
22 356
22 364
22 369
22 380
22 385
22 406
22 407
22 422
22 432
22 434
22 447
22 465
22 493
23 44
23 48
23 67
23 81
23 101
23 117
23 134
23 162
23 184
23 216
23 246
23 254
23 259
23 271
23 317
23 323
23 328
23 336
23 337
23 374
23 377
23 381
23 428
23 433
23 443
23 464
23 469
24 42
24 52
24 66
24 68
24 72
24 75
24 120
24 122
24 179
24 191
24 192
24 197
24 251
24 259
24 268
24 278
24 282
24 302
24 319
24 323
24 330
24 347
24 363
24 393
24 396
24 424
24 432
24 438
24 454
24 483
24 487
24 493
25 52
25 56
25 60
25 81
25 91
25 96
25 105
25 109
25 110
25 120
25 125
25 167
25 172
25 176
25 204
25 211
25 237
25 241
25 262
25 267
25 270
25 297
25 306
25 309
25 317
25 319
25 323
25 324
25 327
25 328
25 352
25 360
25 364
25 366
25 373
25 408
25 452
25 479
25 497
26 43
26 45
26 67
26 80
26 82
26 101
26 105
26 120
26 155
26 161
26 168
26 170
26 179
26 185
26 188
26 191
26 202
26 222
26 231
26 236
26 263
26 271
26 274
26 286
26 326
26 332
26 341
26 359
26 364
26 367
26 376
26 384
26 397
26 405
26 417
26 419
26 440
26 444
26 447
26 453
26 461
26 464
26 465
26 468
26 483
26 486
26 496
26 497
26 498
27 40
27 51
27 84
27 94
27 111
27 112
27 118
27 137
27 148
27 159
27 169
27 178
27 182
27 202
27 279
27 296
27 297
27 299
27 307
27 322
27 324
27 325
27 328
27 330
27 338
27 379
27 391
27 396
27 397
27 403
27 410
27 436
27 437
27 439
27 448
27 465
27 469
27 470
27 472
27 475
27 483
28 34
28 66
28 90
28 96
28 127
28 141
28 142
28 147
28 148
28 152
28 172
28 186
28 199
28 201
28 227
28 232
28 241
28 257
28 264
28 269
28 281
28 284
28 285
28 301
28 351
28 369
28 375
28 407
28 413
28 416
28 428
28 429
28 453
28 463
28 467
28 470
28 475
28 482
29 35
29 42
29 51
29 52
29 54
29 59
29 64
29 72
29 86
29 90
29 99
29 109
29 114
29 120
29 121
29 181
29 187
29 196
29 209
29 223
29 224
29 229
29 232
29 244
29 247
29 259
29 276
29 279
29 289
29 292
29 312
29 356
29 386
29 396
29 405
29 409
29 410
29 417
29 419
29 448
29 465
29 467
29 475
29 493
30 42
30 51
30 61
30 68
30 96
30 107
30 113
30 119
30 134
30 149
30 154
30 160
30 168
30 184
30 195
30 200
30 204
30 211
30 221
30 231
30 241
30 244
30 247
30 258
30 266
30 283
30 315
30 318
30 340
30 364
30 366
30 391
30 394
30 398
30 401
30 418
30 421
30 437
30 469
30 473
30 475
30 497
31 39
31 50
31 57
31 61
31 69
31 101
31 107
31 108
31 123
31 134
31 142
31 153
31 182
31 191
31 193
31 210
31 219
31 221
31 255
31 273
31 277
31 282
31 299
31 319
31 337
31 345
31 347
31 351
31 359
31 401
31 417
31 420
31 424
31 446
31 456
31 458
31 479
31 484
32 34
32 52
32 67
32 91
32 92
32 108
32 127
32 137
32 142
32 154
32 162
32 163
32 168
32 171
32 185
32 205
32 244
32 254
32 257
32 274
32 275
32 285
32 355
32 356
32 358
32 359
32 363
32 384
32 389
32 395
32 404
32 406
32 451
32 456
32 467
32 497
33 34
33 50
33 51
33 65
33 68
33 73
33 75
33 76
33 83
33 97
33 103
33 107
33 109
33 117
33 123
33 143
33 146
33 153
33 160
33 181
33 195
33 196
33 202
33 206
33 212
33 215
33 224
33 226
33 228
33 231
33 237
33 274
33 277
33 298
33 335
33 347
33 362
33 364
33 379
33 395
33 406
33 410
33 429
33 441
33 467
33 473
33 476
33 490
33 491
33 495
33 496
34 46
34 65
34 70
34 90
34 93
34 102
34 107
34 115
34 121
34 139
34 151
34 167
34 170
34 174
34 188
34 202
34 245
34 256
34 272
34 274
34 278
34 281
34 333
34 340
34 341
34 371
34 385
34 413
34 415
34 417
34 427
34 431
34 466
34 473
34 486
34 495
34 496
35 36
35 37
35 44
35 53
35 54
35 58
35 65
35 110
35 122
35 127
35 131
35 137
35 146
35 148
35 167
35 203
35 208
35 229
35 234
35 236
35 246
35 248
35 273
35 306
35 307
35 309
35 310
35 346
35 349
35 355
35 379
35 432
35 439
35 441
35 442
35 462
35 463
35 469
35 472
35 478
35 479
35 499
36 42
36 98
36 103
36 110
36 133
36 141
36 153
36 174
36 186
36 187
36 197
36 206
36 214
36 215
36 217
36 229
36 236
36 244
36 255
36 266
36 274
36 283
36 297
36 319
36 322
36 333
36 344
36 350
36 363
36 364
36 371
36 375
36 380
36 397
36 406
36 407
36 410
36 431
36 440
36 444
36 452
36 459
36 465
36 478
36 479
36 496
37 44
37 70
37 82
37 84
37 89
37 112
37 115
37 122
37 130
37 171
37 181
37 202
37 217
37 234
37 235
37 242
37 280
37 282
37 290
37 309
37 320
37 324
37 336
37 338
37 341
37 345
37 346
37 348
37 356
37 374
37 381
37 386
37 400
37 401
37 417
37 424
37 429
37 431
37 432
37 457
37 458
37 490
37 496
37 497
37 498
38 41
38 44
38 58
38 59
38 61
38 68
38 75
38 77
38 94
38 104
38 109
38 133
38 135
38 140
38 143
38 149
38 157
38 163
38 164
38 167
38 173
38 183
38 188
38 239
38 251
38 262
38 281
38 316
38 320
38 339
38 365
38 366
38 388
38 392
38 399
38 402
38 405
38 406
38 407
38 476
38 480
38 481
38 490
38 491
38 493
39 47
39 57
39 78
39 89
39 95
39 131
39 142
39 145
39 183
39 200
39 217
39 250
39 255
39 259
39 278
39 302
39 303
39 306
39 320
39 342
39 349
39 355
39 368
39 377
39 380
39 384
39 397
39 406
39 427
39 435
39 462
40 60
40 73
40 79
40 89
40 94
40 114
40 117
40 120
40 122
40 123
40 126
40 135
40 137
40 139
40 153
40 163
40 198
40 220
40 225
40 228
40 232
40 241
40 246
40 248
40 250
40 269
40 271
40 309
40 333
40 346
40 361
40 366
40 426
40 439
40 449
40 458
40 462
40 469
40 472
40 486
40 490
41 43
41 57
41 59
41 61
41 108
41 127
41 129
41 145
41 146
41 152
41 154
41 155
41 158
41 216
41 227
41 228
41 248
41 266
41 276
41 294
41 300
41 314
41 317
41 324
41 326
41 331
41 335
41 350
41 353
41 354
41 363
41 372
41 373
41 376
41 388
41 393
41 400
41 402
41 411
41 424
41 429
41 437
42 50
42 76
42 89
42 93
42 114
42 119
42 120
42 123
42 131
42 132
42 148
42 151
42 162
42 170
42 187
42 198
42 199
42 208
42 209
42 218
42 220
42 225
42 312
42 318
42 323
42 335
42 341
42 354
42 370
42 380
42 398
42 402
42 408
42 414
42 419
42 423
42 429
42 435
42 451
42 452
42 453
42 463
42 481
42 486
43 45
43 68
43 82
43 86
43 91
43 96
43 109
43 113
43 118
43 121
43 143
43 149
43 159
43 179
43 198
43 202
43 214
43 238
43 240
43 281
43 284
43 315
43 336
43 346
43 371
43 376
43 378
43 381
43 409
43 416
43 423
43 428
43 440
43 456
43 460
43 468
43 479
43 489
43 498
44 65
44 83
44 92
44 100
44 106
44 113
44 118
44 172
44 175
44 198
44 224
44 282
44 284
44 306
44 325
44 334
44 344
44 355
44 359
44 367
44 369
44 375
44 391
44 404
44 433
44 438
44 446
44 450
44 451
44 456
44 462
44 495
45 64
45 77
45 88
45 124
45 137
45 160
45 162
45 173
45 202
45 209
45 222
45 229
45 241
45 243
45 244
45 247
45 250
45 251
45 257
45 277
45 283
45 293
45 310
45 328
45 337
45 351
45 353
45 357
45 365
45 370
45 407
45 409
45 419
45 420
45 431
45 448
45 451
45 453
45 470
45 489
46 102
46 103
46 106
46 114
46 116
46 132
46 136
46 165
46 167
46 182
46 184
46 203
46 226
46 230
46 239
46 244
46 254
46 261
46 264
46 266
46 291
46 296
46 312
46 315
46 357
46 373
46 383
46 385
46 395
46 398
46 406
46 411
46 415
46 430
46 452
46 455
46 470
46 484
46 488
46 496
47 57
47 75
47 109
47 124
47 171
47 191
47 202
47 212
47 245
47 256
47 269
47 279
47 325
47 338
47 341
47 347
47 349
47 363
47 365
47 368
47 383
47 389
47 403
47 426
47 427
47 435
47 438
47 454
47 487
47 494
48 78
48 80
48 94
48 100
48 109
48 111
48 124
48 137
48 145
48 155
48 168
48 188
48 189
48 197
48 203
48 205
48 213
48 227
48 230
48 259
48 264
48 268
48 270
48 286
48 292
48 326
48 345
48 352
48 357
48 359
48 367
48 370
48 374
48 414
48 417
48 436
48 446
48 459
48 464
48 490
49 50
49 61
49 64
49 66
49 67
49 74
49 91
49 100
49 108
49 117
49 149
49 152
49 168
49 183
49 184
49 193
49 195
49 202
49 209
49 222
49 231
49 233
49 237
49 249
49 285
49 297
49 321
49 328
49 333
49 339
49 354
49 356
49 376
49 380
49 381
49 407
49 416
49 433
49 439
49 440
49 443
49 451
49 467
49 480
49 490
49 492
50 56
50 71
50 80
50 90
50 92
50 93
50 95
50 97
50 101
50 118
50 127
50 129
50 137
50 138
50 171
50 177
50 179
50 192
50 202
50 214
50 233
50 236
50 241
50 250
50 254
50 280
50 284
50 288
50 294
50 305
50 308
50 329
50 340
50 344
50 356
50 372
50 379
50 380
50 390
50 403
50 405
50 419
50 420
50 423
50 424
50 426
50 431
50 435
50 439
50 449
50 453
50 455
50 459
50 462
50 463
50 477
51 57
51 67
51 68
51 72
51 84
51 95
51 110
51 111
51 121
51 122
51 158
51 169
51 177
51 225
51 238
51 243
51 245
51 279
51 285
51 291
51 292
51 296
51 302
51 305
51 307
51 322
51 331
51 348
51 349
51 360
51 382
51 398
51 399
51 403
51 417
51 424
51 463
51 464
51 466
51 469
51 472
51 475
51 497
52 55
52 76
52 86
52 87
52 88
52 102
52 114
52 117
52 127
52 139
52 143
52 146
52 152
52 174
52 177
52 189
52 196
52 212
52 225
52 230
52 237
52 238
52 241
52 248
52 250
52 266
52 269
52 270
52 273
52 274
52 276
52 291
52 314
52 317
52 318
52 322
52 358
52 368
52 380
52 414
52 429
52 451
52 480
52 481
53 55
53 69
53 71
53 81
53 82
53 95
53 108
53 116
53 126
53 155
53 160
53 162
53 167
53 175
53 176
53 177
53 180
53 204
53 240
53 241
53 244
53 246
53 248
53 250
53 283
53 302
53 306
53 331
53 338
53 357
53 380
53 387
53 416
53 419
53 466
53 473
53 480
54 56
54 73
54 84
54 95
54 105
54 134
54 153
54 159
54 170
54 174
54 185
54 187
54 215
54 224
54 231
54 233
54 236
54 237
54 242
54 245
54 256
54 264
54 296
54 299
54 308
54 321
54 330
54 353
54 360
54 368
54 376
54 382
54 383
54 386
54 415
54 429
54 430
54 433
54 440
54 444
54 456
54 463
54 468
54 475
55 94
55 117
55 127
55 147
55 154
55 159
55 188
55 193
55 201
55 204
55 210
55 212
55 220
55 224
55 226
55 243
55 274
55 277
55 308
55 313
55 320
55 333
55 335
55 347
55 370
55 382
55 389
55 414
55 438
55 443
55 448
55 452
55 466
56 95
56 106
56 118
56 119
56 156
56 158
56 164
56 185
56 206
56 225
56 232
56 246
56 265
56 284
56 314
56 322
56 324
56 339
56 355
56 358
56 361
56 362
56 368
56 372
56 378
56 385
56 399
56 403
56 411
56 417
56 426
56 427
56 431
56 441
56 461
56 468
56 471
57 87
57 88
57 91
57 94
57 108
57 110
57 115
57 136
57 141
57 150
57 164
57 186
57 205
57 221
57 237
57 241
57 257
57 261
57 271
57 307
57 336
57 362
57 390
57 409
57 416
57 426
57 431
57 440
58 59
58 65
58 81
58 103
58 115
58 117
58 118
58 141
58 149
58 172
58 174
58 181
58 189
58 212
58 213
58 222
58 230
58 233
58 237
58 239
58 245
58 260
58 268
58 281
58 299
58 300
58 305
58 308
58 358
58 371
58 388
58 414
58 415
58 430
58 435
58 441
58 445
58 467
58 480
58 485
58 486
59 82
59 86
59 87
59 94
59 95
59 102
59 104
59 110
59 111
59 118
59 142
59 148
59 176
59 193
59 201
59 206
59 216
59 223
59 227
59 231
59 236
59 247
59 248
59 252
59 257
59 258
59 273
59 278
59 284
59 291
59 314
59 328
59 337
59 348
59 375
59 418
59 431
59 432
59 436
59 461
59 466
59 482
59 499
60 69
60 77
60 78
60 80
60 87
60 89
60 90
60 93
60 98
60 133
60 154
60 159
60 167
60 183
60 187
60 191
60 196
60 241
60 258
60 262
60 264
60 272
60 298
60 328
60 343
60 349
60 353
60 360
60 364
60 383
60 392
60 395
60 418
60 441
60 448
60 449
60 458
60 460
60 465
60 475
60 483
60 495
60 498
61 90
61 92
61 113
61 124
61 127
61 140
61 164
61 174
61 176
61 186
61 187
61 243
61 253
61 301
61 312
61 336
61 362
61 364
61 369
61 375
61 377
61 382
61 386
61 392
61 395
61 402
61 407
61 417
61 429
61 456
61 460
61 462
61 464
61 487
61 490
61 498
62 68
62 85
62 129
62 142
62 148
62 152
62 161
62 181
62 206
62 215
62 216
62 230
62 269
62 277
62 278
62 285
62 286
62 291
62 295
62 312
62 325
62 343
62 353
62 361
62 363
62 390
62 405
62 415
62 425
62 428
62 432
62 448
62 456
62 488
63 81
63 83
63 96
63 107
63 114
63 121
63 124
63 134
63 136
63 146
63 151
63 166
63 175
63 178
63 207
63 225
63 229
63 233
63 238
63 240
63 257
63 264
63 278
63 312
63 320
63 323
63 363
63 373
63 383
63 392
63 405
63 406
63 411
63 420
63 439
63 442
63 446
63 449
63 458
63 463
63 474
63 482
63 492
64 67
64 70
64 74
64 95
64 97
64 105
64 120
64 121
64 127
64 128
64 144
64 155
64 170
64 171
64 209
64 217
64 224
64 244
64 265
64 272
64 287
64 296
64 303
64 309
64 322
64 337
64 338
64 343
64 344
64 390
64 399
64 403
64 417
64 419
64 430
64 434
64 447
64 458
64 459
64 461
64 476
64 488
64 491
65 87
65 95
65 114
65 119
65 124
65 125
65 126
65 143
65 144
65 166
65 167
65 168
65 177
65 183
65 187
65 192
65 199
65 217
65 227
65 229
65 233
65 243
65 251
65 253
65 294
65 301
65 308
65 311
65 322
65 327
65 336
65 343
65 346
65 348
65 356
65 362
65 363
65 369
65 396
65 405
65 415
65 419
65 447
65 490
65 492
65 493
65 497
66 72
66 74
66 77
66 85
66 90
66 133
66 143
66 146
66 159
66 164
66 181
66 188
66 204
66 222
66 233
66 250
66 253
66 266
66 267
66 268
66 273
66 291
66 294
66 329
66 332
66 356
66 405
66 422
66 430
66 432
66 446
66 453
67 68
67 75
67 77
67 93
67 138
67 139
67 152
67 193
67 208
67 215
67 243
67 252
67 276
67 285
67 301
67 315
67 341
67 358
67 372
67 373
67 378
67 390
67 410
67 420
67 434
67 438
67 457
67 459
67 467
67 468
67 479
67 482
67 483
67 486
68 71
68 88
68 94
68 114
68 120
68 133
68 160
68 179
68 180
68 187
68 205
68 230
68 249
68 267
68 318
68 320
68 323
68 330
68 344
68 345
68 354
68 361
68 366
68 370
68 384
68 397
68 402
68 407
68 461
68 463
68 468
69 70
69 75
69 80
69 102
69 108
69 109
69 128
69 131
69 144
69 162
69 202
69 220
69 222
69 234
69 237
69 252
69 255
69 257
69 273
69 278
69 280
69 287
69 290
69 303
69 332
69 341
69 343
69 363
69 368
69 389
69 398
69 418
69 422
69 423
69 425
69 446
69 472
69 473
69 488
69 491
70 87
70 96
70 120
70 124
70 144
70 147
70 152
70 154
70 167
70 168
70 184
70 207
70 218
70 224
70 226
70 240
70 241
70 251
70 259
70 269
70 272
70 274
70 276
70 286
70 291
70 295
70 304
70 316
70 325
70 334
70 340
70 348
70 350
70 365
70 375
70 395
70 403
70 407
70 416
70 419
70 422
70 427
70 433
70 437
70 443
70 451
70 457
70 463
70 467
70 487
71 79
71 81
71 91
71 92
71 105
71 108
71 109
71 113
71 117
71 134
71 149
71 150
71 166
71 167
71 171
71 191
71 192
71 200
71 201
71 205
71 222
71 228
71 256
71 257
71 268
71 298
71 301
71 302
71 311
71 325
71 346
71 354
71 370
71 414
71 416
71 423
71 438
71 449
71 497
72 85
72 99
72 113
72 134
72 137
72 141
72 150
72 157
72 160
72 174
72 177
72 178
72 181
72 183
72 216
72 219
72 228
72 240
72 242
72 245
72 249
72 257
72 259
72 265
72 292
72 347
72 363
72 373
72 375
72 393
72 406
72 411
72 458
72 464
72 471
73 91
73 103
73 115
73 135
73 145
73 155
73 167
73 168
73 174
73 204
73 211
73 214
73 218
73 225
73 227
73 230
73 235
73 248
73 262
73 267
73 281
73 300
73 304
73 317
73 332
73 335
73 337
73 340
73 351
73 367
73 368
73 371
73 381
73 396
73 405
73 424
73 432
73 449
73 463
73 474
73 483
73 498
74 89
74 94
74 101
74 106
74 132
74 133
74 145
74 150
74 152
74 155
74 173
74 183
74 199
74 209
74 220
74 231
74 234
74 246
74 252
74 268
74 272
74 276
74 283
74 285
74 286
74 290
74 295
74 298
74 303
74 322
74 323
74 347
74 364
74 368
74 397
74 410
74 430
74 438
74 444
74 453
74 457
74 471
74 481
74 485
74 486
74 492
75 83
75 85
75 90
75 98
75 101
75 104
75 121
75 123
75 129
75 144
75 183
75 193
75 199
75 204
75 226
75 239
75 243
75 245
75 247
75 255
75 256
75 261
75 271
75 275
75 287
75 292
75 301
75 302
75 309
75 312
75 326
75 328
75 346
75 357
75 367
75 373
75 395
75 397
75 408
75 410
75 434
75 436
75 439
75 441
75 458
75 479
75 482
76 84
76 94
76 113
76 140
76 155
76 160
76 167
76 183
76 208
76 229
76 240
76 257
76 269
76 272
76 286
76 316
76 325
76 336
76 337
76 352
76 356
76 374
76 383
76 398
76 409
76 421
76 423
76 431
76 452
76 459
76 461
76 463
76 465
76 466
76 469
76 478
76 485
76 490
76 494
77 91
77 127
77 144
77 145
77 154
77 169
77 174
77 182
77 205
77 211
77 226
77 251
77 266
77 271
77 272
77 327
77 333
77 354
77 362
77 364
77 373
77 386
77 391
77 392
77 413
77 445
77 448
77 449
77 466
77 469
77 476
77 478
77 497
78 96
78 102
78 112
78 115
78 122
78 132
78 150
78 156
78 159
78 171
78 200
78 210
78 225
78 229
78 230
78 245
78 258
78 275
78 279
78 287
78 289
78 313
78 318
78 328
78 332
78 335
78 358
78 359
78 380
78 384
78 400
78 412
78 417
78 418
78 442
78 464
78 476
78 483
79 84
79 93
79 120
79 122
79 126
79 128
79 137
79 139
79 141
79 147
79 154
79 170
79 172
79 183
79 185
79 188
79 240
79 247
79 258
79 263
79 273
79 291
79 296
79 305
79 323
79 328
79 331
79 345
79 362
79 363
79 391
79 394
79 406
79 427
79 430
79 440
79 448
79 457
79 470
79 484
80 100
80 107
80 127
80 128
80 147
80 149
80 165
80 177
80 191
80 207
80 209
80 211
80 212
80 221
80 223
80 227
80 252
80 254
80 274
80 285
80 303
80 319
80 371
80 383
80 387
80 390
80 397
80 429
80 433
80 434
80 440
80 451
80 460
80 462
80 465
80 473
80 493
81 90
81 120
81 136
81 138
81 158
81 169
81 170
81 177
81 212
81 215
81 222
81 223
81 245
81 264
81 273
81 291
81 306
81 314
81 327
81 330
81 350
81 368
81 372
81 377
81 390
81 406
81 462
81 477
82 89
82 95
82 99
82 100
82 113
82 129
82 136
82 137
82 142
82 143
82 149
82 221
82 235
82 238
82 248
82 279
82 295
82 296
82 300
82 301
82 306
82 316
82 322
82 340
82 383
82 409
82 421
82 430
82 450
82 453
82 472
82 486
83 103
83 104
83 114
83 127
83 129
83 136
83 140
83 163
83 168
83 180
83 238
83 256
83 274
83 288
83 295
83 316
83 329
83 334
83 363
83 364
83 366
83 378
83 384
83 390
83 395
83 396
83 401
83 402
83 414
83 424
83 427
83 467
83 468
83 483
83 485
83 489
84 93
84 94
84 104
84 112
84 134
84 136
84 143
84 154
84 158
84 170
84 175
84 188
84 203
84 255
84 262
84 280
84 281
84 290
84 300
84 326
84 334
84 349
84 352
84 364
84 367
84 378
84 381
84 390
84 405
84 412
84 431
84 436
84 444
84 449
84 453
84 454
84 456
84 469
84 470
84 485
84 491
85 89
85 95
85 101
85 114
85 126
85 152
85 156
85 157
85 168
85 171
85 190
85 200
85 214
85 231
85 233
85 234
85 247
85 249
85 260
85 266
85 287
85 304
85 315
85 331
85 333
85 337
85 358
85 361
85 364
85 372
85 379
85 381
85 382
85 385
85 389
85 395
85 401
85 407
85 417
85 424
85 437
85 443
85 449
85 460
85 473
86 95
86 98
86 104
86 105
86 109
86 115
86 119
86 122
86 136
86 160
86 161
86 165
86 168
86 196
86 199
86 206
86 218
86 245
86 255
86 271
86 273
86 277
86 303
86 309
86 310
86 401
86 429
86 437
86 441
86 446
86 452
86 453
86 460
86 462
86 478
86 490
86 494
86 495
87 90
87 92
87 114
87 128
87 157
87 159
87 171
87 177
87 185
87 194
87 202
87 233
87 235
87 237
87 246
87 261
87 271
87 303
87 306
87 321
87 342
87 359
87 394
87 397
87 419
87 425
87 428
87 433
87 438
87 453
87 473
87 479
88 93
88 102
88 135
88 180
88 183
88 221
88 228
88 237
88 249
88 250
88 253
88 260
88 333
88 341
88 345
88 348
88 349
88 351
88 354
88 365
88 367
88 379
88 398
88 403
88 409
88 417
88 421
88 426
88 455
88 471
88 476
88 483
88 486
88 493
89 108
89 110
89 129
89 139
89 158
89 160
89 161
89 182
89 184
89 227
89 232
89 233
89 237
89 240
89 242
89 251
89 254
89 279
89 290
89 297
89 320
89 325
89 326
89 337
89 338
89 345
89 346
89 347
89 363
89 364
89 366
89 385
89 386
89 401
89 405
89 410
89 428
89 431
89 441
89 456
89 467
89 490
89 492
90 91
90 105
90 113
90 123
90 125
90 132
90 140
90 144
90 146
90 173
90 183
90 201
90 203
90 224
90 229
90 254
90 277
90 289
90 292
90 294
90 298
90 314
90 357
90 373
90 394
90 403
90 408
90 416
90 427
90 442
90 444
90 455
90 462
90 481
91 95
91 111
91 115
91 116
91 119
91 141
91 157
91 159
91 168
91 184
91 221
91 227
91 237
91 254
91 257
91 272
91 307
91 309
91 346
91 351
91 384
91 393
91 396
91 430
91 436
91 444
91 446
91 458
91 464
91 467
91 488
91 492
92 94
92 137
92 151
92 152
92 153
92 168
92 169
92 181
92 182
92 183
92 184
92 185
92 189
92 190
92 200
92 209
92 214
92 235
92 242
92 250
92 258
92 263
92 271
92 280
92 290
92 295
92 308
92 349
92 357
92 359
92 361
92 368
92 379
92 391
92 396
92 406
92 409
92 410
92 426
92 434
92 441
92 444
92 484
92 486
93 97
93 113
93 115
93 121
93 137
93 151
93 158
93 164
93 172
93 184
93 188
93 199
93 210
93 233
93 240
93 258
93 265
93 292
93 298
93 300
93 309
93 326
93 328
93 336
93 345
93 356
93 367
93 375
93 376
93 388
93 390
93 424
93 452
93 456
93 478
94 105
94 117
94 126
94 136
94 147
94 153
94 164
94 165
94 167
94 170
94 171
94 172
94 174
94 182
94 196
94 218
94 255
94 262
94 272
94 275
94 289
94 295
94 306
94 316
94 326
94 347
94 350
94 362
94 363
94 386
94 388
94 412
94 415
94 421
94 431
94 444
94 460
94 464
94 495
94 498
95 97
95 99
95 104
95 107
95 113
95 114
95 120
95 125
95 144
95 153
95 165
95 168
95 179
95 183
95 186
95 198
95 202
95 207
95 221
95 235
95 254
95 273
95 326
95 349
95 354
95 364
95 387
95 401
95 406
95 414
95 426
95 440
95 442
95 445
95 461
95 472
96 97
96 114
96 126
96 129
96 132
96 133
96 137
96 140
96 143
96 155
96 171
96 172
96 179
96 181
96 182
96 212
96 227
96 229
96 236
96 238
96 243
96 246
96 271
96 289
96 301
96 307
96 321
96 332
96 383
96 387
96 411
96 421
96 448
96 451
96 453
96 455
96 467
96 488
96 495
97 117
97 123
97 154
97 176
97 184
97 193
97 199
97 201
97 215
97 223
97 240
97 254
97 257
97 266
97 293
97 302
97 322
97 355
97 356
97 379
97 398
97 403
97 407
97 411
97 415
97 426
97 431
97 438
97 446
97 453
97 469
97 482
97 488
98 102
98 104
98 108
98 115
98 136
98 142
98 163
98 186
98 188
98 191
98 200
98 212
98 220
98 241
98 260
98 289
98 293
98 294
98 318
98 323
98 324
98 344
98 349
98 350
98 352
98 355
98 362
98 366
98 368
98 370
98 382
98 383
98 394
98 407
98 412
98 415
98 431
98 444
98 450
98 463
98 467
98 469
98 471
98 481
98 483
99 102
99 110
99 117
99 119
99 124
99 166
99 180
99 204
99 218
99 224
99 231
99 239
99 262
99 263
99 283
99 298
99 312
99 341
99 359
99 361
99 363
99 373
99 374
99 380
99 382
99 387
99 394
99 399
99 416
99 445
99 456
99 461
99 466
99 484
99 486
99 492
100 197
100 203
100 215
100 231
100 232
100 240
100 249
100 260
100 267
100 284
100 304
100 321
100 328
100 347
100 350
100 371
100 372
100 399
100 402
100 408
100 411
100 423
100 427
100 428
100 477
101 111
101 114
101 127
101 139
101 143
101 148
101 149
101 156
101 168
101 172
101 174
101 177
101 190
101 214
101 221
101 262
101 280
101 283
101 308
101 324
101 336
101 343
101 360
101 374
101 397
101 402
101 413
101 414
101 424
101 428
101 437
101 448
101 457
101 462
101 472
101 474
101 479
101 481
101 493
101 497
102 112
102 118
102 164
102 166
102 169
102 170
102 174
102 176
102 212
102 221
102 235
102 240
102 280
102 295
102 296
102 307
102 309
102 311
102 322
102 325
102 329
102 340
102 341
102 350
102 358
102 369
102 375
102 377
102 383
102 404
102 413
102 422
102 424
102 428
102 447
103 109
103 111
103 113
103 117
103 126
103 133
103 154
103 159
103 165
103 167
103 175
103 187
103 194
103 203
103 210
103 232
103 235
103 236
103 239
103 246
103 252
103 255
103 264
103 268
103 283
103 285
103 296
103 304
103 307
103 309
103 314
103 329
103 332
103 344
103 349
103 353
103 365
103 378
103 381
103 395
103 404
103 426
103 472
103 478
103 486
103 493
103 494
103 498
104 109
104 122
104 124
104 131
104 135
104 158
104 184
104 204
104 219
104 253
104 275
104 281
104 292
104 296
104 304
104 331
104 336
104 338
104 359
104 381
104 407
104 409
104 415
104 416
104 439
105 112
105 119
105 124
105 131
105 140
105 143
105 148
105 155
105 181
105 190
105 192
105 209
105 217
105 246
105 257
105 260
105 265
105 271
105 275
105 291
105 302
105 311
105 319
105 329
105 333
105 336
105 337
105 345
105 360
105 380
105 384
105 422
105 427
105 453
105 465
105 476
106 112
106 119
106 150
106 153
106 160
106 163
106 166
106 196
106 228
106 258
106 259
106 289
106 358
106 384
106 397
106 405
106 415
106 428
106 435
106 444
106 448
106 474
106 485
106 487
106 489
106 491
106 493
106 499
107 156
107 167
107 174
107 203
107 224
107 234
107 258
107 267
107 300
107 304
107 308
107 309
107 316
107 318
107 326
107 347
107 349
107 372
107 374
107 380
107 394
107 401
107 427
107 439
107 476
107 477
108 114
108 118
108 133
108 143
108 148
108 163
108 168
108 184
108 208
108 219
108 226
108 229
108 230
108 240
108 272
108 281
108 282
108 300
108 320
108 328
108 329
108 366
108 369
108 387
108 389
108 414
108 423
108 431
108 441
108 445
108 447
108 449
108 468
108 474
109 119
109 145
109 164
109 168
109 182
109 227
109 235
109 265
109 266
109 297
109 305
109 338
109 339
109 352
109 381
109 417
109 439
109 450
109 463
109 465
109 470
109 474
109 478
109 498
110 112
110 126
110 130
110 148
110 156
110 163
110 167
110 174
110 179
110 183
110 187
110 195
110 196
110 242
110 245
110 259
110 261
110 304
110 319
110 333
110 349
110 362
110 379
110 383
110 391
110 395
110 404
110 414
110 422
110 428
110 436
110 439
110 441
110 444
110 471
110 473
111 114
111 127
111 141
111 163
111 196
111 235
111 256
111 269
111 271
111 278
111 315
111 324
111 337
111 343
111 352
111 355
111 362
111 367
111 369
111 379
111 385
111 392
111 408
111 419
111 455
111 472
111 495
112 119
112 157
112 209
112 242
112 243
112 277
112 290
112 298
112 329
112 333
112 343
112 350
112 362
112 367
112 374
112 404
112 406
112 413
112 419
112 425
112 428
112 430
112 431
112 447
112 471
112 476
112 493
112 497
113 114
113 124
113 129
113 133
113 137
113 141
113 144
113 164
113 171
113 191
113 203
113 216
113 236
113 240
113 241
113 247
113 250
113 256
113 273
113 288
113 299
113 300
113 301
113 337
113 338
113 356
113 358
113 362
113 364
113 406
113 411
113 415
113 422
113 425
113 432
113 435
113 437
113 440
113 497
114 139
114 142
114 146
114 155
114 166
114 168
114 169
114 172
114 182
114 199
114 227
114 235
114 237
114 249
114 263
114 270
114 281
114 290
114 296
114 300
114 309
114 332
114 339
114 349
114 380
114 386
114 394
114 467
114 473
114 474
114 488
114 498
115 117
115 128
115 162
115 165
115 184
115 187
115 189
115 190
115 198
115 217
115 223
115 234
115 243
115 255
115 257
115 264
115 286
115 288
115 304
115 326
115 349
115 364
115 365
115 367
115 368
115 381
115 382
115 390
115 392
115 393
115 396
115 399
115 420
115 423
115 424
115 430
115 436
115 439
115 466
115 468
116 122
116 128
116 151
116 174
116 177
116 181
116 185
116 188
116 194
116 205
116 207
116 229
116 231
116 239
116 241
116 245
116 252
116 260
116 267
116 291
116 302
116 307
116 311
116 327
116 328
116 350
116 357
116 369
116 393
116 411
116 415
116 432
116 444
116 450
116 451
116 452
116 459
116 492
116 495
117 126
117 131
117 137
117 139
117 143
117 146
117 155
117 164
117 170
117 186
117 187
117 206
117 240
117 242
117 250
117 253
117 257
117 266
117 286
117 305
117 310
117 323
117 343
117 373
117 384
117 387
117 393
117 394
117 403
117 409
117 415
117 427
117 435
117 442
117 448
117 470
117 476
117 479
117 481
117 482
118 130
118 134
118 136
118 149
118 151
118 179
118 197
118 225
118 245
118 259
118 266
118 278
118 301
118 309
118 316
118 354
118 355
118 390
118 395
118 461
118 464
118 477
118 479
118 480
118 483
118 490
118 496
119 124
119 127
119 141
119 158
119 160
119 165
119 173
119 201
119 213
119 221
119 223
119 246
119 262
119 303
119 314
119 317
119 324
119 331
119 352
119 363
119 372
119 373
119 376
119 377
119 416
119 422
119 423
119 428
119 432
119 445
119 447
119 453
119 460
119 492
119 496
119 498
120 132
120 133
120 136
120 142
120 146
120 157
120 163
120 175
120 180
120 219
120 222
120 235
120 247
120 288
120 296
120 305
120 336
120 337
120 339
120 355
120 363
120 367
120 412
120 424
120 426
120 436
120 441
120 443
120 451
120 452
120 473
120 480
120 487
120 489
121 129
121 147
121 181
121 184
121 186
121 198
121 211
121 214
121 235
121 262
121 267
121 277
121 280
121 284
121 286
121 288
121 289
121 307
121 320
121 326
121 360
121 363
121 398
121 405
121 424
121 426
121 438
121 442
121 457
121 463
121 470
121 483
121 492
121 494
122 151
122 163
122 182
122 192
122 250
122 252
122 257
122 287
122 290
122 294
122 309
122 312
122 321
122 361
122 373
122 415
122 428
122 449
122 473
122 477
122 499
123 137
123 162
123 170
123 177
123 195
123 205
123 228
123 230
123 234
123 266
123 268
123 269
123 270
123 275
123 277
123 284
123 294
123 307
123 311
123 312
123 318
123 337
123 339
123 346
123 375
123 390
123 407
123 413
123 415
123 417
123 428
123 451
123 459
123 477
123 487
124 155
124 158
124 161
124 162
124 172
124 185
124 208
124 212
124 215
124 240
124 256
124 263
124 269
124 281
124 286
124 294
124 304
124 315
124 326
124 344
124 345
124 353
124 355
124 357
124 365
124 370
124 406
124 416
124 432
124 439
124 443
124 457
124 472
124 474
124 496
125 147
125 174
125 199
125 202
125 224
125 228
125 230
125 238
125 239
125 248
125 272
125 276
125 293
125 296
125 308
125 315
125 327
125 329
125 363
125 367
125 402
125 443
125 469
125 485
126 140
126 152
126 154
126 158
126 173
126 179
126 183
126 198
126 200
126 219
126 220
126 232
126 251
126 271
126 290
126 293
126 297
126 313
126 314
126 330
126 335
126 336
126 355
126 358
126 359
126 363
126 386
126 388
126 392
126 394
126 403
126 412
126 425
126 429
126 455
126 464
127 130
127 137
127 157
127 160
127 172
127 206
127 214
127 216
127 222
127 227
127 235
127 237
127 244
127 253
127 257
127 262
127 275
127 296
127 303
127 307
127 315
127 322
127 332
127 351
127 376
127 377
127 378
127 384
127 396
127 406
127 407
127 415
127 456
127 461
127 477
127 489
128 141
128 147
128 173
128 187
128 195
128 202
128 203
128 208
128 209
128 218
128 264
128 269
128 274
128 278
128 306
128 312
128 333
128 361
128 363
128 368
128 371
128 381
128 390
128 396
128 405
128 423
128 439
128 447
128 457
128 463
128 479
128 487
129 150
129 171
129 193
129 200
129 213
129 247
129 250
129 256
129 346
129 347
129 349
129 368
129 369
129 379
129 396
129 407
129 408
129 448
129 452
129 462
129 470
129 485
129 487
129 490
129 492
130 143
130 150
130 155
130 157
130 191
130 194
130 198
130 201
130 206
130 221
130 238
130 248
130 266
130 268
130 272
130 276
130 285
130 287
130 288
130 290
130 303
130 348
130 354
130 355
130 356
130 370
130 375
130 393
130 398
130 424
130 426
130 428
130 429
130 476
130 483
131 138
131 139
131 165
131 172
131 203
131 227
131 228
131 243
131 258
131 277
131 278
131 289
131 339
131 346
131 347
131 386
131 409
131 415
131 429
131 435
131 444
131 452
131 460
131 472
131 482
132 141
132 169
132 171
132 186
132 189
132 193
132 196
132 203
132 213
132 226
132 266
132 270
132 280
132 294
132 295
132 297
132 316
132 318
132 324
132 328
132 350
132 351
132 361
132 375
132 385
132 390
132 400
132 407
132 423
132 426
132 436
132 438
132 447
132 449
132 452
132 460
132 464
132 469
132 471
132 472
132 474
132 483
132 495
133 143
133 146
133 157
133 158
133 248
133 270
133 286
133 288
133 301
133 337
133 341
133 346
133 351
133 362
133 385
133 392
133 393
133 404
133 406
133 418
133 431
133 440
133 461
133 480
133 483
134 140
134 168
134 194
134 195
134 217
134 231
134 241
134 264
134 278
134 286
134 305
134 307
134 314
134 329
134 330
134 347
134 358
134 366
134 368
134 380
134 384
134 387
134 398
134 399
134 420
134 425
134 444
134 446
134 448
134 454
134 464
134 479
135 137
135 149
135 153
135 160
135 167
135 171
135 172
135 179
135 202
135 211
135 219
135 224
135 228
135 239
135 243
135 253
135 280
135 292
135 310
135 313
135 332
135 340
135 345
135 364
135 373
135 378
135 397
135 399
135 414
135 415
135 455
135 456
135 464
135 473
135 474
135 485
135 489
135 496
136 141
136 148
136 170
136 173
136 209
136 225
136 229
136 260
136 265
136 274
136 290
136 303
136 316
136 319
136 336
136 338
136 343
136 348
136 355
136 382
136 424
136 441
136 453
136 456
136 457
136 462
137 143
137 173
137 194
137 203
137 220
137 235
137 243
137 266
137 282
137 309
137 317
137 337
137 341
137 369
137 374
137 376
137 389
137 391
137 399
137 402
137 421
137 431
137 436
137 445
137 452
137 457
137 458
137 460
137 466
137 487
137 495
138 143
138 161
138 172
138 175
138 180
138 182
138 209
138 216
138 245
138 256
138 270
138 279
138 311
138 313
138 315
138 330
138 333
138 349
138 367
138 392
138 416
138 424
138 452
138 461
138 467
138 492
139 140
139 144
139 162
139 166
139 175
139 211
139 226
139 234
139 235
139 244
139 257
139 260
139 266
139 276
139 277
139 354
139 380
139 381
139 390
139 392
139 393
139 423
139 426
139 433
139 444
139 450
139 463
139 466
139 467
139 483
139 493
140 155
140 163
140 179
140 208
140 211
140 217
140 224
140 227
140 253
140 256
140 264
140 268
140 284
140 295
140 300
140 305
140 313
140 316
140 321
140 337
140 350
140 351
140 380
140 385
140 397
140 400
140 425
140 430
140 438
140 441
140 449
140 462
140 467
140 475
140 476
141 146
141 149
141 151
141 157
141 163
141 166
141 169
141 181
141 201
141 204
141 209
141 227
141 233
141 245
141 252
141 254
141 274
141 300
141 346
141 368
141 369
141 371
141 394
141 429
141 436
141 441
141 444
141 447
142 144
142 145
142 151
142 155
142 175
142 179
142 185
142 189
142 196
142 211
142 237
142 244
142 257
142 266
142 268
142 275
142 287
142 303
142 307
142 324
142 332
142 342
142 365
142 372
142 379
142 383
142 393
142 409
142 450
142 473
142 482
143 146
143 149
143 152
143 154
143 167
143 216
143 221
143 223
143 235
143 241
143 245
143 276
143 286
143 294
143 298
143 302
143 311
143 324
143 336
143 338
143 345
143 349
143 351
143 355
143 368
143 370
143 398
143 430
143 438
143 453
143 459
143 462
143 469
143 490
143 498
144 145
144 149
144 160
144 200
144 211
144 219
144 231
144 233
144 248
144 252
144 255
144 260
144 261
144 272
144 277
144 280
144 284
144 289
144 313
144 314
144 326
144 331
144 334
144 338
144 352
144 355
144 362
144 366
144 375
144 385
144 400
144 410
144 414
144 416
144 432
144 448
144 450
144 457
144 474
144 485
144 498
145 146
145 152
145 212
145 214
145 221
145 238
145 245
145 251
145 253
145 298
145 349
145 350
145 367
145 419
145 431
145 434
145 437
145 439
145 449
145 457
145 459
145 486
145 489
146 150
146 152
146 172
146 174
146 177
146 194
146 197
146 236
146 243
146 255
146 260
146 276
146 299
146 309
146 311
146 317
146 324
146 326
146 369
146 381
146 385
146 389
146 398
146 404
146 411
146 417
146 430
146 433
146 437
146 438
146 485
146 488
146 491
146 492
146 498
147 155
147 176
147 190
147 192
147 198
147 201
147 203
147 207
147 209
147 225
147 229
147 243
147 251
147 257
147 259
147 267
147 275
147 276
147 279
147 280
147 284
147 308
147 322
147 331
147 332
147 355
147 360
147 361
147 379
147 391
147 395
147 398
147 407
147 427
147 442
147 443
147 492
147 498
148 164
148 176
148 177
148 191
148 192
148 196
148 209
148 227
148 270
148 272
148 273
148 279
148 293
148 303
148 310
148 314
148 330
148 348
148 351
148 355
148 381
148 407
148 412
148 418
148 448
148 456
148 457
148 492
148 499
149 150
149 153
149 154
149 166
149 167
149 184
149 186
149 200
149 202
149 209
149 217
149 228
149 253
149 255
149 257
149 265
149 266
149 271
149 283
149 285
149 293
149 296
149 306
149 314
149 341
149 356
149 374
149 410
149 416
149 439
149 446
149 448
149 449
149 485
149 489
149 492
150 154
150 167
150 171
150 175
150 181
150 192
150 222
150 233
150 248
150 263
150 275
150 278
150 286
150 302
150 305
150 307
150 308
150 310
150 316
150 358
150 360
150 379
150 380
150 384
150 391
150 399
150 407
150 409
150 414
150 424
150 426
150 439
150 447
150 452
150 469
150 472
150 483
150 486
151 162
151 174
151 181
151 197
151 204
151 206
151 223
151 225
151 233
151 252
151 259
151 295
151 296
151 303
151 305
151 307
151 315
151 319
151 324
151 335
151 343
151 351
151 371
151 380
151 399
151 404
151 406
151 428
151 433
151 442
151 443
151 446
151 448
151 449
151 464
151 473
151 492
151 494
152 161
152 163
152 192
152 214
152 216
152 217
152 218
152 229
152 233
152 250
152 259
152 296
152 299
152 301
152 306
152 316
152 317
152 339
152 344
152 349
152 351
152 352
152 353
152 360
152 369
152 384
152 439
152 481
152 487
152 490
153 156
153 158
153 159
153 164
153 174
153 199
153 208
153 212
153 220
153 221
153 228
153 267
153 283
153 284
153 285
153 287
153 305
153 316
153 322
153 331
153 348
153 353
153 373
153 379
153 380
153 387
153 398
153 412
153 420
153 433
153 439
153 456
153 491
154 155
154 157
154 163
154 164
154 168
154 188
154 195
154 205
154 221
154 224
154 227
154 239
154 240
154 276
154 308
154 323
154 343
154 344
154 348
154 376
154 378
154 387
154 388
154 411
154 433
154 453
154 460
154 474
154 486
154 490
155 164
155 200
155 203
155 206
155 216
155 221
155 223
155 230
155 232
155 263
155 277
155 286
155 291
155 307
155 308
155 334
155 345
155 367
155 377
155 384
155 397
155 408
155 415
155 425
155 429
155 460
155 471
156 158
156 160
156 165
156 181
156 211
156 253
156 256
156 260
156 272
156 281
156 291
156 302
156 311
156 319
156 326
156 333
156 334
156 374
156 378
156 383
156 395
156 401
156 433
156 458
156 461
156 462
156 469
156 482
157 165
157 166
157 171
157 173
157 190
157 213
157 245
157 251
157 260
157 261
157 280
157 307
157 321
157 333
157 335
157 354
157 370
157 371
157 381
157 402
157 428
157 437
157 447
157 449
157 468
157 483
157 487
158 159
158 166
158 182
158 190
158 191
158 216
158 244
158 257
158 329
158 340
158 341
158 345
158 348
158 357
158 374
158 384
158 385
158 388
158 441
158 447
158 471
158 474
158 484
158 492
158 497
159 161
159 166
159 167
159 168
159 170
159 190
159 199
159 201
159 205
159 217
159 238
159 251
159 257
159 262
159 265
159 290
159 313
159 314
159 327
159 330
159 344
159 354
159 371
159 384
159 408
159 413
159 438
159 457
159 464
159 467
159 470
159 476
159 490
159 496
160 166
160 171
160 189
160 228
160 232
160 246
160 265
160 282
160 292
160 299
160 308
160 311
160 318
160 325
160 336
160 354
160 355
160 361
160 362
160 388
160 412
160 414
160 431
160 454
160 463
160 474
160 481
160 487
161 166
161 172
161 175
161 189
161 205
161 219
161 221
161 243
161 245
161 266
161 271
161 278
161 289
161 311
161 312
161 357
161 362
161 363
161 376
161 382
161 390
161 401
161 409
161 416
161 431
161 436
161 443
161 455
161 459
161 465
161 466
161 469
161 497
162 172
162 174
162 182
162 188
162 193
162 215
162 223
162 232
162 234
162 248
162 261
162 266
162 276
162 288
162 289
162 307
162 316
162 318
162 339
162 347
162 366
162 380
162 408
162 423
162 435
162 443
162 463
162 468
162 471
162 481
162 491
162 498
162 499
163 165
163 175
163 179
163 181
163 191
163 193
163 200
163 201
163 202
163 204
163 207
163 211
163 224
163 228
163 231
163 243
163 263
163 288
163 294
163 303
163 335
163 358
163 386
163 394
163 397
163 400
163 407
163 408
163 457
163 478
163 493
164 170
164 194
164 203
164 207
164 217
164 222
164 252
164 253
164 275
164 279
164 282
164 294
164 320
164 347
164 356
164 368
164 375
164 389
164 390
164 398
164 401
164 414
164 417
164 431
164 440
164 458
164 465
165 167
165 176
165 179
165 182
165 196
165 200
165 207
165 232
165 236
165 249
165 264
165 265
165 267
165 270
165 281
165 291
165 296
165 308
165 312
165 339
165 346
165 351
165 353
165 358
165 360
165 372
165 388
165 390
165 406
165 408
165 417
165 422
165 423
165 437
165 453
165 455
165 458
165 467
165 471
165 493
165 498
166 168
166 176
166 182
166 191
166 192
166 194
166 201
166 210
166 243
166 246
166 261
166 266
166 289
166 293
166 294
166 298
166 306
166 317
166 321
166 323
166 324
166 325
166 340
166 343
166 347
166 359
166 362
166 386
166 388
166 407
166 410
166 412
166 417
166 426
166 433
166 434
166 439
166 441
166 461
166 471
166 476
166 481
166 486
166 491
166 496
166 498
167 169
167 198
167 209
167 215
167 216
167 231
167 238
167 247
167 253
167 255
167 256
167 268
167 289
167 296
167 310
167 319
167 347
167 355
167 385
167 398
167 406
167 410
167 413
167 426
167 442
167 461
167 462
167 470
167 483
167 486
167 495
168 176
168 178
168 180
168 189
168 241
168 254
168 281
168 284
168 287
168 288
168 314
168 316
168 324
168 329
168 342
168 347
168 348
168 376
168 384
168 392
168 394
168 409
168 426
168 440
168 443
168 457
168 461
168 469
169 201
169 206
169 216
169 222
169 257
169 264
169 271
169 273
169 278
169 284
169 287
169 317
169 321
169 323
169 336
169 341
169 352
169 370
169 371
169 376
169 400
169 414
169 434
169 435
169 449
169 460
169 492
170 183
170 203
170 206
170 207
170 217
170 223
170 226
170 227
170 234
170 242
170 252
170 257
170 274
170 284
170 300
170 331
170 368
170 386
170 397
170 413
170 423
170 427
170 441
170 469
170 471
170 476
170 479
170 492
170 494
171 172
171 173
171 186
171 189
171 191
171 211
171 222
171 228
171 241
171 271
171 292
171 312
171 324
171 351
171 359
171 367
171 377
171 380
171 381
171 391
171 425
171 435
171 456
171 474
171 476
171 481
171 489
172 181
172 197
172 198
172 203
172 209
172 232
172 237
172 285
172 289
172 305
172 311
172 315
172 321
172 327
172 328
172 334
172 351
172 353
172 369
172 370
172 377
172 379
172 380
172 381
172 382
172 383
172 385
172 392
172 393
172 397
172 403
172 406
172 421
172 438
172 443
172 458
172 483
172 484
172 488
173 192
173 210
173 217
173 219
173 222
173 226
173 255
173 268
173 292
173 298
173 333
173 334
173 338
173 343
173 346
173 369
173 380
173 384
173 390
173 397
173 422
173 448
173 451
173 452
173 481
173 487
174 187
174 218
174 220
174 231
174 236
174 258
174 287
174 296
174 297
174 308
174 309
174 313
174 328
174 332
174 340
174 368
174 384
174 414
174 416
174 430
174 433
174 434
174 451
174 456
174 465
174 483
174 484
174 497
175 188
175 191
175 209
175 221
175 231
175 235
175 237
175 253
175 286
175 305
175 311
175 314
175 333
175 334
175 335
175 345
175 354
175 363
175 384
175 386
175 391
175 392
175 414
175 427
175 452
175 453
175 456
175 472
175 473
175 477
176 177
176 185
176 200
176 230
176 262
176 264
176 266
176 269
176 270
176 277
176 293
176 294
176 295
176 309
176 311
176 312
176 325
176 326
176 339
176 345
176 353
176 367
176 382
176 386
176 394
176 460
176 467
176 496
177 179
177 182
177 184
177 194
177 212
177 220
177 229
177 240
177 246
177 266
177 286
177 289
177 294
177 311
177 344
177 351
177 356
177 377
177 383
177 384
177 385
177 395
177 413
177 428
177 430
177 447
177 455
177 459
177 468
177 470
177 476
177 482
177 491
178 192
178 193
178 222
178 224
178 227
178 245
178 260
178 263
178 306
178 307
178 319
178 342
178 349
178 360
178 370
178 381
178 382
178 388
178 407
178 409
178 412
178 413
178 430
178 433
178 437
178 440
178 441
178 455
178 476
179 199
179 203
179 211
179 229
179 242
179 249
179 256
179 259
179 271
179 276
179 299
179 301
179 312
179 319
179 342
179 344
179 347
179 355
179 359
179 361
179 373
179 379
179 389
179 398
179 403
179 404
179 413
179 430
179 452
179 468
179 470
179 475
179 476
179 480
179 484
180 191
180 217
180 222
180 223
180 229
180 258
180 259
180 260
180 261
180 299
180 302
180 310
180 313
180 330
180 349
180 351
180 353
180 355
180 363
180 367
180 380
180 383
180 385
180 386
180 409
180 417
180 420
180 421
180 428
180 429
180 431
180 457
180 458
180 468
180 480
180 486
180 494
180 497
180 498
181 195
181 201
181 211
181 228
181 238
181 245
181 252
181 276
181 281
181 286
181 292
181 295
181 299
181 304
181 324
181 326
181 342
181 351
181 358
181 362
181 368
181 374
181 379
181 389
181 393
181 401
181 404
181 409
181 411
181 419
181 423
181 436
181 456
181 459
181 471
181 473
181 499
182 187
182 189
182 191
182 261
182 267
182 277
182 305
182 318
182 332
182 353
182 356
182 364
182 398
182 402
182 407
182 409
182 411
182 417
182 453
182 463
182 464
182 466
182 476
182 481
182 482
182 484
182 486
182 490
183 193
183 195
183 198
183 202
183 208
183 209
183 211
183 225
183 233
183 238
183 258
183 263
183 274
183 292
183 295
183 301
183 321
183 325
183 333
183 334
183 341
183 360
183 363
183 382
183 385
183 405
183 416
183 424
183 438
183 441
183 444
183 481
183 482
183 493
184 185
184 200
184 212
184 234
184 236
184 245
184 252
184 263
184 272
184 273
184 283
184 289
184 295
184 318
184 327
184 328
184 332
184 338
184 364
184 371
184 380
184 385
184 442
184 443
184 468
184 480
184 498
185 189
185 199
185 208
185 212
185 217
185 233
185 238
185 248
185 254
185 257
185 279
185 287
185 292
185 302
185 310
185 361
185 391
185 398
185 405
185 407
185 413
185 414
185 416
185 448
185 458
185 468
185 471
185 491
185 498
186 205
186 221
186 227
186 234
186 237
186 259
186 270
186 282
186 285
186 286
186 306
186 309
186 313
186 314
186 335
186 340
186 346
186 350
186 357
186 363
186 375
186 386
186 399
186 414
186 419
186 442
186 455
186 459
186 466
186 474
186 476
186 483
187 195
187 197
187 199
187 206
187 225
187 253
187 258
187 259
187 266
187 268
187 298
187 301
187 302
187 304
187 312
187 316
187 317
187 322
187 330
187 337
187 352
187 367
187 374
187 393
187 396
187 426
187 432
187 461
188 201
188 202
188 205
188 224
188 225
188 240
188 248
188 281
188 283
188 288
188 306
188 325
188 345
188 361
188 393
188 474
188 477
188 488
189 191
189 209
189 216
189 218
189 238
189 241
189 242
189 248
189 266
189 271
189 283
189 285
189 317
189 327
189 333
189 359
189 369
189 377
189 379
189 401
189 404
189 408
189 415
189 423
189 425
189 428
189 439
189 449
189 459
189 491
190 211
190 219
190 227
190 230
190 232
190 237
190 239
190 251
190 255
190 270
190 278
190 279
190 336
190 350
190 362
190 363
190 372
190 380
190 388
190 393
190 394
190 410
190 415
190 434
190 469
190 478
190 482
190 490
191 233
191 241
191 269
191 270
191 288
191 289
191 291
191 292
191 306
191 310
191 316
191 320
191 325
191 347
191 348
191 350
191 358
191 364
191 370
191 371
191 375
191 381
191 383
191 389
191 392
191 394
191 406
191 408
191 448
191 452
191 454
191 457
191 467
192 205
192 224
192 237
192 243
192 249
192 250
192 290
192 291
192 325
192 327
192 333
192 334
192 336
192 352
192 365
192 370
192 377
192 388
192 398
192 422
192 423
192 429
192 435
192 440
192 444
192 478
192 489
193 200
193 211
193 223
193 237
193 253
193 256
193 261
193 276
193 277
193 278
193 282
193 288
193 300
193 303
193 308
193 325
193 346
193 351
193 352
193 355
193 361
193 365
193 366
193 381
193 385
193 386
193 387
193 396
193 403
193 404
193 419
193 437
193 446
193 452
193 459
193 473
193 488
194 208
194 221
194 269
194 272
194 283
194 284
194 300
194 305
194 307
194 312
194 319
194 337
194 361
194 368
194 373
194 388
194 420
194 429
194 443
194 448
194 455
194 462
194 472
194 473
194 481
194 491
194 499
195 203
195 261
195 264
195 274
195 325
195 371
195 379
195 380
195 407
195 413
195 428
195 429
195 433
195 442
195 453
195 455
195 462
195 476
196 202
196 204
196 209
196 218
196 220
196 243
196 244
196 247
196 268
196 276
196 292
196 294
196 300
196 307
196 316
196 324
196 330
196 338
196 355
196 356
196 362
196 368
196 373
196 384
196 389
196 401
196 404
196 405
196 432
196 456
196 457
196 458
196 463
196 464
196 487
196 489
196 495
197 201
197 212
197 238
197 252
197 253
197 254
197 265
197 266
197 278
197 287
197 290
197 305
197 314
197 318
197 323
197 358
197 379
197 393
197 397
197 419
197 429
197 435
197 438
197 470
197 472
197 497
197 499
198 205
198 210
198 223
198 235
198 264
198 268
198 280
198 283
198 288
198 295
198 307
198 320
198 322
198 336
198 341
198 356
198 362
198 363
198 365
198 371
198 375
198 396
198 435
198 496
199 200
199 201
199 210
199 254
199 258
199 272
199 290
199 306
199 311
199 320
199 342
199 353
199 383
199 386
199 388
199 421
199 425
199 427
199 439
199 455
199 475
199 476
199 479
199 487
200 203
200 221
200 238
200 239
200 253
200 257
200 279
200 285
200 289
200 294
200 300
200 301
200 318
200 321
200 329
200 365
200 371
200 381
200 390
200 401
200 424
200 431
200 452
200 455
200 464
200 474
200 499
201 209
201 212
201 223
201 236
201 255
201 299
201 301
201 331
201 336
201 341
201 347
201 351
201 356
201 360
201 364
201 370
201 373
201 378
201 379
201 384
201 387
201 400
201 402
201 407
201 422
201 423
201 436
201 442
201 474
201 480
201 483
201 492
201 493
202 225
202 227
202 230
202 241
202 244
202 245
202 255
202 282
202 289
202 327
202 345
202 369
202 387
202 395
202 399
202 430
202 431
202 437
202 451
202 455
202 463
202 475
202 476
202 493
203 206
203 218
203 230
203 240
203 245
203 263
203 282
203 285
203 288
203 304
203 325
203 333
203 334
203 336
203 340
203 344
203 349
203 351
203 356
203 376
203 390
203 407
203 410
203 415
203 422
203 429
203 441
203 445
203 447
203 454
203 464
203 477
203 493
203 496
204 209
204 212
204 235
204 255
204 270
204 285
204 303
204 312
204 316
204 329
204 334
204 342
204 353
204 361
204 363
204 369
204 384
204 385
204 399
204 404
204 410
204 425
204 426
204 432
204 444
204 451
204 476
205 206
205 210
205 214
205 215
205 219
205 237
205 256
205 270
205 290
205 292
205 303
205 312
205 343
205 362
205 363
205 372
205 379
205 403
205 411
205 412
205 417
205 452
205 478
205 480
206 216
206 219
206 232
206 240
206 242
206 243
206 257
206 259
206 277
206 280
206 284
206 295
206 310
206 313
206 324
206 329
206 330
206 333
206 336
206 337
206 347
206 356
206 375
206 376
206 383
206 388
206 389
206 426
206 442
206 444
206 447
206 452
206 465
206 467
206 469
206 485
206 495
207 210
207 235
207 237
207 256
207 263
207 273
207 306
207 310
207 318
207 364
207 380
207 383
207 388
207 391
207 406
207 417
207 435
207 436
207 443
207 450
207 462
207 478
208 217
208 222
208 231
208 232
208 241
208 252
208 256
208 287
208 295
208 322
208 324
208 328
208 335
208 414
208 426
208 427
208 434
208 436
208 437
208 443
208 450
208 453
208 459
208 464
208 465
208 495
209 215
209 221
209 227
209 237
209 247
209 251
209 261
209 263
209 278
209 286
209 301
209 305
209 328
209 335
209 346
209 347
209 350
209 352
209 358
209 370
209 374
209 400
209 401
209 406
209 419
209 433
209 438
209 441
209 444
209 445
209 447
209 456
209 460
209 471
209 479
210 215
210 219
210 235
210 242
210 269
210 275
210 279
210 289
210 292
210 307
210 308
210 315
210 317
210 331
210 332
210 353
210 363
210 391
210 395
210 438
210 442
210 449
210 476
210 490
210 499
211 212
211 213
211 284
211 289
211 290
211 300
211 317
211 334
211 352
211 364
211 384
211 387
211 390
211 405
211 417
211 421
211 428
211 432
211 435
211 437
211 457
211 461
211 464
211 466
211 474
211 480
211 499
212 213
212 222
212 229
212 233
212 237
212 244
212 271
212 276
212 283
212 289
212 309
212 330
212 331
212 343
212 348
212 351
212 360
212 393
212 395
212 398
212 402
212 403
212 410
212 414
212 415
212 416
212 419
212 454
212 457
212 481
212 486
212 491
213 222
213 243
213 256
213 263
213 264
213 266
213 267
213 288
213 328
213 339
213 345
213 356
213 363
213 364
213 383
213 416
213 434
213 435
213 442
213 443
213 450
213 457
213 489
214 235
214 245
214 260
214 262
214 288
214 297
214 315
214 326
214 335
214 337
214 357
214 360
214 362
214 387
214 406
214 432
214 441
214 459
214 464
214 468
214 475
214 485
215 223
215 255
215 275
215 287
215 315
215 316
215 327
215 329
215 331
215 335
215 342
215 353
215 362
215 384
215 390
215 433
215 441
215 446
215 471
215 475
215 491
215 492
215 499
216 232
216 236
216 239
216 243
216 248
216 262
216 264
216 277
216 294
216 295
216 299
216 311
216 316
216 319
216 324
216 336
216 341
216 363
216 383
216 397
216 403
216 406
216 410
216 414
216 420
216 422
216 432
216 447
216 457
216 459
216 460
216 486
217 218
217 224
217 243
217 244
217 253
217 279
217 292
217 305
217 315
217 345
217 355
217 378
217 379
217 383
217 387
217 388
217 394
217 410
217 414
217 420
217 425
217 440
217 442
217 449
217 469
217 475
217 479
217 492
218 219
218 223
218 227
218 239
218 247
218 253
218 256
218 264
218 266
218 276
218 278
218 280
218 281
218 286
218 287
218 295
218 297
218 299
218 317
218 321
218 326
218 336
218 344
218 368
218 372
218 373
218 389
218 405
218 414
218 420
218 423
218 450
218 462
218 473
218 481
219 222
219 226
219 237
219 242
219 254
219 281
219 289
219 304
219 341
219 342
219 343
219 352
219 356
219 359
219 361
219 366
219 372
219 384
219 386
219 427
219 454
219 462
219 466
219 468
219 487
219 490
220 244
220 245
220 246
220 248
220 250
220 261
220 262
220 265
220 266
220 292
220 322
220 324
220 334
220 338
220 346
220 356
220 358
220 375
220 379
220 401
220 403
220 408
220 410
220 419
220 442
220 444
220 461
220 478
220 482
220 486
220 490
220 491
221 229
221 233
221 234
221 260
221 264
221 269
221 287
221 309
221 348
221 354
221 406
221 411
221 419
221 428
221 448
221 450
221 453
221 457
221 459
221 470
221 488
222 224
222 227
222 265
222 271
222 283
222 294
222 300
222 313
222 329
222 347
222 355
222 358
222 369
222 386
222 391
222 392
222 407
222 408
222 415
222 421
222 424
222 460
222 462
222 466
222 475
222 482
222 492
223 228
223 252
223 253
223 257
223 260
223 276
223 279
223 286
223 287
223 289
223 319
223 324
223 325
223 340
223 344
223 346
223 364
223 397
223 409
223 413
223 428
223 442
223 450
223 458
223 480
224 240
224 246
224 253
224 256
224 261
224 279
224 300
224 305
224 319
224 342
224 348
224 352
224 369
224 386
224 412
224 419
224 421
224 425
224 441
224 496
225 233
225 239
225 258
225 281
225 288
225 290
225 309
225 311
225 329
225 341
225 387
225 426
225 469
225 479
225 485
225 486
226 246
226 263
226 272
226 279
226 285
226 287
226 296
226 306
226 320
226 321
226 325
226 337
226 338
226 381
226 385
226 395
226 399
226 402
226 404
226 410
226 415
226 441
226 457
226 466
226 467
226 486
226 489
227 230
227 243
227 252
227 263
227 284
227 292
227 293
227 299
227 324
227 329
227 333
227 350
227 364
227 372
227 378
227 384
227 386
227 398
227 405
227 443
227 453
227 457
227 459
227 463
227 468
227 479
227 480
227 483
227 484
227 489
228 230
228 242
228 251
228 256
228 272
228 275
228 283
228 309
228 310
228 320
228 322
228 359
228 368
228 372
228 388
228 392
228 404
228 416
228 435
228 440
228 442
228 449
228 456
228 471
228 477
228 489
229 237
229 251
229 261
229 276
229 284
229 291
229 299
229 319
229 322
229 334
229 388
229 396
229 407
229 414
229 445
229 465
229 468
229 477
229 487
230 273
230 289
230 292
230 298
230 301
230 303
230 306
230 309
230 317
230 325
230 338
230 355
230 356
230 363
230 364
230 373
230 383
230 421
230 455
230 457
230 459
230 462
230 464
230 481
231 245
231 249
231 274
231 282
231 283
231 306
231 317
231 320
231 323
231 331
231 351
231 355
231 356
231 360
231 364
231 372
231 391
231 405
231 406
231 418
231 420
231 421
231 425
231 462
231 470
232 238
232 239
232 240
232 268
232 272
232 282
232 287
232 293
232 311
232 335
232 341
232 363
232 373
232 388
232 402
232 416
232 446
232 459
232 484
232 492
233 237
233 249
233 264
233 274
233 278
233 284
233 287
233 292
233 310
233 320
233 329
233 337
233 359
233 367
233 369
233 386
233 393
233 404
233 414
233 425
233 430
233 435
233 441
233 454
233 457
233 462
233 471
233 480
233 493
233 495
233 498
234 243
234 248
234 253
234 254
234 255
234 258
234 279
234 283
234 294
234 301
234 329
234 333
234 361
234 373
234 398
234 419
234 437
234 467
234 478
234 485
235 246
235 248
235 260
235 265
235 333
235 350
235 387
235 416
235 430
235 443
235 444
235 450
235 451
235 463
235 471
235 478
235 479
235 495
235 498
236 271
236 282
236 298
236 301
236 307
236 326
236 333
236 352
236 389
236 390
236 411
236 413
236 440
236 446
236 450
236 458
236 466
236 480
236 484
236 491
236 492
236 493
236 499
237 242
237 288
237 289
237 291
237 293
237 299
237 332
237 333
237 350
237 361
237 365
237 390
237 399
237 416
237 425
237 437
237 456
237 474
237 478
237 485
237 491
238 240
238 247
238 267
238 268
238 287
238 292
238 311
238 313
238 324
238 344
238 368
238 372
238 373
238 382
238 396
238 397
238 423
238 459
238 472
238 477
238 479
238 489
238 490
239 264
239 279
239 305
239 313
239 331
239 367
239 378
239 397
239 413
239 424
239 432
239 476
239 483
239 484
239 488
239 489
240 270
240 272
240 292
240 296
240 324
240 325
240 329
240 344
240 357
240 391
240 404
240 411
240 428
240 432
240 437
240 468
240 473
240 477
241 272
241 286
241 296
241 333
241 357
241 384
241 392
241 397
241 399
241 417
241 424
241 428
241 451
241 455
241 467
241 499
242 251
242 263
242 276
242 286
242 308
242 319
242 324
242 346
242 354
242 379
242 389
242 403
242 405
242 412
242 416
242 417
242 429
242 431
242 440
242 449
242 468
242 499
243 246
243 252
243 264
243 291
243 294
243 311
243 312
243 316
243 336
243 347
243 357
243 363
243 366
243 377
243 387
243 399
243 435
243 437
243 443
243 457
243 466
243 469
243 471
243 481
243 486
243 488
243 492
244 273
244 275
244 285
244 288
244 298
244 303
244 305
244 317
244 324
244 325
244 329
244 334
244 343
244 362
244 369
244 372
244 375
244 382
244 389
244 391
244 395
244 420
244 428
244 448
244 457
244 461
244 463
244 465
244 489
245 252
245 255
245 294
245 307
245 308
245 318
245 321
245 322
245 351
245 364
245 393
245 419
245 425
245 432
245 435
245 451
245 453
245 460
245 462
245 479
245 483
246 261
246 267
246 273
246 320
246 330
246 381
246 384
246 388
246 397
246 399
246 403
246 427
246 442
246 444
246 458
246 463
246 477
247 251
247 252
247 253
247 262
247 267
247 272
247 286
247 290
247 294
247 310
247 313
247 320
247 327
247 329
247 343
247 345
247 389
247 393
247 398
247 399
247 406
247 410
247 421
247 427
247 433
247 436
247 459
247 481
247 483
247 484
247 486
247 490
248 253
248 272
248 327
248 342
248 346
248 350
248 373
248 385
248 406
248 419
248 425
248 432
248 448
248 456
248 459
248 466
248 468
248 475
248 486
248 498
249 261
249 271
249 273
249 277
249 322
249 324
249 327
249 343
249 348
249 349
249 361
249 371
249 379
249 381
249 388
249 414
249 425
249 426
249 427
249 430
249 433
249 435
249 446
249 483
250 252
250 260
250 276
250 300
250 302
250 308
250 310
250 324
250 332
250 338
250 339
250 376
250 387
250 403
250 435
250 443
250 457
250 460
250 486
250 488
250 490
250 497
251 265
251 274
251 275
251 293
251 302
251 313
251 319
251 321
251 325
251 369
251 383
251 395
251 398
251 411
251 418
251 419
251 421
251 422
251 427
251 431
251 436
251 490
251 499
252 292
252 294
252 295
252 296
252 311
252 314
252 334
252 338
252 370
252 378
252 390
252 391
252 404
252 409
252 424
252 432
252 455
252 461
252 465
252 484
252 486
252 489
252 496
253 271
253 283
253 315
253 318
253 354
253 357
253 360
253 362
253 366
253 379
253 401
253 408
253 422
253 439
253 447
253 449
253 466
253 484
253 487
253 489
253 490
253 499
254 268
254 273
254 274
254 285
254 295
254 297
254 299
254 315
254 329
254 337
254 361
254 387
254 395
254 417
254 418
254 421
254 422
254 445
254 449
254 454
254 461
255 274
255 275
255 285
255 287
255 295
255 310
255 313
255 328
255 331
255 345
255 346
255 349
255 403
255 404
255 433
255 455
255 458
255 471
255 473
255 478
255 493
256 267
256 274
256 284
256 290
256 301
256 304
256 306
256 323
256 330
256 342
256 343
256 353
256 362
256 382
256 393
256 409
256 417
256 434
256 435
256 441
256 445
256 471
256 479
256 485
256 491
256 492
257 288
257 292
257 301
257 303
257 304
257 326
257 331
257 334
257 355
257 388
257 394
257 397
257 400
257 409
257 410
257 415
257 422
257 432
257 460
257 480
257 483
257 484
257 496
257 497
258 267
258 269
258 271
258 273
258 285
258 305
258 331
258 356
258 357
258 369
258 398
258 400
258 415
258 429
258 433
258 459
258 472
258 485
258 497
259 264
259 279
259 318
259 322
259 324
259 365
259 372
259 382
259 385
259 386
259 393
259 395
259 397
259 401
259 409
259 420
259 433
259 438
259 445
259 451
259 457
259 474
259 484
259 485
260 268
260 275
260 277
260 300
260 314
260 325
260 326
260 335
260 337
260 341
260 342
260 352
260 363
260 377
260 381
260 385
260 390
260 428
260 433
260 440
260 448
260 460
260 468
260 476
260 497
260 499
261 265
261 269
261 276
261 283
261 303
261 314
261 316
261 317
261 320
261 330
261 333
261 343
261 358
261 372
261 391
261 415
261 437
261 440
261 441
261 442
261 457
261 458
262 268
262 272
262 289
262 305
262 307
262 311
262 329
262 332
262 334
262 341
262 368
262 382
262 384
262 394
262 415
262 443
262 445
262 447
262 451
262 458
262 463
262 464
262 487
262 491
262 494
262 495
262 497
263 267
263 272
263 281
263 290
263 292
263 297
263 305
263 307
263 308
263 366
263 374
263 378
263 397
263 413
263 421
263 431
263 474
263 498
264 267
264 290
264 306
264 314
264 318
264 321
264 332
264 339
264 343
264 349
264 351
264 356
264 381
264 392
264 394
264 405
264 406
264 419
264 429
264 435
264 446
264 447
264 454
264 459
264 479
264 487
265 269
265 291
265 309
265 322
265 334
265 349
265 358
265 364
265 405
265 416
265 423
265 427
265 442
265 462
265 472
265 482
265 485
266 279
266 281
266 294
266 307
266 312
266 331
266 333
266 350
266 356
266 359
266 366
266 370
266 377
266 387
266 389
266 403
266 420
266 448
266 450
266 453
266 456
266 460
266 473
266 476
266 482
266 483
267 277
267 289
267 298
267 321
267 328
267 345
267 347
267 351
267 369
267 378
267 389
267 391
267 403
267 411
267 419
267 424
267 425
267 431
267 443
267 495
267 497
268 332
268 334
268 337
268 339
268 369
268 371
268 378
268 381
268 393
268 403
268 404
268 407
268 415
268 437
268 447
268 454
268 466
268 498
269 274
269 286
269 287
269 299
269 308
269 344
269 361
269 363
269 381
269 389
269 407
269 415
269 425
269 442
269 444
269 456
269 457
269 475
269 482
269 487
269 494
270 273
270 275
270 279
270 302
270 303
270 316
270 322
270 326
270 330
270 335
270 336
270 343
270 363
270 371
270 383
270 415
270 426
270 443
270 444
270 477
270 488
270 493
271 272
271 279
271 280
271 290
271 300
271 323
271 325
271 344
271 356
271 367
271 393
271 400
271 406
271 415
271 419
271 432
271 439
271 445
271 448
271 451
271 453
271 473
271 475
272 273
272 290
272 297
272 304
272 333
272 350
272 352
272 354
272 361
272 365
272 367
272 369
272 376
272 385
272 397
272 400
272 402
272 410
272 428
272 429
272 449
272 455
272 487
272 491
273 275
273 278
273 291
273 293
273 310
273 315
273 332
273 341
273 355
273 387
273 404
273 405
273 407
273 418
273 419
273 425
273 426
273 447
273 497
274 284
274 303
274 345
274 352
274 353
274 373
274 381
274 387
274 396
274 405
274 417
274 425
274 432
274 455
274 463
274 469
274 489
274 492
275 294
275 298
275 304
275 310
275 321
275 322
275 326
275 330
275 345
275 349
275 354
275 356
275 369
275 379
275 386
275 399
275 429
275 450
275 453
275 459
275 472
275 476
275 488
276 279
276 282
276 291
276 296
276 318
276 327
276 328
276 336
276 337
276 349
276 369
276 385
276 387
276 392
276 408
276 410
276 411
276 416
276 420
276 433
276 446
276 467
276 476
276 483
276 498
277 280
277 284
277 298
277 316
277 325
277 338
277 345
277 355
277 357
277 368
277 390
277 392
277 393
277 401
277 402
277 403
277 420
277 433
277 435
277 449
277 463
277 467
277 471
277 476
277 493
278 280
278 307
278 315
278 320
278 348
278 373
278 377
278 385
278 389
278 404
278 415
278 441
278 445
278 461
278 466
278 478
278 485
278 498
279 281
279 303
279 319
279 323
279 351
279 367
279 379
279 380
279 393
279 413
279 414
279 415
279 457
279 463
279 464
279 470
279 471
279 472
279 473
279 480
279 488
279 496
280 285
280 288
280 298
280 318
280 319
280 320
280 390
280 408
280 414
280 415
280 445
280 447
280 461
280 475
280 476
280 484
280 498
281 286
281 287
281 301
281 305
281 306
281 312
281 319
281 344
281 358
281 367
281 369
281 373
281 374
281 378
281 385
281 389
281 390
281 417
281 432
281 460
281 465
281 469
281 486
281 490
281 498
282 286
282 293
282 300
282 302
282 309
282 310
282 321
282 322
282 324
282 330
282 334
282 345
282 352
282 355
282 370
282 377
282 378
282 385
282 387
282 400
282 408
282 429
282 430
282 433
282 451
282 466
282 468
282 471
282 476
282 489
283 289
283 297
283 300
283 323
283 333
283 334
283 338
283 351
283 353
283 369
283 391
283 401
283 497
284 288
284 300
284 315
284 317
284 322
284 339
284 350
284 360
284 369
284 386
284 420
284 427
284 441
284 450
284 481
284 483
285 294
285 313
285 318
285 322
285 323
285 337
285 339
285 355
285 357
285 362
285 366
285 373
285 399
285 416
285 431
285 447
285 456
285 457
285 461
286 302
286 314
286 320
286 326
286 333
286 350
286 354
286 356
286 371
286 373
286 375
286 389
286 397
286 401
286 450
286 457
286 462
286 463
286 466
286 483
286 486
287 320
287 324
287 327
287 370
287 381
287 385
287 396
287 398
287 411
287 421
287 428
287 432
287 441
287 445
287 460
287 467
287 482
287 488
287 499
288 319
288 359
288 361
288 365
288 387
288 406
288 454
288 455
288 460
288 482
288 483
288 496
288 498
289 349
289 355
289 367
289 383
289 413
289 416
289 421
289 430
289 465
289 476
289 488
289 490
290 326
290 342
290 365
290 375
290 378
290 384
290 404
290 409
290 469
290 474
290 480
291 300
291 345
291 351
291 379
291 383
291 384
291 396
291 400
291 407
291 415
291 425
291 437
291 452
291 471
291 474
291 476
291 477
291 480
291 490
292 307
292 323
292 347
292 352
292 356
292 367
292 431
292 434
292 468
292 477
292 490
292 492
292 495
293 295
293 305
293 318
293 330
293 340
293 342
293 357
293 378
293 387
293 388
293 405
293 422
293 450
293 455
293 475
293 484
293 486
293 497
294 309
294 327
294 341
294 345
294 351
294 356
294 373
294 384
294 392
294 393
294 396
294 398
294 400
294 409
294 410
294 411
294 449
294 453
295 319
295 320
295 334
295 345
295 346
295 358
295 367
295 375
295 377
295 378
295 388
295 389
295 397
295 407
295 413
295 418
295 422
295 436
295 439
295 441
295 475
295 482
295 489
295 497
295 499
296 297
296 299
296 301
296 309
296 310
296 314
296 323
296 336
296 337
296 348
296 369
296 380
296 387
296 408
296 432
296 440
296 453
296 456
296 464
296 467
296 473
297 298
297 299
297 313
297 330
297 338
297 362
297 373
297 389
297 394
297 406
297 409
297 416
297 452
297 454
297 455
297 460
298 315
298 321
298 343
298 351
298 376
298 380
298 391
298 418
298 427
298 462
298 464
298 467
298 468
298 485
298 497
299 318
299 322
299 327
299 353
299 355
299 358
299 368
299 373
299 382
299 386
299 387
299 431
299 437
299 452
299 460
299 473
299 475
300 304
300 314
300 325
300 329
300 331
300 344
300 348
300 385
300 402
300 408
300 414
300 446
300 460
300 475
300 476
301 339
301 341
301 357
301 382
301 403
301 422
301 444
301 448
301 453
301 472
301 477
301 479
301 486
301 495
302 323
302 326
302 328
302 354
302 359
302 361
302 382
302 383
302 416
302 420
302 434
302 440
302 482
303 322
303 335
303 340
303 343
303 358
303 361
303 392
303 395
303 400
303 401
303 418
303 420
303 451
303 454
303 468
303 472
303 478
303 485
303 495
304 316
304 318
304 320
304 322
304 323
304 337
304 342
304 377
304 400
304 401
304 418
304 450
304 497
305 310
305 315
305 320
305 324
305 325
305 331
305 352
305 360
305 386
305 417
305 429
305 453
305 456
305 459
305 473
305 475
305 485
305 497
306 312
306 332
306 352
306 363
306 391
306 392
306 395
306 399
306 421
306 443
306 450
306 454
306 459
306 460
306 470
306 472
306 482
307 325
307 331
307 332
307 337
307 351
307 390
307 391
307 396
307 400
307 413
307 414
307 424
307 425
307 461
307 468
307 487
307 489
307 496
308 343
308 392
308 393
308 403
308 408
308 409
308 412
308 421
308 425
308 440
308 464
308 499
309 324
309 328
309 334
309 349
309 361
309 365
309 368
309 378
309 382
309 386
309 390
309 391
309 395
309 403
309 408
309 421
309 449
309 461
309 462
309 467
309 473
309 477
309 479
309 482
309 490
310 326
310 334
310 339
310 359
310 390
310 391
310 395
310 399
310 401
310 406
310 409
310 419
310 430
310 432
310 446
310 451
310 452
310 462
310 468
310 472
310 481
310 489
310 493
310 498
311 322
311 326
311 345
311 346
311 366
311 391
311 401
311 404
311 422
311 429
311 454
311 458
311 473
311 487
311 499
312 325
312 329
312 330
312 336
312 339
312 359
312 377
312 387
312 393
312 395
312 416
312 432
312 448
312 450
312 458
312 460
312 470
312 475
312 479
312 485
312 490
312 494
313 323
313 337
313 341
313 343
313 345
313 383
313 398
313 423
313 425
313 453
313 463
313 483
313 489
314 321
314 346
314 354
314 375
314 383
314 389
314 390
314 399
314 415
314 432
314 438
314 450
314 451
314 468
314 477
314 478
314 479
314 480
314 481
314 483
314 486
315 324
315 333
315 343
315 346
315 349
315 402
315 404
315 449
315 456
315 466
315 479
315 482
315 487
316 331
316 351
316 357
316 377
316 393
316 398
316 410
316 439
316 468
316 488
317 330
317 331
317 338
317 340
317 344
317 348
317 352
317 416
317 417
317 418
317 419
317 448
317 455
317 475
317 488
318 321
318 334
318 358
318 363
318 367
318 377
318 387
318 399
318 407
318 411
318 437
318 441
318 442
318 446
318 454
318 456
318 488
318 496
318 499
319 321
319 322
319 354
319 357
319 371
319 379
319 420
319 448
319 465
319 467
319 484
319 488
319 497
320 331
320 345
320 352
320 405
320 408
320 413
320 422
320 438
320 440
320 443
320 472
320 476
320 490
321 329
321 336
321 360
321 374
321 381
321 390
321 397
321 405
321 409
321 421
321 496
322 324
322 328
322 335
322 338
322 348
322 358
322 359
322 369
322 388
322 398
322 418
322 432
322 433
322 467
322 474
322 490
322 495
323 329
323 332
323 337
323 339
323 344
323 346
323 361
323 367
323 386
323 406
323 436
323 446
323 450
323 464
323 472
323 476
323 478
323 485
324 325
324 346
324 358
324 364
324 386
324 389
324 403
324 414
324 424
324 428
324 463
324 497
325 336
325 350
325 354
325 361
325 386
325 390
325 394
325 397
325 403
325 426
325 451
325 455
325 459
325 466
325 481
325 482
326 336
326 353
326 355
326 362
326 365
326 399
326 415
326 422
326 462
326 463
326 466
326 478
326 482
326 484
326 485
327 355
327 356
327 357
327 366
327 370
327 376
327 377
327 385
327 391
327 401
327 410
327 418
327 422
327 425
327 429
327 439
327 444
327 451
327 468
327 473
327 484
327 486
327 489
327 493
327 494
328 348
328 372
328 383
328 393
328 397
328 420
328 425
328 427
328 433
328 457
328 468
328 482
329 330
329 356
329 383
329 387
329 402
329 433
329 460
330 365
330 377
330 379
330 395
330 400
330 401
330 405
330 406
330 439
330 470
330 471
330 485
331 333
331 409
331 445
331 450
331 452
331 461
331 489
332 350
332 376
332 377
332 392
332 401
332 409
332 418
332 422
332 446
332 463
332 472
332 496
333 352
333 374
333 382
333 390
333 397
333 400
333 411
333 449
333 453
333 458
333 473
333 475
333 477
333 479
333 490
333 495
334 346
334 352
334 355
334 374
334 375
334 381
334 399
334 401
334 402
334 428
334 436
334 446
334 473
334 475
334 490
335 356
335 395
335 396
335 403
335 404
335 439
335 452
335 469
335 497
336 338
336 347
336 354
336 364
336 371
336 375
336 376
336 383
336 389
336 390
336 393
336 394
336 395
336 399
336 407
336 409
336 420
336 427
336 443
336 446
336 459
336 462
336 472
336 482
336 486
337 338
337 352
337 356
337 359
337 401
337 403
337 418
337 428
337 434
337 440
337 447
337 452
337 463
337 467
337 476
337 495
338 343
338 397
338 398
338 404
338 405
338 418
338 429
338 432
338 438
338 440
338 466
338 478
338 484
338 489
338 499
339 343
339 365
339 366
339 368
339 374
339 379
339 380
339 400
339 427
339 441
339 443
339 450
339 455
339 457
339 474
340 345
340 355
340 367
340 375
340 376
340 381
340 409
340 417
340 422
340 433
340 452
340 465
340 471
340 472
340 485
340 487
340 491
341 347
341 351
341 353
341 355
341 356
341 359
341 364
341 366
341 368
341 376
341 381
341 394
341 395
341 415
341 417
341 422
341 432
341 441
341 447
341 449
341 469
341 470
341 482
341 486
341 489
341 495
342 349
342 358
342 378
342 381
342 389
342 393
342 395
342 405
342 423
342 433
342 442
342 446
342 450
342 451
342 455
342 479
342 493
342 496
342 498
343 355
343 367
343 371
343 375
343 376
343 385
343 401
343 412
343 419
343 424
343 461
343 462
343 467
343 473
343 485
343 491
344 347
344 352
344 366
344 373
344 384
344 385
344 435
344 465
344 469
344 480
344 491
344 492
345 349
345 356
345 364
345 369
345 370
345 397
345 398
345 406
345 424
345 442
345 447
345 454
345 461
345 464
345 482
345 484
345 487
345 496
346 373
346 377
346 397
346 416
346 419
346 424
346 428
346 446
346 456
346 466
346 469
346 495
347 373
347 382
347 427
347 445
347 466
347 471
347 497
348 355
348 372
348 377
348 388
348 390
348 401
348 404
348 412
348 441
348 443
348 447
348 458
348 465
348 480
348 481
348 494
348 495
349 378
349 394
349 416
349 426
349 428
349 434
349 439
349 443
349 451
349 461
349 478
349 488
349 494
349 498
350 364
350 371
350 384
350 385
350 386
350 390
350 391
350 393
350 400
350 411
350 414
350 419
350 420
350 421
350 430
350 451
350 461
350 463
350 477
350 484
350 491
350 492
351 359
351 364
351 377
351 400
351 408
351 413
351 417
351 418
351 425
351 444
351 447
351 449
351 451
351 453
351 458
351 462
351 467
351 496
352 362
352 366
352 368
352 370
352 382
352 389
352 405
352 407
352 409
352 414
352 422
352 423
352 426
352 431
352 442
352 458
352 464
352 474
352 485
353 362
353 374
353 417
353 447
353 461
353 466
353 477
353 486
354 357
354 359
354 367
354 379
354 380
354 387
354 395
354 402
354 416
354 419
354 436
354 448
354 450
354 453
354 465
354 473
355 378
355 390
355 391
355 394
355 395
355 417
355 430
355 436
355 440
355 460
355 466
355 475
355 476
355 487
356 362
356 411
356 412
356 429
356 447
356 453
356 489
357 358
357 371
357 381
357 396
357 398
357 405
357 416
357 418
357 424
357 426
357 474
357 480
357 482
358 364
358 367
358 377
358 431
358 432
358 441
358 443
358 463
358 497
358 498
359 360
359 368
359 373
359 381
359 394
359 399
359 403
359 411
359 418
359 423
359 443
359 449
359 484
360 363
360 366
360 393
360 395
360 400
360 404
360 427
360 429
360 431
360 435
360 439
360 444
360 484
361 368
361 375
361 413
361 450
361 477
362 373
362 377
362 387
362 393
362 404
362 408
362 436
362 438
362 453
362 476
362 481
362 486
362 487
362 488
362 492
363 375
363 385
363 392
363 412
363 414
363 415
363 418
363 425
363 434
363 444
363 448
363 451
363 454
363 493
364 365
364 369
364 372
364 410
364 432
364 440
364 444
364 478
364 480
364 488
364 495
365 367
365 381
365 453
365 461
365 466
365 470
365 489
366 417
366 444
366 453
366 454
366 467
366 474
366 492
367 369
367 371
367 379
367 390
367 404
367 409
367 435
367 438
367 445
367 446
367 493
368 369
368 371
368 398
368 401
368 404
368 405
368 439
368 448
368 453
368 459
368 465
368 492
369 386
369 392
369 395
369 403
369 437
369 449
369 457
369 458
369 461
369 463
369 478
369 480
369 485
370 387
370 395
370 396
370 402
370 403
370 410
370 424
370 444
370 449
370 467
370 483
370 486
370 488
370 489
371 388
371 389
371 408
371 413
371 440
371 452
371 455
371 458
372 377
372 382
372 384
372 439
372 446
372 447
372 464
372 468
372 499
373 383
373 415
373 421
373 424
373 427
373 431
373 441
373 445
373 453
373 458
373 477
373 479
374 380
374 424
374 435
374 438
374 464
374 465
374 492
374 497
374 498
375 392
375 412
375 426
375 434
375 435
375 444
375 457
375 465
375 488
375 497
376 387
376 419
376 423
376 453
376 456
376 459
376 461
376 468
376 473
376 492
377 387
377 391
377 395
377 397
377 401
377 411
377 437
377 441
377 451
377 459
377 470
377 475
377 478
377 480
377 481
378 387
378 395
378 414
378 422
378 427
378 439
378 441
378 450
378 475
378 490
378 498
379 384
379 398
379 405
379 406
379 421
379 423
379 426
379 450
379 461
379 464
379 476
379 485
380 382
380 394
380 400
380 405
380 409
380 417
380 426
380 436
380 443
380 456
380 478
380 487
380 491
381 385
381 401
381 402
381 416
381 427
381 428
381 436
381 444
381 451
381 468
381 470
381 471
381 481
381 488
381 498
382 408
382 415
382 433
382 447
382 448
382 461
382 466
382 468
383 386
383 397
383 398
383 415
383 416
383 418
383 436
383 446
383 483
383 486
383 498
384 404
384 425
384 429
384 436
384 440
384 444
384 450
384 454
384 455
384 461
384 476
384 484
384 499
385 389
385 395
385 408
385 409
385 414
385 438
385 446
385 450
385 465
385 492
385 499
386 398
386 400
386 446
386 459
386 461
386 478
387 390
387 393
387 430
387 468
387 477
388 397
388 406
388 409
388 421
388 423
388 436
388 441
388 470
389 397
389 413
389 416
389 429
389 437
389 440
389 446
389 447
389 450
389 455
389 460
389 461
389 465
389 469
389 472
389 488
390 399
390 408
390 414
390 424
390 432
390 433
390 439
390 447
390 449
390 453
390 458
390 470
390 472
390 475
390 476
390 481
390 494
391 397
391 422
391 424
391 425
391 427
391 467
391 477
391 483
391 499
392 399
392 426
392 429
392 440
392 445
392 472
392 481
393 401
393 402
393 403
393 405
393 407
393 417
393 462
393 490
393 492
393 494
394 407
394 410
394 411
394 416
394 424
394 427
394 437
394 462
394 465
394 470
395 423
395 426
395 440
395 458
395 467
395 484
395 491
396 397
396 408
396 482
396 485
397 406
397 409
397 411
397 421
397 426
397 453
397 454
397 456
397 457
397 470
397 475
397 483
398 431
398 438
398 445
398 462
398 487
399 400
399 414
399 421
399 434
399 438
399 451
399 461
399 470
399 472
399 473
399 476
399 479
399 481
399 482
400 414
400 450
400 451
400 452
400 453
400 467
400 468
400 473
400 480
401 411
401 412
401 424
401 425
401 450
401 493
402 423
402 448
402 464
402 470
402 475
402 485
402 490
403 411
403 421
403 429
403 430
403 438
403 445
403 448
403 462
403 478
403 479
403 483
404 406
404 408
404 411
404 417
404 442
404 445
404 455
404 458
404 463
404 469
404 472
404 489
405 434
405 436
405 442
405 443
405 448
405 453
405 454
405 495
406 411
406 413
406 463
406 467
406 484
406 491
406 499
407 419
407 438
407 442
407 459
407 466
407 487
407 494
408 421
408 427
408 430
408 445
408 457
408 469
408 491
408 495
409 412
409 418
409 437
409 445
409 456
409 459
409 485
409 494
410 417
410 418
410 494
411 414
411 417
411 425
411 443
411 456
411 461
411 472
411 490
411 491
412 422
412 425
412 431
412 454
412 466
412 478
413 417
413 427
413 445
413 462
413 477
413 478
413 499
414 418
414 447
414 463
414 473
414 481
414 499
415 420
415 432
415 449
415 455
415 472
415 478
416 435
416 460
416 481
417 421
417 443
417 448
417 459
417 460
417 488
417 490
417 491
418 421
418 426
418 445
418 447
418 451
418 469
418 481
418 486
418 487
419 431
419 435
419 439
419 459
419 466
419 491
420 421
420 426
420 451
420 454
420 456
420 470
420 475
420 478
420 487
420 488
420 494
421 422
421 431
421 438
421 448
421 449
421 454
421 462
421 472
422 438
422 448
422 468
422 469
422 471
422 499
423 433
423 434
423 438
423 442
423 444
424 436
424 494
424 497
424 498
425 427
425 434
425 445
425 455
425 461
425 463
425 494
425 495
425 496
425 499
426 428
426 430
426 438
426 439
426 450
426 453
426 460
426 467
426 470
426 475
427 438
427 440
427 448
427 454
427 462
427 470
427 494
428 431
428 449
428 487
428 490
428 494
428 495
429 445
429 446
429 449
429 466
429 475
429 493
430 436
430 459
430 463
430 466
430 479
430 490
430 498
431 438
431 464
431 474
431 483
432 435
432 445
432 451
432 454
432 466
432 480
432 483
432 484
432 494
432 499
433 442
433 448
433 454
433 460
433 463
433 467
433 481
433 491
434 440
434 445
434 450
434 451
434 473
434 483
434 492
435 441
435 488
435 492
435 498
436 455
436 459
436 486
436 498
437 443
437 451
437 455
437 468
437 471
437 473
437 486
437 498
438 454
438 457
438 459
438 460
438 464
438 484
438 489
438 492
439 444
439 459
439 468
439 497
439 498
440 443
440 447
440 459
440 460
441 451
441 463
441 466
441 483
441 486
441 498
441 499
442 448
442 449
442 455
442 461
442 473
442 476
442 485
443 444
443 451
443 455
443 479
443 489
444 455
444 472
444 488
445 446
445 450
445 456
445 461
445 466
445 467
445 469
445 488
446 461
446 472
447 451
447 468
447 491
448 464
448 480
449 468
449 487
449 488
450 460
450 461
450 471
450 472
450 497
451 457
451 462
451 471
451 479
451 487
451 488
452 456
452 465
452 469
453 480
453 489
453 490
453 494
454 497
455 457
455 461
455 467
455 471
455 476
455 482
456 469
456 472
456 476
456 477
456 487
456 490
456 494
456 499
457 462
457 468
457 484
457 492
457 495
458 472
458 481
458 485
458 490
459 462
459 488
459 489
460 470
460 479
460 488
461 474
461 486
462 479
462 497
462 499
464 477
464 482
465 468
465 477
465 492
466 476
466 485
466 498
467 479
467 494
468 469
468 476
468 478
469 477
469 496
470 481
470 487
470 493
471 475
471 486
471 491
471 493
471 494
471 496
472 482
472 492
473 491
473 495
473 498
474 483
474 488
475 481
475 490
475 492
475 495
476 480
476 491
476 499
477 483
477 492
477 495
478 483
479 486
479 495
479 499
480 495
481 482
481 487
482 483
482 486
482 489
482 498
483 489
483 497
485 495
485 497
486 494
486 499
487 494
490 495
491 498
491 499
492 495
494 498
