200 1880 0.2
0 7
0 10
0 21
0 22
0 26
0 29
0 39
0 69
0 71
0 131
0 133
0 143
0 146
0 154
0 197
1 19
1 22
1 33
1 42
1 51
1 59
1 64
1 66
1 73
1 94
1 108
1 122
1 125
1 134
1 137
1 138
1 142
1 146
1 152
1 163
1 173
1 174
1 177
1 179
1 184
1 196
1 198
2 9
2 11
2 15
2 19
2 24
2 52
2 55
2 58
2 67
2 95
2 110
2 127
2 140
2 152
2 165
2 174
2 176
2 181
3 16
3 21
3 44
3 56
3 57
3 63
3 84
3 98
3 101
3 128
3 147
3 164
3 165
3 166
3 171
3 176
3 194
3 199
4 5
4 9
4 20
4 28
4 31
4 35
4 59
4 73
4 75
4 82
4 89
4 106
4 116
4 120
4 135
4 139
4 144
4 145
4 149
4 165
4 167
4 170
4 177
4 181
4 199
5 12
5 14
5 20
5 25
5 54
5 60
5 70
5 79
5 88
5 112
5 113
5 148
5 171
5 172
5 190
6 29
6 35
6 53
6 54
6 55
6 58
6 67
6 68
6 80
6 87
6 88
6 90
6 93
6 96
6 129
6 136
6 144
6 152
6 175
6 176
6 178
6 183
6 187
6 193
6 198
7 8
7 23
7 27
7 67
7 70
7 85
7 118
7 140
7 146
7 163
7 177
7 195
7 198
8 35
8 36
8 50
8 65
8 84
8 97
8 102
8 112
8 122
8 148
8 174
8 181
8 187
8 190
8 196
9 14
9 16
9 18
9 22
9 41
9 53
9 57
9 70
9 85
9 92
9 93
9 97
9 111
9 120
9 124
9 141
9 149
9 163
9 168
9 170
9 172
9 183
9 190
9 193
10 12
10 29
10 50
10 66
10 145
10 166
10 176
11 48
11 67
11 74
11 76
11 106
11 119
11 146
11 159
11 180
11 187
11 189
11 190
11 197
12 25
12 37
12 51
12 70
12 87
12 90
12 99
12 130
12 147
12 166
12 177
12 186
12 188
12 195
12 197
13 49
13 52
13 75
13 82
13 98
13 102
13 110
13 111
13 117
13 129
13 138
13 145
13 154
13 168
13 192
14 34
14 45
14 50
14 60
14 71
14 87
14 99
14 102
14 109
14 111
14 117
14 125
14 131
14 153
14 165
14 167
14 172
14 190
15 17
15 23
15 71
15 73
15 136
15 142
15 148
15 164
15 177
15 178
15 185
16 21
16 46
16 47
16 65
16 74
16 85
16 87
16 96
16 106
16 114
16 142
16 163
16 164
16 192
16 194
17 23
17 26
17 33
17 36
17 65
17 69
17 71
17 89
17 93
17 132
17 155
17 164
17 179
18 30
18 34
18 42
18 66
18 123
18 132
18 137
18 139
18 148
18 149
18 152
18 167
18 195
19 26
19 62
19 63
19 68
19 78
19 89
19 108
19 109
19 117
19 134
19 159
19 166
19 175
19 180
19 188
19 195
20 22
20 27
20 32
20 34
20 52
20 107
20 108
20 124
20 132
20 140
20 141
20 144
20 153
20 171
20 174
20 179
20 180
20 181
20 185
20 190
20 191
21 40
21 43
21 50
21 60
21 63
21 71
21 89
21 90
21 114
21 131
21 147
21 161
21 167
21 172
21 179
21 183
21 194
22 25
22 48
22 61
22 77
22 88
22 96
22 102
22 106
22 118
22 120
22 125
22 130
22 133
22 145
22 146
22 153
22 168
22 182
22 193
23 39
23 41
23 44
23 49
23 60
23 74
23 80
23 87
23 115
23 158
23 164
23 174
23 177
23 183
23 189
23 190
24 44
24 50
24 60
24 71
24 73
24 77
24 91
24 92
24 101
24 107
24 111
24 119
24 121
24 145
24 147
24 156
24 163
24 170
24 171
24 183
24 191
25 29
25 31
25 41
25 53
25 54
25 65
25 68
25 82
25 85
25 88
25 102
25 119
25 131
25 136
25 146
25 154
25 156
25 165
25 169
25 172
25 179
26 33
26 41
26 82
26 86
26 109
26 117
26 125
26 127
26 163
26 165
26 197
26 198
26 199
27 53
27 58
27 64
27 66
27 79
27 82
27 103
27 118
27 146
27 151
27 154
27 160
27 174
27 176
27 192
28 33
28 35
28 44
28 92
28 100
28 131
28 159
28 185
28 186
28 189
28 192
28 193
29 56
29 73
29 78
29 86
29 101
29 109
29 118
29 126
29 135
29 142
29 148
29 156
29 157
29 175
29 179
29 194
30 57
30 82
30 94
30 95
30 97
30 160
30 178
31 33
31 34
31 37
31 48
31 56
31 57
31 67
31 79
31 82
31 103
31 107
31 109
31 119
31 126
31 135
31 147
31 149
31 156
31 164
31 177
31 180
31 199
32 41
32 50
32 55
32 71
32 79
32 91
32 95
32 105
32 114
32 119
32 122
32 133
32 134
32 141
32 151
32 167
32 173
32 182
32 190
33 42
33 48
33 60
33 64
33 67
33 84
33 88
33 89
33 91
33 92
33 106
33 108
33 110
33 126
33 129
33 131
33 142
33 151
33 174
33 178
33 185
33 193
34 37
34 44
34 55
34 61
34 83
34 90
34 92
34 118
34 139
34 144
34 163
34 175
34 178
34 179
34 186
34 189
34 198
35 53
35 67
35 97
35 109
35 114
35 117
35 118
35 124
35 133
35 157
35 171
35 184
35 190
36 62
36 72
36 77
36 82
36 89
36 138
36 162
36 165
36 172
36 185
36 198
37 68
37 81
37 85
37 95
37 99
37 104
37 114
37 120
37 131
37 135
37 146
37 147
37 162
37 165
37 171
38 49
38 56
38 58
38 60
38 63
38 68
38 73
38 74
38 103
38 115
38 125
38 132
38 157
38 173
38 195
39 40
39 50
39 59
39 65
39 75
39 92
39 93
39 115
39 120
39 122
39 128
39 133
39 147
39 158
39 162
39 163
39 181
40 46
40 56
40 86
40 87
40 106
40 119
40 131
40 132
40 153
40 161
40 166
40 180
41 44
41 48
41 58
41 67
41 70
41 83
41 93
41 107
41 115
41 123
41 126
41 155
41 159
41 170
41 199
42 45
42 58
42 74
42 76
42 93
42 96
42 103
42 111
42 121
42 129
42 134
42 143
42 144
42 155
42 169
42 174
43 63
43 69
43 75
43 81
43 82
43 86
43 102
43 136
43 139
43 156
43 167
43 177
43 187
43 191
44 59
44 61
44 66
44 88
44 92
44 98
44 109
44 115
44 130
44 144
44 163
44 166
44 171
44 174
44 190
45 50
45 56
45 71
45 85
45 92
45 104
45 114
45 115
45 158
45 176
45 178
45 185
45 193
46 50
46 65
46 105
46 114
46 116
46 118
46 134
46 150
46 153
46 161
46 179
46 181
46 195
47 51
47 52
47 58
47 71
47 74
47 95
47 109
47 116
47 132
47 141
47 160
47 199
48 57
48 69
48 73
48 90
48 97
48 124
48 140
48 148
48 152
48 157
48 185
49 56
49 71
49 111
49 112
49 127
49 133
49 151
49 156
49 159
49 168
49 173
49 186
49 194
49 196
50 51
50 63
50 64
50 112
50 119
50 121
50 162
50 184
50 187
50 189
50 194
51 69
51 73
51 79
51 84
51 117
51 138
51 139
51 143
51 146
51 171
51 188
51 190
52 69
52 74
52 84
52 85
52 97
52 117
52 145
52 162
52 168
52 189
52 190
52 192
53 79
53 85
53 93
53 106
53 122
53 135
53 137
53 160
53 169
53 170
53 172
53 181
53 194
53 198
54 60
54 75
54 91
54 94
54 98
54 111
54 120
54 136
54 140
54 141
54 154
54 163
54 173
54 191
54 196
55 79
55 86
55 89
55 112
55 117
55 135
55 144
55 145
55 162
55 167
55 170
55 171
56 57
56 58
56 69
56 100
56 102
56 129
56 139
56 160
56 166
56 192
56 193
57 61
57 62
57 111
57 119
57 122
57 131
57 134
57 147
57 161
57 168
57 180
57 181
57 182
57 188
57 195
58 59
58 69
58 76
58 79
58 83
58 94
58 117
58 134
58 150
58 162
58 178
58 189
58 198
59 62
59 64
59 67
59 82
59 92
59 113
59 118
59 120
59 127
59 137
59 147
59 152
59 157
60 64
60 66
60 68
60 74
60 75
60 77
60 95
60 106
60 109
60 119
60 124
60 155
60 157
60 159
60 162
60 176
60 180
60 183
61 67
61 72
61 91
61 105
61 115
61 133
61 148
61 154
61 160
61 169
61 178
61 181
62 66
62 67
62 78
62 96
62 120
62 138
62 152
62 160
62 166
62 191
62 197
63 75
63 96
63 100
63 110
63 121
63 125
63 130
63 143
63 144
63 146
63 147
63 148
63 153
63 166
64 78
64 82
64 96
64 115
64 130
64 135
64 146
64 158
64 165
64 167
64 175
64 182
64 186
64 189
64 191
64 193
64 195
65 91
65 92
65 120
65 124
65 127
65 135
65 138
65 148
65 149
65 165
65 171
65 180
66 72
66 73
66 85
66 87
66 88
66 95
66 103
66 110
66 129
66 131
66 132
66 134
66 136
66 142
66 158
66 170
66 183
67 73
67 80
67 86
67 88
67 91
67 120
67 142
67 143
67 149
67 156
67 161
67 170
67 185
67 188
67 191
68 92
68 140
68 143
68 154
68 165
68 168
68 169
68 183
69 90
69 100
69 113
69 119
69 132
69 149
69 181
69 187
69 188
69 190
69 197
70 72
70 73
70 81
70 86
70 89
70 94
70 101
70 103
70 105
70 114
70 115
70 122
70 125
70 135
70 169
70 172
70 179
70 195
71 77
71 108
71 137
71 177
71 180
71 187
71 189
71 198
72 93
72 94
72 99
72 100
72 123
72 137
72 151
72 153
72 157
72 162
72 169
72 184
72 193
73 76
73 82
73 93
73 94
73 108
73 109
73 112
73 116
73 120
73 124
73 134
73 137
73 159
73 165
73 174
73 194
74 77
74 78
74 83
74 99
74 104
74 107
74 158
74 172
74 174
74 175
74 176
74 197
75 76
75 77
75 80
75 82
75 83
75 98
75 102
75 108
75 109
75 118
75 133
75 156
75 163
75 176
75 179
75 198
76 80
76 81
76 88
76 106
76 107
76 121
76 150
76 154
76 190
76 196
77 97
77 99
77 102
77 106
77 137
77 145
77 148
77 166
77 180
77 185
78 81
78 90
78 112
78 128
78 154
78 175
78 177
78 178
78 179
78 196
79 82
79 86
79 88
79 90
79 107
79 141
79 155
79 156
79 167
79 168
79 176
79 186
79 193
79 199
80 91
80 113
80 116
80 124
80 133
80 144
80 153
80 189
80 197
81 90
81 100
81 111
81 119
81 161
81 198
82 94
82 95
82 98
82 109
82 116
82 142
82 149
82 153
82 191
82 194
83 88
83 91
83 102
83 109
83 110
83 116
83 132
83 142
83 160
83 170
83 172
84 116
84 118
84 131
84 133
84 144
84 149
84 164
84 169
84 193
85 86
85 110
85 126
85 142
85 151
85 153
85 164
85 179
85 185
85 192
85 193
85 197
85 199
86 103
86 105
86 108
86 121
86 124
86 162
86 169
86 175
86 181
86 184
86 189
86 193
86 194
87 97
87 101
87 106
87 120
87 135
87 150
87 159
87 161
87 177
87 185
88 113
88 118
88 120
88 127
88 146
88 162
88 173
88 175
88 187
89 96
89 101
89 116
89 125
89 131
89 140
89 163
89 165
89 196
90 93
90 104
90 110
90 118
90 132
90 133
90 135
90 137
90 142
90 168
90 184
90 186
90 189
90 194
90 197
91 92
91 94
91 108
91 127
91 133
91 151
91 182
91 185
91 197
92 96
92 97
92 105
92 107
92 120
92 137
92 139
92 151
92 160
92 187
93 97
93 115
93 119
93 120
93 126
93 143
93 168
94 100
94 104
94 110
94 129
94 154
94 165
94 168
94 169
95 99
95 101
95 117
95 135
95 153
95 156
95 162
95 178
95 180
95 192
95 197
95 198
96 106
96 107
96 113
96 134
96 135
96 138
96 143
96 173
96 185
96 192
97 113
97 118
97 131
97 164
97 184
97 198
98 105
98 110
98 125
98 128
98 134
98 145
98 152
98 163
98 183
98 192
99 110
99 113
99 114
99 115
99 136
99 142
99 143
99 147
99 154
99 160
99 164
99 176
99 182
100 104
100 127
100 128
100 143
100 157
100 158
100 160
100 188
100 189
100 197
101 131
101 134
101 156
101 159
101 162
101 165
101 169
101 175
101 193
102 104
102 120
102 128
102 133
102 139
102 143
102 155
102 159
102 172
102 176
102 181
103 105
103 122
103 133
103 146
103 187
103 196
104 134
104 156
104 175
104 177
104 180
104 186
104 192
105 110
105 115
105 119
105 140
105 148
105 152
105 157
105 187
105 194
106 114
106 122
106 148
106 162
106 167
106 170
106 173
106 177
106 195
107 113
107 138
107 139
107 140
107 142
107 151
107 163
107 165
107 190
108 164
109 113
109 135
109 138
109 140
109 160
109 165
109 167
109 173
109 174
109 178
109 185
110 111
110 119
110 124
110 132
110 134
110 138
110 139
110 144
110 157
110 172
110 179
110 181
111 116
111 120
111 125
111 139
111 165
111 185
111 199
112 118
112 122
112 129
112 145
112 149
112 167
112 172
112 174
112 199
113 116
113 131
113 135
113 141
113 143
113 148
113 166
113 184
113 186
113 190
113 197
114 116
114 122
114 157
114 160
114 162
114 168
114 173
114 176
115 117
115 121
115 127
115 128
115 144
115 145
115 147
115 176
115 189
116 118
116 119
116 123
116 135
116 167
117 123
117 125
117 128
117 145
117 150
117 153
117 167
117 174
117 180
117 187
117 191
118 130
118 131
118 136
118 143
118 158
118 160
118 170
119 122
119 155
119 157
119 159
119 161
119 168
119 170
119 174
119 175
119 184
119 194
119 197
120 125
120 127
120 133
120 143
120 149
120 192
120 195
120 199
121 136
121 137
121 141
121 145
121 148
121 153
121 163
121 164
121 171
121 183
121 187
121 199
122 126
122 140
122 155
122 166
122 198
123 125
123 129
123 136
123 142
123 143
123 146
123 159
123 174
123 186
123 194
124 132
124 142
124 145
124 159
124 161
124 164
124 187
124 197
125 132
125 133
125 138
125 142
125 143
125 152
125 162
125 164
125 175
125 177
126 128
126 134
126 148
126 160
126 162
126 163
126 166
126 169
126 189
126 198
127 132
127 166
127 180
127 183
127 186
127 188
127 198
128 141
128 145
128 160
128 163
128 170
128 183
128 198
129 132
129 141
129 169
129 175
129 176
129 186
129 190
129 191
129 195
130 152
130 156
130 157
130 158
130 160
130 161
130 177
130 179
130 188
131 135
131 137
131 147
131 155
131 191
132 136
132 152
132 168
132 173
132 191
132 196
132 199
133 152
133 160
133 162
133 168
134 138
134 139
134 154
134 168
134 170
134 198
135 153
135 158
135 159
135 178
135 181
135 193
136 148
136 151
136 161
136 162
136 168
136 175
137 139
137 152
137 174
137 180
137 193
137 195
137 197
138 154
138 179
138 197
139 143
139 152
139 162
139 177
139 180
139 182
139 184
139 190
140 144
140 145
140 147
140 153
140 154
140 155
140 156
140 176
140 178
140 187
140 189
141 165
141 166
141 168
141 175
141 184
142 149
142 161
142 163
142 182
142 185
142 190
142 191
143 148
143 159
143 179
143 190
144 155
144 169
144 178
145 150
145 163
145 171
145 181
145 182
145 193
146 149
146 157
146 171
146 179
146 198
146 199
147 174
147 183
148 150
148 153
148 166
148 171
148 190
148 193
149 155
149 158
149 169
149 175
149 193
150 165
150 167
150 170
150 174
150 178
150 187
150 193
151 162
151 169
151 172
151 175
151 185
151 198
152 159
152 188
153 156
153 159
153 170
154 156
154 166
154 193
155 157
155 172
155 177
155 186
155 188
155 192
155 195
156 168
156 173
156 182
157 173
157 176
157 183
157 186
157 188
157 195
157 198
158 159
158 163
158 174
158 191
160 167
160 199
161 165
161 179
161 183
162 168
162 175
162 180
162 193
162 199
163 184
163 189
163 195
163 196
164 169
164 173
164 184
164 188
164 199
165 169
165 175
165 180
165 191
166 168
166 171
166 176
166 198
167 170
167 187
167 194
169 175
169 192
169 195
169 198
170 171
170 175
170 198
171 186
171 187
171 188
172 184
172 193
173 176
173 179
173 180
173 181
173 184
173 186
173 197
173 199
174 179
175 178
175 180
175 183
175 186
175 193
176 181
177 198
178 185
179 194
180 185
181 191
182 185
183 185
183 192
183 195
184 185
185 188
185 192
186 194
187 190
187 195
188 194
188 196
190 194
190 196
191 197
191 198
193 199
