200 1447 0.5
0 3
0 10
0 14
0 38
0 40
0 83
0 95
0 116
0 127
0 139
0 165
0 178
0 196
0 197
1 3
1 29
1 33
1 56
1 57
1 62
1 70
1 108
1 138
1 164
1 174
1 195
2 11
2 41
2 60
2 79
2 81
2 105
2 106
2 134
2 138
2 152
2 153
2 171
2 198
3 6
3 52
3 60
3 65
3 81
3 86
3 92
3 99
3 117
3 134
3 135
3 141
3 142
3 143
3 168
3 187
4 21
4 39
4 62
4 64
4 73
4 79
4 94
4 97
4 118
4 122
4 126
4 136
5 6
5 22
5 32
5 34
5 46
5 73
5 87
5 98
5 99
5 121
5 131
5 139
5 181
5 194
6 11
6 25
6 26
6 40
6 57
6 66
6 86
6 102
6 103
6 109
6 113
6 131
6 136
6 145
6 155
6 169
6 174
6 178
6 184
6 185
6 188
7 26
7 38
7 49
7 52
7 74
7 87
7 88
7 89
7 112
7 114
7 131
7 135
7 141
7 145
8 19
8 29
8 43
8 51
8 60
8 94
8 108
8 120
8 134
8 146
9 27
9 30
9 45
9 46
9 47
9 51
9 81
9 102
9 139
9 183
9 198
10 16
10 19
10 29
10 41
10 46
10 47
10 60
10 102
10 116
10 123
10 156
10 157
10 158
10 185
10 188
11 30
11 41
11 42
11 45
11 55
11 88
11 144
11 155
11 170
11 173
11 182
12 24
12 49
12 73
12 116
12 125
12 131
12 134
12 145
12 162
12 178
12 180
12 186
13 23
13 74
13 80
13 87
13 114
13 126
13 136
13 137
13 149
13 192
14 23
14 41
14 52
14 61
14 63
14 67
14 84
14 90
14 91
14 115
14 127
14 138
14 139
14 159
14 174
14 176
15 17
15 27
15 35
15 45
15 49
15 81
15 85
15 110
15 154
15 161
15 171
15 172
15 181
15 192
16 20
16 24
16 39
16 58
16 63
16 128
16 143
16 144
16 146
16 153
16 166
16 178
16 179
16 180
16 186
16 192
16 194
17 54
17 72
17 80
17 108
17 114
17 124
17 127
17 133
17 157
17 181
17 184
18 51
18 53
18 98
18 130
18 138
18 141
18 152
18 153
18 196
19 42
19 43
19 69
19 81
19 99
19 103
19 114
19 146
19 149
19 153
19 169
19 171
19 190
20 22
20 51
20 68
20 81
20 86
20 90
20 111
20 121
20 165
20 194
20 197
21 24
21 26
21 37
21 71
21 90
21 94
21 99
21 108
21 131
21 132
21 157
21 188
22 37
22 67
22 76
22 83
22 87
22 119
22 144
22 148
22 151
22 155
22 157
22 164
22 188
22 198
23 39
23 42
23 44
23 63
23 66
23 67
23 74
23 94
23 110
23 113
23 122
23 136
23 137
23 147
23 152
23 156
23 162
23 180
24 31
24 32
24 49
24 53
24 106
24 125
24 130
24 145
24 168
24 193
25 28
25 34
25 70
25 92
25 118
25 119
25 135
25 141
25 143
25 165
25 167
25 169
25 183
25 193
26 27
26 28
26 36
26 60
26 61
26 75
26 82
26 85
26 96
26 100
26 136
26 142
26 162
26 165
26 186
26 189
26 193
26 199
27 50
27 62
27 69
27 73
27 87
27 123
27 128
27 152
27 162
27 174
27 198
28 29
28 59
28 109
28 130
28 137
28 138
28 149
28 156
28 167
28 168
28 185
29 58
29 68
29 70
29 80
29 90
29 91
29 107
29 144
29 156
29 166
29 168
29 182
30 33
30 35
30 58
30 65
30 76
30 139
30 174
30 196
31 56
31 66
31 86
31 95
31 114
31 125
31 129
31 140
31 182
31 191
31 192
31 196
31 198
32 67
32 69
32 71
32 100
32 105
32 134
32 162
32 166
32 170
32 174
32 195
33 55
33 57
33 64
33 88
33 114
33 146
33 149
33 158
33 180
33 189
33 199
34 62
34 64
34 90
34 100
34 120
34 148
34 150
34 168
34 180
34 183
35 61
35 62
35 67
35 70
35 77
35 105
35 111
35 112
35 124
35 138
35 143
35 147
36 38
36 41
36 52
36 88
36 95
36 101
36 121
36 128
36 132
36 156
36 175
36 198
37 39
37 49
37 58
37 79
37 90
37 97
37 108
37 111
37 127
37 141
37 143
37 149
37 154
37 172
37 176
37 182
37 187
37 196
37 198
38 42
38 59
38 94
38 96
38 110
38 125
38 129
38 147
38 173
38 177
38 181
38 184
38 189
39 42
39 51
39 55
39 64
39 70
39 96
39 104
39 146
39 163
39 164
39 170
39 177
39 189
40 52
40 58
40 72
40 73
40 91
40 94
40 107
40 133
40 136
40 159
40 164
40 170
41 43
41 46
41 54
41 62
41 76
41 121
41 123
41 127
41 145
41 148
41 154
41 168
41 173
42 53
42 57
42 80
42 84
42 97
42 99
42 104
42 109
42 121
42 130
42 132
42 162
42 170
42 175
42 189
42 197
43 50
43 106
43 113
43 131
43 149
43 157
43 189
44 46
44 57
44 78
44 83
44 86
44 114
44 118
44 120
44 132
44 144
44 146
44 156
44 170
44 174
44 187
44 195
45 50
45 54
45 66
45 88
45 103
45 119
45 122
45 125
45 136
45 141
45 169
45 173
46 48
46 57
46 61
46 67
46 73
46 94
46 101
46 102
46 114
46 133
46 138
46 146
46 148
46 165
46 166
46 178
46 186
46 196
46 198
47 63
47 74
47 120
47 123
47 128
47 137
47 171
47 192
48 57
48 79
48 82
48 89
48 100
48 105
48 156
48 172
48 177
48 182
49 66
49 78
49 98
49 104
49 122
49 142
49 143
49 151
49 153
49 156
49 170
49 178
50 51
50 53
50 67
50 75
50 80
50 83
50 88
50 164
50 177
50 183
50 194
50 195
51 55
51 63
51 83
51 94
51 96
51 100
51 125
51 132
51 172
51 177
52 57
52 69
52 71
52 78
52 89
52 90
52 108
52 124
52 146
52 148
52 153
52 156
52 157
52 191
53 84
53 85
53 114
53 118
53 121
53 136
53 142
53 190
53 194
54 57
54 77
54 105
54 132
54 135
54 137
54 161
54 171
54 177
54 180
54 186
54 190
55 87
55 141
55 155
55 158
55 161
55 177
55 183
55 184
56 65
56 67
56 102
56 112
56 123
56 148
56 178
57 66
57 85
57 86
57 94
57 96
57 107
57 116
57 172
57 175
58 62
58 86
58 117
58 123
58 135
58 136
58 137
58 141
58 142
58 157
58 168
58 173
58 184
58 195
58 198
59 65
59 78
59 142
59 155
59 157
59 185
60 129
60 131
60 141
60 153
60 178
60 186
60 194
61 67
61 108
61 114
61 123
61 132
61 135
61 152
61 168
61 169
61 189
61 192
61 193
62 70
62 96
62 99
62 113
62 142
62 157
62 172
62 183
62 184
63 96
63 106
63 119
63 132
63 147
63 150
63 163
63 168
63 174
64 74
64 75
64 94
64 128
64 172
64 191
64 198
65 74
65 77
65 85
65 103
65 136
65 150
65 169
65 180
65 185
65 193
65 194
66 141
66 149
66 193
67 85
67 97
67 98
67 99
67 110
67 114
67 116
67 121
67 133
67 138
67 141
67 177
67 182
67 185
68 73
68 80
68 102
68 104
68 116
68 139
68 170
68 179
68 180
69 70
69 73
69 93
69 124
69 156
69 158
69 160
69 167
69 177
69 186
69 193
69 194
69 197
70 81
70 90
70 95
70 112
70 117
70 154
70 158
70 159
70 188
71 83
71 92
71 96
71 140
71 149
71 166
71 176
71 198
72 83
72 87
72 94
72 108
72 123
72 160
72 183
72 194
73 85
73 114
73 118
73 143
73 145
73 150
73 152
73 175
73 187
73 188
74 76
74 80
74 106
74 112
74 123
74 143
74 147
74 149
74 189
75 80
75 92
75 102
75 135
75 149
75 162
75 182
75 187
76 80
76 85
76 91
76 92
76 110
76 134
76 155
76 175
76 178
76 181
76 182
76 192
76 197
77 84
77 89
77 106
77 117
77 149
77 152
77 160
77 163
77 168
77 178
77 188
78 105
78 115
78 124
78 132
78 140
78 167
79 101
79 110
79 116
79 121
79 125
79 136
79 165
79 175
79 184
80 102
80 105
80 112
80 133
80 135
80 144
80 149
80 172
80 186
80 187
80 188
80 198
81 100
81 111
81 115
81 124
81 125
81 138
81 144
81 155
82 89
82 90
82 91
82 96
82 100
82 109
82 122
82 131
82 132
82 140
82 142
82 161
82 167
82 176
82 194
83 87
83 114
83 122
83 166
83 178
83 181
83 195
84 91
84 109
84 120
84 145
84 149
84 152
84 182
84 197
84 198
84 199
85 104
85 109
85 121
85 122
85 134
85 135
85 146
85 156
85 158
85 166
85 178
85 194
85 197
85 198
86 105
86 108
86 129
86 154
86 169
86 194
86 199
87 90
87 95
87 105
87 113
87 117
87 132
87 138
87 163
87 172
87 182
88 89
88 92
88 98
88 101
88 106
88 132
88 138
88 166
88 196
89 96
89 118
89 127
89 172
89 179
90 93
90 106
90 108
90 135
90 155
90 160
90 198
91 126
91 130
91 133
91 136
91 140
91 146
91 160
91 167
91 173
91 188
91 195
92 140
92 153
92 156
92 177
92 178
92 180
92 182
92 185
93 96
93 135
93 142
93 145
93 161
93 163
93 174
93 176
93 178
93 198
94 107
94 119
94 127
94 155
94 173
94 187
95 99
95 111
95 114
95 131
95 138
95 184
95 193
95 199
96 128
96 130
97 107
97 110
97 114
97 162
97 179
97 199
98 109
98 124
98 129
98 157
98 167
99 103
99 122
99 126
99 171
99 172
99 184
99 188
99 195
100 108
100 127
100 145
100 152
100 154
100 163
100 164
100 192
100 196
100 197
101 107
101 125
101 129
101 132
101 157
101 165
101 169
101 182
102 128
102 149
102 152
102 164
102 172
102 181
102 194
103 111
103 157
103 172
104 110
104 122
104 125
104 153
104 160
105 109
105 124
105 135
105 158
105 162
105 173
105 190
105 196
106 125
106 133
106 139
106 188
106 195
107 121
107 130
107 149
107 158
107 167
107 188
108 109
108 142
108 152
108 161
108 188
108 195
109 112
109 121
109 155
109 171
109 174
109 175
109 184
110 122
110 127
110 128
110 133
110 144
110 158
110 178
110 184
111 119
111 121
111 159
111 177
111 193
112 115
112 117
112 126
112 134
112 140
112 154
112 155
112 158
112 161
112 193
112 195
113 137
113 138
113 142
113 150
113 153
113 174
114 139
114 147
114 148
114 153
114 157
114 184
114 186
114 190
114 197
115 126
115 130
115 132
115 136
115 139
115 160
115 175
115 182
115 187
116 126
116 129
116 132
116 139
116 161
116 182
116 185
116 199
117 120
117 144
117 159
117 170
117 191
117 192
118 146
118 158
118 167
118 184
118 191
119 129
119 188
120 127
120 131
120 152
120 156
121 143
121 146
121 166
121 177
121 192
121 196
122 134
122 156
122 157
122 164
122 168
122 184
122 194
123 126
123 138
123 151
123 156
123 171
123 182
123 185
123 190
123 194
124 128
124 153
124 170
124 188
124 193
125 135
125 156
125 170
125 181
125 183
126 186
126 195
127 142
127 148
127 183
127 188
128 179
129 177
129 192
129 195
129 198
130 145
130 147
130 155
130 156
130 163
130 192
130 197
130 198
131 133
131 149
131 153
131 161
131 168
131 180
132 136
132 142
132 153
132 174
132 181
132 185
133 139
133 144
133 153
133 171
133 181
134 147
134 166
134 172
134 183
134 184
134 191
135 137
135 142
135 143
135 165
135 185
136 139
136 142
136 161
137 149
137 186
137 189
138 139
138 143
138 169
139 164
140 166
140 171
140 180
140 190
140 191
141 172
141 180
142 144
142 145
143 146
143 164
143 179
143 180
143 197
144 175
144 177
145 152
145 161
145 163
145 178
146 150
146 178
146 180
146 185
146 193
147 157
147 179
147 184
147 190
148 152
148 154
148 162
148 183
148 197
149 199
150 161
150 162
150 165
151 170
151 187
152 153
152 155
152 158
152 168
153 154
153 181
154 155
154 158
155 157
155 162
155 169
155 186
155 193
156 157
156 170
156 182
156 195
157 198
158 162
158 169
158 175
158 178
158 182
158 191
158 192
159 161
159 176
159 177
159 181
159 190
160 189
160 190
161 171
161 187
162 169
162 172
162 179
162 184
163 168
164 166
164 172
165 170
165 172
165 192
166 176
166 198
167 179
167 183
167 189
167 193
169 175
169 187
169 197
170 179
170 191
172 185
173 180
174 188
174 195
174 199
175 180
175 190
176 194
176 197
177 188
177 199
178 187
178 194
178 196
179 186
180 182
180 193
181 189
181 195
181 198
182 193
183 195
184 196
185 186
189 190
190 194
193 199
