300 2718 0.5
0 45
0 88
0 97
0 106
0 123
0 209
0 250
0 283
0 299
1 6
1 8
1 10
1 28
1 47
1 56
1 63
1 67
1 69
1 70
1 80
1 93
1 98
1 99
1 100
1 134
1 155
1 158
1 160
1 175
1 201
1 215
1 216
1 225
1 262
2 29
2 31
2 52
2 83
2 110
2 195
2 198
2 229
2 231
2 234
2 253
2 257
3 6
3 32
3 37
3 44
3 52
3 67
3 78
3 93
3 98
3 107
3 123
3 124
3 143
3 152
3 169
3 192
3 205
3 208
3 232
3 246
3 252
4 10
4 11
4 25
4 28
4 37
4 47
4 53
4 55
4 61
4 74
4 77
4 86
4 102
4 103
4 104
4 123
4 132
4 150
4 212
4 260
4 277
4 283
5 8
5 25
5 116
5 165
5 166
5 202
5 209
5 221
5 232
5 235
5 273
6 15
6 19
6 35
6 48
6 61
6 67
6 77
6 114
6 144
6 147
6 162
6 198
6 199
6 200
6 218
6 222
6 236
6 250
6 286
7 19
7 30
7 31
7 45
7 50
7 75
7 76
7 82
7 91
7 101
7 119
7 147
7 187
7 193
7 199
7 212
7 213
7 215
7 216
7 237
7 268
7 288
8 38
8 39
8 54
8 59
8 70
8 133
8 143
8 157
8 158
8 176
8 190
8 215
8 226
9 24
9 68
9 105
9 120
9 142
9 155
9 157
9 165
9 166
9 171
9 174
9 199
9 224
9 237
9 240
9 251
9 263
9 267
9 278
9 286
9 288
10 63
10 72
10 89
10 100
10 111
10 121
10 125
10 151
10 164
10 174
10 186
10 200
10 202
10 227
10 264
10 291
11 25
11 29
11 64
11 92
11 99
11 124
11 153
11 154
11 163
11 180
11 181
11 259
11 280
11 287
11 291
11 296
12 13
12 35
12 70
12 106
12 128
12 132
12 133
12 146
12 171
12 190
12 199
12 209
12 229
12 246
12 250
12 297
13 95
13 96
13 100
13 111
13 112
13 131
13 196
13 203
13 210
13 251
13 257
13 272
13 274
13 291
13 293
14 25
14 45
14 91
14 96
14 99
14 101
14 107
14 129
14 145
14 147
14 155
14 165
14 175
14 184
14 194
14 245
14 266
14 275
14 291
15 21
15 25
15 51
15 57
15 79
15 127
15 143
15 144
15 162
15 177
15 186
15 202
15 213
15 223
15 228
15 237
15 271
15 277
16 68
16 135
16 180
16 203
16 210
16 246
16 261
17 69
17 77
17 92
17 97
17 145
17 160
17 162
17 163
17 185
17 186
17 206
17 232
17 234
17 252
17 269
17 292
18 33
18 49
18 50
18 53
18 74
18 83
18 98
18 103
18 112
18 146
18 187
18 219
18 256
18 273
18 292
19 20
19 38
19 48
19 64
19 71
19 106
19 114
19 125
19 129
19 157
19 247
19 258
19 261
19 276
19 283
19 295
20 28
20 32
20 54
20 69
20 85
20 132
20 141
20 159
20 177
20 179
20 193
20 198
20 230
20 242
20 299
21 39
21 55
21 59
21 61
21 62
21 64
21 99
21 109
21 111
21 162
21 176
21 187
21 195
21 206
21 210
21 227
21 228
21 233
21 241
21 277
21 292
22 23
22 33
22 74
22 82
22 95
22 100
22 144
22 150
22 170
22 184
22 192
22 205
22 216
22 252
22 254
22 264
22 271
22 272
23 27
23 47
23 61
23 71
23 81
23 92
23 121
23 173
23 184
23 214
23 219
23 229
23 232
23 236
23 247
23 257
23 261
23 280
24 38
24 45
24 50
24 66
24 90
24 101
24 126
24 134
24 136
24 163
24 181
24 196
24 202
24 245
24 255
24 264
24 266
24 273
24 274
24 277
24 286
25 33
25 36
25 108
25 116
25 129
25 145
25 185
25 188
25 193
25 228
25 240
25 269
25 282
26 48
26 56
26 60
26 65
26 66
26 68
26 73
26 76
26 81
26 82
26 88
26 90
26 108
26 120
26 153
26 157
26 171
26 196
26 227
26 231
26 245
26 252
26 273
26 280
27 42
27 63
27 70
27 71
27 80
27 115
27 121
27 185
27 186
27 214
27 224
27 225
27 257
27 282
28 29
28 40
28 43
28 81
28 82
28 102
28 106
28 108
28 121
28 124
28 138
28 176
28 220
28 239
28 255
28 264
28 265
29 46
29 65
29 76
29 134
29 140
29 142
29 163
29 179
29 187
29 191
29 216
29 219
29 221
29 238
29 245
29 262
29 264
29 266
29 269
29 270
29 271
29 277
29 278
29 284
29 295
30 43
30 50
30 68
30 69
30 93
30 96
30 105
30 108
30 129
30 142
30 168
30 177
30 181
30 196
30 199
30 206
30 216
30 248
30 266
30 272
30 294
30 296
31 73
31 94
31 97
31 102
31 116
31 124
31 126
31 173
31 188
31 198
31 202
31 235
31 237
31 238
31 272
32 46
32 48
32 88
32 100
32 105
32 111
32 148
32 153
32 186
32 232
32 297
32 299
33 37
33 43
33 46
33 53
33 104
33 144
33 173
33 174
33 175
33 198
33 228
33 245
33 254
33 257
33 272
34 57
34 72
34 123
34 134
34 165
34 170
34 182
34 184
34 185
34 204
34 228
34 243
34 246
34 256
34 265
34 279
35 42
35 45
35 48
35 49
35 73
35 87
35 104
35 117
35 121
35 134
35 142
35 149
35 166
35 192
35 214
35 236
35 256
35 261
35 269
35 273
35 292
35 295
36 37
36 49
36 55
36 66
36 69
36 90
36 91
36 114
36 122
36 131
36 151
36 187
36 208
36 234
36 268
36 289
36 297
37 45
37 59
37 70
37 77
37 87
37 96
37 110
37 115
37 123
37 129
37 159
37 175
37 195
37 219
37 240
37 285
37 287
38 45
38 51
38 55
38 107
38 128
38 129
38 136
38 157
38 171
38 178
38 181
38 190
38 217
38 222
38 232
38 246
38 247
38 248
38 255
38 258
38 260
38 262
38 267
38 276
38 277
38 291
38 294
39 41
39 52
39 72
39 94
39 97
39 98
39 107
39 111
39 125
39 160
39 175
39 189
39 253
39 256
39 257
39 263
39 267
39 273
39 296
40 59
40 75
40 83
40 85
40 98
40 104
40 116
40 149
40 187
40 210
40 214
40 226
40 243
40 261
40 289
41 54
41 57
41 58
41 94
41 132
41 134
41 147
41 153
41 169
41 174
41 183
41 187
41 205
41 220
41 229
41 230
41 235
41 254
41 268
41 270
41 292
42 43
42 55
42 61
42 88
42 177
42 200
42 204
42 207
42 214
42 216
42 250
42 256
42 283
43 70
43 79
43 97
43 115
43 128
43 150
43 163
43 182
43 187
43 197
43 201
43 204
43 205
43 210
43 213
43 216
43 244
43 247
43 249
43 250
43 253
43 261
43 276
43 292
44 79
44 89
44 101
44 135
44 139
44 145
44 150
44 175
44 176
44 183
44 185
44 191
44 233
44 261
44 267
44 275
44 286
44 294
44 296
44 298
45 73
45 74
45 82
45 91
45 100
45 125
45 131
45 140
45 170
45 198
45 208
45 229
45 241
45 268
45 270
45 280
46 48
46 73
46 75
46 123
46 135
46 138
46 149
46 157
46 159
46 165
46 172
46 178
46 190
46 197
46 207
46 211
46 225
46 234
46 282
46 283
47 54
47 55
47 60
47 99
47 112
47 118
47 124
47 157
47 166
47 167
47 177
47 187
47 200
47 217
47 219
47 274
47 280
47 282
47 286
47 288
48 72
48 74
48 76
48 80
48 94
48 105
48 107
48 120
48 131
48 153
48 156
48 163
48 185
48 193
48 224
48 233
48 244
49 82
49 146
49 156
49 186
49 197
49 247
49 249
49 267
49 274
49 282
49 287
49 292
50 68
50 122
50 133
50 149
50 151
50 157
50 186
50 218
50 251
50 278
50 279
50 281
50 289
50 294
51 109
51 111
51 131
51 142
51 160
51 162
51 172
51 193
51 205
51 213
51 232
51 233
51 244
51 247
51 256
51 275
51 286
52 65
52 78
52 80
52 82
52 100
52 104
52 154
52 156
52 195
52 198
52 263
52 297
53 76
53 85
53 108
53 125
53 129
53 135
53 136
53 156
53 158
53 179
53 190
53 209
53 242
53 259
53 278
53 286
53 294
54 72
54 86
54 119
54 151
54 160
54 165
54 182
54 184
54 212
54 219
54 241
54 250
54 270
54 288
54 296
55 60
55 65
55 73
55 94
55 95
55 108
55 144
55 196
55 199
55 203
55 264
55 269
55 287
56 76
56 77
56 78
56 119
56 121
56 139
56 152
56 153
56 156
56 163
56 185
56 194
56 203
56 222
56 241
56 252
56 291
57 78
57 97
57 138
57 151
57 170
57 192
57 200
57 216
57 218
57 219
57 235
57 249
57 250
57 253
57 267
57 276
58 59
58 76
58 86
58 122
58 146
58 168
58 170
58 178
58 185
58 212
58 238
58 241
58 258
59 65
59 93
59 100
59 129
59 150
59 162
59 209
59 247
59 251
59 258
59 266
59 277
60 67
60 91
60 98
60 108
60 119
60 168
60 171
60 173
60 178
60 184
60 206
60 221
60 236
60 237
60 280
60 281
60 290
61 78
61 81
61 113
61 138
61 141
61 150
61 192
61 255
61 267
61 269
61 292
62 69
62 72
62 91
62 106
62 116
62 169
62 242
62 245
62 246
62 265
62 273
62 296
63 103
63 110
63 122
63 150
63 180
63 197
63 198
63 206
63 213
63 222
63 252
63 253
63 280
64 74
64 78
64 106
64 113
64 162
64 218
64 227
64 254
64 255
64 281
64 298
65 71
65 123
65 131
65 154
65 193
65 194
65 196
65 215
65 256
65 264
65 289
66 83
66 85
66 87
66 96
66 101
66 130
66 138
66 182
66 222
66 236
66 259
66 273
66 276
66 298
67 68
67 100
67 137
67 138
67 149
67 153
67 163
67 237
67 242
67 245
67 250
67 254
67 277
67 291
68 77
68 80
68 92
68 108
68 110
68 147
68 188
68 220
68 231
68 242
68 259
68 265
68 267
68 272
69 74
69 83
69 148
69 159
69 163
69 173
69 176
69 196
69 199
69 201
69 203
69 212
69 221
69 226
69 229
69 249
69 258
69 260
69 269
69 278
70 87
70 109
70 118
70 128
70 140
70 149
70 159
70 238
70 243
70 258
70 261
70 266
70 280
71 250
71 261
72 93
72 109
72 115
72 129
72 155
72 163
72 177
72 179
72 242
72 244
72 270
72 280
72 297
73 79
73 103
73 111
73 124
73 150
73 153
73 157
73 167
73 176
73 197
73 202
73 214
73 229
73 273
73 276
73 283
74 87
74 119
74 182
74 217
75 126
75 163
75 177
75 185
75 229
75 237
75 242
75 265
75 281
76 77
76 87
76 101
76 119
76 128
76 133
76 140
76 166
76 203
76 224
76 248
76 251
76 293
76 294
77 84
77 93
77 110
77 119
77 121
77 128
77 142
77 154
77 161
77 195
77 217
77 240
77 252
77 299
78 89
78 120
78 130
78 148
78 151
78 173
78 200
78 212
78 215
78 218
78 229
78 245
78 274
78 284
79 120
79 131
79 134
79 143
79 151
79 180
79 197
79 199
79 215
79 234
79 244
79 247
79 271
79 293
80 85
80 88
80 106
80 136
80 138
80 145
80 179
80 203
80 213
80 243
80 248
80 286
81 109
81 115
81 125
81 147
81 150
81 161
81 178
81 180
81 185
81 209
81 281
81 292
82 140
82 146
82 151
82 153
82 217
82 222
82 224
82 250
82 254
82 261
82 288
82 292
83 90
83 95
83 117
83 131
83 147
83 148
83 150
83 171
83 178
83 192
83 247
83 253
83 263
83 298
84 94
84 139
84 152
84 170
84 189
84 210
84 218
84 240
84 266
84 273
84 282
84 286
85 110
85 113
85 133
85 135
85 140
85 162
85 182
85 188
85 193
85 231
85 236
85 246
85 253
85 255
85 277
85 278
85 292
86 105
86 128
86 138
86 148
86 153
86 171
86 190
86 194
86 252
86 280
86 282
86 290
86 292
86 294
87 88
87 117
87 134
87 135
87 156
87 226
87 237
87 268
88 103
88 112
88 113
88 119
88 122
88 127
88 174
88 177
88 197
88 208
88 234
88 263
88 286
88 298
89 107
89 108
89 119
89 177
89 180
89 183
89 214
89 223
89 235
89 250
89 251
89 273
89 274
89 293
90 96
90 99
90 116
90 131
90 138
90 147
90 149
90 189
90 197
90 227
90 228
90 292
91 157
91 174
91 192
91 235
91 242
91 281
91 284
92 97
92 121
92 131
92 140
92 154
92 155
92 159
92 182
92 190
92 193
92 229
92 236
92 253
92 286
92 294
92 295
93 136
93 140
93 144
93 150
93 163
93 164
93 243
93 244
93 250
93 252
93 263
93 275
93 299
94 98
94 101
94 141
94 152
94 167
94 176
94 185
94 186
94 197
94 218
94 291
95 105
95 149
95 150
95 151
95 179
95 180
95 207
95 218
95 226
95 261
95 278
95 284
96 117
96 118
96 135
96 199
96 205
96 210
96 236
96 244
96 255
96 258
96 291
96 295
97 132
97 171
97 271
97 292
97 296
97 298
98 102
98 110
98 116
98 137
98 143
98 164
98 165
98 168
98 173
98 174
98 175
98 194
98 198
98 204
98 229
98 235
99 101
99 121
99 143
99 156
99 180
99 192
99 252
99 269
100 126
100 169
100 177
100 188
100 189
100 190
100 195
100 226
100 239
100 273
100 292
101 122
101 172
101 173
101 184
101 194
101 199
101 202
101 203
101 266
101 284
102 106
102 143
102 158
102 160
102 167
102 182
102 189
102 204
102 221
102 222
102 225
102 238
102 249
102 298
103 128
103 133
103 180
103 183
103 222
103 234
103 246
103 253
103 294
104 168
104 189
104 206
104 210
104 216
104 226
104 227
104 232
104 239
104 249
104 257
104 296
105 117
105 120
105 130
105 135
105 141
105 163
105 193
105 199
105 200
105 211
105 245
105 261
105 296
105 299
106 138
106 147
106 159
106 171
106 178
106 208
106 223
106 263
106 267
106 274
106 281
106 292
107 140
107 149
107 155
107 169
107 175
107 188
107 194
107 212
107 245
107 246
108 128
108 164
108 167
108 188
108 220
108 226
108 269
108 274
108 296
109 153
109 162
109 215
109 240
109 242
109 271
109 277
109 289
109 293
109 298
110 121
110 144
110 149
110 152
110 166
110 167
110 181
110 188
110 225
110 236
110 250
110 255
110 262
110 272
110 281
110 285
110 297
111 158
111 163
111 164
111 166
111 198
111 202
111 237
111 287
111 297
112 117
112 118
112 161
112 208
112 221
112 230
112 268
112 273
112 274
112 276
113 123
113 146
113 169
113 198
113 207
113 248
113 265
113 274
113 284
113 285
113 297
114 125
114 132
114 198
114 222
114 225
114 253
114 260
114 277
114 286
115 145
115 157
115 160
115 161
115 164
115 173
115 186
115 248
115 260
115 275
115 284
116 121
116 133
116 150
116 151
116 156
116 181
116 187
116 197
116 198
116 215
116 280
116 281
116 291
117 122
117 163
117 192
117 226
117 227
117 292
118 165
118 169
118 172
118 194
118 237
118 252
118 262
118 264
118 266
118 290
119 162
119 174
119 195
119 203
119 211
119 248
119 262
119 277
119 291
120 125
120 126
120 156
120 169
120 218
120 231
120 235
120 269
120 274
120 283
121 164
121 244
121 261
121 265
121 276
121 279
121 295
122 123
122 133
122 137
122 194
122 195
122 220
122 230
122 233
122 235
122 241
122 255
122 256
122 260
122 273
122 287
123 128
123 170
123 185
123 217
123 226
123 227
123 255
124 155
124 158
124 176
124 186
124 203
124 204
124 216
124 236
124 255
124 259
124 260
124 271
124 288
125 155
125 156
125 176
125 249
125 253
125 259
125 269
125 272
125 281
125 291
125 299
126 129
126 135
126 245
126 258
126 261
126 293
127 149
127 150
127 172
127 173
127 174
127 178
127 184
127 189
127 192
127 272
127 283
127 295
128 171
128 172
128 181
128 199
128 208
128 231
128 240
128 286
128 297
129 154
129 176
129 196
129 203
129 209
129 221
129 275
130 132
130 147
130 151
130 168
130 176
130 177
130 226
130 227
130 256
130 275
130 286
130 291
130 293
130 296
131 145
131 150
131 152
131 163
131 165
131 179
131 195
131 239
131 268
132 139
132 141
132 196
132 226
132 248
132 288
133 161
133 169
133 171
133 178
133 185
133 225
133 229
133 252
133 268
133 291
134 136
134 142
134 150
134 173
134 228
134 250
134 286
135 168
135 181
135 198
135 207
135 236
135 263
135 265
135 277
135 296
136 137
136 138
136 146
136 200
136 219
136 232
136 242
136 243
136 259
136 260
136 275
136 278
137 139
137 146
137 158
137 160
137 162
137 166
137 170
137 174
137 179
137 183
137 185
137 208
137 210
137 221
137 223
137 263
137 267
137 282
137 292
137 296
137 299
138 166
138 172
138 186
138 199
138 206
138 237
138 275
138 278
138 281
139 161
139 280
139 290
140 191
140 220
140 224
140 227
140 233
140 237
140 242
140 272
140 279
140 285
140 286
141 149
141 160
141 163
141 167
141 173
141 212
141 233
141 250
141 260
141 269
141 276
141 284
141 289
141 293
141 299
142 159
142 181
142 204
142 229
142 292
143 154
143 155
143 156
143 157
143 160
143 177
143 178
143 189
143 197
143 222
143 232
143 248
143 250
143 261
143 268
144 179
144 187
144 192
144 204
144 211
144 240
144 249
144 271
144 293
144 297
145 152
145 154
145 157
145 178
145 185
145 223
145 231
145 269
145 278
145 279
146 188
146 194
146 241
147 192
147 193
147 194
147 202
147 208
147 213
147 230
147 247
147 285
147 287
148 183
148 213
148 250
148 277
148 282
148 283
149 169
149 175
149 177
149 205
149 237
149 250
149 278
149 298
149 299
150 190
150 198
150 205
150 208
150 209
150 217
150 219
150 220
150 265
150 272
150 273
150 285
150 286
151 160
151 165
151 184
151 186
151 193
151 201
151 219
151 226
151 240
151 246
151 268
151 292
151 296
152 155
152 180
152 197
152 219
152 224
152 230
152 234
152 254
152 272
152 281
153 213
153 235
153 239
153 261
153 267
153 280
153 282
153 287
153 289
154 157
154 186
154 187
154 193
154 204
154 217
154 221
154 232
154 237
154 256
154 275
154 285
155 175
155 206
155 208
155 226
155 240
155 264
155 271
155 274
155 292
156 171
156 191
156 202
156 258
156 276
156 281
156 282
156 293
157 180
157 280
158 185
158 190
158 197
158 201
158 276
158 283
158 285
159 170
159 178
159 190
159 201
159 206
159 209
159 212
159 241
159 257
159 263
159 275
159 297
160 177
160 196
160 215
160 227
160 245
160 268
160 289
161 169
161 186
161 235
161 241
161 249
161 251
161 263
161 264
161 289
162 163
162 191
162 228
162 242
162 254
162 291
163 167
163 199
163 212
163 231
163 239
163 243
163 252
163 253
163 262
163 273
163 283
164 171
164 176
164 182
164 226
164 266
164 272
164 273
164 278
164 279
164 298
165 182
165 183
165 189
165 270
165 284
166 174
166 195
166 209
166 221
166 245
166 259
167 201
167 212
167 220
167 227
167 233
167 260
167 272
167 292
168 178
168 192
168 202
168 211
168 217
168 227
168 239
168 242
168 246
168 253
169 182
169 232
169 234
169 238
169 243
169 252
169 266
169 269
169 278
169 285
170 247
170 259
170 262
170 276
171 191
171 218
171 220
171 250
171 253
171 256
171 275
172 231
172 245
172 246
172 253
172 267
172 273
172 299
173 188
173 212
173 216
173 225
173 236
173 250
173 270
173 274
173 285
174 221
174 226
174 227
174 230
174 239
174 251
174 256
174 269
175 178
175 184
175 190
175 195
175 204
175 210
175 227
175 238
175 293
175 294
175 298
175 299
176 184
176 235
177 202
177 223
177 230
177 232
177 245
177 249
177 272
177 276
178 179
178 197
178 234
178 263
178 272
178 273
178 286
178 288
178 293
179 194
179 198
179 200
179 211
179 233
179 252
179 270
179 285
179 290
180 200
180 210
180 212
180 213
180 231
180 234
180 237
180 243
180 275
180 281
180 299
181 237
181 249
181 278
182 197
182 235
182 272
182 273
182 299
183 219
183 224
183 232
183 236
183 250
183 253
183 254
183 262
183 264
183 266
183 275
184 199
184 222
184 250
184 257
184 277
185 207
185 216
185 271
185 277
185 297
186 189
186 192
186 196
186 213
186 236
186 270
186 287
187 194
187 213
187 237
187 238
187 253
187 257
187 274
187 278
187 293
188 200
188 203
188 209
188 229
188 240
188 258
188 267
188 273
188 284
189 194
189 211
189 235
189 267
189 268
190 198
190 199
190 230
190 245
190 254
190 274
190 285
191 210
191 216
191 225
191 230
191 242
191 248
191 251
191 257
191 266
191 271
192 194
192 196
192 197
192 203
192 204
192 220
192 231
192 243
192 261
192 262
192 282
193 208
193 229
193 245
193 281
194 222
194 229
194 290
195 211
195 233
195 241
195 280
196 219
196 230
196 252
196 286
196 290
197 232
197 287
197 289
197 297
197 298
198 216
198 245
198 286
198 291
199 206
199 214
199 255
200 206
200 213
200 255
200 273
200 276
201 217
201 227
201 234
201 240
201 264
201 273
201 278
202 235
202 242
202 259
202 264
202 269
202 275
202 283
203 205
203 222
203 242
203 256
203 266
203 274
203 289
204 231
204 242
204 251
204 254
204 273
204 288
205 208
205 214
205 234
205 272
205 299
206 217
206 226
206 247
206 257
206 273
206 276
207 218
207 262
207 272
207 280
207 295
208 215
208 216
208 217
208 235
208 257
209 230
209 251
209 253
209 270
209 277
209 279
210 234
210 241
210 249
210 252
210 264
210 275
210 284
210 295
211 213
211 217
211 221
211 223
211 256
212 214
212 232
212 247
212 255
212 277
213 214
213 215
213 216
213 218
213 232
213 266
213 295
213 297
214 228
214 229
214 231
214 240
214 245
214 266
215 216
215 241
215 250
216 218
216 219
216 226
216 236
216 261
216 265
216 269
216 273
216 294
216 295
216 299
217 238
217 251
218 240
218 241
218 254
218 255
218 264
218 280
218 286
219 229
219 270
219 298
220 232
220 245
220 251
220 257
220 259
220 271
220 279
220 282
221 224
221 230
221 274
221 277
221 296
221 298
222 228
222 241
222 266
222 272
222 296
223 239
223 240
223 241
223 246
223 252
223 254
223 273
223 274
223 279
224 251
224 295
225 272
225 292
226 236
226 253
226 259
226 262
226 264
226 276
226 277
227 241
227 250
227 271
227 273
227 283
228 232
228 233
228 243
228 246
228 251
228 263
229 236
229 245
229 262
229 277
229 298
229 299
230 252
230 282
230 288
231 250
231 254
231 286
231 296
232 233
232 237
232 251
232 266
232 282
232 287
232 299
233 259
233 283
233 293
234 242
235 256
235 269
236 278
236 298
237 251
237 253
237 262
238 281
238 282
239 263
239 284
239 286
239 295
240 254
240 255
240 289
241 247
241 256
241 260
241 290
242 257
242 260
242 268
242 278
242 289
242 292
242 293
242 294
242 298
243 290
244 257
244 281
244 284
245 250
245 294
246 251
246 258
246 275
246 291
247 248
247 265
247 278
247 288
248 269
250 277
250 278
250 290
251 252
251 260
251 281
251 292
252 282
253 278
253 287
253 288
253 289
253 291
254 264
254 265
254 266
254 267
255 258
255 285
255 287
255 289
255 294
256 264
256 268
256 269
257 274
257 281
257 289
258 259
258 268
258 275
258 293
258 296
259 272
260 286
260 298
261 289
262 271
262 287
262 296
262 297
262 299
263 279
263 281
263 284
263 292
263 294
265 289
265 291
265 293
266 288
266 289
266 290
268 292
269 275
269 290
269 292
270 274
270 275
270 281
270 290
271 285
271 291
271 294
271 296
272 286
272 290
272 291
273 297
274 279
274 285
275 284
275 299
276 279
276 287
277 280
278 286
281 297
284 291
284 295
285 293
285 294
287 293
289 290
296 299
