100 442 0.2
0 12
0 43
0 68
0 80
0 87
0 95
1 18
1 24
1 39
1 43
1 52
1 58
1 59
2 8
2 18
2 19
2 35
2 59
2 77
2 88
2 91
3 28
3 30
3 40
3 60
3 64
3 79
3 91
3 97
3 99
4 27
4 49
4 51
4 65
4 68
4 78
4 82
4 90
4 97
5 9
5 50
5 55
5 75
5 89
6 16
6 21
6 28
6 47
6 48
6 50
6 79
6 87
6 92
6 97
7 16
7 38
7 77
7 79
7 83
8 11
8 30
8 37
8 55
8 92
9 10
9 12
9 19
9 37
9 50
9 71
9 72
9 76
10 11
10 40
10 51
10 52
10 74
10 98
11 24
11 31
11 34
11 49
11 54
11 78
11 97
12 21
12 23
12 27
12 35
12 36
12 49
12 54
12 56
12 59
12 81
12 83
12 88
12 93
12 98
13 14
13 18
13 24
13 36
13 37
13 60
13 63
13 82
13 88
13 93
13 95
14 24
14 29
14 44
14 49
14 68
15 18
15 33
15 44
15 60
15 62
15 67
15 86
16 21
16 35
16 40
16 49
16 50
16 54
16 70
16 89
16 92
17 19
17 29
17 31
17 47
17 53
17 65
17 71
17 73
17 82
17 85
17 93
18 21
18 27
18 39
18 43
18 46
18 54
18 73
18 90
18 96
19 23
19 28
19 31
19 47
19 54
19 56
19 57
19 66
20 26
20 56
20 68
20 87
20 94
20 98
21 52
21 75
21 85
22 26
22 27
22 36
22 37
22 48
22 54
22 60
22 72
22 75
22 86
22 88
22 89
22 92
22 97
23 25
23 40
23 41
23 45
23 46
23 49
23 61
23 64
23 71
23 76
23 79
23 93
23 98
24 36
24 59
24 72
24 79
24 82
24 83
24 90
24 91
25 43
25 44
25 48
25 52
25 58
25 64
25 66
25 81
26 32
26 62
26 72
26 80
27 58
27 95
28 32
28 34
28 47
28 66
28 70
28 73
28 87
28 98
29 35
29 43
29 63
29 69
29 77
29 84
29 87
29 97
30 39
30 54
30 65
30 75
30 78
30 95
31 38
31 90
32 37
32 40
32 50
32 54
32 56
32 57
32 72
32 74
33 51
33 59
33 62
33 64
33 70
33 87
34 51
34 85
34 93
35 41
35 75
35 82
35 89
36 49
36 57
36 75
37 43
37 53
37 60
37 61
37 66
37 69
37 71
37 72
37 74
37 95
37 97
38 40
38 42
38 61
38 77
38 79
38 83
38 89
38 92
39 43
39 64
39 78
39 83
39 99
40 65
40 70
40 78
41 51
41 54
41 68
41 92
41 99
42 61
42 71
42 80
43 57
43 75
43 78
43 88
44 45
44 72
44 85
44 90
44 94
45 50
45 54
45 57
45 61
45 63
45 74
46 49
46 80
46 81
47 52
47 56
47 63
47 73
47 76
47 79
47 88
47 92
47 93
47 95
47 96
47 99
48 65
48 87
48 99
49 57
49 85
49 92
50 72
50 73
50 74
50 92
50 98
51 52
51 56
51 74
51 83
52 59
52 78
52 96
53 55
53 66
53 67
53 73
53 79
54 62
54 72
54 74
54 78
55 60
55 80
55 81
55 86
55 89
56 70
56 78
56 81
57 67
57 69
57 71
57 72
57 74
58 82
58 83
58 97
59 63
59 82
59 89
59 95
60 61
60 63
60 67
60 72
60 81
60 94
61 91
61 93
62 76
63 79
63 81
63 85
64 71
64 85
64 87
65 70
65 87
65 96
65 97
66 69
66 76
66 81
67 71
67 79
68 79
68 94
69 81
69 84
70 84
71 78
71 82
73 75
73 80
73 94
74 76
74 81
74 82
75 95
76 85
76 88
77 96
78 80
78 86
79 92
80 90
82 98
83 85
83 88
84 87
84 91
84 95
84 99
85 88
85 93
85 94
86 92
86 96
88 89
89 91
89 97
89 99
90 99
91 95
94 96
95 98
