300 2278 0.2
0 33
0 54
0 70
0 78
0 88
0 99
0 109
0 122
0 134
0 163
0 179
0 185
0 186
0 214
0 221
0 237
0 241
0 249
0 256
0 271
0 283
1 20
1 33
1 54
1 55
1 71
1 150
1 177
1 191
1 192
1 195
1 221
1 232
1 236
1 243
1 275
1 287
2 70
2 87
2 104
2 116
2 117
2 121
2 127
2 145
2 169
2 184
2 198
2 203
2 224
2 240
2 251
2 255
2 283
2 290
2 293
3 26
3 34
3 45
3 53
3 106
3 131
3 153
3 162
3 192
3 220
3 238
3 241
3 249
3 267
3 288
4 55
4 73
4 141
4 158
4 204
4 205
4 216
4 219
4 267
4 293
5 9
5 63
5 68
5 85
5 88
5 118
5 146
5 162
5 163
5 219
5 291
6 10
6 54
6 97
6 109
6 111
6 132
6 175
6 225
6 263
7 14
7 64
7 87
7 98
7 124
7 157
7 192
7 255
7 280
7 283
7 296
7 297
8 35
8 36
8 60
8 65
8 76
8 84
8 99
8 105
8 117
8 125
8 130
8 131
8 218
8 283
9 24
9 27
9 52
9 55
9 58
9 80
9 83
9 107
9 134
9 152
9 186
9 192
9 197
9 213
9 216
9 231
9 264
9 270
10 24
10 45
10 98
10 103
10 105
10 114
10 138
10 153
10 167
10 182
10 187
10 195
10 209
10 213
10 265
10 298
11 46
11 88
11 101
11 120
11 130
11 132
11 138
11 154
11 171
11 177
11 189
11 245
11 248
11 270
11 273
12 35
12 86
12 90
12 99
12 136
12 147
12 166
12 185
12 189
12 196
12 204
12 215
12 223
12 233
12 245
12 246
12 256
12 283
12 284
13 15
13 46
13 102
13 120
13 124
13 166
13 183
13 220
13 227
13 293
14 16
14 29
14 67
14 80
14 100
14 106
14 138
14 139
14 159
14 161
14 227
14 235
14 236
14 239
14 259
15 23
15 54
15 71
15 91
15 116
15 121
15 155
15 159
15 179
15 212
15 224
15 234
15 237
15 238
15 240
15 249
15 271
16 44
16 59
16 94
16 95
16 113
16 183
16 184
16 189
16 191
16 198
16 240
16 249
16 252
16 279
17 36
17 79
17 163
17 168
17 171
17 231
17 252
17 276
17 279
17 283
17 291
18 22
18 53
18 67
18 91
18 113
18 132
18 141
18 146
18 199
18 207
18 213
18 224
18 245
18 279
18 281
18 290
19 21
19 158
19 214
19 226
19 281
19 294
20 49
20 55
20 93
20 94
20 110
20 131
20 158
20 173
20 202
20 207
20 208
20 217
20 239
20 250
20 259
20 262
20 285
21 38
21 42
21 50
21 97
21 124
21 172
21 176
21 187
21 231
21 237
21 241
21 271
21 278
22 30
22 80
22 90
22 93
22 98
22 112
22 175
22 209
22 223
22 230
22 264
22 275
22 280
23 38
23 59
23 64
23 100
23 107
23 111
23 128
23 130
23 182
23 191
23 217
23 232
23 244
23 250
23 281
23 292
23 295
23 299
24 83
24 123
24 143
24 185
24 189
24 206
24 224
24 228
24 275
24 280
24 290
24 299
25 58
25 84
25 92
25 110
25 131
25 163
25 164
25 204
25 243
25 251
25 255
25 261
26 41
26 72
26 75
26 87
26 137
26 157
26 189
26 199
26 224
26 248
26 255
26 265
26 283
26 299
27 37
27 56
27 73
27 94
27 103
27 105
27 133
27 145
27 160
27 197
27 221
27 248
27 268
27 270
27 283
27 298
28 46
28 92
28 154
28 158
28 161
28 173
28 217
28 247
28 269
28 274
28 279
28 299
29 38
29 53
29 55
29 72
29 95
29 123
29 163
29 174
29 203
29 204
29 209
29 247
29 282
30 36
30 47
30 51
30 58
30 91
30 99
30 109
30 141
30 148
30 151
30 152
30 192
30 268
30 275
31 34
31 39
31 44
31 61
31 72
31 117
31 169
31 186
31 189
31 204
31 280
32 41
32 67
32 73
32 77
32 125
32 153
32 165
32 182
32 214
32 234
32 245
32 251
32 287
32 289
32 296
33 65
33 83
33 116
33 130
33 152
33 156
33 167
33 200
33 213
33 217
33 242
33 292
33 296
33 299
34 84
34 95
34 109
34 126
34 129
34 143
34 147
34 156
34 158
34 168
34 226
34 228
34 234
35 65
35 76
35 113
35 114
35 117
35 122
35 133
35 143
35 168
35 172
35 181
35 185
35 188
35 208
35 214
35 234
35 240
35 253
35 267
35 274
35 277
36 39
36 44
36 48
36 72
36 81
36 99
36 119
36 122
36 136
36 143
36 205
36 241
36 242
36 248
36 253
36 269
36 292
37 62
37 63
37 65
37 66
37 85
37 89
37 100
37 111
37 112
37 134
37 141
37 157
37 160
37 178
37 186
37 215
37 267
37 279
37 288
37 289
37 293
38 65
38 109
38 118
38 155
38 160
38 253
38 261
38 264
38 285
38 298
39 53
39 61
39 67
39 90
39 104
39 159
39 192
39 222
39 231
39 252
39 294
40 61
40 75
40 82
40 91
40 114
40 168
40 199
40 231
40 251
40 270
41 47
41 118
41 147
41 162
41 199
41 232
41 259
41 267
41 287
41 292
41 293
41 294
42 67
42 122
42 139
42 160
42 165
42 168
42 176
42 178
42 239
42 260
43 47
43 59
43 85
43 167
43 172
43 188
43 226
43 273
43 290
44 101
44 133
44 144
44 152
44 166
44 171
44 222
44 251
44 284
44 296
45 51
45 74
45 103
45 152
45 159
45 169
45 179
45 194
45 196
45 228
45 235
45 290
46 83
46 93
46 95
46 131
46 147
46 167
46 188
46 197
46 199
46 210
46 245
46 264
46 271
46 293
47 85
47 91
47 95
47 108
47 143
47 151
47 170
47 190
47 199
47 221
47 239
47 250
47 277
47 284
47 288
47 299
48 50
48 54
48 78
48 96
48 148
48 159
48 194
48 245
48 259
48 263
48 272
48 288
48 290
48 295
49 52
49 75
49 95
49 121
49 128
49 141
49 148
49 159
49 160
49 204
49 211
49 225
49 248
49 249
49 252
49 273
49 293
50 94
50 111
50 138
50 154
50 179
50 186
50 188
50 202
50 230
50 266
50 267
50 280
51 53
51 57
51 85
51 113
51 127
51 137
51 139
51 153
51 161
51 165
51 174
51 179
51 190
51 222
51 233
51 234
51 280
52 120
52 133
52 138
52 166
52 173
52 175
52 213
52 214
52 263
52 274
52 296
53 60
53 77
53 106
53 136
53 146
53 162
53 183
53 216
53 235
53 238
53 244
53 256
54 60
54 62
54 68
54 90
54 131
54 136
54 155
54 207
54 233
54 264
54 275
54 281
55 69
55 89
55 107
55 139
55 156
55 217
55 284
56 61
56 98
56 151
56 161
56 274
57 146
57 160
57 185
57 212
57 227
57 242
57 248
57 290
57 291
58 59
58 69
58 96
58 115
58 116
58 125
58 134
58 148
58 152
58 159
58 174
58 219
58 235
58 254
58 266
58 272
59 83
59 107
59 156
59 157
59 166
59 170
59 211
59 224
59 227
59 272
59 283
60 84
60 106
60 139
60 231
60 232
60 235
60 250
60 261
60 270
60 290
61 105
61 133
61 153
61 185
61 190
61 226
61 233
61 244
61 271
61 276
62 98
62 106
62 153
62 182
62 221
62 227
62 245
62 246
62 257
62 267
62 279
63 72
63 75
63 88
63 104
63 144
63 150
63 164
63 174
63 175
63 208
63 215
64 160
64 216
64 220
64 268
64 279
65 71
65 105
65 116
65 146
65 153
65 188
65 247
65 260
65 266
65 275
65 286
65 296
66 97
66 149
66 187
67 110
67 124
67 126
67 133
67 136
67 169
67 191
67 208
67 231
67 261
68 79
68 157
68 158
68 192
68 221
68 226
68 263
68 276
68 287
68 290
69 98
69 116
69 124
69 125
69 141
69 151
69 188
69 205
69 227
69 246
69 296
70 104
70 119
70 124
70 133
70 153
70 160
70 183
70 195
70 203
70 244
70 247
70 295
71 77
71 78
71 100
71 123
71 154
71 156
71 205
71 210
71 240
71 248
71 263
71 269
72 77
72 93
72 123
72 146
72 148
72 170
72 181
72 188
72 189
72 199
72 210
72 246
72 269
72 286
73 77
73 83
73 92
73 102
73 110
73 124
73 138
73 139
73 166
73 168
73 179
73 183
73 190
73 208
73 222
73 233
74 79
74 93
74 95
74 116
74 122
74 133
74 146
74 150
74 169
74 209
74 228
74 238
74 260
74 262
74 271
74 278
74 283
75 88
75 89
75 100
75 113
75 121
75 139
75 142
75 147
75 241
75 256
75 292
75 296
76 87
76 115
76 123
76 133
76 151
76 165
76 183
76 216
76 263
76 269
77 95
77 131
77 151
77 184
77 202
77 216
77 230
77 244
77 278
78 97
78 118
78 122
78 124
78 128
78 147
78 167
78 200
78 234
78 251
78 261
78 266
78 267
78 269
79 89
79 93
79 138
79 152
79 191
79 211
79 213
79 238
79 245
79 275
79 278
79 286
80 86
80 97
80 108
80 121
80 147
80 294
81 122
81 160
81 205
81 214
81 229
81 251
81 276
82 91
82 96
82 123
82 203
82 205
82 207
82 241
82 277
82 280
82 289
82 291
83 88
83 96
83 107
83 115
83 134
83 137
83 146
83 149
83 189
83 196
83 199
83 211
83 261
83 263
83 276
83 299
84 128
84 140
84 173
84 175
84 181
84 192
84 194
84 200
84 237
84 242
84 244
84 260
84 277
84 288
85 104
85 149
85 199
85 215
85 225
85 247
85 250
86 102
86 131
86 153
86 154
86 159
86 184
87 91
87 96
87 123
87 129
87 133
87 190
87 201
87 249
87 253
88 91
88 103
88 125
88 127
88 128
88 147
88 150
88 193
88 217
88 248
88 259
88 262
88 278
88 289
88 291
88 296
89 94
89 131
89 137
89 167
89 210
89 213
89 222
89 247
89 248
89 268
90 100
90 110
90 140
90 176
90 190
90 213
90 218
90 259
90 269
90 284
90 287
91 94
91 101
91 108
91 147
91 235
91 283
91 291
91 295
91 297
91 299
92 94
92 124
92 130
92 140
92 145
92 148
92 149
92 156
92 178
92 191
92 222
92 232
92 235
92 272
92 280
92 283
93 115
93 116
93 146
93 169
93 194
93 195
93 201
93 205
93 234
93 262
93 268
94 99
94 103
94 110
94 227
94 290
94 297
95 98
95 122
95 205
95 211
95 253
95 278
96 116
96 131
96 168
96 215
96 217
96 242
97 100
97 144
97 187
97 190
97 201
97 205
97 213
97 216
97 217
97 237
97 242
97 243
97 248
97 251
97 265
98 121
98 140
98 149
98 167
98 232
98 259
99 101
99 117
99 131
99 162
99 188
99 198
99 202
99 204
99 207
99 209
99 216
99 218
99 221
99 244
99 268
100 102
100 115
100 120
100 147
100 157
100 159
100 160
100 193
100 222
100 231
100 257
100 265
100 299
101 113
101 121
101 125
101 135
101 151
101 169
101 185
101 228
101 237
101 240
101 246
101 262
101 275
101 282
101 294
101 299
102 119
102 129
102 132
102 150
102 181
102 184
102 252
102 268
102 278
103 140
103 141
103 148
103 151
103 199
103 212
103 217
103 247
103 280
103 281
104 122
104 129
104 138
104 141
104 151
104 179
104 195
104 200
104 203
104 221
104 262
104 295
105 122
105 132
105 148
105 151
105 182
105 200
105 209
105 215
105 219
105 222
105 228
105 249
106 112
106 151
106 165
106 168
106 176
106 233
106 235
106 275
106 286
107 120
107 129
107 150
107 160
107 179
107 182
107 273
107 277
108 114
108 130
108 132
108 135
108 183
108 184
108 213
108 222
108 231
108 246
108 250
108 258
108 268
108 271
108 278
108 279
109 110
109 127
109 150
109 189
109 192
109 229
109 243
109 275
109 295
110 112
110 144
110 172
110 175
110 178
110 222
110 235
110 241
110 243
110 274
110 290
110 298
111 113
111 118
111 142
111 151
111 159
111 177
111 201
111 264
111 273
111 274
111 289
112 148
112 182
112 200
112 217
112 225
112 252
112 258
112 271
112 279
112 296
113 133
113 140
113 162
113 165
113 174
113 193
113 254
113 255
113 297
114 167
114 186
114 201
114 217
114 268
115 122
115 126
115 145
115 168
115 191
115 221
115 239
115 246
115 266
116 118
116 136
116 159
116 165
116 169
116 184
116 189
116 216
116 247
116 262
116 269
116 282
117 146
117 156
117 163
117 165
117 177
117 186
117 194
117 225
117 252
117 270
117 286
118 137
118 152
118 183
118 201
118 202
118 215
118 218
118 226
118 246
118 252
118 267
118 290
119 125
119 138
119 146
119 179
119 207
119 216
119 218
119 235
119 241
119 252
119 258
120 122
120 183
120 196
120 216
120 236
120 244
120 247
120 273
120 278
120 279
120 287
121 134
121 142
121 182
121 195
121 221
121 255
121 256
121 262
121 265
121 271
121 274
121 283
122 133
122 143
122 168
122 175
122 190
122 210
122 220
122 221
122 241
122 288
122 296
123 127
123 138
123 152
123 184
123 204
123 239
123 276
123 288
124 131
124 158
124 181
124 194
124 234
124 253
124 271
124 282
124 283
125 139
125 173
125 182
125 183
125 193
125 207
125 214
125 215
125 226
125 240
125 256
125 263
125 272
125 298
126 164
126 171
126 213
126 225
126 251
126 276
126 296
127 149
127 165
127 168
127 174
127 215
127 239
127 243
127 244
128 133
128 138
128 166
128 175
128 194
128 219
128 245
128 250
128 255
128 293
128 299
129 217
129 225
129 230
129 240
129 283
130 133
130 136
130 178
130 184
130 206
130 213
130 281
130 284
131 134
131 144
131 145
131 154
131 176
131 194
131 206
131 269
131 281
131 290
131 299
132 147
132 156
132 211
132 255
132 289
133 135
133 146
133 163
133 178
133 185
133 205
133 208
133 228
133 233
133 235
134 153
134 189
134 190
134 224
134 260
134 264
134 288
135 153
135 163
135 206
135 233
135 285
136 137
136 163
136 185
136 188
136 195
136 245
136 266
136 273
136 274
137 166
137 172
137 176
137 199
137 221
137 227
137 244
137 255
137 259
137 278
138 142
138 149
138 181
138 193
138 211
138 229
138 250
138 255
138 292
138 295
139 176
139 196
139 237
139 251
139 257
139 264
139 266
140 246
140 284
141 145
141 149
141 169
141 175
141 192
141 197
141 202
141 228
141 230
141 233
141 235
141 239
141 248
141 265
141 288
141 297
142 161
142 201
142 209
142 221
142 227
142 231
142 234
142 236
142 244
142 256
142 276
142 294
143 154
143 164
143 173
143 225
143 229
143 248
143 288
143 292
143 293
144 152
144 221
144 227
144 262
144 264
144 284
144 288
145 152
145 165
145 227
145 282
145 287
145 288
145 296
146 161
146 188
146 200
146 245
146 251
146 262
147 166
147 182
147 195
147 204
147 216
147 232
147 237
147 294
148 183
148 200
148 201
148 209
148 229
148 240
148 244
148 268
148 284
148 285
149 185
149 189
149 200
149 227
149 246
149 271
150 175
150 191
150 228
150 264
151 189
151 214
151 229
152 157
152 196
152 197
152 232
152 238
152 245
152 259
152 273
152 276
152 280
153 163
153 174
153 176
153 230
153 231
153 237
153 239
153 280
154 158
154 184
154 192
154 250
154 262
154 283
155 176
155 199
155 201
155 204
155 208
155 209
155 227
155 236
155 252
156 178
156 210
156 265
156 274
157 166
157 172
157 180
157 191
157 215
158 190
158 205
158 216
158 232
158 234
158 236
158 253
158 267
158 276
158 280
158 290
158 293
158 298
159 174
159 221
159 240
159 246
159 247
159 260
160 199
160 242
160 269
160 277
160 295
160 298
160 299
161 169
161 215
161 228
161 231
161 245
161 284
161 294
162 179
162 185
162 190
162 226
162 231
162 261
163 169
163 215
163 219
163 244
163 257
163 283
163 295
164 194
164 224
164 234
164 298
165 179
165 184
165 211
165 296
166 167
166 189
166 194
166 205
166 207
166 214
166 226
166 239
166 251
166 283
167 173
167 178
167 186
167 189
167 204
167 259
167 295
168 174
168 206
168 273
169 181
169 185
169 209
169 222
169 276
169 292
170 174
170 224
170 238
170 245
170 276
171 192
171 198
171 213
171 222
171 255
171 258
171 274
171 279
171 285
172 207
172 216
172 217
172 224
172 239
172 247
172 259
172 275
173 176
173 195
173 205
173 217
173 299
174 195
174 237
174 259
174 271
174 299
175 181
175 217
175 236
175 254
175 268
176 216
176 221
176 224
176 231
176 232
176 255
176 256
176 273
176 276
176 286
177 182
177 192
177 203
177 211
177 214
177 271
177 274
177 282
177 297
178 186
178 192
178 228
178 252
178 275
178 281
178 285
179 180
179 230
179 244
179 279
180 189
180 201
180 206
180 210
180 250
180 267
180 276
180 279
180 281
181 240
181 261
182 239
182 240
182 289
182 294
182 295
183 187
183 194
183 197
183 246
184 204
184 212
184 230
184 243
184 252
184 255
184 268
184 271
184 287
184 299
185 210
185 241
185 247
185 265
185 267
185 283
185 289
185 295
186 188
186 207
186 222
186 253
186 275
186 291
186 299
187 201
187 205
187 227
187 262
187 293
188 221
188 222
188 224
188 236
188 239
188 250
188 256
188 278
188 279
188 281
188 282
188 295
189 223
189 227
189 246
189 257
189 281
189 291
189 295
190 205
190 280
191 236
191 282
192 214
192 218
192 220
192 275
193 207
193 217
193 230
193 241
193 276
193 285
194 216
194 286
195 197
195 221
195 226
195 250
195 257
195 260
195 299
196 217
196 259
197 221
197 241
197 243
197 266
197 297
198 209
198 211
198 213
198 215
198 252
198 286
198 293
199 208
199 231
199 265
199 271
199 287
199 295
200 205
200 239
200 242
201 221
201 234
201 235
201 294
201 295
201 296
201 297
202 206
202 209
202 239
202 246
202 277
202 288
202 293
203 226
203 240
203 252
203 277
203 279
203 299
204 216
204 235
204 277
205 230
205 238
205 245
205 264
205 278
205 279
206 228
206 284
207 213
207 222
207 259
207 261
207 269
207 280
208 209
208 262
208 283
208 289
208 299
209 217
209 230
209 236
209 241
209 250
210 215
210 233
210 285
211 230
211 252
211 263
211 295
211 296
212 262
212 276
212 295
213 214
213 221
213 224
213 226
213 228
213 244
213 258
214 232
214 257
215 221
215 227
215 243
215 251
215 259
215 276
215 292
216 258
216 290
217 248
217 258
217 261
217 272
218 294
219 238
219 247
219 256
219 260
219 264
220 225
220 226
220 265
220 269
220 273
220 286
221 265
221 273
222 223
222 229
222 245
222 268
222 269
222 278
223 244
223 277
223 296
224 238
224 251
225 228
225 237
225 269
225 276
225 281
226 255
226 272
227 237
227 249
228 233
228 247
228 288
229 242
229 253
229 258
229 261
229 286
230 234
230 241
230 248
231 244
231 256
231 259
231 263
231 299
232 233
232 234
232 285
233 236
234 272
234 277
234 281
234 291
235 261
235 271
235 273
235 276
235 279
235 294
236 260
236 265
236 266
236 269
236 280
236 295
237 296
238 254
238 261
238 277
238 283
239 243
239 273
239 280
239 284
239 286
240 255
240 257
240 290
240 299
241 253
241 278
242 256
242 261
242 263
242 286
242 297
243 244
243 261
243 262
243 267
243 291
244 264
244 283
245 255
245 279
245 280
246 247
246 256
246 274
246 276
248 269
248 276
248 299
249 281
250 280
250 284
250 288
250 299
251 255
251 267
251 291
252 256
252 271
252 272
252 275
253 270
253 279
254 255
256 270
256 297
257 271
257 275
258 288
258 299
259 261
259 274
260 275
260 277
261 295
262 267
262 282
263 284
263 296
264 283
264 286
265 276
265 297
266 269
266 276
266 289
267 272
267 283
267 289
267 292
267 299
268 280
269 280
269 282
269 283
269 290
269 298
270 274
271 287
271 297
273 285
274 276
275 298
276 296
277 279
278 289
279 281
279 285
281 289
281 290
281 298
282 284
283 295
284 297
285 286
289 295
291 295
293 299
296 297
