100 230 0.5
0 8
0 11
0 18
0 59
0 69
0 70
0 86
0 99
1 43
1 45
1 74
2 20
2 58
2 96
2 97
3 14
3 35
3 41
3 66
4 9
4 20
4 66
4 89
5 17
5 29
5 77
5 92
6 39
6 53
6 58
6 70
6 74
6 76
6 83
6 87
6 91
7 12
7 37
7 52
7 57
8 11
8 20
8 26
8 40
8 41
8 61
8 64
8 65
8 75
9 24
9 42
9 60
9 69
9 78
9 91
10 55
10 63
10 94
11 57
12 23
12 37
13 50
13 57
14 34
14 69
14 84
14 86
14 92
15 33
15 42
15 57
15 68
15 94
16 41
16 42
16 43
16 77
17 26
17 31
17 46
17 53
17 78
17 96
18 78
18 89
18 96
19 55
20 51
21 29
21 45
21 53
21 56
22 23
22 81
22 87
22 90
23 32
23 61
23 90
24 32
24 52
24 69
24 99
25 27
25 56
26 44
26 55
27 31
27 62
27 79
27 92
27 96
28 30
28 33
28 81
29 48
29 53
29 70
30 45
30 50
30 78
30 91
31 75
32 70
32 76
33 44
33 72
33 76
33 84
34 49
34 72
34 80
34 90
34 91
35 42
35 49
35 65
35 70
35 82
36 46
36 71
36 84
37 46
37 97
38 43
38 86
39 46
39 65
39 68
41 73
41 78
42 58
42 59
42 72
42 79
43 57
43 67
44 83
44 86
45 56
45 82
45 84
45 99
46 96
46 98
47 71
47 75
47 92
47 94
48 65
48 68
49 69
49 73
49 74
50 64
50 65
50 89
51 85
51 87
52 69
52 70
53 56
54 85
55 62
55 75
56 75
56 77
58 99
59 67
60 66
60 90
62 77
63 75
64 76
64 94
65 93
65 94
66 69
67 85
67 90
67 94
68 72
68 90
68 94
70 84
71 78
71 82
71 85
72 82
73 92
74 78
75 77
75 85
76 87
77 87
77 93
79 85
79 89
80 85
80 94
80 96
81 92
81 98
82 83
84 93
88 93
88 97
89 95
89 98
91 97
