200 1623 0.5
0 2
0 3
0 16
0 17
0 24
0 26
0 27
0 28
0 30
0 33
0 72
0 77
0 80
0 87
0 98
0 114
0 150
0 156
0 165
0 168
0 169
0 179
1 6
1 39
1 41
1 44
1 106
1 113
1 143
1 145
1 156
1 176
1 196
2 29
2 40
2 42
2 45
2 49
2 64
2 79
2 81
2 118
2 120
2 123
2 125
2 142
2 146
2 166
2 173
2 178
2 181
3 4
3 9
3 18
3 27
3 40
3 67
3 68
3 77
3 82
3 132
3 146
3 154
3 158
3 168
3 172
3 198
4 20
4 26
4 33
4 43
4 45
4 53
4 73
4 98
4 100
4 120
4 139
4 142
4 149
4 157
4 167
4 178
4 180
5 7
5 17
5 19
5 28
5 34
5 35
5 38
5 53
5 60
5 88
5 119
5 120
5 125
5 139
6 7
6 26
6 30
6 32
6 39
6 49
6 55
6 59
6 61
6 75
6 79
6 83
6 103
6 120
6 134
6 176
6 179
6 193
7 13
7 22
7 34
7 72
7 91
7 110
7 112
7 141
7 147
7 163
7 198
8 15
8 22
8 41
8 63
8 66
8 80
8 82
8 91
8 92
8 101
8 104
8 106
8 140
8 143
8 156
8 159
8 169
8 178
9 15
9 29
9 34
9 36
9 43
9 45
9 57
9 73
9 74
9 77
9 81
9 84
9 90
9 93
9 108
9 115
9 138
10 25
10 29
10 37
10 41
10 43
10 54
10 55
10 76
10 82
10 86
10 89
10 99
10 115
10 118
10 119
10 133
10 148
10 167
10 191
11 18
11 19
11 22
11 92
11 95
11 99
11 119
11 170
11 175
11 187
12 21
12 22
12 25
12 30
12 42
12 52
12 62
12 76
12 79
12 116
12 132
12 133
12 167
12 173
12 175
12 182
12 183
13 38
13 53
13 67
13 76
13 85
13 118
13 128
13 160
13 199
14 22
14 23
14 28
14 52
14 58
14 62
14 74
14 90
14 111
14 112
14 114
14 115
14 116
14 119
14 176
14 187
14 189
14 192
15 17
15 45
15 53
15 63
15 70
15 87
15 96
15 103
15 120
15 175
15 176
15 177
15 178
16 21
16 25
16 37
16 48
16 52
16 67
16 77
16 86
16 98
16 101
16 108
16 135
16 143
16 180
16 182
16 193
16 197
17 31
17 53
17 93
17 99
17 104
17 135
17 140
17 178
18 19
18 29
18 48
18 63
18 74
18 89
18 100
18 108
18 121
18 148
18 152
18 169
18 178
19 21
19 45
19 60
19 62
19 92
19 95
19 100
19 116
19 127
19 165
19 171
19 175
19 178
19 185
20 30
20 32
20 61
20 64
20 69
20 71
20 73
20 77
20 79
20 82
20 107
20 108
20 124
20 126
20 130
20 132
20 150
20 163
20 168
20 179
20 182
20 192
21 30
21 31
21 48
21 49
21 62
21 66
21 72
21 80
21 104
21 111
21 120
21 125
21 130
21 133
21 160
21 180
21 187
21 189
22 23
22 45
22 54
22 73
22 78
22 84
22 90
22 95
22 101
22 105
22 109
22 119
22 127
22 138
22 147
22 149
22 153
22 183
22 184
23 32
23 40
23 43
23 62
23 90
23 114
23 115
23 120
23 133
23 137
23 147
23 156
23 177
23 180
24 42
24 45
24 48
24 50
24 53
24 55
24 63
24 100
24 102
24 136
24 150
24 175
24 189
24 196
25 41
25 62
25 71
25 88
25 89
25 111
25 134
25 138
25 168
25 176
26 38
26 55
26 86
26 92
26 94
26 103
26 109
26 120
26 126
26 137
26 138
26 139
26 150
26 165
26 169
26 176
26 192
27 29
27 35
27 45
27 57
27 62
27 69
27 77
27 100
27 109
27 127
27 137
27 141
27 155
27 157
27 176
27 183
27 188
27 199
28 47
28 65
28 70
28 72
28 85
28 94
28 129
28 131
28 135
28 146
28 147
28 169
28 189
28 199
29 58
29 93
29 96
29 98
29 108
29 123
29 124
29 127
29 131
29 139
29 148
29 150
29 155
29 156
29 175
29 181
30 52
30 61
30 62
30 79
30 84
30 115
30 118
30 123
30 143
30 145
30 155
30 158
30 161
30 163
30 166
30 174
30 177
30 178
30 189
31 35
31 36
31 54
31 64
31 82
31 83
31 116
31 130
31 149
31 178
32 35
32 39
32 46
32 53
32 60
32 63
32 70
32 92
32 114
32 115
32 122
32 138
32 143
32 165
32 166
32 189
33 56
33 75
33 98
33 105
33 108
33 145
33 151
33 158
33 174
33 196
34 52
34 61
34 67
34 73
34 79
34 84
34 89
34 117
34 124
34 130
34 133
34 153
34 159
34 168
34 170
35 56
35 101
35 126
35 129
35 150
35 165
35 170
35 176
35 198
36 42
36 57
36 64
36 70
36 77
36 120
36 125
36 142
36 150
36 152
36 153
36 162
36 186
36 191
36 192
36 193
36 194
37 51
37 57
37 63
37 97
37 101
37 108
37 124
37 134
37 138
37 169
37 179
37 183
37 184
37 185
38 61
38 70
38 74
38 81
38 119
38 125
38 131
38 140
38 146
38 169
38 177
38 196
39 58
39 61
39 74
39 78
39 97
39 125
39 145
39 146
39 154
40 45
40 66
40 80
40 107
40 140
40 146
40 164
40 167
40 181
41 54
41 75
41 79
41 91
41 93
41 101
41 105
41 141
41 142
41 168
41 175
41 178
41 180
41 182
41 183
41 194
41 195
42 108
42 152
42 153
42 157
42 163
42 181
42 191
43 59
43 60
43 65
43 84
43 89
43 98
43 104
43 112
43 122
43 130
43 133
43 138
43 147
43 153
43 154
43 164
43 188
43 190
43 194
43 198
44 50
44 60
44 83
44 88
44 95
44 117
44 129
44 138
44 142
44 146
44 151
44 164
44 171
44 173
44 188
44 192
45 58
45 63
45 92
45 93
45 100
45 112
45 113
45 131
45 136
45 137
45 146
45 165
46 64
46 67
46 80
46 101
46 104
46 107
46 110
46 122
46 123
46 129
46 137
46 150
46 151
46 153
46 166
46 176
46 179
47 66
47 71
47 91
47 92
47 94
47 100
47 121
47 140
47 141
47 150
47 160
47 165
48 60
48 70
48 75
48 78
48 82
48 92
48 123
48 129
48 137
48 138
48 144
48 160
48 164
48 166
48 178
48 187
49 69
49 70
49 72
49 146
49 149
49 152
49 169
49 176
49 179
50 76
50 81
50 85
50 87
50 93
50 96
50 103
50 108
50 109
50 115
50 121
50 125
50 141
50 183
50 192
51 62
51 67
51 68
51 88
51 93
51 101
51 105
51 125
51 133
51 179
52 81
52 87
52 92
52 111
52 118
52 119
52 134
52 156
52 161
52 173
52 174
52 177
52 179
52 198
53 84
53 97
53 105
53 117
53 122
53 134
53 137
53 140
53 142
53 148
53 151
53 158
53 178
53 189
53 191
54 74
54 82
54 95
54 96
54 100
54 113
54 120
54 142
54 165
54 166
54 172
54 183
54 187
55 65
55 69
55 89
55 108
55 117
55 135
55 151
55 153
55 164
55 184
55 195
56 95
56 98
56 103
56 114
56 137
56 139
56 150
56 157
56 159
56 165
56 166
56 174
57 60
57 90
57 94
57 102
57 104
57 128
57 137
57 138
57 168
57 171
57 191
58 59
58 63
58 86
58 112
58 135
58 172
58 195
58 198
59 80
59 119
59 126
59 128
59 146
59 161
59 168
59 183
59 190
59 191
59 196
60 61
60 63
60 65
60 84
60 96
60 97
60 111
60 113
60 120
60 124
60 125
60 133
60 151
60 195
60 199
61 83
61 88
61 92
61 106
61 118
61 131
61 147
61 176
61 183
62 99
62 111
62 131
62 151
62 159
62 193
63 70
63 121
63 133
63 143
63 144
63 152
63 161
63 175
63 186
63 191
63 195
64 67
64 73
64 83
64 87
64 122
64 136
64 150
64 151
64 159
64 172
64 178
64 187
64 191
64 199
65 84
65 124
65 142
65 159
65 178
65 188
65 196
66 100
66 115
66 124
66 128
66 129
66 173
66 198
67 73
67 77
67 98
67 110
67 116
67 117
67 150
67 156
67 162
67 163
67 183
68 76
68 88
68 124
68 131
68 146
68 158
68 161
68 167
68 170
68 172
68 173
68 190
68 191
69 93
69 99
69 114
69 158
69 176
69 181
69 190
69 194
70 84
70 103
70 118
70 132
70 134
70 147
70 186
70 187
70 189
71 82
71 84
71 117
71 127
71 144
71 147
71 157
71 159
71 160
71 161
72 81
72 84
72 93
72 99
72 125
72 139
72 169
72 198
73 86
73 88
73 101
73 114
73 119
73 131
73 151
73 158
73 188
73 194
74 79
74 80
74 85
74 91
74 94
74 95
74 105
74 111
74 119
74 132
74 143
74 157
74 173
75 77
75 99
75 105
75 106
75 111
75 147
75 169
75 186
75 196
76 82
76 100
76 115
76 139
76 166
76 169
77 84
77 89
77 108
77 109
77 110
77 112
77 116
77 117
77 125
77 130
77 163
77 176
77 193
78 94
78 138
78 150
78 160
78 180
78 187
79 88
79 92
79 146
79 159
79 163
79 171
80 94
80 105
80 110
80 112
80 137
80 140
80 159
80 170
80 172
80 195
81 86
81 111
81 112
81 115
81 125
81 128
81 134
81 147
81 167
81 178
81 182
82 90
82 91
82 99
82 123
82 125
82 130
82 135
82 151
82 175
82 176
82 177
82 179
82 197
83 97
83 99
83 122
83 125
83 130
83 131
83 140
83 142
83 152
83 153
83 162
83 167
83 184
83 187
84 86
84 122
84 137
84 158
84 164
84 168
84 177
84 178
84 182
85 91
85 95
85 108
85 118
85 169
85 182
85 185
86 88
86 91
86 106
86 109
86 117
86 143
86 151
86 152
86 156
86 160
87 94
87 116
87 129
87 131
87 134
87 140
87 181
88 92
88 106
88 117
88 134
88 136
88 143
88 156
89 103
89 108
89 131
89 154
89 155
89 175
89 189
90 94
90 96
90 109
90 114
90 130
90 137
90 170
91 95
91 96
91 103
91 131
91 135
91 165
91 167
91 172
91 174
91 184
91 187
92 100
92 105
92 111
92 113
92 130
92 132
92 145
92 152
92 155
92 166
92 173
92 187
93 104
93 108
93 117
93 121
93 137
93 144
93 164
93 167
93 188
94 98
94 104
94 105
94 106
94 110
94 115
94 119
94 161
94 170
94 176
95 139
95 144
95 145
95 150
95 164
95 167
95 175
95 178
95 179
95 193
96 106
96 130
96 157
96 168
96 186
96 190
96 194
97 102
97 116
97 118
97 146
97 164
97 173
97 182
98 109
98 112
98 124
98 127
98 136
98 146
98 149
98 153
98 162
98 164
98 165
98 195
99 105
99 155
99 156
99 173
99 199
100 113
100 115
100 133
100 152
100 166
100 185
100 190
101 112
101 162
101 187
101 193
101 195
101 197
102 107
102 121
102 140
102 153
102 188
102 193
103 113
103 123
103 141
103 145
103 147
103 157
103 160
103 166
103 174
103 182
103 183
103 191
104 116
104 117
104 136
104 141
104 158
104 162
104 185
104 196
105 128
105 131
105 133
105 135
105 185
105 191
105 196
106 111
106 117
106 118
106 120
106 128
106 134
106 143
106 153
106 173
106 180
106 181
106 182
107 126
107 134
107 136
107 143
107 170
107 176
107 190
108 109
108 119
108 128
108 138
108 144
108 148
108 159
108 170
108 188
108 192
108 199
109 117
109 128
109 139
109 142
109 152
109 170
109 173
109 178
109 179
109 186
110 116
110 130
110 138
110 144
110 148
110 154
110 159
110 169
110 173
110 174
110 175
111 142
111 160
111 171
111 177
111 181
111 183
111 196
112 113
112 120
112 132
112 154
112 166
112 171
112 183
113 116
113 118
113 126
113 132
113 135
113 137
113 154
113 157
113 169
113 171
113 193
114 133
114 146
114 156
114 169
114 194
115 116
115 155
115 159
115 169
115 198
116 118
116 119
116 129
116 152
116 168
116 184
117 126
117 128
117 131
117 156
117 182
117 193
118 145
118 149
118 174
118 184
118 185
119 130
119 142
119 149
119 151
119 171
119 185
120 122
120 128
120 167
120 173
120 174
120 185
120 188
121 127
121 131
121 132
121 136
121 160
121 164
121 165
121 181
121 183
122 153
123 124
123 131
123 158
123 165
123 172
123 179
123 189
124 133
124 142
124 148
124 159
124 198
125 127
125 160
125 166
126 140
126 149
126 163
126 165
126 169
126 176
126 179
126 199
127 131
127 148
127 158
127 167
128 135
128 145
128 150
128 153
128 163
128 171
128 174
128 182
129 148
129 150
129 151
129 162
129 167
129 171
129 172
129 182
130 140
130 165
130 179
130 185
130 186
130 190
131 162
131 196
132 149
132 153
132 157
132 172
132 175
132 178
132 193
133 137
133 147
133 186
133 198
134 144
134 146
134 153
134 169
135 138
135 144
135 190
135 191
135 199
136 158
136 160
136 169
137 151
137 159
137 173
137 182
137 193
138 140
138 145
138 162
138 185
138 193
139 179
139 193
139 196
140 176
140 177
141 142
141 182
142 145
142 172
142 174
142 176
142 191
143 152
143 179
143 195
144 148
144 150
144 169
144 180
144 187
144 191
144 193
145 165
145 172
145 175
145 181
145 198
146 155
146 157
146 161
146 167
146 186
146 190
147 177
147 180
148 155
148 176
148 190
148 195
149 163
149 173
149 178
149 181
149 198
150 163
150 180
150 199
151 161
152 155
152 158
152 170
152 171
152 188
152 192
153 156
153 168
153 178
154 162
154 182
155 168
155 169
155 174
155 178
155 183
155 194
156 158
156 165
156 167
156 197
157 165
157 170
157 185
157 192
158 160
158 169
158 178
158 182
158 186
159 174
159 178
160 164
160 182
160 185
160 190
161 167
161 168
161 169
161 170
161 175
161 178
161 179
161 184
162 179
163 167
163 170
163 175
164 167
164 178
164 180
164 183
164 188
164 190
164 194
165 199
166 181
166 190
166 196
167 176
167 190
167 193
168 170
168 175
168 189
168 194
168 196
169 184
169 191
169 198
170 182
170 185
171 193
171 198
172 177
173 184
174 176
174 183
175 193
178 180
178 189
179 180
179 182
180 187
181 184
181 193
182 185
182 198
184 188
185 197
186 197
186 198
191 199
192 195
194 195
