300 4020 0.2
0 18
0 35
0 71
0 74
0 77
0 100
0 115
0 116
0 132
0 155
0 162
0 172
0 174
0 179
0 182
0 193
0 212
0 233
0 244
0 252
0 260
0 264
0 271
0 281
0 284
0 288
0 294
1 8
1 11
1 38
1 46
1 56
1 87
1 91
1 97
1 100
1 105
1 111
1 116
1 148
1 153
1 155
1 163
1 165
1 167
1 169
1 177
1 189
1 200
1 215
1 242
1 245
1 253
1 278
1 294
1 297
2 4
2 27
2 70
2 77
2 78
2 107
2 119
2 127
2 149
2 154
2 171
2 175
2 187
2 201
2 203
2 220
2 227
2 236
2 238
2 264
2 277
2 292
2 298
3 10
3 18
3 36
3 67
3 72
3 78
3 88
3 91
3 99
3 110
3 114
3 118
3 129
3 132
3 136
3 138
3 153
3 154
3 172
3 179
3 180
3 196
3 208
3 213
3 240
3 242
3 244
3 274
3 281
3 287
3 289
3 299
4 7
4 14
4 24
4 27
4 33
4 34
4 38
4 41
4 62
4 75
4 85
4 87
4 92
4 97
4 129
4 136
4 153
4 156
4 163
4 178
4 188
4 195
4 214
4 237
4 240
4 249
4 259
4 269
4 295
4 299
5 12
5 27
5 34
5 43
5 46
5 55
5 63
5 64
5 65
5 66
5 83
5 87
5 114
5 124
5 125
5 126
5 134
5 153
5 185
5 190
5 191
5 194
5 196
5 200
5 222
5 242
5 245
5 268
5 278
6 22
6 27
6 29
6 34
6 64
6 90
6 98
6 100
6 115
6 124
6 128
6 164
6 180
6 185
6 193
6 200
6 220
6 224
6 228
6 234
6 246
6 256
6 266
6 268
6 272
6 287
6 288
6 290
7 12
7 22
7 25
7 26
7 65
7 69
7 76
7 80
7 86
7 89
7 102
7 105
7 113
7 123
7 153
7 163
7 176
7 179
7 181
7 196
7 200
7 205
7 206
7 209
7 216
7 223
7 224
7 241
7 257
7 285
7 290
7 292
8 9
8 46
8 62
8 73
8 80
8 86
8 102
8 140
8 153
8 154
8 156
8 167
8 178
8 183
8 185
8 191
8 194
8 202
8 220
8 223
8 240
8 243
8 244
8 261
8 281
8 285
9 11
9 19
9 31
9 46
9 64
9 74
9 75
9 86
9 98
9 120
9 122
9 125
9 127
9 148
9 152
9 153
9 171
9 178
9 180
9 193
9 216
9 230
9 241
9 243
9 252
10 13
10 29
10 30
10 42
10 43
10 47
10 68
10 75
10 83
10 93
10 113
10 129
10 143
10 146
10 158
10 168
10 171
10 174
10 177
10 178
10 186
10 187
10 195
10 213
10 221
10 238
10 240
10 249
10 291
11 32
11 39
11 43
11 47
11 55
11 56
11 57
11 60
11 65
11 78
11 80
11 81
11 82
11 83
11 97
11 111
11 115
11 145
11 158
11 159
11 161
11 180
11 189
11 196
11 198
11 208
11 215
11 221
11 236
11 281
11 296
12 22
12 29
12 76
12 90
12 94
12 100
12 106
12 108
12 113
12 128
12 132
12 143
12 164
12 168
12 171
12 230
12 238
12 241
12 250
12 251
12 260
12 293
12 298
13 14
13 16
13 36
13 40
13 54
13 57
13 69
13 80
13 89
13 134
13 137
13 142
13 160
13 179
13 180
13 187
13 202
13 214
13 234
13 239
13 244
13 248
13 253
13 261
13 269
13 273
14 23
14 37
14 74
14 91
14 94
14 95
14 102
14 124
14 135
14 136
14 157
14 162
14 180
14 181
14 186
14 187
14 192
14 198
14 215
14 219
14 239
14 250
14 251
14 260
14 274
14 276
14 291
15 20
15 56
15 57
15 66
15 84
15 85
15 86
15 89
15 92
15 123
15 133
15 135
15 153
15 179
15 210
15 220
15 223
15 232
15 233
15 238
15 239
15 293
16 26
16 53
16 61
16 78
16 106
16 131
16 153
16 165
16 170
16 180
16 197
16 238
16 248
16 249
16 283
16 286
16 298
17 21
17 30
17 40
17 42
17 49
17 64
17 102
17 115
17 122
17 132
17 133
17 134
17 154
17 165
17 170
17 174
17 197
17 210
17 218
17 238
17 248
17 261
17 262
17 282
17 298
18 28
18 33
18 64
18 79
18 85
18 117
18 142
18 145
18 160
18 173
18 196
18 200
18 207
18 212
18 220
18 222
18 270
18 296
19 23
19 53
19 55
19 78
19 79
19 81
19 85
19 91
19 123
19 126
19 137
19 155
19 167
19 189
19 205
19 217
19 223
19 225
19 236
19 238
19 247
19 257
19 279
19 281
19 283
19 285
19 291
19 297
20 25
20 57
20 85
20 86
20 102
20 122
20 137
20 139
20 145
20 160
20 185
20 200
20 202
20 207
20 225
20 239
20 242
20 257
20 258
20 262
21 50
21 51
21 68
21 72
21 84
21 87
21 88
21 100
21 112
21 122
21 142
21 151
21 159
21 193
21 208
21 244
21 246
21 279
21 288
22 37
22 59
22 65
22 110
22 112
22 119
22 130
22 133
22 152
22 153
22 173
22 187
22 189
22 191
22 198
22 200
22 208
22 225
22 244
22 255
22 258
22 260
22 264
22 272
23 25
23 29
23 57
23 60
23 77
23 78
23 91
23 92
23 99
23 100
23 117
23 130
23 134
23 138
23 146
23 154
23 205
23 206
23 219
23 221
23 233
23 259
23 261
23 283
23 286
23 291
24 27
24 51
24 52
24 58
24 64
24 73
24 74
24 80
24 101
24 116
24 123
24 159
24 167
24 179
24 197
24 198
24 207
24 208
24 215
24 224
24 230
24 234
24 241
24 247
24 252
24 253
24 257
24 258
24 262
24 269
24 298
25 33
25 40
25 42
25 45
25 54
25 79
25 82
25 90
25 96
25 104
25 105
25 114
25 117
25 121
25 131
25 157
25 170
25 176
25 187
25 191
25 193
25 199
25 210
25 218
25 224
25 227
25 267
25 277
25 289
26 29
26 41
26 66
26 70
26 111
26 113
26 114
26 133
26 135
26 141
26 143
26 144
26 170
26 174
26 185
26 200
26 215
26 243
26 251
26 285
26 293
26 299
27 32
27 38
27 54
27 60
27 61
27 67
27 77
27 82
27 101
27 106
27 121
27 140
27 143
27 149
27 150
27 167
27 194
27 203
27 207
27 229
27 236
27 242
27 245
27 246
27 278
27 283
27 290
27 291
28 35
28 48
28 51
28 63
28 78
28 101
28 117
28 122
28 127
28 135
28 141
28 147
28 154
28 157
28 163
28 167
28 197
28 203
28 204
28 238
28 259
28 262
28 269
28 281
28 288
28 299
29 34
29 72
29 86
29 120
29 123
29 161
29 163
29 172
29 187
29 200
29 215
29 216
29 278
29 279
29 284
29 286
30 36
30 40
30 42
30 50
30 74
30 87
30 92
30 93
30 132
30 133
30 145
30 150
30 166
30 169
30 174
30 180
30 211
30 216
30 226
30 238
30 246
30 248
30 249
30 251
30 263
30 267
30 279
30 282
30 291
31 37
31 42
31 44
31 45
31 52
31 75
31 100
31 116
31 136
31 153
31 166
31 167
31 171
31 192
31 196
31 212
31 221
31 228
31 253
31 257
31 261
31 276
31 278
31 284
32 50
32 71
32 75
32 87
32 124
32 131
32 138
32 139
32 171
32 186
32 211
32 229
32 261
32 266
32 284
32 292
33 39
33 53
33 55
33 59
33 75
33 83
33 87
33 102
33 107
33 117
33 118
33 124
33 145
33 148
33 157
33 160
33 170
33 190
33 200
33 204
33 224
33 242
33 253
33 284
33 285
33 294
33 295
33 298
34 41
34 43
34 47
34 61
34 64
34 71
34 92
34 101
34 115
34 121
34 122
34 135
34 139
34 152
34 163
34 168
34 169
34 170
34 174
34 186
34 190
34 206
34 235
35 44
35 55
35 61
35 62
35 69
35 73
35 77
35 78
35 84
35 101
35 108
35 114
35 126
35 127
35 135
35 159
35 171
35 176
35 185
35 191
35 195
35 198
35 205
35 209
35 223
35 225
35 241
35 251
35 252
35 259
35 266
35 267
35 273
36 61
36 63
36 91
36 93
36 105
36 107
36 110
36 111
36 119
36 130
36 147
36 174
36 182
36 196
36 205
36 207
36 212
36 231
36 247
36 251
36 252
36 261
36 280
36 281
36 296
36 299
37 57
37 84
37 100
37 122
37 133
37 148
37 151
37 168
37 186
37 189
37 191
37 192
37 195
37 207
37 224
37 238
37 243
37 267
37 274
37 276
37 293
38 44
38 52
38 59
38 91
38 109
38 127
38 150
38 162
38 167
38 193
38 206
38 211
38 221
38 238
38 239
38 247
38 258
38 279
39 58
39 61
39 64
39 71
39 80
39 116
39 120
39 125
39 132
39 142
39 151
39 155
39 158
39 166
39 172
39 181
39 199
39 215
39 241
39 248
39 251
39 264
39 287
39 290
39 293
39 297
39 299
40 44
40 46
40 65
40 70
40 109
40 110
40 113
40 124
40 138
40 141
40 142
40 145
40 152
40 160
40 164
40 166
40 167
40 173
40 190
40 210
40 217
40 234
40 246
40 248
40 258
40 272
40 273
40 285
41 44
41 62
41 79
41 93
41 107
41 109
41 129
41 156
41 157
41 169
41 174
41 180
41 192
41 198
41 200
41 213
41 225
41 227
41 229
41 237
41 259
41 272
41 274
41 295
41 298
42 76
42 98
42 103
42 107
42 110
42 131
42 136
42 137
42 146
42 160
42 169
42 174
42 176
42 182
42 183
42 207
42 208
42 214
42 223
42 227
42 234
42 258
42 274
43 72
43 108
43 127
43 141
43 142
43 143
43 149
43 158
43 161
43 178
43 184
43 200
43 223
43 225
43 255
43 259
43 260
43 263
43 268
43 291
43 295
44 49
44 56
44 83
44 88
44 115
44 117
44 121
44 128
44 135
44 140
44 150
44 163
44 187
44 193
44 206
44 211
44 215
44 230
44 231
44 236
44 237
44 247
44 254
44 261
44 262
44 284
44 287
45 52
45 57
45 58
45 75
45 95
45 97
45 106
45 115
45 119
45 152
45 154
45 171
45 182
45 187
45 205
45 220
45 223
45 236
45 237
45 269
45 271
45 275
45 279
46 47
46 63
46 73
46 78
46 81
46 108
46 121
46 127
46 128
46 151
46 154
46 167
46 173
46 193
46 195
46 202
46 210
46 248
46 257
46 259
46 261
46 262
46 283
46 286
46 299
47 65
47 94
47 106
47 110
47 113
47 124
47 131
47 134
47 142
47 158
47 164
47 170
47 172
47 176
47 180
47 194
47 196
47 212
47 222
47 230
47 232
47 244
47 266
47 267
47 276
47 294
47 298
48 57
48 61
48 64
48 79
48 81
48 90
48 91
48 99
48 107
48 108
48 129
48 139
48 154
48 155
48 171
48 189
48 195
48 196
48 215
48 221
48 228
48 229
48 230
48 248
48 249
48 254
48 270
48 289
48 292
48 294
49 64
49 75
49 84
49 89
49 97
49 103
49 123
49 127
49 132
49 150
49 152
49 160
49 161
49 191
49 202
49 205
49 214
49 243
49 249
49 257
49 274
49 276
49 281
49 284
50 72
50 114
50 137
50 164
50 177
50 185
50 208
50 210
50 230
50 245
50 251
50 264
50 270
50 277
50 292
50 293
50 298
51 74
51 78
51 82
51 101
51 110
51 111
51 127
51 135
51 143
51 147
51 153
51 154
51 156
51 165
51 184
51 190
51 196
51 212
51 236
51 244
51 258
51 261
51 264
51 270
51 274
51 283
51 289
51 292
52 55
52 68
52 77
52 112
52 126
52 127
52 144
52 155
52 169
52 172
52 205
52 212
52 237
52 246
52 270
52 279
52 280
52 292
53 57
53 62
53 64
53 72
53 76
53 82
53 88
53 101
53 118
53 120
53 132
53 135
53 150
53 159
53 183
53 190
53 191
53 242
53 253
53 267
53 269
53 275
53 282
54 56
54 65
54 78
54 84
54 91
54 95
54 111
54 123
54 134
54 151
54 163
54 172
54 175
54 176
54 198
54 205
54 243
54 268
54 278
54 279
54 281
54 282
54 285
54 287
54 295
54 297
55 64
55 72
55 76
55 81
55 109
55 115
55 122
55 136
55 137
55 138
55 172
55 205
55 237
55 243
55 270
55 273
55 277
55 287
55 289
55 295
55 296
55 297
56 63
56 82
56 87
56 112
56 115
56 119
56 133
56 143
56 144
56 145
56 156
56 157
56 164
56 186
56 198
56 207
56 208
56 220
56 232
56 236
56 288
56 296
57 90
57 102
57 113
57 118
57 124
57 132
57 140
57 150
57 167
57 182
57 189
57 207
57 220
57 230
57 237
57 244
57 254
57 257
57 263
57 266
57 298
58 65
58 69
58 89
58 100
58 102
58 103
58 115
58 116
58 118
58 126
58 130
58 131
58 136
58 153
58 157
58 193
58 208
58 225
58 228
58 277
58 289
59 83
59 104
59 123
59 130
59 139
59 147
59 159
59 165
59 179
59 183
59 212
59 229
59 279
59 286
59 296
60 92
60 97
60 101
60 104
60 115
60 120
60 123
60 127
60 128
60 140
60 167
60 168
60 250
60 253
60 254
60 265
60 269
60 271
60 278
60 280
60 282
61 102
61 113
61 129
61 132
61 139
61 140
61 155
61 158
61 159
61 172
61 189
61 191
61 193
61 210
61 225
61 241
61 247
61 289
62 89
62 92
62 94
62 113
62 114
62 130
62 135
62 151
62 156
62 166
62 192
62 193
62 195
62 211
62 222
62 231
62 235
62 239
62 245
62 253
62 261
62 276
62 280
62 293
63 83
63 107
63 109
63 127
63 130
63 135
63 189
63 200
63 201
63 260
63 283
63 285
63 290
64 65
64 81
64 97
64 100
64 117
64 129
64 144
64 150
64 158
64 168
64 185
64 195
64 198
64 202
64 220
64 223
64 224
64 231
64 243
64 244
64 255
64 257
64 258
64 262
64 287
65 85
65 112
65 113
65 128
65 135
65 204
65 217
65 233
65 239
65 248
65 249
65 262
65 272
65 281
65 285
65 289
65 297
66 77
66 95
66 96
66 111
66 141
66 144
66 146
66 153
66 161
66 168
66 175
66 205
66 221
66 235
66 238
66 247
66 251
66 254
66 261
66 281
66 290
67 68
67 72
67 100
67 103
67 116
67 132
67 134
67 139
67 154
67 175
67 181
67 187
67 200
67 208
67 219
67 221
67 232
67 242
67 248
67 267
68 94
68 115
68 118
68 126
68 128
68 153
68 161
68 196
68 200
68 217
68 237
68 243
68 266
69 75
69 97
69 101
69 112
69 113
69 116
69 118
69 128
69 138
69 148
69 153
69 183
69 199
69 243
69 246
69 247
69 268
69 272
69 280
69 284
70 87
70 95
70 100
70 103
70 104
70 109
70 117
70 121
70 135
70 161
70 166
70 170
70 200
70 214
70 248
70 255
70 282
70 296
71 74
71 106
71 108
71 125
71 128
71 131
71 134
71 141
71 142
71 146
71 151
71 167
71 178
71 181
71 193
71 205
71 216
71 247
71 248
71 253
71 259
71 271
71 275
71 280
71 287
71 292
72 84
72 91
72 101
72 106
72 120
72 126
72 144
72 154
72 155
72 158
72 167
72 176
72 204
72 252
72 256
72 282
72 295
73 83
73 106
73 120
73 122
73 124
73 127
73 134
73 150
73 170
73 184
73 188
73 191
73 192
73 204
73 224
73 250
73 255
73 265
73 268
73 270
73 292
74 85
74 90
74 98
74 100
74 106
74 111
74 142
74 143
74 166
74 184
74 185
74 200
74 211
74 217
74 219
74 227
74 239
74 240
74 246
74 264
74 268
75 82
75 95
75 173
75 180
75 208
75 211
75 213
75 247
75 248
75 257
75 260
75 262
75 298
76 82
76 90
76 108
76 114
76 150
76 191
76 199
76 205
76 236
76 280
76 288
76 296
76 298
77 97
77 100
77 110
77 121
77 125
77 129
77 138
77 148
77 149
77 167
77 175
77 176
77 179
77 185
77 190
77 193
77 201
77 237
77 247
77 250
77 253
77 265
77 268
77 287
78 100
78 107
78 117
78 155
78 163
78 211
78 221
78 223
78 241
78 254
78 288
79 87
79 89
79 90
79 115
79 118
79 119
79 138
79 157
79 163
79 166
79 178
79 179
79 196
79 198
79 244
79 251
79 257
79 260
79 263
79 273
79 276
79 278
79 285
79 288
80 109
80 114
80 130
80 135
80 136
80 144
80 145
80 148
80 159
80 163
80 166
80 201
80 211
80 215
80 220
80 225
80 236
80 238
80 242
80 244
80 246
80 249
80 251
80 272
80 279
80 294
80 298
81 89
81 92
81 102
81 129
81 131
81 132
81 139
81 143
81 147
81 150
81 151
81 154
81 159
81 199
81 204
81 209
81 217
81 243
81 247
81 258
81 261
81 279
81 287
82 88
82 97
82 103
82 107
82 118
82 119
82 137
82 138
82 146
82 150
82 173
82 178
82 182
82 185
82 190
82 204
82 209
82 215
82 220
82 225
82 227
82 252
82 264
82 267
82 268
82 270
82 271
82 274
82 294
83 91
83 98
83 113
83 126
83 156
83 161
83 179
83 194
83 203
83 204
83 212
83 215
83 220
83 222
83 223
83 230
83 232
83 246
83 248
83 251
83 253
83 289
83 297
83 299
84 103
84 108
84 112
84 119
84 120
84 121
84 142
84 161
84 188
84 196
84 198
84 209
84 214
84 220
84 235
84 239
84 247
84 263
84 276
84 277
84 283
84 298
85 112
85 134
85 137
85 156
85 157
85 181
85 192
85 193
85 203
85 229
85 239
85 242
85 258
85 272
85 282
86 90
86 131
86 166
86 192
86 195
86 208
86 218
86 221
86 239
86 272
86 276
87 91
87 97
87 101
87 103
87 108
87 111
87 113
87 122
87 124
87 125
87 126
87 137
87 153
87 162
87 165
87 171
87 179
87 187
87 189
87 191
87 210
87 219
87 236
87 240
87 243
87 245
87 251
87 262
87 267
87 272
87 280
87 291
87 294
88 91
88 106
88 109
88 116
88 118
88 123
88 125
88 134
88 146
88 164
88 165
88 168
88 170
88 174
88 180
88 182
88 190
88 193
88 230
88 242
88 246
88 253
88 269
88 287
88 292
89 92
89 95
89 108
89 115
89 117
89 119
89 133
89 136
89 147
89 149
89 152
89 172
89 174
89 181
89 183
89 195
89 196
89 202
89 231
89 248
89 260
89 283
89 289
90 91
90 103
90 111
90 122
90 129
90 134
90 149
90 150
90 178
90 195
90 199
90 206
90 212
90 216
90 238
90 261
90 267
91 92
91 98
91 109
91 112
91 121
91 143
91 153
91 162
91 203
91 222
91 228
91 256
91 269
91 281
91 284
91 288
92 100
92 103
92 118
92 131
92 171
92 179
92 188
92 216
92 221
92 229
92 233
92 263
92 266
93 116
93 126
93 145
93 164
93 165
93 170
93 177
93 210
93 224
93 230
93 250
93 263
93 265
93 277
94 115
94 119
94 122
94 124
94 148
94 149
94 151
94 156
94 179
94 192
94 193
94 205
94 214
94 217
94 228
94 277
94 290
95 106
95 116
95 130
95 140
95 149
95 172
95 176
95 178
95 199
95 207
95 219
95 224
95 279
96 146
96 164
96 174
96 179
96 187
96 191
96 196
96 206
96 209
96 226
96 248
96 270
96 282
96 284
96 287
96 288
97 98
97 101
97 110
97 111
97 118
97 134
97 137
97 176
97 187
97 188
97 204
97 236
97 247
97 270
97 280
97 284
97 285
97 291
97 298
98 109
98 110
98 116
98 141
98 162
98 179
98 180
98 191
98 214
98 226
98 255
98 258
98 259
98 269
98 270
98 275
98 285
99 113
99 127
99 137
99 182
99 200
99 204
99 232
99 253
99 265
99 278
99 280
99 288
99 291
100 109
100 123
100 158
100 166
100 170
100 173
100 194
100 198
100 208
100 218
100 221
100 224
100 228
100 243
100 256
100 261
100 266
100 269
100 279
100 294
101 102
101 126
101 131
101 136
101 150
101 163
101 169
101 173
101 188
101 195
101 200
101 217
101 249
101 266
101 273
101 276
101 293
102 122
102 126
102 139
102 175
102 176
102 182
102 201
102 218
102 223
102 239
102 248
102 256
103 111
103 112
103 113
103 131
103 164
103 188
103 192
103 193
103 211
103 228
103 234
103 264
103 277
103 291
103 293
103 298
104 123
104 141
104 152
104 156
104 196
104 200
104 203
104 205
104 225
104 238
104 242
104 255
104 270
104 271
104 282
104 298
105 113
105 143
105 144
105 166
105 207
105 214
105 215
105 239
105 277
105 281
106 115
106 123
106 125
106 127
106 131
106 143
106 151
106 164
106 180
106 210
106 215
106 221
106 223
106 233
106 236
106 249
106 259
106 263
106 273
106 284
106 289
106 294
106 298
107 116
107 120
107 133
107 156
107 159
107 163
107 166
107 256
107 257
107 292
108 109
108 120
108 124
108 127
108 145
108 154
108 170
108 176
108 189
108 194
108 195
108 204
108 211
108 237
108 265
108 271
109 116
109 144
109 145
109 154
109 164
109 166
109 182
109 183
109 188
109 202
109 231
109 251
109 272
109 273
109 297
109 299
110 119
110 126
110 130
110 142
110 146
110 167
110 177
110 179
110 197
110 198
110 211
110 234
110 245
110 247
110 264
110 289
110 290
111 120
111 121
111 141
111 152
111 158
111 160
111 166
111 172
111 191
111 200
111 201
111 209
111 244
111 262
111 271
111 277
111 282
111 289
112 115
112 138
112 142
112 145
112 152
112 157
112 186
112 202
112 212
112 214
112 223
112 234
112 236
112 238
112 241
112 242
112 270
112 275
113 129
113 135
113 144
113 145
113 149
113 156
113 168
113 179
113 184
113 221
113 224
113 235
113 236
113 247
113 254
113 272
113 282
113 292
114 120
114 121
114 124
114 146
114 162
114 169
114 175
114 177
114 180
114 181
114 189
114 192
114 198
114 202
114 204
114 209
114 242
114 258
114 267
114 281
115 116
115 130
115 133
115 155
115 167
115 168
115 170
115 204
115 206
115 215
115 278
115 289
116 129
116 144
116 192
116 203
116 205
116 208
116 211
116 223
116 227
116 237
116 251
116 262
116 267
116 268
116 275
116 283
117 119
117 134
117 140
117 145
117 170
117 178
117 191
117 205
117 214
117 216
117 217
117 233
117 237
117 261
117 277
117 278
117 280
117 295
118 120
118 138
118 145
118 146
118 166
118 180
118 181
118 188
118 202
118 203
118 216
118 242
118 246
118 248
118 259
118 292
119 128
119 131
119 148
119 149
119 152
119 169
119 172
119 173
119 207
119 217
119 219
119 230
119 239
119 247
119 249
119 261
119 263
119 287
119 294
120 151
120 170
120 184
120 193
120 221
120 225
120 232
120 243
120 250
120 258
120 263
120 273
120 278
121 130
121 136
121 168
121 172
121 185
121 193
121 199
121 209
121 210
121 211
121 217
121 227
121 228
121 231
121 234
121 256
121 263
121 266
121 278
121 282
121 288
121 289
122 136
122 170
122 172
122 173
122 177
122 179
122 188
122 198
122 204
122 214
122 215
122 237
122 245
122 258
122 265
122 266
122 282
123 137
123 160
123 181
123 188
123 191
123 192
123 203
123 206
123 215
123 216
123 236
123 237
123 245
123 253
123 254
123 257
123 262
123 283
123 285
123 296
124 135
124 139
124 146
124 154
124 157
124 159
124 160
124 221
124 233
124 247
124 254
124 264
124 272
124 277
124 287
124 290
124 294
124 295
125 128
125 134
125 141
125 147
125 167
125 171
125 196
125 202
125 228
125 247
125 257
126 152
126 160
126 168
126 186
126 187
126 193
126 213
126 219
126 243
126 245
126 254
126 261
126 264
126 275
127 136
127 168
127 169
127 172
127 195
127 197
127 204
127 210
127 230
127 240
127 241
127 249
127 250
127 254
127 255
127 257
127 259
127 265
127 271
127 280
127 291
128 139
128 154
128 177
128 194
128 212
128 219
128 221
128 229
128 242
128 244
128 262
128 293
128 295
129 131
129 149
129 151
129 155
129 174
129 175
129 183
129 194
129 251
129 255
129 272
129 277
129 290
129 294
130 132
130 145
130 161
130 162
130 175
130 193
130 216
130 221
130 223
130 230
130 237
130 271
130 281
130 282
130 295
131 134
131 155
131 167
131 184
131 197
131 208
131 229
131 251
131 259
131 284
132 146
132 149
132 155
132 163
132 169
132 175
132 181
132 195
132 199
132 203
132 206
132 207
132 209
132 211
132 224
132 247
132 259
132 261
132 266
132 269
132 270
132 275
132 284
133 141
133 164
133 169
133 191
133 205
133 217
133 223
133 233
133 248
133 252
134 140
134 161
134 184
134 187
134 210
134 216
134 230
134 231
134 232
134 237
134 239
134 246
134 256
134 257
134 261
134 267
135 140
135 157
135 160
135 177
135 197
135 211
135 249
135 290
136 157
136 161
136 176
136 192
136 206
136 235
136 239
136 254
136 296
137 178
137 180
137 188
137 205
137 206
137 208
137 244
137 248
137 288
137 292
137 295
137 297
137 299
138 151
138 155
138 156
138 157
138 172
138 188
138 193
138 200
138 201
138 219
138 221
138 225
138 249
138 285
138 289
138 291
138 298
139 159
139 160
139 174
139 180
139 196
139 203
139 217
139 218
139 232
139 244
139 246
139 255
139 257
139 264
139 271
139 286
139 294
139 297
140 142
140 180
140 181
140 206
140 210
140 219
140 220
140 222
140 242
140 253
140 261
140 281
140 287
140 296
141 144
141 145
141 153
141 188
141 191
141 192
141 197
141 198
141 208
141 217
141 230
141 252
141 255
141 262
141 282
141 287
141 293
142 147
142 150
142 160
142 170
142 185
142 189
142 210
142 216
142 230
142 240
142 246
142 251
142 284
142 287
142 289
142 297
143 169
143 173
143 180
143 184
143 198
143 210
143 214
143 231
143 245
143 260
143 270
143 280
144 146
144 153
144 160
144 167
144 175
144 178
144 190
144 193
144 199
144 214
144 228
144 278
145 180
145 181
145 187
145 194
145 210
145 211
145 218
145 253
145 254
145 276
145 294
146 155
146 156
146 167
146 168
146 178
146 199
146 209
146 213
146 215
146 248
146 291
147 152
147 169
147 185
147 200
147 215
147 227
147 261
147 262
147 264
147 266
147 270
147 273
147 278
148 159
148 162
148 171
148 186
148 214
148 215
148 218
148 232
148 239
148 264
148 279
148 288
148 291
149 154
149 156
149 162
149 167
149 173
149 185
149 186
149 199
149 205
149 250
149 269
149 282
149 284
149 296
150 163
150 175
150 179
150 185
150 194
150 198
150 199
150 201
150 202
150 223
150 229
150 247
150 258
150 285
150 292
150 294
151 153
151 157
151 167
151 174
151 180
151 198
151 203
151 206
151 207
151 210
151 219
151 232
151 238
151 241
151 259
151 267
152 158
152 162
152 176
152 178
152 224
152 230
152 235
152 244
152 254
152 255
152 258
152 261
152 272
152 288
153 160
153 162
153 164
153 183
153 196
153 198
153 200
153 201
153 207
153 221
153 250
153 271
153 293
153 297
154 162
154 172
154 213
154 225
154 255
154 256
154 273
154 290
155 159
155 169
155 186
155 204
155 206
155 213
155 262
155 264
155 267
155 269
155 287
155 291
156 160
156 162
156 201
156 204
156 210
156 227
156 233
156 237
156 263
156 271
156 273
156 279
156 281
156 287
156 288
157 160
157 162
157 172
157 174
157 182
157 204
157 211
157 220
157 228
157 235
157 246
157 248
157 256
157 273
157 290
158 174
158 175
158 184
158 192
158 201
158 203
158 213
158 231
158 234
158 235
158 246
158 254
158 260
158 276
158 282
158 284
158 285
158 294
159 160
159 161
159 174
159 203
159 229
159 239
159 250
159 278
159 287
160 164
160 168
160 188
160 194
160 220
160 228
160 229
160 250
160 298
161 166
161 186
161 207
161 210
161 231
161 238
161 244
161 245
161 248
161 250
161 269
161 293
162 169
162 184
162 198
162 200
162 208
162 231
162 237
162 239
162 259
162 278
162 297
163 174
163 190
163 214
163 218
163 224
163 226
163 255
163 259
163 273
163 286
163 290
163 291
164 190
164 192
164 200
164 201
164 232
164 237
164 250
164 253
164 280
164 293
164 298
165 172
165 173
165 175
165 177
165 179
165 187
165 219
165 234
165 242
165 250
165 251
165 252
165 257
165 261
165 277
165 282
165 288
166 200
166 219
166 220
166 226
166 244
166 275
166 286
167 189
167 195
167 204
167 213
167 217
167 243
167 244
167 255
167 257
167 260
167 268
167 277
167 279
167 283
167 291
167 298
168 170
168 175
168 187
168 189
168 191
168 193
168 227
168 232
168 236
168 243
168 246
168 253
168 258
168 273
168 283
169 207
169 209
169 217
169 241
169 252
169 283
169 292
170 174
170 177
170 196
170 214
170 233
170 234
170 237
170 244
170 270
170 276
170 279
171 191
171 210
171 232
171 236
171 251
171 266
171 281
171 289
172 181
172 182
172 184
172 198
172 199
172 203
172 206
172 213
172 231
172 232
172 240
172 244
172 252
172 257
172 278
172 298
173 181
173 182
173 183
173 186
173 195
173 215
173 218
173 233
173 236
173 239
173 242
173 246
173 251
173 261
173 287
173 299
174 212
174 236
174 290
174 292
175 189
175 237
175 245
175 255
175 267
175 276
175 280
175 289
175 295
175 297
176 183
176 202
176 215
176 259
176 276
176 290
176 294
176 298
177 208
177 219
177 220
177 225
177 239
177 247
177 263
177 269
177 286
177 291
178 185
178 187
178 191
178 196
178 213
178 235
178 258
178 272
178 273
178 275
178 287
178 289
178 294
178 295
178 298
178 299
179 181
179 188
179 194
179 212
179 223
179 230
179 237
179 238
179 245
179 247
179 251
179 256
179 268
179 272
179 292
179 293
179 296
180 204
180 205
180 224
180 264
180 265
180 268
180 278
180 296
181 202
181 242
181 267
181 269
181 276
181 287
181 289
181 299
182 185
182 188
182 194
182 202
182 217
182 230
182 244
182 251
182 275
182 288
183 192
183 202
183 204
183 237
183 238
183 268
183 270
183 274
183 276
183 279
183 291
183 293
184 189
184 198
184 202
184 208
184 209
184 228
184 232
184 236
184 239
184 247
184 250
184 258
184 272
184 279
184 283
184 293
185 187
185 201
185 230
185 236
185 247
185 268
185 279
186 188
186 192
186 225
186 255
186 266
186 277
186 287
187 188
187 192
187 259
187 270
188 189
188 198
188 213
188 221
188 225
188 229
188 255
188 267
188 274
188 296
189 205
189 247
189 258
189 259
189 277
189 278
189 294
189 299
190 196
190 200
190 206
190 218
190 219
190 222
190 224
190 236
190 264
190 292
190 293
191 199
191 201
191 210
191 225
191 226
191 237
191 244
191 245
191 251
191 256
191 263
191 266
191 269
192 204
192 214
192 221
192 222
192 223
192 224
192 238
192 242
192 254
192 257
192 268
192 278
192 287
193 199
193 217
193 221
193 223
193 230
193 237
193 253
193 255
193 257
193 264
193 268
194 197
194 210
194 211
194 230
194 237
194 245
194 281
194 283
195 232
195 244
195 260
195 279
195 284
195 286
195 292
196 198
196 202
196 218
196 226
196 227
196 236
196 248
196 267
196 270
196 271
196 292
196 298
196 299
197 210
197 212
197 222
197 241
197 251
197 288
197 289
197 292
198 202
198 227
198 234
198 237
198 244
198 251
198 275
198 278
198 286
198 288
199 207
199 232
199 243
199 251
199 285
199 293
200 208
200 223
200 240
200 251
200 252
200 256
200 264
200 270
200 273
200 297
200 298
200 299
201 203
201 215
201 220
201 221
201 231
201 239
201 249
201 255
201 260
201 265
201 275
201 294
202 209
202 217
202 231
202 233
202 241
202 262
202 273
202 274
202 292
203 209
203 212
203 216
203 219
203 225
203 234
203 240
203 241
203 245
203 254
203 259
203 260
203 281
203 288
203 289
203 291
203 294
204 212
204 220
204 228
204 264
204 284
204 299
205 215
205 227
205 234
205 273
205 285
205 288
206 211
206 249
206 255
206 266
206 269
206 271
206 284
206 288
206 292
206 293
206 299
207 208
207 217
207 223
207 229
207 233
207 237
207 253
207 254
207 257
207 262
207 289
207 297
208 246
208 255
208 257
208 262
208 291
209 224
209 235
209 247
209 259
209 263
209 277
209 279
209 291
210 215
210 238
210 261
210 262
210 277
210 278
210 281
210 291
210 297
211 216
211 237
211 238
211 251
211 266
211 272
212 228
212 232
212 237
212 239
212 281
212 293
212 296
212 297
213 217
213 230
213 238
213 240
213 256
213 280
213 294
214 219
214 229
214 245
214 260
214 265
214 271
214 280
214 283
214 288
214 291
214 296
215 221
215 251
215 252
215 270
215 280
215 287
215 295
216 225
216 231
216 244
216 274
217 221
217 224
217 244
217 245
217 253
217 254
217 282
218 240
218 248
218 251
218 253
218 262
218 266
218 268
218 272
218 274
218 284
219 221
219 227
219 237
219 255
219 268
219 273
220 246
220 259
220 261
221 238
221 269
221 270
221 273
221 292
222 223
222 232
222 238
222 277
222 279
223 229
223 231
223 241
223 244
223 245
223 290
223 297
224 258
224 281
224 285
224 286
224 293
224 294
225 226
225 227
225 254
225 255
225 260
225 266
225 274
225 287
225 297
226 233
226 244
226 245
226 263
226 277
226 282
227 244
227 250
227 271
227 275
227 276
227 280
227 293
228 244
228 245
228 258
228 269
228 271
228 275
228 288
228 292
229 249
229 262
229 272
229 278
229 286
229 289
230 252
230 278
230 290
231 232
231 237
231 243
231 245
231 258
231 261
231 264
231 275
231 278
231 280
231 282
231 286
232 236
232 258
232 270
232 271
232 272
232 275
232 283
232 290
233 235
233 261
233 268
233 271
233 273
233 275
233 293
234 239
234 241
234 260
234 278
234 279
235 263
235 269
235 291
236 242
236 261
236 269
236 277
237 248
237 260
237 273
237 274
237 285
238 274
238 275
238 278
238 280
238 281
239 260
239 293
240 245
240 265
240 271
240 282
240 288
241 247
241 254
241 263
241 291
241 294
241 298
242 252
242 256
242 273
242 284
243 245
243 257
243 267
243 299
244 245
244 246
244 249
244 257
244 270
244 271
244 276
244 283
244 284
244 292
244 294
245 252
245 257
245 262
245 263
245 270
245 277
246 271
246 279
246 284
247 253
247 254
247 277
247 278
247 281
247 289
248 260
248 267
248 282
248 283
248 295
248 297
249 265
249 272
250 262
250 266
250 269
251 253
251 254
251 261
251 268
251 282
251 285
251 288
252 253
252 273
252 275
253 265
253 290
253 297
254 292
254 294
255 269
255 285
255 286
256 265
256 279
256 280
257 265
257 276
257 282
257 291
258 264
258 273
258 284
258 298
259 265
260 270
260 293
260 294
260 299
261 266
261 275
261 277
262 264
262 286
262 299
263 291
264 276
264 289
265 266
265 272
265 279
265 297
265 298
266 268
266 279
266 291
266 292
267 297
269 273
269 283
269 286
269 294
269 299
270 271
270 278
270 279
270 292
270 298
271 274
271 290
271 296
272 273
272 274
272 278
272 282
272 285
272 287
273 277
273 285
273 295
274 278
274 281
274 286
274 291
274 293
275 277
275 288
276 287
276 289
276 295
276 296
278 281
278 293
280 285
280 297
281 288
281 289
281 290
282 287
282 291
282 295
283 284
283 291
283 297
284 298
285 292
286 289
289 292
290 291
290 296
291 295
