300 3534 0.2
0 25
0 33
0 63
0 69
0 77
0 89
0 130
0 136
0 145
0 155
0 157
0 167
0 186
0 207
0 211
0 220
0 243
0 270
1 11
1 77
1 99
1 110
1 120
1 122
1 147
1 150
1 155
1 157
1 171
1 271
1 273
1 283
1 292
1 296
2 13
2 28
2 32
2 51
2 63
2 69
2 71
2 72
2 85
2 86
2 90
2 105
2 124
2 189
2 198
2 208
2 218
2 227
2 229
2 230
2 232
2 236
2 242
2 248
2 251
2 256
2 257
2 266
3 20
3 24
3 41
3 43
3 44
3 85
3 117
3 135
3 139
3 143
3 161
3 202
3 208
3 216
3 230
3 235
3 237
3 246
4 16
4 22
4 37
4 41
4 42
4 75
4 81
4 86
4 88
4 95
4 102
4 115
4 116
4 119
4 132
4 145
4 150
4 160
4 167
4 169
4 185
4 191
4 195
4 198
4 210
4 211
4 234
4 235
4 236
4 243
4 272
4 275
4 283
4 285
5 9
5 16
5 20
5 48
5 61
5 69
5 95
5 127
5 132
5 140
5 172
5 182
5 184
5 189
5 215
5 231
5 240
5 257
5 264
5 271
5 289
6 20
6 81
6 88
6 95
6 103
6 136
6 137
6 138
6 143
6 144
6 170
6 176
6 203
6 228
6 259
6 264
6 272
6 275
6 281
6 297
7 11
7 13
7 16
7 24
7 29
7 33
7 42
7 68
7 78
7 93
7 98
7 135
7 140
7 151
7 158
7 162
7 174
7 236
7 237
7 247
7 253
7 261
7 266
7 268
7 269
7 294
8 14
8 20
8 71
8 106
8 107
8 120
8 142
8 145
8 162
8 175
8 177
8 193
8 203
8 204
8 214
8 230
8 238
8 241
8 262
8 280
9 18
9 51
9 54
9 58
9 61
9 67
9 77
9 92
9 104
9 110
9 112
9 136
9 143
9 150
9 152
9 160
9 163
9 172
9 197
9 212
9 213
9 269
9 282
9 284
10 21
10 45
10 46
10 63
10 66
10 67
10 118
10 124
10 127
10 155
10 169
10 196
10 256
10 264
10 283
10 288
11 37
11 52
11 66
11 74
11 77
11 143
11 147
11 162
11 168
11 170
11 174
11 184
11 210
11 230
11 233
11 237
11 238
11 259
11 271
11 275
11 278
11 292
12 42
12 46
12 53
12 54
12 77
12 81
12 82
12 107
12 111
12 114
12 116
12 131
12 160
12 166
12 172
12 173
12 187
12 200
12 204
12 215
12 227
12 228
12 230
12 236
12 259
12 282
12 283
13 14
13 25
13 28
13 57
13 61
13 68
13 80
13 105
13 110
13 138
13 144
13 161
13 197
13 242
13 250
13 251
13 257
13 261
13 282
14 38
14 94
14 112
14 118
14 144
14 168
14 176
14 181
14 186
14 187
14 203
14 209
14 213
14 221
14 240
14 245
14 246
14 251
14 253
14 284
14 295
14 296
15 30
15 41
15 49
15 59
15 100
15 101
15 116
15 122
15 123
15 132
15 133
15 137
15 153
15 163
15 166
15 170
15 176
15 224
15 231
15 243
15 257
15 260
15 264
16 37
16 50
16 62
16 70
16 89
16 90
16 98
16 103
16 116
16 137
16 148
16 159
16 166
16 180
16 183
16 184
16 187
16 218
16 238
16 239
16 243
16 248
16 259
16 266
16 295
16 299
17 22
17 38
17 43
17 53
17 56
17 58
17 69
17 96
17 97
17 101
17 106
17 129
17 137
17 154
17 169
17 172
17 181
17 186
17 195
17 197
17 198
17 222
17 254
17 261
17 263
18 21
18 39
18 42
18 53
18 73
18 87
18 91
18 102
18 119
18 121
18 122
18 126
18 160
18 161
18 164
18 184
18 192
18 211
18 215
18 257
18 275
18 279
19 27
19 34
19 61
19 75
19 79
19 85
19 118
19 140
19 174
19 190
19 203
19 204
19 236
19 241
19 291
19 299
20 24
20 26
20 60
20 67
20 68
20 89
20 101
20 106
20 127
20 131
20 132
20 160
20 178
20 201
20 202
20 207
20 209
20 222
20 236
20 242
20 244
20 269
20 284
20 292
21 32
21 38
21 64
21 95
21 103
21 114
21 115
21 117
21 131
21 151
21 158
21 167
21 169
21 171
21 185
21 191
21 196
21 198
21 210
21 214
21 233
21 234
21 238
21 243
21 244
21 247
21 252
21 255
21 276
21 280
21 288
22 30
22 32
22 35
22 50
22 51
22 72
22 75
22 86
22 118
22 132
22 136
22 152
22 177
22 180
22 182
22 203
22 231
22 232
22 253
22 260
22 265
22 278
22 291
23 36
23 39
23 53
23 61
23 79
23 84
23 107
23 122
23 131
23 133
23 154
23 157
23 205
23 217
23 227
23 230
23 249
23 274
23 283
23 290
24 36
24 38
24 48
24 68
24 69
24 85
24 87
24 105
24 111
24 119
24 132
24 134
24 139
24 159
24 162
24 176
24 178
24 184
24 221
24 225
24 239
24 274
24 280
24 293
25 28
25 33
25 60
25 64
25 67
25 122
25 125
25 138
25 171
25 223
25 227
25 290
26 40
26 55
26 61
26 66
26 76
26 85
26 114
26 121
26 126
26 130
26 136
26 159
26 162
26 175
26 206
26 211
26 219
26 232
26 247
26 250
26 271
26 277
26 281
27 47
27 50
27 64
27 91
27 97
27 117
27 124
27 144
27 149
27 180
27 188
27 189
27 207
27 217
27 238
27 243
27 253
27 276
28 65
28 85
28 127
28 128
28 133
28 142
28 189
28 198
28 219
28 222
28 230
28 254
28 256
28 261
28 268
28 272
28 274
29 33
29 37
29 38
29 55
29 56
29 60
29 96
29 105
29 111
29 118
29 122
29 124
29 137
29 147
29 149
29 151
29 155
29 159
29 161
29 167
29 176
29 188
29 191
29 193
29 197
29 201
29 233
29 243
29 270
29 278
29 291
30 47
30 69
30 92
30 140
30 145
30 146
30 147
30 155
30 174
30 188
30 197
30 226
30 239
30 249
30 254
30 277
31 32
31 33
31 107
31 109
31 111
31 128
31 147
31 154
31 162
31 164
31 167
31 175
31 198
31 227
31 229
31 232
31 237
31 253
31 293
32 39
32 53
32 71
32 81
32 105
32 108
32 111
32 163
32 171
32 180
32 202
32 231
32 246
32 259
32 275
32 281
32 299
33 39
33 54
33 57
33 72
33 77
33 101
33 104
33 122
33 129
33 194
33 210
33 242
33 285
34 37
34 46
34 51
34 68
34 69
34 80
34 148
34 157
34 159
34 160
34 167
34 169
34 213
34 218
34 221
34 230
34 240
34 246
34 269
34 272
34 276
35 40
35 58
35 64
35 71
35 96
35 107
35 110
35 135
35 143
35 168
35 180
35 184
35 200
35 211
35 244
35 253
35 266
35 295
36 42
36 44
36 51
36 72
36 77
36 91
36 112
36 122
36 126
36 129
36 130
36 138
36 142
36 147
36 149
36 154
36 187
36 188
36 266
36 268
36 276
36 282
36 298
37 41
37 53
37 71
37 128
37 144
37 146
37 152
37 171
37 249
37 266
37 270
37 272
37 280
37 282
38 39
38 51
38 53
38 60
38 80
38 95
38 119
38 129
38 132
38 141
38 154
38 176
38 178
38 191
38 196
38 202
38 203
38 205
38 208
38 227
38 249
38 259
38 272
38 275
38 279
38 289
38 290
39 44
39 49
39 57
39 62
39 74
39 97
39 99
39 114
39 115
39 121
39 134
39 181
39 207
39 224
39 245
39 249
39 250
39 271
39 290
39 297
40 59
40 74
40 77
40 85
40 120
40 126
40 160
40 169
40 212
40 214
40 220
40 223
40 243
40 249
40 258
40 265
40 268
40 271
40 274
40 285
40 296
41 43
41 47
41 53
41 54
41 55
41 56
41 60
41 77
41 93
41 121
41 122
41 129
41 163
41 165
41 181
41 189
41 190
41 194
41 195
41 197
41 203
41 209
41 227
41 242
41 244
41 253
41 257
41 276
41 283
42 67
42 71
42 95
42 101
42 105
42 120
42 130
42 131
42 146
42 148
42 153
42 154
42 169
42 176
42 232
42 233
42 264
42 282
42 288
42 293
42 296
43 47
43 54
43 58
43 68
43 85
43 92
43 130
43 163
43 171
43 174
43 188
43 202
43 205
43 207
43 211
43 214
43 222
43 224
43 230
43 255
43 262
43 271
43 279
43 292
44 50
44 82
44 86
44 101
44 103
44 115
44 133
44 138
44 144
44 155
44 177
44 195
44 196
44 223
44 225
44 287
44 292
44 295
44 298
45 48
45 51
45 63
45 64
45 97
45 105
45 116
45 126
45 144
45 157
45 159
45 161
45 223
45 230
45 236
45 241
45 256
45 262
45 264
45 271
45 280
45 282
45 290
46 52
46 53
46 78
46 81
46 102
46 104
46 110
46 137
46 158
46 166
46 167
46 179
46 184
46 192
46 208
46 209
46 222
46 228
46 240
46 283
47 55
47 56
47 59
47 71
47 72
47 73
47 79
47 87
47 90
47 105
47 138
47 144
47 145
47 164
47 176
47 185
47 188
47 191
47 192
47 195
47 204
47 228
47 232
47 251
47 299
48 54
48 61
48 69
48 70
48 72
48 81
48 103
48 115
48 139
48 147
48 152
48 176
48 219
48 239
48 242
48 248
48 250
48 278
48 284
48 296
49 51
49 86
49 90
49 111
49 114
49 129
49 130
49 138
49 154
49 161
49 177
49 192
49 194
49 202
49 236
49 238
49 246
49 256
49 264
49 266
49 268
49 278
49 283
49 286
49 290
50 51
50 65
50 91
50 99
50 113
50 115
50 126
50 130
50 131
50 140
50 159
50 169
50 172
50 183
50 184
50 191
50 192
50 211
50 221
50 223
50 228
50 229
50 239
50 252
50 262
50 267
50 271
50 283
50 284
51 84
51 89
51 114
51 120
51 128
51 131
51 153
51 174
51 175
51 194
51 218
51 220
51 234
51 239
51 242
51 248
51 272
51 294
51 296
51 298
52 54
52 58
52 64
52 74
52 82
52 106
52 117
52 132
52 144
52 173
52 183
52 187
52 203
52 223
52 231
52 245
52 260
52 278
52 289
52 299
53 63
53 118
53 138
53 145
53 146
53 157
53 183
53 202
53 204
53 221
53 223
53 255
53 263
53 270
53 283
53 289
54 56
54 70
54 88
54 106
54 135
54 144
54 166
54 170
54 200
54 203
54 210
54 251
54 262
54 279
54 291
55 70
55 84
55 116
55 155
55 171
55 175
55 186
55 191
55 204
55 208
55 214
55 220
55 230
55 231
55 237
55 242
55 245
55 252
55 259
55 294
55 295
56 65
56 70
56 101
56 104
56 117
56 139
56 183
56 184
56 195
56 197
56 210
56 255
56 259
56 273
56 279
56 281
56 292
56 295
57 75
57 79
57 87
57 91
57 95
57 114
57 117
57 121
57 136
57 139
57 150
57 161
57 170
57 219
57 264
58 71
58 84
58 122
58 125
58 145
58 158
58 197
58 215
58 226
58 236
58 257
58 298
59 77
59 96
59 97
59 98
59 101
59 103
59 104
59 105
59 112
59 116
59 119
59 121
59 141
59 147
59 166
59 170
59 182
59 203
59 213
59 216
59 219
59 224
59 225
59 232
59 249
59 261
59 286
59 293
60 64
60 83
60 92
60 99
60 123
60 137
60 140
60 153
60 164
60 167
60 184
60 218
60 219
60 259
60 278
60 291
60 294
61 70
61 109
61 110
61 160
61 163
61 185
61 195
61 198
61 200
61 223
61 239
61 250
61 270
61 274
62 84
62 105
62 107
62 113
62 119
62 155
62 159
62 178
62 179
62 187
62 211
62 226
62 239
62 242
62 256
62 271
62 278
62 280
62 288
63 84
63 103
63 124
63 159
63 189
63 198
63 214
63 229
63 230
63 241
63 247
63 271
63 280
63 285
64 67
64 71
64 95
64 106
64 113
64 129
64 152
64 165
64 166
64 188
64 190
64 198
64 208
64 222
64 230
64 248
64 252
64 273
64 282
65 72
65 122
65 130
65 142
65 153
65 176
65 184
65 185
65 190
65 214
65 227
65 241
65 264
65 278
65 279
65 285
65 293
65 298
66 70
66 93
66 101
66 106
66 111
66 117
66 130
66 157
66 163
66 165
66 188
66 190
66 208
66 212
66 219
66 223
66 226
66 238
66 261
66 266
66 276
67 73
67 121
67 123
67 125
67 127
67 140
67 141
67 143
67 172
67 184
67 187
67 188
67 200
67 211
67 253
67 264
67 275
67 279
67 284
67 298
68 70
68 71
68 85
68 112
68 140
68 142
68 150
68 174
68 191
68 198
68 207
68 238
68 268
69 101
69 102
69 105
69 107
69 126
69 131
69 146
69 151
69 161
69 168
69 176
69 191
69 195
69 228
69 230
69 232
69 240
69 264
69 278
69 290
70 90
70 96
70 98
70 104
70 118
70 123
70 125
70 127
70 146
70 147
70 173
70 176
70 247
70 255
70 267
70 283
70 286
71 93
71 109
71 112
71 116
71 142
71 148
71 201
71 237
71 287
71 297
71 299
72 76
72 79
72 82
72 89
72 98
72 99
72 103
72 106
72 152
72 181
72 187
72 202
72 208
72 226
72 231
72 232
72 236
72 276
72 289
72 291
73 99
73 104
73 108
73 109
73 143
73 153
73 157
73 170
73 180
73 184
73 200
73 204
73 218
73 221
73 227
73 230
73 237
73 261
73 267
73 270
73 272
73 295
74 79
74 81
74 90
74 105
74 121
74 127
74 146
74 155
74 156
74 161
74 172
74 184
74 186
74 190
74 200
74 207
74 223
74 242
74 247
74 263
74 264
74 271
74 282
74 284
74 285
74 286
74 295
75 102
75 103
75 165
75 167
75 180
75 230
75 232
75 238
75 240
75 249
75 273
75 281
75 282
76 90
76 110
76 120
76 123
76 129
76 140
76 145
76 150
76 166
76 175
76 182
76 205
76 224
76 240
76 244
76 245
76 246
76 250
76 261
77 81
77 89
77 90
77 93
77 95
77 105
77 118
77 120
77 126
77 132
77 198
77 244
77 251
77 263
77 271
77 294
77 299
78 79
78 86
78 89
78 91
78 111
78 121
78 125
78 145
78 152
78 165
78 195
78 206
78 212
78 223
78 225
78 237
78 241
78 245
78 251
78 255
78 273
78 276
78 291
79 80
79 90
79 101
79 105
79 110
79 114
79 120
79 146
79 164
79 194
79 209
79 221
79 223
79 239
79 258
79 262
79 283
79 294
80 100
80 101
80 116
80 118
80 123
80 136
80 143
80 146
80 147
80 155
80 156
80 171
80 209
80 217
80 224
80 233
80 240
80 250
80 257
80 264
80 274
80 277
80 278
81 101
81 136
81 164
81 169
81 171
81 176
81 183
81 186
81 224
81 227
81 240
81 245
81 268
81 273
81 277
81 287
81 294
81 296
81 298
82 92
82 101
82 114
82 139
82 140
82 151
82 153
82 157
82 159
82 176
82 192
82 196
82 201
82 205
82 214
82 239
82 250
82 258
82 264
82 265
82 267
82 284
82 296
83 88
83 95
83 112
83 123
83 128
83 141
83 196
83 219
83 222
83 224
83 248
83 249
83 262
83 266
83 272
83 273
83 297
84 126
84 141
84 151
84 159
84 192
84 193
84 197
84 204
84 219
84 226
84 247
84 255
84 260
84 264
84 280
84 287
85 88
85 91
85 144
85 147
85 149
85 153
85 166
85 170
85 179
85 189
85 223
85 230
85 239
85 253
85 269
85 273
85 279
85 293
86 104
86 105
86 112
86 114
86 118
86 120
86 180
86 185
86 238
86 244
86 261
86 263
86 275
86 281
86 296
87 112
87 114
87 134
87 151
87 157
87 167
87 169
87 219
87 252
87 265
87 277
87 278
88 127
88 130
88 138
88 142
88 157
88 165
88 191
88 195
88 196
88 221
88 245
88 250
88 253
88 254
88 256
88 259
88 278
88 281
88 288
88 290
89 95
89 96
89 103
89 110
89 127
89 136
89 179
89 190
89 241
89 271
89 283
89 286
89 290
89 295
90 109
90 112
90 138
90 148
90 175
90 200
90 236
90 263
90 268
90 270
90 273
90 280
90 289
90 292
91 95
91 97
91 121
91 141
91 143
91 156
91 159
91 161
91 171
91 175
91 192
91 199
91 205
91 235
91 236
91 237
91 239
91 271
91 280
92 108
92 128
92 135
92 139
92 149
92 150
92 154
92 168
92 169
92 179
92 181
92 186
92 206
92 213
92 234
92 245
92 253
92 258
92 299
93 102
93 134
93 135
93 145
93 157
93 164
93 174
93 176
93 177
93 191
93 199
93 202
93 210
93 224
93 234
93 274
93 297
94 96
94 113
94 115
94 132
94 138
94 141
94 151
94 159
94 184
94 209
94 217
94 223
94 233
94 245
94 259
94 260
94 262
94 270
94 275
94 284
94 285
94 289
94 296
95 98
95 129
95 141
95 144
95 150
95 196
95 210
95 224
95 226
95 235
95 242
95 256
95 259
95 260
95 263
95 271
95 282
95 296
96 127
96 142
96 151
96 154
96 164
96 172
96 176
96 183
96 197
96 205
97 113
97 127
97 130
97 133
97 137
97 142
97 147
97 148
97 180
97 191
97 193
97 195
97 205
97 211
97 215
97 222
97 225
97 228
97 239
97 253
97 274
98 126
98 132
98 134
98 180
98 211
98 212
98 216
98 218
98 220
98 225
98 260
98 285
98 289
98 298
99 117
99 125
99 144
99 147
99 176
99 189
99 191
99 211
99 218
99 250
99 271
99 273
99 282
99 286
100 115
100 121
100 152
100 158
100 168
100 198
100 210
100 213
100 220
100 264
100 272
101 114
101 128
101 179
101 186
101 191
101 192
101 193
101 202
101 210
101 212
101 220
101 221
101 233
101 249
101 256
101 257
101 291
102 124
102 136
102 141
102 148
102 160
102 201
102 217
102 226
102 240
102 241
102 244
102 255
102 260
102 264
102 295
103 106
103 110
103 117
103 127
103 129
103 147
103 170
103 174
103 175
103 180
103 219
103 242
103 269
104 120
104 129
104 154
104 175
104 183
104 206
104 209
104 214
104 221
104 240
104 261
104 277
104 297
105 109
105 124
105 144
105 151
105 166
105 189
105 210
105 212
105 221
105 222
105 246
105 254
105 263
105 274
106 110
106 114
106 140
106 144
106 145
106 160
106 165
106 176
106 179
106 198
106 233
106 251
106 292
106 293
106 295
107 141
107 145
107 153
107 154
107 159
107 167
107 213
107 224
107 231
107 254
107 265
107 269
107 270
107 293
108 127
108 132
108 143
108 144
108 151
108 160
108 170
108 179
108 191
108 203
108 215
108 222
108 226
108 228
108 231
108 259
108 265
108 277
109 124
109 175
109 189
109 197
109 198
109 224
109 238
109 285
109 286
109 294
109 298
110 121
110 127
110 143
110 147
110 148
110 150
110 152
110 159
110 170
110 224
110 239
110 289
110 297
110 298
110 299
111 130
111 140
111 152
111 179
111 183
111 207
111 211
111 218
111 220
111 239
111 243
111 244
111 292
112 129
112 139
112 152
112 187
112 190
112 194
112 199
112 200
112 261
112 281
112 283
112 287
113 119
113 120
113 132
113 180
113 183
113 200
113 202
113 222
113 225
113 235
113 243
113 267
113 298
114 116
114 150
114 160
114 169
114 178
114 183
114 187
114 196
114 206
114 215
114 217
114 221
114 225
114 258
114 279
114 294
114 296
115 121
115 129
115 131
115 149
115 212
115 241
115 252
115 260
115 268
115 278
115 284
115 289
115 290
115 296
116 118
116 151
116 159
116 168
116 197
116 201
116 222
116 243
116 260
116 271
116 285
116 287
117 131
117 148
117 154
117 157
117 162
117 185
117 186
117 190
117 212
117 227
117 230
117 233
117 238
117 252
117 253
117 254
117 271
118 129
118 136
118 139
118 143
118 148
118 186
118 200
118 205
118 209
118 210
118 233
118 254
118 269
118 282
118 286
118 291
118 293
118 298
119 123
119 140
119 142
119 169
119 185
119 189
119 190
119 211
119 229
119 231
119 285
119 298
120 142
120 146
120 147
120 178
120 179
120 187
120 191
120 202
120 227
120 238
120 247
120 264
120 267
120 280
121 123
121 124
121 161
121 218
121 236
121 275
121 279
121 283
122 158
122 168
122 188
122 189
122 200
122 201
122 266
122 268
122 272
122 284
122 285
123 137
123 139
123 145
123 169
123 170
123 174
123 182
123 226
123 244
123 264
123 265
123 266
123 270
123 272
123 275
124 160
124 164
124 175
124 190
124 196
124 197
124 211
124 237
124 241
124 253
124 257
124 260
124 267
124 278
124 282
124 295
125 137
125 143
125 160
125 164
125 172
125 175
125 221
125 233
125 246
125 247
125 258
125 290
125 296
126 138
126 180
126 182
126 195
126 196
126 201
126 202
126 203
126 208
126 217
126 234
126 237
126 241
126 262
126 265
126 274
126 287
126 297
126 299
127 142
127 145
127 149
127 161
127 170
127 172
127 182
127 215
127 216
127 225
127 243
127 251
127 259
127 263
127 269
127 271
127 272
127 278
128 139
128 142
128 153
128 186
128 211
128 216
128 226
128 228
128 247
128 264
128 267
128 271
128 288
128 291
129 140
129 167
129 177
129 180
129 182
129 208
129 209
129 215
129 220
129 224
129 235
129 238
129 275
129 280
130 155
130 160
130 170
130 207
130 215
130 240
130 251
130 283
130 287
131 132
131 136
131 137
131 152
131 177
131 198
131 206
131 212
131 229
131 268
131 276
131 280
131 283
132 139
132 158
132 185
132 192
132 219
132 220
132 228
132 231
132 239
132 255
132 270
132 285
132 287
132 299
133 134
133 154
133 174
133 184
133 186
133 205
133 269
133 292
134 144
134 157
134 169
134 177
134 182
134 188
134 190
134 197
134 208
134 213
134 220
134 244
134 263
134 268
134 274
134 297
135 146
135 147
135 172
135 199
135 206
135 210
135 219
135 226
135 229
135 231
135 267
135 270
135 278
135 293
136 146
136 183
136 221
136 224
136 226
136 254
136 267
136 290
137 147
137 155
137 174
137 183
137 192
137 196
137 211
137 219
137 221
137 235
137 239
137 268
137 276
138 154
138 186
138 218
138 233
138 263
138 272
138 285
138 293
139 150
139 182
139 230
139 241
139 247
139 249
140 152
140 168
140 186
140 188
140 204
140 261
140 267
140 272
140 288
141 147
141 157
141 164
141 203
141 209
141 210
141 211
141 217
141 222
141 242
141 261
141 270
141 296
142 167
142 172
142 211
142 232
142 247
142 249
142 255
142 259
142 262
142 278
142 295
142 299
143 147
143 165
143 175
143 183
143 206
143 210
143 256
143 259
143 283
144 178
144 185
144 220
144 227
144 254
144 271
144 293
145 152
145 187
145 189
145 190
145 205
145 206
145 209
145 210
145 216
145 221
145 250
145 256
145 280
145 283
145 285
146 158
146 161
146 181
146 186
146 226
146 233
146 238
146 246
146 255
146 258
146 269
146 270
146 276
147 168
147 176
147 179
147 192
147 200
147 209
147 215
147 225
147 246
147 260
147 268
147 275
147 279
147 285
147 290
148 165
148 201
148 210
148 215
148 218
148 233
148 255
148 256
148 271
148 287
149 161
149 210
149 223
149 231
149 266
150 158
150 172
150 178
150 183
150 201
150 206
150 213
150 215
150 221
150 238
150 266
150 287
150 292
150 294
150 299
151 159
151 182
151 185
151 189
151 214
151 231
151 250
151 283
151 289
152 167
152 177
152 181
152 197
152 205
152 214
152 219
152 223
152 225
152 233
152 237
152 257
152 292
153 157
153 160
153 175
153 188
153 190
153 201
153 221
153 222
153 229
153 237
153 239
153 256
153 274
153 289
154 172
154 187
154 191
154 196
154 206
154 209
154 212
154 229
154 238
154 261
154 264
154 283
154 286
154 291
155 166
155 167
155 179
155 182
155 193
155 228
155 232
155 235
155 270
155 290
155 293
155 295
156 162
156 163
156 165
156 174
156 196
156 200
156 213
156 215
156 238
156 240
156 253
156 268
156 272
156 281
156 283
156 290
156 293
157 181
157 184
157 187
157 197
157 208
157 229
157 238
157 256
157 275
157 276
157 282
157 295
158 176
158 181
158 196
158 202
158 219
158 229
158 247
158 276
158 284
158 285
158 288
158 289
158 291
159 164
159 173
159 177
159 179
159 202
159 250
159 260
159 263
159 265
159 268
159 277
159 289
160 172
160 178
160 183
160 201
160 204
160 234
160 273
160 276
160 290
161 175
161 180
161 186
161 193
161 194
161 202
161 234
161 237
161 255
161 277
161 279
161 285
161 288
162 200
162 207
162 218
162 220
162 232
162 234
162 242
162 249
162 252
162 256
162 264
162 269
162 291
163 166
163 177
163 234
163 241
163 288
164 168
164 174
164 188
164 193
164 212
164 221
164 239
164 242
164 244
164 246
164 251
164 256
164 259
164 274
165 172
165 175
165 183
165 185
165 190
165 213
165 220
165 223
165 234
165 261
165 269
165 271
165 274
165 277
165 279
165 285
165 287
165 293
165 295
166 175
166 178
166 212
166 218
166 228
166 229
166 230
166 237
166 252
166 272
166 280
166 281
167 192
167 199
167 201
167 202
167 204
167 228
167 246
167 254
167 292
167 294
168 169
168 174
168 184
168 222
168 238
168 265
168 278
168 282
168 292
169 174
169 179
169 183
169 186
169 202
169 203
169 217
169 237
169 241
169 242
169 264
169 273
170 175
170 204
170 216
170 272
170 278
170 283
170 284
171 197
171 203
171 207
171 209
171 216
171 232
171 270
171 276
171 278
171 291
172 174
172 185
172 198
172 214
172 225
172 233
172 235
172 243
172 244
172 250
172 255
172 274
172 276
172 278
173 178
173 181
173 201
173 205
173 214
173 249
173 257
173 276
174 182
174 184
174 187
174 188
174 198
174 207
174 237
174 249
174 250
174 266
174 270
175 192
175 196
175 200
175 222
175 232
175 235
175 246
175 255
175 256
175 283
176 193
176 203
176 207
176 209
176 214
176 228
176 232
176 238
176 253
176 262
176 276
176 278
176 297
177 181
177 182
177 192
177 199
177 213
177 217
177 218
177 236
177 258
177 278
177 285
178 181
178 192
178 200
178 221
178 232
178 272
178 277
178 279
178 281
178 293
179 188
179 191
179 194
179 248
179 267
179 275
179 282
180 184
180 194
180 219
180 235
180 237
180 270
180 279
181 186
181 198
181 213
181 217
181 229
181 242
181 252
181 254
181 259
181 262
181 267
181 275
182 185
182 209
182 220
182 228
182 236
182 248
182 270
182 281
183 202
183 233
183 241
183 263
183 264
183 268
183 278
183 283
184 219
184 236
184 274
184 287
184 289
184 293
185 216
185 235
185 248
185 268
185 269
185 298
186 202
186 232
186 248
186 252
186 279
187 192
187 207
187 208
187 219
187 228
187 234
187 242
187 257
187 281
187 285
187 292
188 192
188 209
188 216
188 218
188 272
188 273
188 279
188 283
188 290
188 299
189 200
189 219
189 222
189 233
189 247
189 252
189 267
189 270
189 275
189 278
189 294
190 195
190 197
190 209
190 230
190 235
190 259
191 211
191 231
191 237
191 238
191 267
191 287
192 221
192 237
192 244
192 252
192 259
192 260
192 262
192 269
192 284
192 294
192 299
193 194
193 197
193 218
193 237
193 249
193 253
193 256
193 265
193 279
194 219
194 246
194 268
194 277
194 278
194 285
194 290
194 292
195 231
195 237
195 271
195 277
195 281
196 226
196 229
196 251
196 254
196 264
196 265
196 270
196 273
196 274
196 276
196 284
197 201
197 213
197 220
197 228
197 232
197 237
197 251
197 268
197 278
197 280
197 292
197 293
197 296
198 207
198 226
198 233
198 244
198 249
198 261
198 264
198 281
198 286
199 224
199 231
199 235
199 256
199 280
199 283
200 209
200 221
200 222
200 230
200 232
200 241
200 248
200 256
200 294
200 299
201 214
201 252
201 260
201 265
201 272
201 273
201 297
201 298
202 213
202 230
202 246
202 288
202 295
203 218
203 228
203 242
203 243
203 253
203 273
204 220
204 232
204 235
204 269
204 277
204 288
204 290
204 299
205 212
205 224
205 248
205 251
205 260
205 282
205 295
205 297
206 208
206 210
206 226
206 227
206 228
206 240
206 253
206 272
207 234
207 236
207 247
207 254
208 209
208 219
208 259
208 267
209 212
209 225
209 227
209 242
209 244
209 255
209 256
209 260
209 276
209 291
209 295
210 222
210 223
210 260
210 265
210 278
210 290
211 219
211 227
211 234
211 238
211 241
211 248
211 267
211 279
211 293
212 221
212 231
212 242
212 243
213 218
213 220
213 235
213 250
213 253
213 264
213 266
213 275
213 291
213 296
213 298
214 218
214 252
214 255
214 256
214 261
214 263
214 272
214 273
214 281
214 293
215 227
215 232
215 252
215 255
215 257
215 266
215 271
216 286
217 232
217 234
217 249
217 260
217 264
217 279
217 289
217 293
217 294
218 226
218 251
218 284
218 288
218 294
219 225
219 229
219 244
219 263
219 271
219 274
219 276
219 280
219 284
220 222
220 223
220 275
220 287
221 233
221 243
221 273
221 295
222 224
222 251
222 253
222 258
223 234
223 236
223 251
223 262
223 265
224 229
224 248
224 253
224 272
224 287
224 289
224 295
225 227
225 239
225 241
225 242
225 251
225 256
225 268
225 287
225 294
226 229
226 239
226 242
226 248
226 255
226 265
226 268
226 291
227 247
227 270
227 278
228 279
228 283
228 290
228 298
229 230
229 266
229 273
229 276
229 278
229 279
230 232
230 279
230 292
231 232
231 237
231 254
231 276
231 280
232 266
232 267
232 275
232 290
233 269
233 283
233 292
234 248
234 251
234 253
234 254
234 267
234 276
235 239
235 256
235 262
235 267
235 270
236 247
236 251
236 270
236 288
236 289
236 295
237 252
237 291
238 240
238 244
238 261
238 296
239 250
239 253
239 254
239 255
239 276
239 297
239 298
240 246
240 247
240 299
241 258
241 274
241 282
242 251
242 262
242 286
242 299
243 245
243 248
243 256
243 283
244 248
244 257
244 275
244 282
244 292
245 246
245 247
245 286
245 288
245 295
245 296
245 297
246 267
246 274
246 280
246 292
247 252
247 255
247 265
247 276
247 277
247 287
247 296
247 299
249 251
249 267
249 278
249 282
249 293
249 296
250 256
250 260
250 275
251 255
251 262
251 264
251 265
251 285
251 289
251 290
252 263
252 279
252 290
252 292
253 272
253 273
253 279
254 257
254 278
254 281
254 293
255 274
255 299
256 262
256 264
256 276
257 258
258 264
258 270
258 288
258 292
259 266
259 297
260 261
260 267
260 271
260 277
260 286
260 291
260 293
261 263
261 265
261 269
261 275
261 277
261 285
262 263
262 276
262 284
262 294
263 266
263 281
263 289
264 299
265 280
266 272
266 278
266 280
266 285
266 291
267 283
267 287
267 291
268 275
268 278
269 280
269 288
270 279
270 282
270 289
270 292
271 275
272 283
272 291
273 276
274 278
274 281
274 292
275 279
275 280
275 282
275 287
276 281
276 287
276 291
276 292
277 279
277 285
277 288
278 284
278 289
280 289
280 299
283 288
283 289
284 296
285 295
286 287
286 296
287 288
287 289
288 290
288 292
289 293
292 293
295 296
