300 3652 0.5
0 34
0 52
0 60
0 67
0 79
0 95
0 96
0 97
0 119
0 160
0 174
0 188
0 190
0 221
0 243
0 264
0 274
0 281
0 286
1 23
1 28
1 56
1 77
1 99
1 105
1 129
1 135
1 154
1 155
1 167
1 207
1 212
1 221
1 232
1 256
1 286
1 295
2 7
2 25
2 27
2 65
2 72
2 73
2 112
2 127
2 151
2 164
2 169
2 196
2 207
2 221
2 227
2 239
2 250
2 296
3 14
3 36
3 40
3 62
3 69
3 89
3 96
3 124
3 156
3 192
3 194
3 206
3 211
3 215
3 219
3 232
3 238
3 245
3 251
3 253
3 254
3 277
3 288
4 7
4 17
4 18
4 28
4 52
4 55
4 76
4 78
4 95
4 126
4 131
4 138
4 153
4 155
4 165
4 169
4 170
4 183
4 187
4 188
4 191
4 201
4 210
4 218
4 244
4 253
4 288
5 6
5 10
5 35
5 41
5 55
5 64
5 98
5 104
5 121
5 133
5 134
5 135
5 137
5 154
5 163
5 171
5 199
5 206
5 210
5 218
5 222
5 224
5 239
5 245
5 247
5 252
5 256
5 272
5 279
5 285
5 290
5 292
6 24
6 33
6 39
6 46
6 49
6 74
6 89
6 98
6 104
6 113
6 115
6 136
6 138
6 151
6 174
6 179
6 193
6 200
6 209
6 214
6 215
6 217
6 221
6 223
6 224
6 230
6 249
6 257
6 272
6 279
6 281
6 285
7 10
7 15
7 16
7 18
7 39
7 70
7 72
7 87
7 113
7 116
7 134
7 135
7 139
7 156
7 166
7 174
7 176
7 218
7 232
7 235
7 239
7 262
7 266
7 285
7 298
8 16
8 18
8 42
8 49
8 57
8 63
8 93
8 160
8 190
8 193
8 208
8 219
8 232
8 236
8 249
8 257
8 258
8 259
8 268
8 270
8 274
8 279
8 284
8 294
9 14
9 44
9 49
9 67
9 69
9 72
9 79
9 80
9 97
9 123
9 124
9 141
9 153
9 163
9 173
9 176
9 184
9 192
9 210
9 211
9 212
9 213
9 215
9 220
9 224
9 231
9 234
9 261
9 265
9 268
9 293
9 296
9 299
10 11
10 45
10 55
10 70
10 72
10 79
10 80
10 85
10 87
10 90
10 91
10 101
10 110
10 120
10 143
10 156
10 160
10 176
10 179
10 186
10 192
10 199
10 201
10 217
10 230
10 241
10 255
10 260
10 263
10 266
10 270
10 273
10 289
10 292
11 27
11 64
11 69
11 74
11 76
11 91
11 97
11 98
11 100
11 101
11 119
11 123
11 142
11 162
11 164
11 183
11 193
11 215
11 221
11 225
11 230
11 282
12 15
12 64
12 77
12 85
12 90
12 117
12 120
12 125
12 130
12 147
12 168
12 173
12 186
12 191
12 196
12 213
12 221
12 240
12 241
12 290
13 37
13 41
13 46
13 63
13 84
13 90
13 104
13 126
13 139
13 141
13 144
13 151
13 166
13 180
13 196
13 213
13 224
13 256
13 268
13 269
13 280
13 299
14 22
14 66
14 72
14 73
14 92
14 107
14 114
14 120
14 133
14 150
14 167
14 171
14 176
14 178
14 191
14 198
14 199
14 200
14 216
14 230
14 248
14 268
14 283
14 296
15 19
15 53
15 54
15 62
15 85
15 88
15 98
15 105
15 112
15 176
15 177
15 178
15 181
15 208
15 213
15 232
15 240
15 252
15 268
15 272
15 290
15 291
15 293
15 294
15 299
16 30
16 65
16 69
16 79
16 82
16 85
16 90
16 102
16 111
16 120
16 123
16 150
16 160
16 162
16 176
16 179
16 193
16 232
16 237
16 245
16 246
16 267
16 280
16 281
16 293
17 18
17 25
17 31
17 32
17 37
17 38
17 39
17 48
17 52
17 57
17 106
17 122
17 123
17 124
17 131
17 146
17 147
17 162
17 169
17 175
17 199
17 207
17 221
17 224
17 225
17 243
17 244
17 262
17 264
17 269
17 273
17 277
18 36
18 50
18 62
18 79
18 89
18 91
18 99
18 103
18 127
18 163
18 180
18 208
18 209
18 211
18 217
18 221
18 260
18 275
18 277
18 288
19 26
19 48
19 56
19 58
19 101
19 113
19 142
19 143
19 164
19 166
19 169
19 187
19 190
19 224
19 244
19 249
19 262
19 280
20 33
20 82
20 97
20 120
20 131
20 136
20 142
20 157
20 158
20 159
20 168
20 205
20 210
20 212
20 219
20 224
20 251
20 282
21 42
21 49
21 54
21 55
21 61
21 65
21 80
21 87
21 98
21 104
21 121
21 125
21 129
21 139
21 148
21 154
21 155
21 172
21 207
21 211
21 236
21 244
21 263
21 267
21 282
21 296
22 61
22 66
22 69
22 83
22 84
22 89
22 99
22 107
22 129
22 145
22 171
22 185
22 186
22 189
22 191
22 192
22 214
22 236
22 240
22 247
22 275
22 295
22 299
23 33
23 40
23 63
23 81
23 85
23 97
23 100
23 101
23 111
23 116
23 128
23 135
23 177
23 193
23 208
23 216
23 231
23 258
23 266
23 277
23 289
23 290
24 28
24 34
24 48
24 50
24 80
24 99
24 161
24 174
24 183
24 185
24 189
24 190
24 197
24 214
24 227
24 254
24 269
24 282
25 27
25 32
25 36
25 41
25 49
25 61
25 69
25 75
25 89
25 90
25 126
25 139
25 183
25 208
25 211
25 213
25 228
25 231
25 245
25 287
25 288
26 31
26 37
26 43
26 52
26 63
26 89
26 96
26 98
26 109
26 117
26 126
26 134
26 140
26 161
26 164
26 188
26 191
26 214
26 217
26 258
26 261
26 262
26 278
26 299
27 46
27 50
27 58
27 65
27 66
27 77
27 82
27 88
27 90
27 158
27 164
27 197
27 198
27 209
27 232
27 243
27 255
27 267
27 268
28 38
28 43
28 59
28 66
28 67
28 70
28 78
28 82
28 118
28 123
28 153
28 176
28 184
28 185
28 226
28 253
28 263
28 272
28 275
29 33
29 37
29 51
29 66
29 75
29 77
29 90
29 92
29 97
29 123
29 130
29 134
29 143
29 147
29 155
29 163
29 169
29 198
29 201
29 210
29 212
29 221
29 224
29 229
29 242
29 251
29 253
29 259
29 263
29 277
29 282
29 284
30 37
30 42
30 43
30 65
30 75
30 82
30 91
30 106
30 116
30 127
30 138
30 147
30 155
30 161
30 165
30 193
30 194
30 212
30 215
30 217
30 265
30 267
30 275
30 292
31 41
31 55
31 56
31 70
31 90
31 139
31 152
31 154
31 157
31 177
31 187
31 201
31 214
31 229
31 230
31 240
31 241
31 247
31 259
31 270
31 274
31 285
31 292
32 36
32 80
32 88
32 91
32 111
32 131
32 162
32 163
32 191
32 194
32 211
32 271
32 275
32 294
32 298
33 36
33 38
33 66
33 67
33 77
33 80
33 93
33 121
33 128
33 137
33 163
33 166
33 191
33 196
33 201
33 215
33 235
33 249
33 250
34 43
34 68
34 82
34 91
34 104
34 106
34 110
34 138
34 152
34 159
34 165
34 188
34 202
34 241
34 246
34 247
34 259
34 268
35 36
35 44
35 52
35 56
35 66
35 72
35 78
35 81
35 87
35 89
35 92
35 95
35 100
35 115
35 119
35 122
35 124
35 128
35 138
35 150
35 178
35 181
35 199
35 216
35 217
35 230
35 241
35 245
35 264
35 270
35 273
35 274
35 286
36 62
36 66
36 70
36 80
36 98
36 116
36 148
36 166
36 174
36 188
36 192
36 208
36 224
36 243
36 250
36 253
36 265
37 39
37 72
37 74
37 137
37 139
37 151
37 153
37 156
37 163
37 181
37 202
37 216
37 236
37 258
37 260
37 284
37 286
37 295
38 48
38 67
38 80
38 130
38 150
38 159
38 172
38 182
38 214
38 227
38 231
38 242
38 245
38 250
38 258
38 266
38 281
38 282
39 41
39 43
39 59
39 71
39 77
39 87
39 90
39 94
39 95
39 118
39 123
39 129
39 135
39 138
39 174
39 175
39 186
39 190
39 209
39 222
39 224
39 235
39 237
39 241
39 258
39 262
39 270
39 292
39 294
40 49
40 56
40 77
40 89
40 98
40 116
40 133
40 136
40 159
40 186
40 189
40 197
40 212
40 215
40 218
40 229
40 236
40 243
40 253
40 271
41 76
41 77
41 80
41 84
41 112
41 127
41 159
41 195
41 198
41 201
41 230
41 242
42 55
42 66
42 70
42 76
42 80
42 83
42 88
42 90
42 97
42 104
42 121
42 126
42 129
42 153
42 209
42 224
42 235
42 238
42 255
42 260
42 268
42 280
43 55
43 63
43 96
43 104
43 107
43 120
43 136
43 169
43 172
43 206
43 218
43 219
43 224
43 238
43 262
43 269
43 281
43 285
43 288
43 299
44 64
44 77
44 96
44 142
44 157
44 169
44 218
44 255
44 286
44 288
44 295
45 52
45 54
45 63
45 73
45 93
45 110
45 116
45 117
45 157
45 158
45 163
45 193
45 207
45 228
45 263
45 264
45 280
45 292
45 295
46 53
46 64
46 66
46 68
46 81
46 83
46 109
46 112
46 131
46 132
46 139
46 146
46 151
46 190
46 193
46 194
46 197
46 204
46 226
46 243
46 245
46 246
46 252
46 261
46 263
46 268
46 285
46 287
46 290
46 294
47 72
47 73
47 97
47 102
47 138
47 160
47 187
47 200
47 206
47 210
47 245
47 289
48 56
48 60
48 71
48 82
48 90
48 96
48 119
48 147
48 162
48 188
48 198
48 200
48 233
48 237
48 244
48 264
48 266
48 279
49 56
49 82
49 104
49 127
49 152
49 169
49 174
49 235
49 256
49 281
50 55
50 57
50 64
50 79
50 80
50 109
50 133
50 142
50 146
50 174
50 176
50 181
50 185
50 195
50 215
50 223
50 242
50 243
50 267
50 273
50 276
50 278
50 288
50 292
51 58
51 62
51 76
51 104
51 115
51 145
51 167
51 179
51 183
51 195
51 206
51 208
51 211
51 213
51 216
51 244
51 250
51 256
51 280
51 285
51 286
51 287
52 59
52 82
52 84
52 87
52 97
52 105
52 111
52 123
52 127
52 136
52 148
52 151
52 197
52 204
52 214
52 228
52 229
52 252
52 254
52 269
52 283
52 291
53 63
53 87
53 91
53 138
53 162
53 167
53 181
53 182
53 219
53 228
53 256
53 296
54 55
54 76
54 96
54 104
54 132
54 144
54 170
54 171
54 175
54 178
54 199
54 202
54 259
54 262
54 263
54 298
55 72
55 79
55 82
55 91
55 98
55 99
55 107
55 112
55 130
55 146
55 158
55 171
55 176
55 200
55 214
55 224
55 231
55 236
55 245
55 271
55 275
55 283
55 285
56 74
56 84
56 97
56 112
56 113
56 125
56 136
56 140
56 142
56 148
56 151
56 164
56 166
56 170
56 184
56 204
56 207
56 218
56 228
56 232
56 242
56 270
56 277
56 279
57 68
57 101
57 111
57 120
57 152
57 153
57 155
57 162
57 164
57 175
57 196
57 198
57 203
57 209
57 213
57 221
57 224
57 246
57 254
57 268
58 59
58 71
58 101
58 108
58 111
58 116
58 137
58 138
58 158
58 169
58 183
58 199
58 200
58 202
58 216
58 220
58 229
58 230
58 238
58 269
58 294
59 66
59 78
59 89
59 117
59 122
59 124
59 130
59 134
59 140
59 144
59 147
59 149
59 150
59 154
59 156
59 168
59 172
59 174
59 192
59 193
59 203
59 207
59 214
59 240
59 252
59 268
59 270
60 61
60 67
60 72
60 95
60 107
60 108
60 150
60 164
60 175
60 199
60 206
60 220
60 226
60 236
60 240
60 244
60 247
60 250
60 263
60 280
61 70
61 89
61 105
61 108
61 124
61 127
61 129
61 131
61 149
61 174
61 178
61 190
61 192
61 206
61 208
61 232
61 238
61 246
61 259
61 276
61 283
61 292
62 68
62 82
62 107
62 119
62 133
62 160
62 163
62 170
62 177
62 183
62 194
62 216
62 220
62 222
62 229
62 240
62 281
63 75
63 81
63 84
63 131
63 157
63 161
63 210
63 227
63 236
63 241
63 257
63 273
63 275
63 281
63 286
63 291
63 295
64 73
64 75
64 86
64 102
64 104
64 112
64 113
64 119
64 135
64 140
64 151
64 153
64 180
64 184
64 194
64 197
64 206
64 214
64 217
64 221
64 246
64 269
64 275
64 293
65 67
65 70
65 75
65 82
65 117
65 144
65 179
65 188
65 191
65 209
65 211
65 220
65 222
65 237
65 244
65 265
65 266
65 270
65 275
65 277
65 282
65 293
66 84
66 88
66 98
66 103
66 118
66 122
66 124
66 125
66 140
66 143
66 176
66 177
66 209
66 218
66 223
66 225
66 234
66 245
66 249
66 252
66 264
66 268
66 272
66 286
66 294
66 295
67 71
67 72
67 86
67 107
67 117
67 122
67 127
67 145
67 160
67 163
67 166
67 169
67 183
67 221
67 254
67 270
67 278
67 284
68 78
68 81
68 125
68 138
68 140
68 182
68 184
68 194
68 203
68 208
68 210
68 214
68 238
68 268
68 278
69 108
69 113
69 129
69 130
69 156
69 175
69 211
69 236
69 248
69 266
69 280
70 75
70 77
70 83
70 114
70 116
70 137
70 152
70 153
70 163
70 175
70 196
70 200
70 204
70 211
70 249
70 258
70 259
71 77
71 82
71 86
71 100
71 129
71 136
71 139
71 166
71 178
71 198
71 199
71 208
71 233
71 254
71 267
71 276
71 279
71 292
71 295
72 114
72 168
72 199
72 209
72 210
72 246
72 247
72 251
72 261
72 272
72 287
72 288
72 295
73 74
73 76
73 80
73 107
73 120
73 156
73 157
73 174
73 184
73 185
73 197
73 199
73 202
73 235
73 240
73 262
73 268
73 271
73 280
73 286
73 292
73 296
74 88
74 114
74 135
74 139
74 143
74 145
74 151
74 161
74 162
74 163
74 193
74 206
74 207
74 219
74 221
74 235
74 240
74 244
74 246
74 252
74 274
74 290
75 76
75 78
75 141
75 147
75 154
75 155
75 163
75 167
75 178
75 186
75 211
75 225
75 226
75 239
75 250
75 252
75 264
75 268
75 270
75 277
76 85
76 93
76 94
76 105
76 112
76 118
76 130
76 175
76 185
76 201
76 207
76 210
76 223
76 251
76 280
76 296
76 298
77 79
77 99
77 107
77 130
77 152
77 156
77 159
77 180
77 184
77 187
77 198
77 217
77 236
77 243
77 257
77 265
77 266
77 273
77 280
78 81
78 94
78 100
78 106
78 137
78 142
78 170
78 194
78 198
78 209
78 218
78 249
78 256
78 260
78 277
78 297
78 299
79 97
79 125
79 128
79 131
79 140
79 152
79 156
79 164
79 167
79 177
79 190
79 196
79 209
79 214
79 243
79 266
80 107
80 109
80 152
80 154
80 156
80 160
80 174
80 175
80 194
80 208
80 239
80 271
80 277
81 92
81 97
81 101
81 107
81 127
81 146
81 152
81 156
81 160
81 163
81 207
81 244
81 253
81 282
81 294
81 299
82 93
82 96
82 99
82 103
82 131
82 149
82 150
82 155
82 156
82 173
82 178
82 190
82 227
82 254
82 255
82 260
82 264
82 271
82 281
82 290
83 109
83 127
83 129
83 164
83 171
83 173
83 186
83 192
83 195
83 219
83 251
83 258
83 260
83 280
83 283
83 286
83 293
84 101
84 103
84 112
84 113
84 145
84 181
84 191
84 210
84 214
84 235
84 238
84 239
84 243
84 247
84 254
84 261
84 265
84 266
84 274
84 279
84 286
85 96
85 118
85 204
85 208
85 219
85 233
85 234
85 235
85 253
85 258
85 270
85 274
85 277
85 280
85 283
85 284
85 290
86 104
86 105
86 118
86 124
86 128
86 129
86 134
86 180
86 204
86 222
86 236
86 288
86 293
87 96
87 103
87 112
87 118
87 130
87 138
87 139
87 140
87 156
87 170
87 179
87 195
87 210
87 247
87 251
87 253
87 261
87 272
88 117
88 118
88 124
88 132
88 133
88 141
88 147
88 155
88 180
88 211
88 244
88 247
88 273
88 284
88 292
88 293
88 297
89 90
89 113
89 121
89 127
89 143
89 153
89 181
89 182
89 183
89 184
89 200
89 208
89 216
89 220
89 226
89 230
89 232
89 242
89 243
89 245
89 247
89 262
89 272
89 285
89 286
90 97
90 109
90 116
90 118
90 122
90 127
90 146
90 154
90 155
90 170
90 178
90 208
90 220
90 237
90 241
90 249
90 250
90 257
90 265
90 282
90 287
90 288
90 295
91 92
91 102
91 105
91 109
91 131
91 134
91 147
91 173
91 191
91 262
91 279
91 283
91 286
92 126
92 143
92 177
92 179
92 186
92 188
92 190
92 192
92 200
92 204
92 212
92 237
92 247
92 269
92 271
92 283
93 99
93 110
93 129
93 139
93 147
93 158
93 161
93 163
93 182
93 184
93 212
93 235
93 240
93 242
93 255
93 263
93 269
93 270
93 279
93 285
93 290
94 119
94 189
94 190
94 202
94 215
94 221
94 258
94 277
94 283
94 287
94 297
95 105
95 117
95 166
95 172
95 173
95 193
95 207
95 208
95 224
95 234
95 282
95 287
95 296
96 97
96 104
96 106
96 113
96 123
96 128
96 151
96 160
96 177
96 188
96 204
96 220
96 245
96 255
96 267
96 295
97 112
97 119
97 140
97 146
97 147
97 163
97 182
97 185
97 194
97 200
97 210
97 219
97 221
97 222
97 231
97 245
97 276
97 277
97 290
97 295
98 103
98 119
98 124
98 128
98 138
98 150
98 158
98 162
98 164
98 199
98 201
98 202
98 235
98 237
98 255
98 263
98 271
98 290
99 102
99 104
99 115
99 119
99 123
99 164
99 190
99 199
99 205
99 214
99 237
99 277
99 285
99 298
100 115
100 126
100 141
100 144
100 153
100 155
100 176
100 179
100 187
100 227
100 260
100 270
101 114
101 119
101 132
101 146
101 147
101 177
101 184
101 206
101 217
101 220
101 226
101 231
101 253
101 255
101 261
101 280
102 173
102 183
102 193
102 206
102 208
102 211
102 220
102 268
102 273
102 277
102 278
102 282
102 289
102 298
103 116
103 125
103 150
103 165
103 191
103 193
103 206
103 207
103 222
103 247
103 250
104 105
104 112
104 143
104 148
104 152
104 160
104 166
104 170
104 171
104 174
104 186
104 202
104 214
104 239
104 243
104 245
104 246
104 255
104 259
104 261
104 268
104 291
105 112
105 113
105 131
105 162
105 189
105 190
105 192
105 208
105 223
105 230
105 231
105 233
105 236
105 241
105 242
105 260
105 267
105 277
105 285
105 298
106 112
106 132
106 138
106 190
106 191
106 195
106 220
106 229
106 232
106 236
106 238
106 250
106 262
106 271
106 283
106 286
106 296
107 135
107 147
107 154
107 156
107 166
107 177
107 182
107 187
107 196
107 200
107 201
107 202
107 251
107 257
107 264
107 266
107 276
107 281
107 286
107 288
107 294
108 134
108 139
108 141
108 144
108 148
108 156
108 178
108 189
108 192
108 212
108 239
108 245
108 256
108 258
108 265
108 268
108 274
108 278
108 279
109 116
109 119
109 121
109 127
109 139
109 159
109 166
109 189
109 190
109 191
109 193
109 199
109 206
109 207
109 219
109 221
109 231
109 234
109 236
109 240
109 265
109 271
109 281
109 290
110 127
110 142
110 157
110 158
110 167
110 181
110 182
110 220
110 229
110 234
110 235
110 257
110 277
110 286
110 293
111 113
111 138
111 149
111 153
111 162
111 169
111 188
111 191
111 193
111 194
111 210
111 213
111 216
111 223
111 225
111 240
111 280
111 281
112 116
112 124
112 165
112 169
112 172
112 185
112 191
112 202
112 210
112 226
112 249
112 262
112 279
112 281
112 293
112 298
113 122
113 152
113 171
113 182
113 192
113 196
113 198
113 208
113 211
113 226
113 228
113 248
113 264
113 268
113 289
114 115
114 122
114 138
114 142
114 149
114 157
114 180
114 182
114 185
114 192
114 193
114 205
114 209
114 229
114 231
114 243
114 249
114 259
114 263
114 275
114 283
114 292
115 119
115 130
115 136
115 137
115 142
115 144
115 149
115 150
115 154
115 155
115 162
115 191
115 196
115 198
115 230
115 267
115 287
115 293
116 129
116 140
116 148
116 150
116 154
116 181
116 194
116 202
116 223
116 233
116 240
116 243
116 249
116 250
116 260
116 265
116 266
116 285
116 286
117 154
117 193
117 209
117 238
117 261
117 271
117 275
117 281
117 294
117 297
118 121
118 131
118 145
118 149
118 185
118 195
118 200
118 209
118 211
118 251
118 274
118 282
118 291
118 296
118 299
119 127
119 170
119 180
119 188
119 217
119 235
119 264
120 123
120 140
120 152
120 166
120 189
120 203
120 209
120 217
120 225
120 232
120 250
120 266
120 269
120 272
121 127
121 131
121 138
121 142
121 148
121 149
121 198
121 250
121 253
121 260
121 261
121 277
121 287
121 298
122 153
122 188
122 189
122 217
122 229
122 233
122 240
122 273
122 293
123 142
123 156
123 171
123 194
123 204
123 222
123 227
123 240
123 241
123 268
123 274
123 285
123 291
124 129
124 151
124 186
124 189
124 196
124 210
124 227
124 233
124 238
124 239
124 241
124 255
124 256
124 260
124 268
124 277
124 278
124 295
124 298
125 126
125 166
125 175
125 198
125 218
125 225
125 244
125 278
125 279
125 298
125 299
126 128
126 145
126 148
126 159
126 161
126 168
126 191
126 246
126 250
126 262
126 274
127 129
127 130
127 141
127 148
127 152
127 163
127 171
127 173
127 183
127 187
127 204
127 206
127 215
127 216
127 219
127 222
127 226
127 230
127 245
127 255
127 262
127 282
127 283
127 292
128 130
128 157
128 181
128 212
128 233
128 240
128 250
128 285
129 133
129 149
129 159
129 169
129 171
129 202
129 209
129 215
130 134
130 145
130 188
130 196
130 205
130 206
130 210
130 219
130 222
130 233
130 272
130 276
130 293
130 294
131 136
131 151
131 152
131 167
131 174
131 187
131 204
131 209
131 253
132 160
132 192
132 219
132 225
132 232
132 235
132 236
132 241
132 250
132 251
132 271
132 274
132 288
132 291
133 140
133 145
133 184
133 212
133 229
133 239
134 137
134 139
134 148
134 149
134 153
134 159
134 188
134 191
134 216
134 249
134 258
134 260
134 262
134 271
135 153
135 171
135 174
135 178
135 181
135 211
135 225
135 234
135 235
135 240
135 242
135 256
135 270
135 276
135 279
135 291
135 298
136 159
136 162
136 194
136 199
136 203
136 233
136 247
136 254
136 267
136 268
136 270
136 282
136 287
136 291
137 177
137 183
137 208
137 220
137 224
137 247
137 256
137 259
137 262
137 272
137 273
137 289
138 140
138 144
138 153
138 161
138 166
138 190
138 196
138 215
138 221
138 229
138 231
138 250
138 289
139 148
139 155
139 171
139 184
139 188
139 233
139 278
139 279
140 141
140 142
140 166
140 174
140 181
140 196
140 218
140 219
140 235
140 246
140 254
140 255
140 260
140 261
140 267
140 293
141 144
141 154
141 156
141 160
141 161
141 170
141 177
141 227
141 241
141 254
141 265
141 278
141 294
141 295
142 151
142 155
142 165
142 166
142 168
142 169
142 178
142 190
142 209
142 221
142 222
142 226
142 231
142 235
142 236
142 247
142 264
143 148
143 155
143 170
143 181
143 183
143 194
143 195
143 229
143 264
143 267
143 268
144 167
144 183
144 188
144 203
144 211
144 217
144 220
144 231
144 265
144 279
145 160
145 173
145 176
145 193
145 201
145 205
145 207
145 222
145 226
145 257
145 258
145 269
145 281
145 291
145 293
145 299
146 157
146 158
146 163
146 169
146 170
146 177
146 191
146 199
146 207
146 217
146 250
146 260
146 282
146 295
146 297
147 151
147 198
147 205
147 214
147 235
147 252
147 265
147 273
147 277
148 152
148 170
148 209
148 221
148 231
148 260
148 274
148 279
148 291
149 156
149 160
149 173
149 174
149 180
149 201
149 218
149 220
149 256
149 270
149 281
149 291
150 171
150 179
150 191
150 204
150 210
150 229
150 244
150 267
150 269
150 282
150 292
150 298
151 154
151 158
151 165
151 167
151 193
151 216
151 238
151 283
151 286
152 172
152 175
152 191
152 197
152 200
152 218
152 228
152 231
152 234
152 248
152 249
152 254
152 271
152 272
152 287
152 292
152 294
153 163
153 167
153 171
153 176
153 192
153 198
153 209
153 218
153 226
153 230
153 236
153 242
153 276
153 285
153 293
154 168
154 169
154 182
154 188
154 195
154 209
154 210
154 227
154 235
154 241
154 255
154 259
154 260
154 269
154 281
155 170
155 171
155 176
155 186
155 199
155 219
155 243
155 257
155 265
155 291
155 299
156 162
156 164
156 179
156 190
156 191
156 231
156 268
156 297
157 167
157 174
157 213
157 247
157 260
157 263
157 269
157 270
157 273
157 292
158 164
158 204
158 241
158 242
158 244
158 271
158 283
158 290
159 178
159 186
159 198
159 217
159 225
159 231
159 232
159 249
159 250
159 266
159 270
160 166
160 177
160 182
160 208
160 212
160 226
160 245
160 249
160 255
160 258
160 270
160 273
160 276
160 292
160 295
161 189
161 196
161 210
161 215
161 216
161 217
161 225
161 251
162 166
162 171
162 172
162 174
162 185
162 193
162 215
162 218
162 230
162 232
162 244
162 245
162 261
162 263
162 277
162 297
163 165
163 167
163 188
163 198
163 211
163 265
163 268
163 270
163 273
163 294
163 298
164 167
164 170
164 171
164 173
164 194
164 217
164 245
164 249
164 263
164 264
164 267
164 281
164 282
164 285
165 188
165 193
165 194
165 195
165 204
165 209
165 242
165 245
165 246
165 248
165 255
165 281
166 172
166 212
166 223
166 230
166 250
166 256
166 288
167 170
167 179
167 185
167 193
167 198
167 217
167 244
167 252
167 253
167 261
167 263
167 274
167 284
167 285
168 173
168 178
168 179
168 201
168 217
168 222
168 243
168 262
168 285
168 287
169 171
169 180
169 183
169 193
169 200
169 207
169 229
169 248
169 253
169 254
169 266
169 285
169 294
169 295
170 189
170 191
170 209
170 210
170 222
170 253
170 259
170 260
170 261
170 265
170 281
171 173
171 193
171 194
171 215
171 220
171 233
171 237
171 267
171 277
172 204
172 214
172 229
172 231
172 236
172 238
172 245
172 254
172 259
172 281
173 182
173 197
173 230
173 250
173 262
173 288
173 299
174 175
174 176
174 180
174 212
174 222
174 230
174 262
174 293
174 295
175 186
175 192
175 195
175 227
175 228
175 235
175 236
175 238
175 251
175 256
175 270
175 284
175 287
176 185
176 207
176 212
176 239
176 242
176 249
176 262
176 265
176 271
176 284
176 292
176 296
177 179
177 205
177 206
177 215
177 239
177 246
177 280
177 289
178 183
178 184
178 191
178 210
178 224
178 242
178 289
179 184
179 224
179 271
179 288
179 290
179 295
180 182
180 207
180 211
180 222
180 259
180 261
180 266
180 271
180 276
180 285
181 191
181 201
181 211
181 212
181 217
181 222
181 236
181 250
181 253
181 295
181 297
182 191
182 192
182 218
182 223
182 241
182 273
182 275
183 186
183 209
183 216
183 225
183 231
183 232
183 245
183 260
183 274
183 276
183 282
183 286
184 206
184 207
184 244
184 245
184 246
184 255
184 256
184 258
184 264
184 265
184 269
184 286
184 296
184 298
185 193
185 197
185 201
185 228
185 236
185 240
185 243
185 245
185 264
185 267
185 275
185 286
186 191
186 199
186 222
186 232
186 234
186 268
186 293
186 299
187 188
187 204
187 209
187 232
187 260
187 266
187 273
187 278
187 279
187 293
187 298
188 198
188 201
188 202
188 212
188 217
188 235
188 237
188 245
188 255
188 269
188 297
189 202
189 223
189 271
189 275
189 277
189 288
190 194
190 200
190 201
190 208
190 228
190 240
191 209
191 226
191 236
191 271
191 273
191 275
191 291
192 195
192 204
192 205
192 221
192 227
192 238
192 257
192 258
192 278
192 298
193 202
193 221
193 231
193 236
193 293
193 295
194 195
194 197
194 218
194 225
194 238
194 242
194 250
194 258
194 291
195 207
195 212
195 222
195 226
195 229
195 278
196 199
196 203
196 210
196 214
196 254
196 255
196 266
196 272
196 281
197 203
197 229
197 233
197 237
197 240
197 257
197 272
198 209
198 251
198 271
198 274
198 287
199 208
199 211
199 235
199 242
199 248
199 274
199 286
200 240
200 241
200 258
200 266
200 267
200 287
201 249
201 253
201 255
201 259
201 268
201 283
201 286
201 291
201 292
202 222
202 232
202 233
202 286
202 291
202 298
202 299
203 211
203 238
203 241
203 274
203 282
203 291
203 293
203 294
203 297
204 206
204 216
204 217
204 222
204 224
204 234
204 253
204 267
204 275
204 287
204 288
204 293
204 294
205 252
205 266
205 273
206 211
206 259
206 267
206 282
207 222
207 239
207 249
207 257
207 265
207 287
208 209
208 228
208 231
208 245
208 288
208 292
208 298
209 217
209 234
209 235
209 243
209 246
209 250
209 253
209 254
209 256
209 259
209 261
209 268
209 284
210 233
210 234
210 261
210 263
210 266
210 269
210 272
211 247
211 255
211 263
211 275
211 289
211 293
211 297
212 218
212 284
212 292
213 226
213 228
213 255
213 260
213 266
213 271
213 279
214 227
214 250
214 263
214 271
215 217
215 228
215 242
215 243
215 251
215 255
215 260
215 264
215 268
215 281
216 217
216 219
216 223
216 227
216 297
217 224
217 227
217 238
217 251
217 257
217 270
217 272
217 288
218 256
218 275
218 284
218 288
218 293
218 299
219 221
219 237
219 248
219 253
219 263
219 271
219 276
219 284
219 294
219 297
220 225
220 240
220 241
220 245
220 257
221 232
221 281
222 240
222 245
222 259
222 262
222 265
222 281
222 288
223 225
223 231
223 244
223 264
223 270
223 275
223 277
223 279
223 280
223 282
223 288
224 232
224 244
224 255
225 254
225 269
225 284
225 296
225 298
225 299
226 240
226 241
226 251
226 253
226 276
226 288
226 292
226 297
227 238
227 241
227 245
227 248
227 261
227 269
227 281
227 291
228 232
228 265
228 272
228 279
228 286
229 235
229 240
229 246
229 248
229 269
229 289
230 233
230 245
230 257
230 267
231 245
231 247
231 248
231 282
231 293
232 234
232 236
232 259
232 269
233 249
233 282
233 283
233 291
233 293
234 240
234 245
234 248
234 255
234 268
234 272
234 293
234 297
235 264
235 273
235 279
235 282
235 283
235 284
236 290
236 293
236 297
237 245
237 247
237 254
237 282
237 290
237 296
238 251
238 254
238 255
238 282
238 285
238 290
239 256
239 298
240 283
240 290
240 293
241 251
241 265
241 267
241 278
241 283
241 291
241 294
242 256
242 260
242 277
242 294
242 298
243 253
243 257
243 260
243 270
243 297
244 264
244 288
244 290
245 248
245 254
245 255
245 270
245 273
245 275
245 284
245 291
246 252
246 277
246 291
247 256
247 276
247 291
248 249
248 250
248 256
248 258
248 283
248 296
249 256
249 261
249 287
249 290
250 251
250 269
250 272
250 276
250 280
250 289
250 290
251 258
251 285
251 292
251 294
251 296
252 263
252 264
252 273
252 290
253 256
253 264
253 283
253 297
254 265
254 282
254 284
255 274
255 276
256 260
256 265
256 274
256 275
257 271
257 293
258 277
258 279
258 284
258 288
258 296
258 297
259 267
259 281
259 296
260 261
260 271
261 280
262 291
263 268
263 284
263 295
263 297
264 272
264 280
264 290
265 272
265 290
265 293
265 296
266 268
266 274
267 275
267 295
268 270
268 274
268 285
268 289
269 276
269 279
270 278
270 279
270 291
270 292
271 277
271 278
271 279
271 286
271 294
272 283
273 288
273 297
274 278
274 282
274 284
274 294
275 287
276 279
276 286
276 290
276 299
277 279
277 285
278 286
279 289
280 282
280 298
281 282
281 297
282 292
284 286
284 291
284 299
285 292
285 294
287 288
288 289
290 292
292 294
293 298
293 299
