400 6423 0.8
0 22
0 27
0 33
0 95
0 106
0 110
0 114
0 129
0 152
0 157
0 161
0 189
0 197
0 200
0 212
0 215
0 224
0 230
0 235
0 240
0 254
0 313
0 318
0 335
0 338
0 343
0 353
0 358
0 363
0 378
0 393
0 399
1 12
1 20
1 36
1 62
1 74
1 76
1 85
1 95
1 101
1 104
1 132
1 157
1 175
1 186
1 192
1 198
1 202
1 218
1 222
1 238
1 263
1 270
1 283
1 287
1 325
1 326
1 392
2 22
2 40
2 44
2 63
2 82
2 88
2 93
2 104
2 110
2 111
2 126
2 128
2 151
2 155
2 176
2 184
2 198
2 206
2 208
2 217
2 226
2 231
2 244
2 245
2 250
2 259
2 260
2 292
2 297
2 299
2 307
2 317
2 322
2 333
2 340
2 361
2 365
2 367
2 385
2 393
2 395
3 15
3 32
3 41
3 42
3 70
3 91
3 94
3 97
3 100
3 114
3 133
3 136
3 156
3 166
3 174
3 176
3 177
3 190
3 194
3 214
3 232
3 233
3 312
3 323
3 328
3 329
3 330
3 331
3 336
3 337
3 347
4 7
4 11
4 15
4 21
4 24
4 46
4 66
4 71
4 79
4 83
4 107
4 116
4 136
4 144
4 147
4 155
4 162
4 185
4 198
4 229
4 234
4 239
4 244
4 247
4 266
4 270
4 291
4 296
4 304
4 321
4 352
4 355
4 357
4 361
4 373
4 381
4 388
4 389
4 390
4 393
5 9
5 20
5 26
5 48
5 65
5 70
5 83
5 89
5 100
5 102
5 107
5 110
5 115
5 126
5 153
5 162
5 163
5 184
5 198
5 231
5 263
5 282
5 287
5 307
5 315
5 320
5 324
5 336
5 339
5 354
5 355
5 385
5 392
6 11
6 32
6 57
6 85
6 87
6 92
6 101
6 115
6 154
6 160
6 186
6 188
6 211
6 220
6 223
6 235
6 239
6 246
6 252
6 262
6 269
6 284
6 291
6 296
6 319
6 328
6 329
6 339
6 351
6 373
6 382
6 387
6 398
7 8
7 29
7 36
7 58
7 77
7 80
7 82
7 111
7 154
7 162
7 175
7 198
7 238
7 253
7 255
7 256
7 262
7 264
7 269
7 302
7 307
7 309
7 310
7 325
7 343
7 371
7 387
8 25
8 31
8 50
8 64
8 69
8 75
8 77
8 85
8 110
8 144
8 167
8 169
8 208
8 222
8 227
8 229
8 231
8 233
8 235
8 237
8 243
8 265
8 279
8 300
8 304
8 305
8 317
8 323
8 328
8 339
8 350
8 384
8 390
9 10
9 17
9 35
9 50
9 58
9 66
9 73
9 89
9 105
9 106
9 118
9 122
9 125
9 126
9 129
9 137
9 142
9 144
9 145
9 151
9 161
9 165
9 187
9 190
9 237
9 269
9 271
9 275
9 286
9 305
9 312
9 339
9 346
9 359
9 391
10 29
10 58
10 61
10 64
10 66
10 67
10 68
10 96
10 97
10 101
10 123
10 137
10 146
10 156
10 162
10 179
10 237
10 238
10 254
10 267
10 278
10 279
10 292
10 306
10 314
10 320
10 346
10 358
10 372
10 385
10 389
11 12
11 14
11 25
11 33
11 36
11 48
11 56
11 68
11 157
11 159
11 169
11 171
11 182
11 185
11 187
11 191
11 197
11 214
11 246
11 266
11 271
11 275
11 287
11 291
11 315
11 320
11 330
11 356
11 357
11 371
11 376
11 382
11 383
11 388
11 399
12 16
12 23
12 29
12 40
12 59
12 66
12 70
12 87
12 96
12 111
12 123
12 133
12 144
12 164
12 166
12 177
12 198
12 219
12 255
12 272
12 308
12 327
12 333
12 342
12 353
12 375
12 385
12 398
13 25
13 27
13 32
13 33
13 39
13 48
13 52
13 53
13 61
13 63
13 98
13 101
13 107
13 109
13 123
13 156
13 173
13 197
13 202
13 206
13 223
13 225
13 253
13 255
13 310
13 311
13 328
13 378
14 18
14 21
14 37
14 40
14 43
14 45
14 59
14 64
14 72
14 79
14 110
14 111
14 141
14 152
14 173
14 174
14 198
14 228
14 237
14 244
14 249
14 255
14 256
14 264
14 265
14 266
14 271
14 277
14 305
14 347
14 354
14 358
14 373
14 396
15 47
15 48
15 67
15 74
15 80
15 93
15 95
15 103
15 120
15 123
15 127
15 130
15 140
15 143
15 148
15 163
15 176
15 178
15 194
15 196
15 207
15 241
15 249
15 255
15 273
15 280
15 294
15 299
15 305
15 306
15 309
15 311
15 314
15 316
15 323
15 333
15 343
15 347
15 351
15 356
15 374
15 382
15 386
15 394
15 395
16 24
16 48
16 57
16 59
16 65
16 67
16 68
16 69
16 70
16 74
16 99
16 109
16 118
16 120
16 162
16 167
16 169
16 207
16 228
16 235
16 237
16 255
16 260
16 272
16 277
16 290
16 300
16 325
16 337
16 366
16 374
16 384
16 389
17 47
17 49
17 71
17 81
17 96
17 97
17 104
17 114
17 131
17 136
17 147
17 153
17 183
17 213
17 219
17 236
17 245
17 265
17 274
17 289
17 309
17 372
17 373
18 21
18 24
18 40
18 53
18 54
18 60
18 61
18 65
18 71
18 76
18 80
18 109
18 112
18 126
18 136
18 137
18 143
18 160
18 184
18 187
18 202
18 218
18 236
18 248
18 256
18 265
18 283
18 285
18 298
18 316
18 326
18 333
18 342
18 355
18 360
18 371
18 395
19 26
19 32
19 59
19 76
19 83
19 104
19 111
19 169
19 179
19 191
19 227
19 247
19 294
19 308
19 317
19 321
19 331
19 340
19 342
19 354
19 361
19 367
19 394
20 39
20 56
20 58
20 67
20 79
20 112
20 136
20 141
20 155
20 164
20 166
20 178
20 188
20 202
20 204
20 205
20 211
20 228
20 251
20 268
20 338
20 339
20 378
20 379
20 399
21 32
21 91
21 95
21 109
21 115
21 124
21 169
21 173
21 205
21 225
21 230
21 244
21 247
21 251
21 302
21 310
21 315
21 318
21 333
21 390
22 24
22 26
22 38
22 51
22 56
22 123
22 125
22 127
22 137
22 155
22 176
22 192
22 213
22 222
22 225
22 233
22 241
22 246
22 265
22 273
22 280
22 327
22 362
22 366
22 398
23 30
23 37
23 54
23 58
23 65
23 72
23 75
23 83
23 89
23 101
23 131
23 133
23 140
23 149
23 150
23 165
23 166
23 194
23 199
23 205
23 255
23 272
23 292
23 293
23 304
23 328
23 342
23 384
23 396
24 34
24 53
24 54
24 59
24 61
24 73
24 94
24 101
24 122
24 130
24 142
24 159
24 165
24 189
24 193
24 208
24 217
24 256
24 263
24 285
24 289
24 353
24 380
24 384
24 387
25 26
25 55
25 71
25 72
25 77
25 85
25 89
25 95
25 97
25 102
25 127
25 141
25 150
25 151
25 173
25 201
25 203
25 204
25 226
25 243
25 248
25 265
25 288
25 303
25 311
25 316
25 324
25 339
25 348
25 372
25 383
25 393
26 30
26 40
26 41
26 42
26 62
26 74
26 75
26 92
26 99
26 107
26 110
26 132
26 143
26 158
26 173
26 186
26 216
26 236
26 239
26 260
26 264
26 278
26 287
26 295
26 300
26 320
26 345
26 348
26 352
26 356
26 377
26 386
27 36
27 48
27 60
27 73
27 88
27 105
27 113
27 114
27 115
27 130
27 139
27 188
27 209
27 211
27 237
27 240
27 260
27 267
27 268
27 276
27 288
27 303
27 306
27 308
27 322
27 338
27 340
27 348
28 29
28 43
28 44
28 48
28 60
28 67
28 105
28 112
28 121
28 136
28 137
28 142
28 156
28 159
28 165
28 196
28 203
28 216
28 224
28 253
28 255
28 303
28 308
28 310
28 329
28 336
28 338
28 360
28 363
28 385
28 386
28 392
29 35
29 39
29 94
29 101
29 125
29 126
29 142
29 152
29 171
29 172
29 178
29 181
29 190
29 202
29 214
29 240
29 267
29 294
29 323
29 327
29 328
29 338
29 350
29 355
29 367
29 380
30 31
30 56
30 82
30 93
30 98
30 161
30 165
30 171
30 173
30 183
30 192
30 193
30 227
30 283
30 309
30 312
30 325
30 329
30 336
30 367
30 384
30 394
31 32
31 46
31 75
31 113
31 117
31 129
31 130
31 151
31 155
31 158
31 179
31 186
31 195
31 205
31 238
31 250
31 264
31 279
31 323
31 337
31 351
31 356
31 379
31 387
32 33
32 36
32 52
32 59
32 69
32 97
32 122
32 124
32 128
32 135
32 148
32 150
32 163
32 169
32 180
32 185
32 186
32 188
32 211
32 212
32 221
32 242
32 250
32 255
32 286
32 298
32 336
32 354
32 371
32 383
32 385
33 53
33 65
33 68
33 113
33 119
33 121
33 133
33 136
33 151
33 152
33 169
33 204
33 213
33 217
33 226
33 227
33 251
33 254
33 260
33 266
33 288
33 310
33 315
33 318
33 328
33 331
33 333
33 337
33 346
33 347
33 372
33 378
33 381
33 397
34 38
34 48
34 52
34 54
34 60
34 61
34 67
34 117
34 136
34 145
34 154
34 162
34 178
34 200
34 223
34 225
34 236
34 237
34 251
34 276
34 282
34 285
34 288
34 299
34 304
34 312
34 327
34 332
34 338
34 362
34 366
34 379
34 389
34 397
35 42
35 45
35 66
35 79
35 101
35 118
35 176
35 200
35 209
35 210
35 222
35 225
35 264
35 272
35 274
35 286
35 297
35 315
35 319
35 326
35 347
35 353
35 367
35 392
36 41
36 50
36 56
36 60
36 70
36 100
36 115
36 125
36 129
36 169
36 193
36 212
36 222
36 230
36 231
36 248
36 255
36 279
36 282
36 289
36 300
36 304
36 305
36 309
36 324
36 339
36 344
36 345
36 352
36 354
36 357
36 361
36 368
36 388
36 391
37 41
37 43
37 73
37 98
37 108
37 123
37 136
37 141
37 168
37 175
37 207
37 222
37 224
37 226
37 246
37 247
37 259
37 275
37 287
37 298
37 301
37 333
37 336
37 344
37 368
37 372
37 378
37 398
38 47
38 56
38 84
38 88
38 138
38 150
38 171
38 173
38 178
38 185
38 187
38 188
38 196
38 200
38 231
38 243
38 248
38 264
38 275
38 284
38 285
38 287
38 292
38 302
38 310
38 323
38 336
38 349
38 376
38 378
39 43
39 75
39 101
39 113
39 114
39 138
39 153
39 155
39 156
39 165
39 166
39 189
39 193
39 204
39 207
39 223
39 239
39 246
39 263
39 269
39 277
39 289
39 290
39 296
39 313
39 325
39 335
39 356
39 358
39 364
39 365
39 387
39 395
40 49
40 54
40 63
40 67
40 68
40 76
40 97
40 137
40 143
40 148
40 165
40 173
40 180
40 195
40 202
40 207
40 210
40 221
40 223
40 261
40 297
40 304
40 311
40 318
40 319
40 338
40 340
40 353
40 356
40 387
40 392
41 47
41 62
41 67
41 89
41 94
41 99
41 109
41 126
41 128
41 136
41 138
41 162
41 204
41 212
41 218
41 221
41 222
41 227
41 230
41 232
41 238
41 244
41 248
41 269
41 273
41 278
41 285
41 287
41 288
41 308
41 324
41 349
41 370
41 377
42 73
42 78
42 90
42 103
42 106
42 117
42 132
42 135
42 143
42 178
42 188
42 206
42 208
42 210
42 230
42 232
42 234
42 236
42 282
42 298
42 321
42 347
42 388
42 389
42 391
43 63
43 66
43 88
43 143
43 147
43 152
43 162
43 169
43 181
43 197
43 206
43 215
43 221
43 252
43 256
43 260
43 285
43 288
43 299
43 306
43 315
43 332
43 355
43 369
43 375
43 379
43 389
43 393
44 47
44 51
44 61
44 64
44 68
44 99
44 108
44 109
44 110
44 137
44 147
44 159
44 160
44 166
44 205
44 226
44 228
44 231
44 241
44 247
44 256
44 271
44 283
44 300
44 314
44 318
44 320
44 327
44 329
44 330
44 338
44 339
44 343
44 345
44 346
44 384
44 398
45 50
45 59
45 60
45 69
45 95
45 109
45 127
45 131
45 132
45 149
45 169
45 176
45 182
45 187
45 189
45 194
45 212
45 220
45 232
45 235
45 242
45 247
45 248
45 253
45 259
45 302
45 318
45 342
45 346
45 349
45 353
45 363
45 381
45 395
46 49
46 56
46 73
46 87
46 96
46 99
46 107
46 121
46 130
46 151
46 169
46 181
46 192
46 212
46 223
46 272
46 277
46 283
46 285
46 294
46 308
46 312
46 332
46 342
46 351
46 360
46 368
46 395
47 49
47 60
47 94
47 97
47 98
47 123
47 157
47 170
47 206
47 227
47 244
47 245
47 268
47 294
47 323
47 349
47 362
47 379
47 384
48 51
48 64
48 66
48 85
48 93
48 99
48 111
48 128
48 169
48 237
48 248
48 251
48 264
48 265
48 268
48 272
48 274
48 282
48 286
48 298
48 314
48 356
48 367
48 371
48 375
48 397
49 56
49 59
49 62
49 68
49 77
49 84
49 114
49 130
49 134
49 137
49 139
49 143
49 144
49 146
49 151
49 161
49 206
49 207
49 225
49 289
49 353
49 363
49 377
49 384
49 393
50 65
50 69
50 74
50 81
50 83
50 113
50 118
50 119
50 121
50 134
50 143
50 149
50 178
50 199
50 202
50 215
50 216
50 219
50 223
50 226
50 229
50 233
50 243
50 249
50 252
50 259
50 267
50 270
50 271
50 274
50 277
50 302
50 305
50 310
50 313
50 316
50 351
50 355
50 374
50 385
50 392
51 53
51 88
51 97
51 101
51 103
51 112
51 115
51 119
51 148
51 167
51 180
51 208
51 234
51 251
51 281
51 291
51 292
51 297
51 306
51 315
51 317
51 324
51 330
51 366
51 381
51 394
51 395
51 398
52 60
52 65
52 90
52 91
52 94
52 106
52 120
52 132
52 157
52 164
52 174
52 196
52 205
52 211
52 213
52 234
52 265
52 314
52 318
52 322
52 323
52 324
52 332
52 350
52 353
52 355
52 357
52 364
53 60
53 88
53 89
53 103
53 160
53 169
53 172
53 196
53 198
53 202
53 209
53 210
53 219
53 235
53 251
53 253
53 264
53 265
53 266
53 272
53 275
53 278
53 292
53 293
53 296
53 318
53 333
53 362
53 368
53 396
54 69
54 74
54 144
54 178
54 180
54 230
54 242
54 252
54 253
54 254
54 259
54 276
54 288
54 307
54 333
54 336
54 343
54 344
54 347
54 348
54 356
54 370
54 374
54 385
54 387
54 389
54 391
55 64
55 68
55 70
55 74
55 147
55 149
55 155
55 159
55 176
55 197
55 208
55 211
55 213
55 217
55 218
55 234
55 270
55 273
55 281
55 293
55 295
55 301
55 310
55 322
55 325
55 343
56 59
56 80
56 94
56 97
56 98
56 113
56 115
56 123
56 153
56 196
56 205
56 223
56 251
56 253
56 259
56 266
56 273
56 282
56 286
56 308
56 336
56 337
56 353
56 358
56 360
56 371
56 383
56 384
56 386
57 58
57 59
57 64
57 70
57 85
57 86
57 91
57 122
57 125
57 175
57 184
57 189
57 193
57 197
57 200
57 222
57 245
57 249
57 251
57 268
57 275
57 288
57 300
57 302
57 306
57 312
57 325
57 329
57 335
57 339
57 348
57 372
57 381
57 390
57 395
58 85
58 114
58 119
58 156
58 169
58 189
58 203
58 226
58 243
58 246
58 252
58 253
58 292
58 293
58 310
58 322
58 326
58 335
58 336
58 357
58 365
58 385
58 389
59 62
59 77
59 80
59 90
59 115
59 116
59 119
59 120
59 133
59 141
59 162
59 166
59 171
59 173
59 188
59 200
59 222
59 225
59 266
59 279
59 306
59 334
59 340
59 357
59 358
59 367
59 371
60 61
60 84
60 96
60 111
60 131
60 147
60 165
60 213
60 215
60 222
60 240
60 251
60 261
60 268
60 273
60 279
60 289
60 292
60 294
60 301
60 302
60 320
60 332
60 333
60 338
60 344
60 357
60 367
61 84
61 98
61 123
61 128
61 135
61 142
61 161
61 163
61 164
61 166
61 192
61 194
61 195
61 199
61 201
61 210
61 214
61 246
61 250
61 255
61 256
61 282
61 298
61 307
61 309
61 314
61 331
61 346
61 350
61 366
61 374
61 375
61 390
61 399
62 112
62 131
62 132
62 139
62 142
62 146
62 151
62 160
62 183
62 206
62 217
62 242
62 254
62 271
62 281
62 285
62 287
62 302
62 314
62 340
62 369
62 376
62 380
62 391
63 65
63 67
63 74
63 75
63 148
63 150
63 163
63 164
63 172
63 193
63 207
63 223
63 242
63 255
63 285
63 318
63 374
63 395
63 396
63 398
63 399
64 73
64 74
64 80
64 84
64 100
64 112
64 113
64 148
64 161
64 181
64 211
64 212
64 249
64 268
64 290
64 302
64 307
64 309
64 316
64 348
64 350
64 396
65 76
65 79
65 125
65 134
65 135
65 150
65 175
65 191
65 211
65 217
65 245
65 249
65 262
65 273
65 280
65 291
65 298
65 308
65 345
65 358
65 367
65 395
66 71
66 87
66 91
66 103
66 120
66 127
66 148
66 154
66 162
66 164
66 166
66 172
66 190
66 201
66 240
66 244
66 248
66 252
66 258
66 263
66 292
66 304
66 336
66 352
66 354
66 359
66 368
66 371
66 373
66 398
67 87
67 91
67 99
67 106
67 107
67 113
67 116
67 118
67 154
67 160
67 168
67 187
67 216
67 241
67 244
67 247
67 268
67 278
67 300
67 301
67 314
67 338
67 339
67 342
67 354
67 365
67 375
67 376
67 380
67 389
68 77
68 106
68 125
68 145
68 171
68 172
68 199
68 210
68 216
68 226
68 277
68 287
68 288
68 290
68 291
68 293
68 304
68 321
68 323
68 326
68 350
68 351
68 354
68 356
68 362
69 100
69 101
69 106
69 120
69 132
69 163
69 173
69 174
69 197
69 208
69 250
69 262
69 280
69 285
69 286
69 298
69 309
69 327
69 352
69 357
69 366
69 369
69 396
70 71
70 72
70 77
70 81
70 95
70 111
70 113
70 116
70 119
70 130
70 155
70 214
70 224
70 253
70 266
70 268
70 275
70 288
70 305
70 309
70 329
70 359
70 373
70 389
71 112
71 114
71 125
71 149
71 161
71 162
71 168
71 187
71 241
71 264
71 280
71 288
71 297
71 298
71 360
71 367
71 377
71 384
71 386
71 392
71 393
71 396
72 80
72 101
72 124
72 135
72 146
72 156
72 165
72 190
72 196
72 212
72 252
72 276
72 302
72 306
72 319
72 337
72 350
72 372
72 376
72 378
72 380
73 79
73 86
73 91
73 114
73 122
73 131
73 136
73 160
73 170
73 174
73 196
73 219
73 225
73 229
73 232
73 240
73 250
73 260
73 261
73 263
73 298
73 299
73 334
73 342
73 391
74 83
74 94
74 102
74 116
74 118
74 144
74 145
74 170
74 185
74 187
74 193
74 195
74 212
74 226
74 237
74 238
74 239
74 251
74 257
74 263
74 269
74 301
74 302
74 327
74 355
74 364
74 369
74 373
74 391
74 397
75 80
75 134
75 160
75 166
75 170
75 188
75 255
75 266
75 271
75 299
75 302
75 327
75 357
75 375
75 393
76 83
76 105
76 110
76 112
76 114
76 119
76 143
76 149
76 150
76 156
76 173
76 177
76 183
76 197
76 222
76 223
76 228
76 237
76 243
76 300
76 323
76 334
76 380
76 389
76 391
76 393
76 396
77 85
77 91
77 95
77 104
77 108
77 129
77 139
77 144
77 149
77 197
77 198
77 209
77 284
77 308
77 309
77 355
77 395
78 115
78 126
78 132
78 137
78 138
78 140
78 143
78 151
78 163
78 164
78 172
78 189
78 191
78 200
78 212
78 219
78 228
78 249
78 251
78 302
78 321
78 328
78 344
78 362
78 369
78 371
78 374
78 388
78 395
78 396
78 397
79 94
79 111
79 113
79 132
79 133
79 158
79 163
79 174
79 178
79 189
79 191
79 194
79 206
79 212
79 224
79 250
79 260
79 280
79 284
79 286
79 287
79 290
79 310
79 311
79 315
79 326
79 382
79 394
80 88
80 105
80 109
80 119
80 138
80 152
80 157
80 182
80 199
80 255
80 267
80 287
80 290
80 294
80 320
80 331
80 335
80 336
80 347
80 350
80 379
80 381
80 383
80 389
80 395
81 111
81 122
81 131
81 132
81 135
81 150
81 158
81 179
81 200
81 204
81 212
81 215
81 218
81 225
81 240
81 248
81 251
81 276
81 284
81 306
81 335
81 337
81 343
81 354
81 390
82 93
82 112
82 136
82 141
82 148
82 151
82 152
82 155
82 164
82 172
82 175
82 182
82 189
82 191
82 193
82 208
82 215
82 223
82 226
82 230
82 248
82 269
82 271
82 278
82 279
82 284
82 300
82 322
82 333
82 358
82 367
82 376
83 84
83 93
83 94
83 107
83 111
83 128
83 141
83 145
83 149
83 186
83 194
83 212
83 269
83 271
83 302
83 314
83 327
83 360
83 367
83 379
83 382
84 96
84 100
84 107
84 120
84 145
84 149
84 151
84 161
84 191
84 195
84 204
84 210
84 211
84 221
84 238
84 272
84 275
84 286
84 292
84 294
84 301
84 313
84 397
85 102
85 109
85 120
85 124
85 126
85 131
85 142
85 146
85 153
85 208
85 211
85 230
85 235
85 238
85 240
85 241
85 265
85 284
85 296
85 298
85 312
85 314
85 336
85 337
85 339
85 359
85 363
85 371
86 96
86 102
86 116
86 141
86 172
86 178
86 204
86 253
86 263
86 270
86 275
86 303
86 330
86 355
86 366
86 378
87 93
87 94
87 95
87 117
87 123
87 135
87 141
87 142
87 157
87 163
87 165
87 189
87 223
87 244
87 254
87 257
87 261
87 269
87 272
87 291
87 304
87 312
87 315
87 342
87 343
87 346
87 352
87 369
87 391
88 92
88 108
88 119
88 148
88 183
88 211
88 217
88 218
88 224
88 234
88 241
88 246
88 248
88 255
88 263
88 267
88 268
88 278
88 301
88 302
88 314
88 316
88 319
88 338
88 367
88 375
88 383
88 399
89 103
89 106
89 114
89 129
89 134
89 136
89 140
89 143
89 166
89 213
89 214
89 223
89 228
89 237
89 245
89 253
89 254
89 279
89 298
89 300
89 320
89 325
89 329
89 332
89 334
89 372
89 393
90 94
90 100
90 107
90 120
90 148
90 151
90 152
90 163
90 178
90 199
90 202
90 207
90 215
90 220
90 226
90 231
90 232
90 263
90 280
90 291
90 303
90 313
90 315
90 344
90 365
90 372
90 373
90 397
91 106
91 112
91 129
91 140
91 158
91 175
91 187
91 215
91 232
91 239
91 242
91 248
91 273
91 300
91 305
91 324
91 335
91 336
91 348
91 376
92 96
92 100
92 116
92 117
92 129
92 135
92 139
92 153
92 162
92 183
92 193
92 225
92 235
92 265
92 272
92 278
92 284
92 285
92 295
92 297
92 298
92 311
92 317
92 331
92 368
92 388
92 399
93 105
93 130
93 131
93 151
93 181
93 186
93 258
93 265
93 271
93 272
93 282
93 284
93 288
93 289
93 293
93 299
93 307
93 320
93 333
93 345
93 346
93 351
93 361
93 383
93 388
93 391
93 395
94 118
94 137
94 138
94 156
94 160
94 178
94 201
94 207
94 208
94 222
94 235
94 274
94 287
94 291
94 304
94 327
94 346
94 351
94 365
94 374
94 383
94 386
95 114
95 115
95 133
95 144
95 149
95 151
95 155
95 162
95 165
95 195
95 216
95 223
95 224
95 242
95 285
95 289
95 296
95 304
95 339
95 344
95 347
95 351
95 356
96 158
96 165
96 193
96 201
96 207
96 221
96 224
96 272
96 278
96 280
96 294
96 326
96 333
96 347
96 349
96 358
96 359
96 379
96 393
96 399
97 104
97 118
97 131
97 154
97 157
97 162
97 182
97 184
97 190
97 223
97 248
97 252
97 263
97 267
97 285
97 298
97 301
97 307
97 308
97 314
97 326
97 335
97 344
97 347
97 385
98 110
98 129
98 146
98 151
98 153
98 158
98 183
98 193
98 222
98 224
98 244
98 248
98 293
98 314
98 316
98 329
98 366
98 387
99 129
99 178
99 200
99 218
99 227
99 233
99 256
99 262
99 265
99 275
99 285
99 291
99 312
99 317
99 330
99 380
99 398
100 132
100 133
100 134
100 140
100 150
100 154
100 160
100 179
100 180
100 183
100 189
100 199
100 210
100 217
100 232
100 238
100 251
100 256
100 275
100 278
100 279
100 293
100 299
100 310
100 320
100 346
100 361
100 396
101 116
101 121
101 122
101 128
101 129
101 158
101 162
101 163
101 172
101 179
101 180
101 186
101 240
101 276
101 290
101 305
101 322
101 330
101 357
101 362
101 366
101 382
101 385
102 106
102 162
102 178
102 189
102 210
102 227
102 247
102 250
102 258
102 260
102 262
102 263
102 265
102 275
102 312
102 314
102 326
102 336
102 342
102 353
102 361
102 367
102 369
102 374
102 391
103 130
103 163
103 167
103 170
103 176
103 201
103 207
103 212
103 234
103 239
103 242
103 243
103 264
103 266
103 273
103 294
103 315
103 327
103 343
103 347
103 353
103 367
103 374
103 383
104 108
104 111
104 117
104 118
104 125
104 130
104 141
104 146
104 147
104 155
104 184
104 186
104 195
104 196
104 206
104 224
104 229
104 241
104 254
104 269
104 285
104 292
104 306
104 376
105 108
105 128
105 139
105 154
105 165
105 185
105 251
105 264
105 267
105 288
105 293
105 303
105 305
105 324
105 351
105 353
105 362
105 365
105 385
105 390
105 394
105 395
105 399
106 110
106 112
106 114
106 121
106 138
106 146
106 151
106 169
106 191
106 193
106 194
106 204
106 208
106 213
106 214
106 218
106 219
106 239
106 280
106 306
106 348
107 148
107 179
107 227
107 237
107 277
107 284
107 286
107 373
108 110
108 131
108 142
108 143
108 147
108 153
108 168
108 199
108 205
108 215
108 240
108 242
108 248
108 252
108 264
108 297
108 306
108 311
108 313
108 318
108 322
108 330
108 341
108 371
109 125
109 128
109 129
109 130
109 132
109 162
109 171
109 182
109 223
109 224
109 229
109 230
109 248
109 254
109 278
109 280
109 282
109 311
109 314
109 323
109 359
109 371
109 375
109 386
109 390
110 125
110 154
110 186
110 195
110 199
110 205
110 225
110 233
110 236
110 246
110 250
110 263
110 271
110 297
110 321
110 344
110 352
110 373
111 112
111 149
111 154
111 163
111 167
111 173
111 180
111 183
111 210
111 228
111 232
111 234
111 238
111 272
111 273
111 317
111 349
111 352
111 368
111 371
112 133
112 144
112 145
112 155
112 163
112 187
112 192
112 202
112 205
112 216
112 219
112 220
112 241
112 267
112 277
112 280
112 292
112 293
112 323
112 332
112 350
112 371
112 390
113 118
113 131
113 133
113 147
113 173
113 174
113 176
113 178
113 210
113 214
113 230
113 245
113 261
113 263
113 267
113 275
113 276
113 322
113 323
113 346
113 354
113 361
113 363
113 377
113 380
113 392
113 399
114 157
114 161
114 185
114 199
114 234
114 263
114 274
114 278
114 279
114 283
114 290
114 301
114 317
114 321
114 330
114 341
114 352
114 364
114 370
114 385
115 120
115 130
115 139
115 144
115 145
115 170
115 179
115 196
115 206
115 212
115 221
115 234
115 237
115 238
115 251
115 297
115 311
115 352
115 354
115 363
115 382
115 385
116 139
116 142
116 154
116 213
116 218
116 219
116 266
116 279
116 291
116 301
116 315
116 320
116 331
116 339
116 345
116 358
116 393
117 120
117 126
117 127
117 146
117 150
117 152
117 157
117 172
117 206
117 232
117 248
117 255
117 276
117 292
117 319
117 324
117 343
117 345
117 354
118 120
118 126
118 130
118 136
118 138
118 142
118 176
118 179
118 197
118 207
118 213
118 224
118 246
118 253
118 259
118 267
118 283
118 285
118 293
118 298
118 308
118 331
118 349
118 362
118 365
118 377
118 392
119 142
119 156
119 158
119 220
119 228
119 264
119 277
119 283
119 305
119 314
119 335
119 344
119 353
119 370
120 123
120 140
120 157
120 159
120 166
120 194
120 219
120 244
120 259
120 262
120 269
120 271
120 274
120 280
120 283
120 287
120 305
120 308
120 313
120 327
120 331
120 334
120 337
120 346
120 369
120 373
120 375
120 397
121 134
121 150
121 161
121 170
121 179
121 197
121 213
121 218
121 234
121 257
121 259
121 267
121 280
121 286
121 312
121 337
121 365
121 369
121 381
121 392
121 398
122 125
122 131
122 133
122 139
122 158
122 161
122 190
122 199
122 227
122 232
122 245
122 255
122 257
122 259
122 265
122 297
122 313
122 315
122 341
122 350
122 355
122 374
122 377
122 381
123 147
123 162
123 164
123 167
123 184
123 204
123 214
123 225
123 228
123 277
123 290
123 300
123 305
123 341
123 367
123 383
123 397
123 399
124 128
124 134
124 154
124 157
124 170
124 176
124 183
124 242
124 268
124 322
124 343
124 364
124 366
124 367
124 372
124 383
124 398
125 134
125 137
125 138
125 139
125 141
125 147
125 149
125 152
125 164
125 170
125 218
125 226
125 242
125 254
125 259
125 304
125 312
125 320
125 322
125 332
125 341
125 349
125 364
125 389
126 129
126 146
126 151
126 153
126 156
126 157
126 172
126 191
126 192
126 196
126 224
126 234
126 239
126 247
126 259
126 263
126 270
126 271
126 274
126 281
126 304
126 310
126 312
126 317
126 324
126 325
126 338
126 362
126 390
127 132
127 138
127 158
127 161
127 171
127 187
127 188
127 204
127 215
127 227
127 260
127 293
127 321
127 334
127 354
127 358
127 363
127 372
127 376
128 135
128 145
128 171
128 176
128 179
128 181
128 201
128 210
128 211
128 216
128 221
128 226
128 248
128 264
128 267
128 283
128 297
128 322
128 340
128 354
128 367
128 382
129 160
129 167
129 191
129 196
129 206
129 207
129 210
129 220
129 223
129 225
129 230
129 236
129 240
129 274
129 275
129 279
129 285
129 290
129 305
129 314
129 325
129 327
129 355
129 360
129 385
130 140
130 145
130 146
130 153
130 162
130 172
130 187
130 196
130 201
130 217
130 230
130 242
130 244
130 248
130 254
130 258
130 261
130 266
130 283
130 293
130 296
130 317
130 333
130 334
130 339
130 346
130 360
130 380
130 383
130 391
131 135
131 161
131 162
131 176
131 192
131 195
131 197
131 208
131 225
131 244
131 293
131 308
131 315
131 319
131 325
131 327
131 345
131 351
131 359
131 365
131 384
131 386
131 395
132 143
132 148
132 161
132 165
132 172
132 188
132 191
132 199
132 202
132 216
132 239
132 263
132 268
132 278
132 289
132 293
132 296
132 306
132 308
132 311
132 329
132 342
132 350
132 353
132 374
132 381
132 383
133 144
133 151
133 176
133 177
133 206
133 211
133 254
133 257
133 277
133 288
133 344
133 357
133 385
133 391
133 394
133 399
134 136
134 150
134 161
134 165
134 170
134 208
134 219
134 222
134 227
134 235
134 241
134 255
134 272
134 273
134 279
134 295
134 301
134 325
134 330
134 331
134 335
134 359
134 370
134 389
134 394
135 139
135 150
135 178
135 226
135 251
135 253
135 254
135 266
135 285
135 334
135 344
135 347
135 395
136 153
136 171
136 209
136 212
136 213
136 218
136 228
136 237
136 242
136 258
136 288
136 289
136 314
136 320
136 322
136 327
136 333
136 395
137 157
137 190
137 198
137 214
137 226
137 229
137 242
137 246
137 257
137 268
137 275
137 280
137 295
137 309
137 317
137 319
137 327
137 330
137 342
137 360
137 363
137 377
137 378
137 385
137 390
137 394
137 399
138 143
138 166
138 173
138 181
138 187
138 196
138 205
138 238
138 254
138 281
138 289
138 307
138 310
138 341
138 354
138 368
138 391
138 397
139 153
139 157
139 160
139 166
139 169
139 204
139 226
139 241
139 245
139 248
139 251
139 349
139 371
139 376
139 396
140 142
140 144
140 161
140 162
140 175
140 193
140 204
140 209
140 223
140 239
140 264
140 266
140 269
140 310
140 316
140 318
140 326
140 328
140 333
140 334
140 347
140 355
140 372
140 378
140 396
141 167
141 174
141 187
141 194
141 212
141 218
141 224
141 226
141 235
141 239
141 254
141 257
141 263
141 264
141 274
141 293
141 295
141 300
141 382
141 386
141 392
141 394
141 397
142 152
142 160
142 161
142 167
142 169
142 172
142 181
142 191
142 197
142 201
142 210
142 215
142 225
142 250
142 264
142 282
142 287
142 296
142 316
142 317
142 329
142 347
142 389
142 391
143 144
143 145
143 158
143 176
143 182
143 192
143 219
143 235
143 239
143 245
143 259
143 283
143 290
143 297
143 312
143 344
143 354
143 366
143 390
144 161
144 163
144 171
144 172
144 174
144 187
144 194
144 201
144 212
144 235
144 243
144 255
144 266
144 278
144 284
144 291
144 297
144 300
144 305
144 317
144 321
144 331
144 339
144 340
144 341
144 346
144 352
144 390
144 398
145 160
145 182
145 203
145 216
145 227
145 228
145 249
145 266
145 268
145 270
145 274
145 280
145 282
145 304
145 314
145 325
145 328
145 345
145 352
145 355
145 356
145 374
145 377
145 381
145 398
146 151
146 154
146 179
146 192
146 194
146 198
146 209
146 213
146 218
146 232
146 234
146 239
146 241
146 242
146 265
146 294
146 303
146 304
146 318
146 330
146 337
146 349
146 355
146 356
146 368
146 374
147 162
147 168
147 195
147 203
147 249
147 250
147 274
147 292
147 307
147 318
147 353
147 377
147 380
147 388
147 390
147 397
148 153
148 165
148 166
148 167
148 179
148 210
148 211
148 218
148 241
148 265
148 272
148 309
148 345
148 360
148 387
149 154
149 179
149 198
149 210
149 212
149 223
149 229
149 246
149 247
149 255
149 265
149 298
149 301
149 326
149 346
149 354
149 382
149 395
150 191
150 216
150 228
150 232
150 246
150 249
150 302
150 308
150 318
150 329
150 334
150 371
150 375
150 381
150 385
150 392
150 396
151 156
151 175
151 184
151 209
151 212
151 233
151 258
151 259
151 268
151 274
151 283
151 284
151 294
151 301
151 332
151 341
151 349
151 352
151 353
151 366
151 373
151 375
151 394
152 172
152 184
152 203
152 205
152 211
152 214
152 230
152 244
152 252
152 266
152 278
152 281
152 317
152 331
152 341
152 346
152 359
152 360
152 383
152 384
152 385
152 391
153 161
153 169
153 217
153 220
153 222
153 230
153 248
153 251
153 260
153 284
153 310
153 311
153 314
153 329
153 339
153 359
153 369
153 385
154 156
154 186
154 193
154 197
154 207
154 237
154 238
154 270
154 273
154 282
154 289
154 290
154 292
154 296
154 301
154 313
154 362
154 364
154 379
154 395
155 163
155 167
155 168
155 177
155 180
155 230
155 260
155 275
155 355
155 368
156 167
156 182
156 191
156 193
156 201
156 210
156 215
156 237
156 262
156 265
156 268
156 272
156 274
156 280
156 283
156 286
156 301
156 306
156 321
156 336
156 353
156 355
156 361
156 381
157 181
157 205
157 217
157 230
157 231
157 241
157 247
157 276
157 297
157 302
157 322
157 349
157 380
157 384
158 189
158 211
158 219
158 269
158 338
158 358
158 363
158 372
158 373
158 381
159 161
159 178
159 181
159 183
159 198
159 215
159 223
159 231
159 244
159 284
159 298
159 307
159 309
159 331
159 332
159 343
159 344
159 350
159 364
159 384
160 186
160 201
160 203
160 209
160 238
160 281
160 293
160 307
160 324
160 330
160 337
160 340
160 341
160 351
160 387
160 390
160 396
161 167
161 171
161 189
161 197
161 198
161 216
161 228
161 253
161 264
161 266
161 278
161 291
161 292
161 300
161 305
161 306
161 310
161 315
161 320
161 326
161 328
161 330
161 335
161 364
161 377
162 167
162 176
162 184
162 215
162 223
162 243
162 264
162 272
162 275
162 281
162 311
162 312
162 340
162 357
162 380
162 399
163 166
163 182
163 200
163 243
163 262
163 283
163 285
163 297
163 311
163 343
163 344
163 350
163 365
163 384
163 387
163 399
164 168
164 174
164 182
164 190
164 194
164 198
164 215
164 217
164 221
164 248
164 256
164 261
164 269
164 270
164 286
164 298
164 301
164 308
164 309
164 313
164 336
164 339
164 346
164 368
164 374
164 378
164 383
164 384
165 166
165 206
165 211
165 220
165 261
165 266
165 280
165 283
165 288
165 290
165 319
165 336
165 337
165 365
165 393
166 169
166 171
166 172
166 175
166 181
166 185
166 202
166 203
166 207
166 232
166 248
166 256
166 274
166 285
166 288
166 300
166 302
166 303
166 308
166 320
166 322
166 360
166 386
166 387
166 388
166 390
166 396
167 181
167 184
167 207
167 218
167 226
167 227
167 239
167 246
167 253
167 262
167 278
167 279
167 302
167 315
167 327
167 340
167 352
168 179
168 180
168 183
168 194
168 197
168 209
168 216
168 217
168 226
168 244
168 250
168 264
168 266
168 272
168 283
168 335
168 345
168 348
168 349
168 350
168 358
168 376
168 377
168 382
168 388
169 175
169 194
169 196
169 201
169 254
169 256
169 257
169 258
169 267
169 310
169 314
169 319
169 321
169 328
169 332
169 346
169 352
169 360
169 377
169 379
169 381
169 382
169 386
169 388
170 174
170 181
170 186
170 197
170 201
170 217
170 255
170 258
170 266
170 288
170 293
170 300
170 315
170 326
170 331
170 340
170 353
170 364
170 368
170 375
171 178
171 183
171 207
171 209
171 212
171 213
171 220
171 241
171 245
171 246
171 262
171 282
171 284
171 286
171 287
171 288
171 305
171 311
171 312
171 317
171 320
171 324
171 344
171 345
171 349
171 366
171 367
171 368
171 373
171 376
171 381
171 382
171 383
172 186
172 202
172 204
172 219
172 224
172 227
172 234
172 245
172 305
172 311
172 313
172 316
172 328
172 331
172 343
172 352
172 377
172 387
172 388
173 178
173 180
173 184
173 211
173 214
173 225
173 227
173 250
173 283
173 286
173 295
173 296
173 298
173 338
173 349
173 385
174 178
174 256
174 274
174 327
174 332
174 385
174 389
174 394
175 179
175 181
175 192
175 232
175 248
175 249
175 254
175 283
175 294
175 298
175 304
175 318
175 355
175 372
176 178
176 216
176 217
176 238
176 247
176 251
176 279
176 285
176 300
176 302
176 310
176 321
176 363
176 384
176 385
176 395
177 182
177 194
177 197
177 211
177 235
177 273
177 311
177 323
177 331
177 346
177 352
177 364
177 367
177 375
178 186
178 187
178 191
178 199
178 209
178 214
178 215
178 220
178 221
178 234
178 250
178 263
178 269
178 275
178 298
178 320
178 337
178 345
178 355
178 361
178 371
178 385
178 387
178 395
178 396
179 192
179 203
179 221
179 227
179 231
179 232
179 253
179 256
179 263
179 270
179 272
179 279
179 280
179 293
179 321
179 329
179 337
179 344
179 349
179 351
179 358
179 388
179 389
180 186
180 187
180 189
180 196
180 197
180 201
180 202
180 208
180 227
180 254
180 260
180 263
180 276
180 291
180 318
180 334
180 343
180 359
180 372
180 396
181 182
181 215
181 225
181 242
181 244
181 249
181 250
181 252
181 255
181 260
181 268
181 270
181 297
181 301
181 325
181 326
181 328
181 329
181 332
181 357
182 188
182 195
182 201
182 214
182 225
182 241
182 246
182 251
182 273
182 274
182 310
182 316
182 318
182 323
182 332
182 337
182 368
182 371
183 192
183 211
183 228
183 233
183 253
183 260
183 263
183 303
183 313
183 318
183 345
183 369
183 377
183 378
183 380
183 381
183 392
184 218
184 223
184 224
184 228
184 231
184 242
184 262
184 266
184 270
184 271
184 283
184 293
184 315
184 321
184 349
184 357
184 377
184 397
185 211
185 214
185 221
185 227
185 230
185 235
185 236
185 267
185 285
185 293
185 297
185 339
185 342
185 352
185 364
185 374
186 226
186 229
186 232
186 279
186 288
186 299
186 302
186 341
186 345
186 366
186 375
187 212
187 214
187 223
187 229
187 238
187 256
187 272
187 281
187 283
187 297
187 304
187 307
187 331
187 345
187 372
187 382
188 197
188 213
188 215
188 219
188 224
188 248
188 301
188 316
188 323
188 336
188 339
188 341
188 367
188 381
189 205
189 214
189 229
189 244
189 246
189 264
189 267
189 283
189 284
189 298
189 315
189 337
189 340
189 347
189 352
189 374
189 399
190 248
190 250
190 258
190 262
190 273
190 275
190 278
190 286
190 294
190 319
190 325
190 331
190 381
190 390
191 193
191 202
191 208
191 220
191 232
191 275
191 283
191 302
191 312
191 331
191 338
191 347
191 371
191 372
191 376
191 390
191 392
191 394
192 201
192 204
192 264
192 272
192 275
192 294
192 295
192 308
192 313
192 324
192 337
192 375
192 378
192 389
192 391
193 198
193 227
193 234
193 260
193 295
193 299
193 325
193 332
193 354
193 370
193 377
193 386
194 203
194 237
194 242
194 250
194 251
194 266
194 270
194 277
194 321
194 360
194 367
194 376
194 380
194 388
195 201
195 225
195 236
195 249
195 255
195 263
195 267
195 272
195 273
195 280
195 282
195 292
195 307
195 325
195 338
195 340
195 342
195 353
195 386
195 398
196 200
196 217
196 221
196 255
196 279
196 289
196 293
196 295
196 308
196 326
196 363
196 372
196 386
196 395
197 216
197 223
197 227
197 234
197 273
197 274
197 295
197 296
197 304
197 306
197 315
197 319
197 352
197 363
197 368
197 375
197 377
197 385
197 396
198 222
198 237
198 250
198 256
198 260
198 262
198 268
198 274
198 286
198 307
198 324
198 383
198 388
199 205
199 222
199 258
199 267
199 298
199 366
199 367
199 392
200 201
200 203
200 220
200 223
200 239
200 329
200 333
200 336
200 363
200 388
200 399
201 205
201 218
201 227
201 239
201 240
201 244
201 247
201 248
201 275
201 276
201 280
201 300
201 304
201 308
201 316
201 364
201 372
201 374
201 383
201 396
202 215
202 216
202 241
202 249
202 266
202 271
202 273
202 277
202 293
202 318
202 331
202 342
202 345
202 346
202 349
202 355
202 361
202 372
202 384
202 391
203 206
203 228
203 231
203 252
203 290
203 299
203 310
203 319
203 346
203 359
203 373
203 381
203 393
203 394
204 246
204 251
204 272
204 317
204 335
204 340
204 357
204 364
204 368
204 378
205 238
205 245
205 254
205 270
205 277
205 282
205 286
205 290
205 298
205 303
205 307
205 312
205 314
205 315
205 320
205 336
205 342
205 343
205 344
205 345
205 346
205 357
205 376
206 207
206 214
206 220
206 240
206 269
206 272
206 280
206 303
206 307
206 319
206 335
206 336
206 345
206 350
206 356
206 391
207 211
207 213
207 214
207 216
207 235
207 251
207 257
207 274
207 277
207 285
207 309
207 319
207 321
207 322
207 327
207 348
207 351
207 360
207 381
207 392
208 224
208 247
208 276
208 283
208 314
208 315
208 319
208 324
208 327
208 341
208 342
208 360
208 386
208 387
208 396
209 230
209 242
209 274
209 283
209 285
209 302
209 320
209 342
209 361
209 383
209 398
210 213
210 247
210 259
210 262
210 278
210 299
210 305
210 311
210 331
210 334
210 384
210 390
211 213
211 220
211 223
211 227
211 245
211 249
211 252
211 268
211 280
211 282
211 291
211 312
211 315
211 341
211 357
211 360
211 365
211 380
211 387
211 396
212 214
212 219
212 223
212 248
212 258
212 261
212 268
212 272
212 283
212 294
212 299
212 330
212 340
212 344
212 360
212 377
213 227
213 229
213 231
213 235
213 265
213 291
213 303
213 307
213 331
213 340
213 350
213 359
213 367
213 380
213 381
213 382
213 394
214 245
214 247
214 286
214 288
214 334
214 348
214 350
214 364
214 382
214 391
214 396
215 243
215 254
215 256
215 257
215 265
215 284
215 286
215 303
215 304
215 326
215 329
215 337
215 338
215 346
215 348
215 349
215 350
215 359
215 392
216 229
216 238
216 256
216 257
216 262
216 266
216 275
216 296
216 299
216 315
216 335
216 346
216 367
216 368
216 392
216 393
217 219
217 226
217 249
217 254
217 267
217 278
217 306
217 320
217 341
217 383
217 390
217 395
217 397
218 223
218 236
218 240
218 245
218 257
218 263
218 264
218 268
218 279
218 290
218 293
218 294
218 297
218 305
218 306
218 308
218 316
218 318
218 343
218 347
218 367
218 371
218 374
218 386
219 231
219 232
219 252
219 254
219 257
219 258
219 260
219 272
219 277
219 281
219 283
219 284
219 290
219 325
219 326
219 328
219 336
219 343
220 235
220 239
220 244
220 258
220 276
220 290
220 295
220 301
220 302
220 331
220 334
220 342
220 347
220 355
220 370
220 385
220 391
220 393
221 223
221 262
221 269
221 304
221 319
221 323
221 357
221 359
221 375
221 376
221 394
222 228
222 236
222 249
222 257
222 262
222 265
222 266
222 275
222 278
222 291
222 295
222 299
222 329
222 350
222 376
222 385
222 388
222 396
223 231
223 252
223 265
223 281
223 289
223 298
223 311
223 328
223 353
223 356
223 369
223 385
224 229
224 280
224 283
224 287
224 292
224 295
224 308
224 314
224 329
224 349
224 372
224 385
224 394
225 229
225 235
225 250
225 251
225 257
225 269
225 287
225 333
225 341
225 351
225 355
225 359
225 371
225 374
225 391
226 240
226 245
226 246
226 251
226 272
226 276
226 280
226 339
226 354
226 355
226 359
226 364
226 395
226 396
227 257
227 265
227 286
227 318
227 355
227 359
227 371
227 385
228 242
228 244
228 274
228 280
228 290
228 292
228 301
228 304
228 305
228 311
228 319
228 382
228 383
228 396
229 266
229 272
229 290
229 298
229 303
229 310
229 328
229 346
229 369
229 379
229 381
229 387
230 245
230 254
230 257
230 262
230 295
230 308
230 322
230 337
230 342
230 346
230 351
230 367
230 376
230 380
230 381
230 397
231 264
231 290
231 302
231 307
231 322
231 325
231 329
231 336
231 343
231 344
231 345
231 371
231 380
231 393
232 246
232 294
232 297
232 300
232 325
232 335
233 245
233 252
233 262
233 276
233 295
233 307
233 308
233 339
233 357
233 359
233 399
234 275
234 278
234 282
234 341
234 344
234 372
234 393
235 245
235 246
235 257
235 262
235 274
235 278
235 281
235 283
235 298
235 318
235 385
235 389
235 391
236 256
236 260
236 272
236 275
236 295
236 307
236 321
236 334
236 350
236 370
236 380
236 390
236 394
236 395
236 396
237 262
237 283
237 285
237 331
237 342
237 348
237 360
237 370
237 374
237 387
237 398
238 250
238 254
238 257
238 258
238 304
238 336
238 349
238 350
238 366
238 372
238 379
238 387
238 399
239 256
239 258
239 264
239 270
239 282
239 298
239 301
239 312
239 324
239 341
239 342
239 344
239 366
239 378
239 390
240 260
240 269
240 280
240 281
240 312
240 315
240 324
240 337
240 341
240 343
240 356
240 361
240 377
240 390
240 391
240 397
241 250
241 256
241 257
241 258
241 275
241 276
241 301
241 308
241 309
241 319
241 325
241 354
241 368
241 387
241 397
242 245
242 249
242 289
242 320
242 341
242 345
242 346
242 362
242 372
242 373
242 385
243 252
243 257
243 264
243 281
243 289
243 293
243 334
243 356
243 377
243 385
243 391
244 249
244 270
244 289
244 291
244 292
244 298
244 307
244 311
244 326
244 336
244 351
244 359
244 361
244 387
244 390
245 265
245 281
245 286
245 292
245 315
245 321
245 338
245 343
245 381
246 271
246 274
246 276
246 282
246 299
246 311
246 315
246 326
246 330
246 359
246 361
246 376
246 378
246 391
247 279
247 281
247 293
247 296
247 297
247 313
247 315
247 372
248 257
248 272
248 309
248 310
248 314
248 318
248 319
248 321
248 322
248 348
248 350
248 358
248 362
248 393
248 396
249 260
249 269
249 273
249 287
249 290
249 294
249 297
249 299
249 314
249 315
249 350
249 354
249 396
249 398
250 269
250 280
250 301
250 317
250 351
250 354
250 358
250 366
250 375
250 382
251 268
251 274
251 276
251 284
251 294
251 309
251 316
251 347
251 359
251 366
251 396
252 261
252 279
252 295
252 304
252 370
252 375
252 378
252 379
252 381
252 395
252 396
253 261
253 269
253 276
253 278
253 284
253 285
253 293
253 298
253 309
253 314
253 327
253 343
253 346
253 349
253 353
253 359
253 376
253 388
253 399
254 258
254 280
254 298
254 304
254 326
254 349
254 361
254 399
255 274
255 290
255 314
255 315
255 323
255 325
255 330
255 341
255 343
255 356
255 382
255 384
255 387
255 391
255 398
256 257
256 259
256 263
256 269
256 273
256 286
256 288
256 296
256 327
256 334
256 341
256 346
256 362
256 376
256 377
257 288
257 294
257 299
257 306
257 319
257 342
257 343
257 348
257 354
257 362
257 368
257 376
257 378
258 272
258 273
258 283
258 284
258 285
258 294
258 309
258 315
258 320
258 343
258 354
258 355
258 376
258 383
258 390
259 282
259 326
259 331
259 357
259 363
259 366
259 378
259 382
259 383
259 386
260 272
260 277
260 286
260 287
260 302
260 305
260 316
260 322
260 335
260 353
260 358
260 374
260 375
260 377
260 383
260 384
260 387
261 262
261 285
261 292
261 298
261 303
261 315
261 331
261 352
261 355
261 364
261 381
261 396
262 271
262 281
262 285
262 291
262 294
262 304
262 307
262 312
262 347
262 348
262 350
262 368
262 372
263 314
263 333
263 342
263 349
263 374
263 383
263 392
264 270
264 283
264 287
264 292
264 304
264 311
264 326
264 334
264 350
264 362
264 367
264 371
264 374
264 381
264 395
264 396
265 268
265 269
265 278
265 329
265 350
265 354
265 357
265 372
265 379
266 278
266 280
266 284
266 289
266 312
266 313
266 328
266 347
266 354
266 358
266 361
266 364
266 383
267 270
267 287
267 324
267 357
267 361
267 381
268 276
268 301
268 304
268 312
268 315
268 319
268 325
268 336
268 343
268 347
268 349
268 363
269 289
269 365
269 384
270 272
270 305
270 321
270 323
270 338
270 342
270 352
270 363
270 365
270 385
271 278
271 280
271 289
271 292
271 300
271 304
271 307
271 329
271 332
271 335
271 343
271 345
271 352
271 374
271 387
272 276
272 306
272 321
272 352
272 355
272 380
272 392
272 398
273 285
273 286
273 295
273 297
273 309
273 333
273 342
273 350
273 369
274 275
274 302
274 305
274 311
274 313
274 325
274 376
274 395
275 291
275 314
275 335
275 343
275 350
275 354
275 382
275 383
276 283
276 298
276 299
276 301
276 351
276 359
276 360
276 361
276 373
276 374
276 381
276 383
276 385
276 391
277 292
277 293
277 307
277 324
277 339
277 364
277 377
277 394
278 289
278 306
278 318
278 320
278 360
278 362
278 379
278 384
278 388
279 285
279 292
279 295
279 299
279 306
279 310
279 323
279 328
279 338
279 348
279 351
279 357
279 362
279 372
279 376
279 377
280 297
280 304
280 311
280 319
280 320
280 328
280 331
280 341
280 351
280 356
280 378
280 384
281 282
281 289
281 303
281 316
281 317
281 322
281 329
281 332
281 354
281 355
281 368
281 376
281 385
281 399
282 285
282 293
282 301
282 315
282 339
282 349
282 351
282 369
282 390
283 296
283 304
283 307
283 310
283 325
283 333
283 350
283 359
283 360
283 370
283 385
283 387
284 295
284 297
284 306
284 309
284 384
284 399
285 295
285 309
285 312
285 370
285 381
285 393
286 292
286 297
286 304
286 316
286 329
286 388
287 293
287 297
287 299
287 305
287 330
287 341
287 345
287 348
287 357
287 383
287 391
288 302
288 303
288 314
288 324
288 328
288 331
288 340
288 343
288 394
288 397
289 291
289 292
289 317
289 363
289 371
289 378
289 390
290 293
290 296
290 298
290 335
290 339
290 381
290 386
291 304
291 310
291 311
291 313
291 321
291 342
291 343
291 347
291 376
291 384
291 386
291 393
291 398
291 399
292 302
292 332
292 334
292 344
292 348
292 351
292 364
292 373
292 389
292 399
293 294
293 302
293 314
293 328
293 339
293 343
293 356
293 377
293 383
293 399
294 309
294 322
294 355
294 364
294 397
295 309
295 313
295 360
295 368
295 382
295 389
296 305
296 309
296 318
296 342
296 357
296 364
296 365
296 378
296 389
296 393
297 336
297 342
297 356
297 360
297 364
297 369
297 384
298 318
298 341
298 370
298 375
298 382
299 300
299 306
299 325
299 328
299 341
299 344
299 350
299 355
299 363
299 364
299 365
299 371
299 376
299 379
299 393
300 311
300 317
300 322
300 334
300 381
300 393
301 303
301 310
301 316
301 330
301 333
301 351
301 356
301 359
301 362
301 397
302 303
302 310
302 324
302 346
302 348
302 352
302 357
302 363
302 381
302 388
303 306
303 311
303 340
303 344
303 345
303 352
303 372
303 398
304 333
304 339
304 347
304 360
304 369
304 372
304 381
305 307
305 314
305 322
305 326
305 343
305 353
305 362
305 396
306 340
306 349
306 353
306 368
306 370
306 374
306 379
306 385
306 389
306 395
306 397
306 398
307 325
307 353
307 373
307 375
307 377
307 386
307 397
308 330
308 335
308 341
308 347
308 349
308 366
308 374
308 384
308 396
309 328
309 333
309 337
309 338
309 343
309 345
309 356
309 357
309 362
309 370
309 375
309 385
310 330
310 342
310 357
310 368
310 379
310 383
310 390
310 398
311 321
311 333
311 339
311 348
311 353
311 366
311 370
312 316
312 331
312 351
312 363
312 374
312 381
312 393
313 318
313 351
313 354
313 364
313 373
313 382
314 337
314 341
314 352
314 357
314 372
314 392
314 393
315 322
315 324
315 330
315 338
315 345
315 374
315 379
316 325
316 343
316 351
316 360
316 384
316 391
316 392
316 394
316 396
317 348
317 354
317 371
318 344
318 376
318 380
319 321
319 330
319 339
319 382
319 396
319 399
320 322
320 340
320 349
320 352
320 368
320 370
320 390
321 325
321 327
321 330
321 352
321 353
321 377
321 385
321 392
322 332
322 362
322 374
322 377
322 381
322 388
322 397
323 326
323 332
323 336
323 337
323 346
323 350
323 358
323 360
323 363
323 374
323 375
323 387
324 327
324 329
324 333
324 345
324 355
324 364
324 385
325 329
325 346
325 358
325 376
326 336
326 339
326 342
326 380
326 391
326 398
327 331
327 351
327 356
327 367
327 371
328 332
328 335
328 338
328 340
328 346
328 365
328 376
328 377
328 381
329 334
329 336
329 343
329 354
329 361
329 386
329 389
329 393
330 335
330 340
330 362
330 397
331 359
331 365
331 381
332 343
332 351
332 365
332 381
332 397
333 339
333 343
333 347
333 358
333 368
333 374
333 388
333 393
334 336
334 341
334 361
334 364
334 367
335 345
335 346
335 385
336 345
336 355
336 359
336 361
336 394
337 347
337 348
337 351
337 375
337 378
337 385
337 390
337 393
338 339
338 354
338 364
338 379
338 391
338 396
339 346
339 357
339 367
340 353
340 354
340 358
340 380
340 387
340 392
341 345
341 356
341 366
341 380
341 384
341 385
342 368
342 385
342 394
343 352
343 379
344 345
344 352
344 354
344 357
344 367
344 372
344 391
344 395
345 356
345 360
345 361
345 364
345 375
346 348
347 355
347 359
347 363
347 366
347 369
347 373
347 378
347 393
348 349
348 377
348 380
348 392
348 396
349 352
349 370
349 391
349 393
350 355
350 359
350 361
350 364
351 357
351 374
351 378
351 379
351 398
352 356
352 371
352 376
352 387
353 375
353 382
353 392
353 393
354 364
354 368
354 374
354 378
354 379
354 397
355 365
355 366
355 369
355 374
355 389
355 392
355 393
356 359
356 368
356 371
356 373
356 376
356 388
356 398
357 372
357 378
357 398
358 378
358 388
358 392
359 388
359 395
360 383
360 394
361 363
361 390
361 394
362 363
362 364
362 370
363 365
364 365
364 380
364 388
365 370
365 374
365 381
365 396
366 371
366 385
366 391
367 379
367 383
367 390
368 392
369 376
369 381
369 382
369 384
369 398
370 380
370 381
370 386
371 376
371 395
371 397
372 395
372 399
373 375
374 378
375 381
375 389
376 379
376 388
376 390
377 384
378 391
379 392
381 398
382 398
383 388
383 395
384 385
384 397
384 399
386 389
387 389
388 394
389 393
390 396
390 399
391 399
393 394
394 395
395 398
