500 11049 0.2
0 8
0 19
0 21
0 30
0 38
0 39
0 57
0 86
0 115
0 129
0 130
0 135
0 136
0 138
0 140
0 142
0 144
0 153
0 164
0 171
0 179
0 181
0 196
0 220
0 235
0 249
0 267
0 269
0 283
0 303
0 308
0 324
0 327
0 329
0 333
0 335
0 339
0 366
0 370
0 378
0 416
0 426
0 428
0 444
0 445
0 449
0 468
0 483
0 489
1 13
1 16
1 18
1 23
1 30
1 32
1 65
1 72
1 91
1 93
1 97
1 104
1 115
1 118
1 130
1 138
1 161
1 162
1 163
1 166
1 167
1 172
1 190
1 207
1 226
1 234
1 237
1 238
1 247
1 249
1 252
1 258
1 263
1 264
1 281
1 284
1 288
1 302
1 330
1 342
1 357
1 366
1 374
1 383
1 385
1 389
1 390
1 399
1 415
1 449
1 453
1 474
1 483
2 13
2 25
2 35
2 86
2 89
2 98
2 107
2 110
2 121
2 127
2 139
2 167
2 217
2 226
2 257
2 288
2 290
2 294
2 332
2 363
2 370
2 372
2 383
2 392
2 397
2 407
2 410
2 424
2 432
2 437
2 442
2 447
2 455
2 467
2 478
2 494
2 496
3 15
3 23
3 51
3 54
3 62
3 73
3 92
3 121
3 132
3 167
3 175
3 178
3 198
3 207
3 224
3 234
3 240
3 246
3 251
3 260
3 271
3 272
3 274
3 279
3 300
3 324
3 333
3 350
3 355
3 367
3 378
3 394
3 396
3 408
3 426
3 443
3 444
3 455
3 457
3 483
4 6
4 26
4 52
4 54
4 62
4 71
4 72
4 76
4 93
4 94
4 100
4 104
4 136
4 145
4 154
4 161
4 163
4 168
4 181
4 191
4 192
4 195
4 205
4 209
4 229
4 232
4 239
4 246
4 253
4 254
4 263
4 270
4 288
4 299
4 303
4 351
4 355
4 378
4 391
4 412
4 442
4 473
4 491
5 14
5 29
5 39
5 51
5 66
5 74
5 84
5 96
5 108
5 116
5 120
5 145
5 146
5 162
5 173
5 180
5 213
5 217
5 222
5 238
5 242
5 252
5 281
5 303
5 307
5 318
5 326
5 329
5 330
5 334
5 338
5 347
5 348
5 360
5 362
5 375
5 386
5 389
5 402
5 425
5 458
5 468
5 491
5 495
5 499
6 7
6 45
6 56
6 57
6 70
6 83
6 84
6 87
6 120
6 131
6 140
6 145
6 164
6 168
6 189
6 192
6 206
6 223
6 232
6 241
6 261
6 265
6 300
6 308
6 319
6 321
6 324
6 327
6 331
6 334
6 352
6 353
6 359
6 364
6 370
6 389
6 401
6 407
6 417
6 435
6 436
6 438
6 441
6 449
6 456
6 465
6 480
7 12
7 15
7 30
7 36
7 55
7 56
7 61
7 70
7 73
7 97
7 101
7 105
7 110
7 113
7 123
7 125
7 127
7 128
7 129
7 144
7 153
7 155
7 160
7 161
7 170
7 178
7 186
7 195
7 199
7 202
7 207
7 249
7 253
7 256
7 258
7 260
7 262
7 263
7 266
7 273
7 292
7 293
7 322
7 329
7 342
7 356
7 374
7 382
7 386
7 401
7 405
7 411
7 459
7 460
7 468
8 19
8 21
8 27
8 29
8 40
8 54
8 57
8 65
8 69
8 79
8 86
8 98
8 102
8 120
8 144
8 145
8 157
8 158
8 160
8 177
8 196
8 206
8 209
8 220
8 225
8 231
8 233
8 239
8 251
8 256
8 260
8 263
8 264
8 271
8 283
8 315
8 319
8 320
8 340
8 346
8 348
8 363
8 401
8 424
8 433
8 437
8 438
8 451
8 465
8 467
8 473
8 496
9 23
9 27
9 34
9 58
9 67
9 82
9 86
9 87
9 99
9 104
9 146
9 147
9 154
9 162
9 188
9 199
9 200
9 232
9 235
9 254
9 271
9 274
9 283
9 284
9 296
9 374
9 381
9 386
9 389
9 392
9 416
9 442
9 461
9 469
10 13
10 46
10 56
10 58
10 75
10 99
10 104
10 113
10 134
10 136
10 146
10 150
10 167
10 169
10 176
10 183
10 218
10 253
10 267
10 271
10 273
10 280
10 286
10 307
10 313
10 329
10 343
10 350
10 356
10 362
10 381
10 405
10 420
10 423
10 428
10 441
10 452
10 469
10 478
10 484
10 489
11 14
11 24
11 39
11 44
11 46
11 57
11 63
11 65
11 73
11 81
11 85
11 99
11 107
11 119
11 131
11 132
11 185
11 193
11 197
11 232
11 246
11 273
11 276
11 324
11 334
11 336
11 345
11 346
11 381
11 392
11 402
11 435
11 445
11 456
11 457
11 470
11 471
11 476
11 484
12 19
12 29
12 40
12 46
12 49
12 59
12 70
12 72
12 97
12 112
12 120
12 123
12 128
12 129
12 131
12 142
12 152
12 164
12 210
12 213
12 219
12 240
12 241
12 249
12 252
12 270
12 272
12 275
12 301
12 307
12 318
12 327
12 329
12 346
12 348
12 353
12 356
12 367
12 396
12 411
12 425
12 439
12 445
12 463
12 482
12 496
13 14
13 36
13 42
13 49
13 57
13 66
13 86
13 110
13 114
13 120
13 127
13 135
13 147
13 149
13 169
13 170
13 199
13 230
13 262
13 265
13 266
13 304
13 331
13 340
13 353
13 371
13 396
13 411
13 414
13 421
13 427
13 442
13 448
13 460
13 480
13 485
13 487
13 495
14 29
14 44
14 49
14 59
14 63
14 81
14 118
14 141
14 142
14 146
14 180
14 184
14 192
14 221
14 238
14 241
14 244
14 246
14 258
14 262
14 286
14 290
14 306
14 311
14 312
14 329
14 339
14 341
14 344
14 346
14 363
14 387
14 391
14 392
14 406
14 413
14 414
14 422
14 447
14 449
14 464
14 467
14 482
14 483
14 497
15 36
15 43
15 55
15 81
15 82
15 95
15 96
15 104
15 114
15 121
15 135
15 141
15 144
15 145
15 153
15 176
15 190
15 193
15 206
15 210
15 214
15 219
15 227
15 234
15 237
15 255
15 275
15 280
15 290
15 292
15 295
15 353
15 377
15 378
15 385
15 387
15 424
15 427
15 456
15 459
15 461
15 468
15 480
15 482
15 483
15 494
16 24
16 105
16 114
16 119
16 127
16 129
16 141
16 142
16 146
16 154
16 161
16 166
16 176
16 184
16 187
16 190
16 194
16 219
16 243
16 256
16 290
16 318
16 319
16 356
16 357
16 406
16 408
16 422
16 426
16 428
16 445
16 451
16 484
16 491
16 494
17 25
17 35
17 45
17 50
17 53
17 80
17 85
17 87
17 101
17 102
17 126
17 176
17 202
17 212
17 225
17 231
17 233
17 242
17 250
17 298
17 316
17 327
17 333
17 338
17 343
17 346
17 351
17 356
17 368
17 373
17 375
17 382
17 383
17 396
17 402
18 23
18 40
18 64
18 69
18 75
18 80
18 94
18 112
18 120
18 125
18 139
18 184
18 190
18 202
18 216
18 218
18 222
18 223
18 227
18 261
18 271
18 291
18 306
18 311
18 319
18 320
18 332
18 350
18 372
18 375
18 376
18 385
18 402
18 406
18 416
18 425
18 440
18 441
18 447
18 455
18 457
18 461
18 462
18 494
19 29
19 31
19 36
19 60
19 65
19 72
19 101
19 110
19 122
19 135
19 147
19 159
19 168
19 175
19 215
19 224
19 230
19 232
19 247
19 268
19 273
19 313
19 321
19 344
19 352
19 364
19 387
19 393
19 413
19 419
19 445
19 447
19 458
19 469
19 484
20 23
20 28
20 37
20 53
20 57
20 58
20 88
20 89
20 91
20 99
20 104
20 129
20 144
20 145
20 150
20 158
20 171
20 179
20 208
20 218
20 228
20 231
20 244
20 245
20 246
20 250
20 255
20 258
20 270
20 272
20 275
20 290
20 322
20 378
20 379
20 403
20 410
20 420
20 427
20 428
20 443
20 447
20 451
20 459
20 461
20 467
20 478
20 484
20 495
21 24
21 28
21 33
21 36
21 44
21 45
21 63
21 73
21 78
21 120
21 122
21 135
21 138
21 140
21 145
21 161
21 165
21 182
21 191
21 207
21 209
21 256
21 268
21 282
21 284
21 306
21 320
21 328
21 346
21 361
21 366
21 377
21 404
21 407
21 413
21 432
21 441
21 445
21 446
21 461
21 466
21 483
21 489
21 492
22 53
22 59
22 60
22 68
22 70
22 82
22 83
22 130
22 136
22 140
22 160
22 182
22 183
22 184
22 200
22 212
22 219
22 272
22 276
22 288
22 292
22 295
22 316
22 323
22 324
22 325
22 346
22 359
22 376
22 381
22 382
22 387
22 390
22 399
22 409
22 411
22 413
22 426
22 454
22 495
23 33
23 88
23 90
23 124
23 145
23 169
23 176
23 198
23 208
23 211
23 230
23 239
23 260
23 263
23 264
23 272
23 275
23 276
23 281
23 286
23 291
23 313
23 332
23 344
23 345
23 390
23 398
23 403
23 435
23 455
23 456
23 478
23 492
23 494
24 26
24 44
24 49
24 77
24 89
24 96
24 114
24 118
24 122
24 123
24 128
24 137
24 170
24 174
24 182
24 189
24 200
24 210
24 212
24 258
24 266
24 278
24 291
24 310
24 326
24 346
24 347
24 367
24 371
24 373
24 403
24 407
24 409
24 424
24 431
24 451
24 467
24 472
24 499
25 26
25 31
25 40
25 41
25 42
25 54
25 56
25 61
25 74
25 76
25 88
25 93
25 94
25 106
25 114
25 117
25 131
25 138
25 147
25 172
25 178
25 179
25 222
25 223
25 244
25 254
25 268
25 269
25 270
25 273
25 274
25 278
25 282
25 294
25 326
25 330
25 362
25 366
25 371
25 394
25 404
25 443
25 446
25 448
25 451
25 452
25 454
25 458
25 460
25 473
25 488
26 52
26 58
26 64
26 73
26 81
26 83
26 97
26 99
26 105
26 113
26 157
26 158
26 159
26 164
26 166
26 180
26 182
26 187
26 193
26 200
26 221
26 233
26 234
26 240
26 303
26 340
26 346
26 348
26 370
26 375
26 387
26 390
26 394
26 413
26 414
26 415
26 419
26 448
26 449
26 466
26 472
26 477
26 484
27 40
27 51
27 53
27 56
27 61
27 99
27 103
27 121
27 133
27 148
27 151
27 166
27 173
27 186
27 198
27 218
27 228
27 230
27 240
27 263
27 270
27 305
27 335
27 340
27 394
27 397
27 404
27 410
27 414
27 426
27 430
27 434
27 448
27 453
27 483
27 496
28 34
28 45
28 60
28 90
28 138
28 146
28 151
28 189
28 192
28 205
28 214
28 224
28 235
28 239
28 240
28 242
28 247
28 249
28 251
28 316
28 319
28 329
28 339
28 348
28 374
28 377
28 380
28 382
28 391
28 428
28 440
28 453
28 475
28 479
28 481
28 483
28 497
29 65
29 69
29 70
29 79
29 93
29 100
29 114
29 122
29 123
29 127
29 136
29 141
29 142
29 152
29 169
29 176
29 181
29 188
29 198
29 212
29 213
29 214
29 226
29 231
29 236
29 237
29 240
29 248
29 251
29 254
29 262
29 276
29 282
29 284
29 295
29 304
29 314
29 327
29 338
29 339
29 367
29 372
29 390
29 400
29 414
29 428
29 443
29 446
29 456
29 461
29 469
29 492
29 499
30 60
30 66
30 73
30 104
30 107
30 109
30 114
30 124
30 129
30 133
30 143
30 161
30 166
30 168
30 178
30 209
30 223
30 228
30 234
30 251
30 255
30 268
30 275
30 285
30 308
30 313
30 316
30 329
30 330
30 333
30 336
30 344
30 350
30 353
30 368
30 395
30 414
30 428
30 462
30 466
31 42
31 48
31 53
31 58
31 71
31 82
31 88
31 97
31 115
31 126
31 139
31 156
31 157
31 166
31 167
31 170
31 173
31 188
31 192
31 195
31 211
31 229
31 235
31 271
31 282
31 286
31 288
31 291
31 296
31 297
31 303
31 354
31 355
31 357
31 360
31 371
31 375
31 384
31 435
31 445
31 452
31 464
31 486
31 494
32 53
32 62
32 63
32 70
32 75
32 77
32 84
32 85
32 96
32 123
32 141
32 142
32 143
32 145
32 152
32 153
32 161
32 183
32 185
32 187
32 189
32 192
32 195
32 225
32 230
32 231
32 259
32 264
32 266
32 276
32 283
32 285
32 291
32 303
32 307
32 312
32 327
32 342
32 364
32 365
32 367
32 368
32 378
32 388
32 410
32 416
32 417
32 419
32 424
32 432
32 434
32 444
32 448
32 458
32 483
32 492
32 495
33 36
33 59
33 64
33 85
33 86
33 96
33 99
33 119
33 123
33 140
33 143
33 152
33 159
33 212
33 226
33 229
33 261
33 266
33 270
33 273
33 305
33 307
33 310
33 350
33 353
33 364
33 370
33 377
33 400
33 421
33 442
33 487
34 46
34 67
34 71
34 74
34 86
34 87
34 96
34 117
34 181
34 200
34 210
34 222
34 240
34 241
34 246
34 261
34 263
34 292
34 299
34 300
34 303
34 304
34 312
34 314
34 318
34 337
34 361
34 381
34 385
34 387
34 401
34 417
34 420
34 449
34 477
34 478
34 485
34 487
35 43
35 101
35 126
35 141
35 145
35 166
35 172
35 173
35 190
35 226
35 229
35 238
35 243
35 247
35 252
35 267
35 288
35 302
35 315
35 317
35 319
35 322
35 343
35 357
35 375
35 382
35 393
35 449
35 460
35 462
35 493
36 38
36 40
36 67
36 88
36 91
36 92
36 98
36 109
36 123
36 159
36 161
36 165
36 167
36 180
36 201
36 205
36 210
36 220
36 229
36 236
36 250
36 260
36 277
36 293
36 295
36 299
36 321
36 336
36 342
36 344
36 347
36 354
36 358
36 360
36 362
36 370
36 374
36 382
36 383
36 384
36 396
36 398
36 410
36 414
36 435
36 440
36 465
37 40
37 43
37 57
37 84
37 104
37 112
37 121
37 132
37 134
37 149
37 179
37 190
37 217
37 252
37 255
37 317
37 332
37 340
37 342
37 349
37 351
37 358
37 362
37 403
37 415
37 426
37 427
37 438
37 444
37 447
37 479
37 483
37 485
37 497
38 39
38 72
38 100
38 103
38 118
38 121
38 127
38 131
38 139
38 150
38 152
38 157
38 185
38 209
38 217
38 218
38 241
38 252
38 256
38 277
38 300
38 305
38 316
38 319
38 321
38 330
38 336
38 378
38 381
38 392
38 411
38 415
38 425
38 427
38 444
38 487
39 44
39 54
39 84
39 97
39 110
39 120
39 127
39 134
39 135
39 151
39 154
39 172
39 177
39 180
39 183
39 185
39 191
39 193
39 201
39 206
39 220
39 227
39 240
39 271
39 287
39 312
39 324
39 335
39 346
39 358
39 368
39 391
39 396
39 407
39 410
39 421
39 443
39 453
39 463
39 469
39 480
39 485
39 497
40 49
40 50
40 51
40 63
40 66
40 77
40 93
40 96
40 98
40 107
40 110
40 114
40 115
40 116
40 137
40 143
40 152
40 158
40 196
40 217
40 224
40 255
40 271
40 291
40 297
40 300
40 317
40 336
40 339
40 353
40 356
40 358
40 400
40 422
40 440
40 457
40 489
40 494
41 47
41 62
41 88
41 89
41 97
41 101
41 104
41 105
41 107
41 108
41 109
41 124
41 128
41 139
41 219
41 238
41 296
41 301
41 302
41 311
41 321
41 326
41 354
41 375
41 379
41 393
41 418
41 421
41 454
41 478
41 481
42 45
42 51
42 65
42 84
42 87
42 96
42 129
42 130
42 138
42 150
42 151
42 163
42 175
42 180
42 191
42 212
42 227
42 242
42 246
42 275
42 276
42 288
42 292
42 322
42 334
42 340
42 347
42 357
42 365
42 385
42 402
42 404
42 405
42 407
42 414
42 420
42 437
42 455
42 467
42 481
42 482
42 486
42 489
42 494
43 57
43 79
43 117
43 118
43 124
43 138
43 139
43 221
43 223
43 228
43 234
43 242
43 299
43 302
43 303
43 304
43 311
43 318
43 324
43 337
43 340
43 382
43 387
43 388
43 399
43 412
43 413
43 423
43 434
43 442
43 449
43 460
43 462
44 47
44 49
44 50
44 55
44 56
44 77
44 91
44 103
44 123
44 137
44 145
44 147
44 149
44 164
44 190
44 194
44 212
44 213
44 234
44 236
44 243
44 290
44 295
44 310
44 350
44 354
44 356
44 364
44 390
44 392
44 402
44 438
44 454
44 469
44 479
44 489
45 51
45 53
45 65
45 70
45 94
45 112
45 116
45 121
45 123
45 129
45 131
45 139
45 140
45 144
45 177
45 186
45 192
45 204
45 207
45 214
45 228
45 229
45 230
45 238
45 248
45 251
45 286
45 316
45 342
45 365
45 386
45 387
45 392
45 412
45 439
45 452
45 455
45 460
45 464
45 467
45 468
45 470
45 490
46 75
46 82
46 107
46 115
46 126
46 129
46 149
46 157
46 177
46 204
46 206
46 220
46 243
46 246
46 253
46 256
46 274
46 280
46 305
46 315
46 324
46 325
46 334
46 338
46 341
46 344
46 347
46 351
46 355
46 359
46 381
46 404
46 412
46 424
46 439
46 459
46 463
46 474
46 478
46 487
46 491
46 495
47 56
47 84
47 90
47 101
47 162
47 173
47 175
47 190
47 194
47 208
47 234
47 241
47 261
47 280
47 282
47 287
47 296
47 298
47 300
47 333
47 340
47 350
47 354
47 355
47 358
47 361
47 380
47 389
47 397
47 420
47 425
47 428
47 434
47 437
47 460
47 476
47 478
47 480
47 481
47 486
47 497
47 498
48 59
48 60
48 70
48 77
48 80
48 81
48 98
48 102
48 132
48 136
48 138
48 139
48 140
48 164
48 209
48 216
48 218
48 220
48 234
48 241
48 246
48 257
48 286
48 301
48 308
48 327
48 332
48 341
48 346
48 349
48 354
48 358
48 366
48 372
48 380
48 383
48 385
48 389
48 402
48 407
48 409
48 410
48 416
48 426
48 428
48 443
48 461
48 467
48 470
48 480
49 63
49 76
49 82
49 90
49 112
49 125
49 132
49 135
49 164
49 172
49 178
49 191
49 203
49 227
49 235
49 238
49 252
49 253
49 255
49 261
49 288
49 298
49 299
49 302
49 305
49 309
49 321
49 335
49 354
49 357
49 386
49 394
49 406
49 417
49 441
49 447
49 456
49 472
49 488
49 489
49 491
50 53
50 58
50 66
50 84
50 85
50 93
50 108
50 114
50 122
50 129
50 149
50 154
50 159
50 168
50 175
50 180
50 197
50 233
50 241
50 274
50 281
50 282
50 285
50 288
50 290
50 306
50 325
50 347
50 372
50 379
50 385
50 388
50 407
50 418
50 424
50 449
50 452
50 497
51 62
51 63
51 67
51 95
51 114
51 116
51 145
51 164
51 170
51 179
51 185
51 216
51 258
51 270
51 280
51 282
51 300
51 315
51 316
51 325
51 353
51 400
51 404
51 408
51 411
51 417
51 426
51 449
51 465
51 475
51 479
51 480
51 487
52 57
52 67
52 74
52 80
52 81
52 85
52 91
52 93
52 121
52 122
52 127
52 130
52 145
52 159
52 182
52 192
52 218
52 225
52 230
52 235
52 244
52 254
52 266
52 275
52 281
52 287
52 306
52 322
52 324
52 337
52 349
52 357
52 358
52 362
52 365
52 373
52 382
52 383
52 386
52 389
52 399
52 410
52 418
52 424
52 427
52 438
52 443
52 481
53 68
53 90
53 113
53 124
53 128
53 140
53 145
53 152
53 157
53 161
53 164
53 176
53 178
53 213
53 216
53 237
53 282
53 286
53 300
53 304
53 335
53 347
53 353
53 367
53 374
53 381
53 382
53 397
53 405
53 411
53 425
53 428
53 449
53 450
53 453
53 454
53 455
53 460
53 463
53 489
54 56
54 68
54 73
54 82
54 87
54 94
54 99
54 134
54 146
54 149
54 165
54 175
54 180
54 192
54 193
54 197
54 212
54 213
54 214
54 231
54 237
54 241
54 242
54 273
54 275
54 278
54 282
54 292
54 313
54 319
54 321
54 324
54 337
54 348
54 373
54 395
54 414
54 429
54 430
54 441
54 462
54 477
54 485
54 495
55 63
55 64
55 74
55 87
55 111
55 137
55 142
55 148
55 149
55 152
55 155
55 202
55 217
55 219
55 250
55 252
55 257
55 264
55 276
55 284
55 290
55 303
55 322
55 327
55 332
55 334
55 368
55 369
55 372
55 382
55 383
55 402
55 404
55 416
55 418
55 437
55 449
55 475
55 477
56 66
56 78
56 80
56 93
56 103
56 107
56 119
56 128
56 151
56 217
56 220
56 225
56 249
56 272
56 303
56 339
56 349
56 350
56 354
56 367
56 390
56 426
56 438
56 447
56 459
56 464
56 474
56 498
57 77
57 81
57 88
57 99
57 101
57 108
57 121
57 124
57 138
57 140
57 152
57 182
57 208
57 209
57 211
57 215
57 222
57 234
57 242
57 249
57 264
57 267
57 268
57 276
57 280
57 302
57 313
57 320
57 340
57 344
57 365
57 376
57 377
57 393
57 396
57 431
57 432
57 439
57 468
57 472
57 486
58 75
58 83
58 84
58 89
58 107
58 114
58 125
58 130
58 141
58 146
58 148
58 149
58 152
58 177
58 187
58 197
58 198
58 210
58 211
58 216
58 221
58 223
58 230
58 245
58 250
58 281
58 282
58 297
58 298
58 349
58 361
58 368
58 379
58 383
58 406
58 418
58 426
58 475
58 478
58 490
58 495
59 60
59 61
59 66
59 73
59 83
59 89
59 91
59 94
59 123
59 182
59 208
59 223
59 234
59 240
59 246
59 259
59 263
59 272
59 286
59 299
59 319
59 347
59 353
59 388
59 453
59 471
59 472
59 480
59 482
60 88
60 96
60 138
60 139
60 164
60 179
60 226
60 258
60 264
60 267
60 269
60 291
60 299
60 312
60 313
60 319
60 327
60 340
60 347
60 353
60 366
60 390
60 401
60 418
60 434
60 439
60 450
60 480
60 495
61 70
61 71
61 90
61 116
61 121
61 128
61 132
61 133
61 140
61 143
61 148
61 154
61 161
61 170
61 180
61 191
61 193
61 205
61 211
61 212
61 249
61 253
61 255
61 283
61 345
61 349
61 373
61 383
61 397
61 419
61 426
61 445
61 452
61 459
61 477
61 479
61 480
61 487
61 492
62 71
62 78
62 79
62 85
62 105
62 113
62 128
62 147
62 150
62 169
62 215
62 224
62 238
62 243
62 258
62 290
62 299
62 302
62 311
62 321
62 349
62 356
62 359
62 379
62 380
62 389
62 390
62 395
62 407
62 413
62 415
62 422
62 423
62 425
62 444
62 446
62 456
62 457
62 473
62 474
63 68
63 78
63 104
63 130
63 138
63 141
63 148
63 184
63 209
63 222
63 231
63 239
63 260
63 261
63 270
63 272
63 290
63 294
63 296
63 307
63 308
63 315
63 331
63 344
63 371
63 383
63 416
63 422
63 431
63 437
63 439
63 450
63 453
63 456
63 462
63 496
64 70
64 82
64 123
64 142
64 153
64 175
64 177
64 179
64 201
64 226
64 245
64 250
64 257
64 277
64 314
64 343
64 366
64 382
64 412
64 413
64 471
64 492
64 499
65 84
65 90
65 91
65 121
65 126
65 136
65 165
65 168
65 210
65 212
65 228
65 229
65 250
65 266
65 268
65 271
65 287
65 293
65 297
65 299
65 306
65 316
65 326
65 333
65 343
65 357
65 362
65 385
65 390
65 395
65 400
65 401
65 404
65 408
65 421
65 435
65 437
65 454
65 457
65 458
65 473
65 499
66 96
66 104
66 105
66 114
66 120
66 121
66 124
66 129
66 156
66 157
66 225
66 264
66 283
66 311
66 352
66 353
66 367
66 374
66 383
66 387
66 418
66 421
66 431
66 435
66 441
66 445
66 450
66 457
66 466
66 477
66 490
66 497
67 70
67 73
67 92
67 99
67 114
67 132
67 140
67 143
67 144
67 151
67 169
67 171
67 181
67 221
67 223
67 224
67 225
67 227
67 233
67 260
67 277
67 301
67 305
67 322
67 326
67 343
67 350
67 354
67 366
67 367
67 385
67 392
67 393
67 411
67 437
67 448
67 454
67 468
67 491
68 75
68 97
68 101
68 102
68 114
68 126
68 137
68 138
68 139
68 148
68 150
68 155
68 166
68 168
68 184
68 185
68 191
68 200
68 202
68 208
68 209
68 218
68 220
68 224
68 240
68 248
68 255
68 262
68 289
68 307
68 313
68 316
68 378
68 383
68 420
68 425
68 426
68 427
68 450
68 460
68 469
68 474
69 76
69 80
69 83
69 95
69 97
69 119
69 123
69 136
69 167
69 179
69 191
69 220
69 257
69 268
69 275
69 277
69 287
69 290
69 318
69 324
69 329
69 366
69 369
69 384
69 453
69 486
69 492
70 79
70 86
70 90
70 94
70 98
70 110
70 138
70 159
70 165
70 174
70 185
70 189
70 197
70 207
70 208
70 211
70 214
70 220
70 223
70 232
70 243
70 265
70 266
70 278
70 291
70 297
70 305
70 307
70 319
70 326
70 340
70 352
70 364
70 367
70 368
70 380
70 412
70 423
70 427
70 440
70 463
70 464
70 470
70 483
70 494
71 81
71 93
71 94
71 102
71 124
71 126
71 130
71 137
71 142
71 156
71 186
71 192
71 202
71 212
71 214
71 243
71 246
71 266
71 274
71 282
71 284
71 286
71 298
71 300
71 304
71 311
71 320
71 331
71 333
71 353
71 367
71 382
71 393
71 418
71 428
71 453
71 470
71 477
71 479
71 483
72 89
72 98
72 101
72 105
72 120
72 129
72 131
72 135
72 136
72 139
72 144
72 151
72 152
72 154
72 157
72 200
72 206
72 221
72 227
72 234
72 245
72 258
72 270
72 284
72 327
72 338
72 358
72 369
72 387
72 388
72 392
72 409
72 411
72 443
72 451
72 461
72 471
72 475
72 482
72 484
73 79
73 99
73 101
73 111
73 113
73 118
73 124
73 133
73 137
73 150
73 153
73 162
73 168
73 177
73 180
73 192
73 194
73 203
73 204
73 217
73 230
73 231
73 259
73 263
73 280
73 288
73 292
73 328
73 330
73 335
73 336
73 362
73 410
73 416
73 417
73 418
73 419
73 421
73 425
73 436
73 440
73 441
73 448
73 457
73 470
73 487
73 491
74 90
74 95
74 96
74 100
74 101
74 113
74 125
74 141
74 150
74 156
74 158
74 172
74 185
74 189
74 192
74 198
74 202
74 213
74 215
74 244
74 248
74 271
74 273
74 278
74 279
74 286
74 291
74 303
74 304
74 350
74 351
74 369
74 370
74 371
74 378
74 395
74 410
74 412
74 436
74 437
74 440
74 445
74 449
74 452
74 455
74 458
74 462
74 465
74 491
75 109
75 120
75 122
75 147
75 158
75 164
75 170
75 192
75 198
75 226
75 230
75 242
75 247
75 255
75 311
75 317
75 343
75 353
75 363
75 366
75 372
75 375
75 387
75 404
75 421
75 437
75 445
75 453
75 462
75 468
75 472
75 474
75 476
75 493
75 499
76 92
76 97
76 99
76 103
76 127
76 131
76 139
76 146
76 152
76 178
76 183
76 190
76 199
76 204
76 233
76 255
76 264
76 270
76 287
76 295
76 297
76 303
76 311
76 342
76 349
76 361
76 362
76 367
76 386
76 388
76 390
76 392
76 400
76 402
76 426
76 437
76 441
76 450
76 457
77 87
77 89
77 91
77 110
77 116
77 152
77 154
77 171
77 217
77 220
77 235
77 236
77 237
77 239
77 253
77 286
77 288
77 290
77 296
77 313
77 330
77 332
77 351
77 362
77 365
77 417
77 427
77 439
77 450
77 454
77 456
77 462
77 475
77 488
77 497
77 499
78 87
78 89
78 94
78 97
78 105
78 107
78 108
78 114
78 115
78 140
78 144
78 168
78 174
78 176
78 182
78 184
78 218
78 267
78 269
78 271
78 283
78 292
78 298
78 313
78 326
78 380
78 386
78 395
78 417
78 435
78 476
79 82
79 106
79 107
79 132
79 134
79 135
79 156
79 181
79 187
79 195
79 199
79 204
79 210
79 213
79 231
79 235
79 236
79 242
79 254
79 266
79 267
79 285
79 300
79 337
79 338
79 347
79 349
79 366
79 374
79 378
79 384
79 408
79 423
79 427
79 429
79 439
79 445
79 461
79 472
80 98
80 101
80 110
80 131
80 143
80 155
80 159
80 169
80 178
80 192
80 208
80 216
80 221
80 237
80 241
80 261
80 263
80 274
80 277
80 290
80 294
80 306
80 330
80 353
80 357
80 359
80 372
80 373
80 376
80 377
80 393
80 408
80 416
80 436
80 452
80 465
80 469
80 483
80 496
81 101
81 106
81 109
81 117
81 132
81 139
81 160
81 181
81 193
81 197
81 198
81 199
81 201
81 208
81 240
81 254
81 267
81 272
81 337
81 353
81 396
81 422
81 424
81 430
81 443
81 445
81 451
81 452
81 456
81 465
81 466
81 486
81 494
82 97
82 108
82 128
82 133
82 143
82 146
82 152
82 157
82 163
82 165
82 168
82 170
82 178
82 184
82 193
82 206
82 213
82 214
82 248
82 255
82 258
82 259
82 263
82 280
82 282
82 293
82 298
82 304
82 317
82 326
82 355
82 363
82 394
82 400
82 407
82 409
82 410
82 411
82 412
82 413
82 416
82 428
82 430
82 437
82 439
82 459
82 495
83 100
83 113
83 114
83 158
83 184
83 188
83 191
83 203
83 204
83 218
83 229
83 240
83 242
83 257
83 261
83 266
83 283
83 318
83 320
83 350
83 370
83 376
83 392
83 397
83 401
83 414
83 428
83 435
83 450
83 454
83 459
83 475
83 477
83 485
83 486
83 491
84 94
84 98
84 112
84 113
84 115
84 118
84 122
84 127
84 147
84 156
84 158
84 172
84 174
84 192
84 252
84 276
84 294
84 307
84 309
84 313
84 318
84 344
84 348
84 353
84 356
84 363
84 365
84 397
84 404
84 406
84 409
84 427
84 429
84 439
84 443
84 454
84 455
84 459
84 467
84 468
84 471
84 476
84 482
85 115
85 119
85 124
85 128
85 138
85 165
85 175
85 180
85 188
85 193
85 198
85 214
85 222
85 236
85 243
85 262
85 272
85 280
85 315
85 342
85 344
85 351
85 360
85 370
85 399
85 428
85 431
85 432
85 433
85 438
85 453
85 466
85 471
85 475
85 478
85 480
85 488
85 494
86 90
86 106
86 107
86 109
86 117
86 123
86 125
86 126
86 143
86 154
86 155
86 167
86 189
86 204
86 207
86 211
86 228
86 230
86 259
86 292
86 296
86 304
86 310
86 312
86 313
86 322
86 328
86 336
86 341
86 346
86 359
86 361
86 363
86 382
86 385
86 387
86 389
86 394
86 399
86 410
86 447
86 450
86 453
86 454
86 491
86 497
86 498
87 91
87 96
87 111
87 122
87 129
87 169
87 171
87 189
87 201
87 208
87 232
87 239
87 247
87 250
87 266
87 270
87 293
87 319
87 330
87 331
87 334
87 356
87 385
87 387
87 389
87 438
87 447
87 486
87 496
87 498
88 92
88 107
88 111
88 121
88 130
88 151
88 162
88 175
88 177
88 185
88 192
88 198
88 216
88 242
88 248
88 270
88 283
88 312
88 317
88 334
88 336
88 339
88 341
88 344
88 362
88 367
88 384
88 388
88 429
88 432
88 437
88 456
88 476
89 90
89 101
89 114
89 146
89 169
89 191
89 200
89 203
89 212
89 215
89 232
89 256
89 273
89 274
89 275
89 280
89 301
89 306
89 308
89 313
89 320
89 321
89 331
89 347
89 360
89 374
89 377
89 380
89 409
89 419
89 443
89 450
89 463
89 470
89 482
89 489
89 495
89 497
90 109
90 116
90 125
90 135
90 140
90 141
90 156
90 159
90 162
90 167
90 180
90 217
90 219
90 226
90 237
90 239
90 245
90 246
90 247
90 272
90 275
90 281
90 297
90 312
90 316
90 319
90 320
90 336
90 341
90 364
90 390
90 391
90 407
90 413
90 415
90 420
90 431
90 434
90 440
90 445
90 450
90 452
90 462
90 466
91 116
91 119
91 121
91 138
91 155
91 156
91 166
91 174
91 191
91 199
91 242
91 246
91 252
91 259
91 271
91 273
91 296
91 305
91 311
91 316
91 327
91 338
91 344
91 347
91 349
91 379
91 394
91 420
91 421
91 426
91 443
91 448
91 452
91 458
91 477
92 102
92 103
92 106
92 122
92 138
92 141
92 145
92 167
92 176
92 179
92 184
92 187
92 196
92 230
92 239
92 240
92 256
92 280
92 284
92 298
92 347
92 358
92 372
92 373
92 401
92 417
92 423
92 434
92 462
92 463
92 473
92 490
93 98
93 110
93 114
93 115
93 126
93 138
93 142
93 157
93 174
93 182
93 217
93 222
93 225
93 234
93 238
93 260
93 271
93 290
93 296
93 313
93 317
93 318
93 320
93 321
93 361
93 365
93 373
93 375
93 385
93 393
93 405
93 430
93 433
93 441
93 467
93 479
94 95
94 104
94 109
94 117
94 150
94 160
94 163
94 179
94 190
94 201
94 204
94 218
94 240
94 256
94 285
94 296
94 345
94 364
94 368
94 370
94 386
94 390
94 404
94 417
94 449
94 470
94 482
94 488
94 489
94 497
94 499
95 101
95 102
95 104
95 120
95 122
95 148
95 162
95 201
95 212
95 213
95 214
95 217
95 224
95 231
95 233
95 241
95 253
95 254
95 282
95 283
95 288
95 300
95 305
95 308
95 314
95 330
95 331
95 341
95 353
95 358
95 373
95 392
95 403
95 419
95 444
95 448
95 452
95 474
95 480
95 492
95 497
96 102
96 103
96 125
96 149
96 158
96 176
96 191
96 205
96 216
96 221
96 233
96 239
96 240
96 243
96 250
96 259
96 264
96 285
96 286
96 288
96 290
96 295
96 300
96 304
96 309
96 313
96 328
96 343
96 362
96 402
96 413
96 416
96 434
96 464
96 477
96 490
96 494
97 124
97 147
97 149
97 185
97 215
97 217
97 219
97 223
97 226
97 230
97 231
97 245
97 258
97 262
97 296
97 306
97 307
97 308
97 312
97 317
97 329
97 330
97 372
97 377
97 380
97 397
97 399
97 405
97 411
97 419
97 431
97 449
97 450
97 453
97 454
97 456
97 474
97 481
98 107
98 111
98 113
98 139
98 160
98 173
98 176
98 179
98 198
98 212
98 230
98 251
98 252
98 278
98 282
98 286
98 327
98 375
98 383
98 393
98 397
98 411
98 422
98 426
98 431
98 435
98 461
98 466
98 470
98 480
98 484
99 102
99 118
99 149
99 168
99 172
99 174
99 182
99 198
99 207
99 208
99 211
99 242
99 247
99 249
99 250
99 251
99 258
99 267
99 275
99 314
99 315
99 322
99 323
99 333
99 337
99 348
99 367
99 400
99 423
99 427
99 434
99 442
99 459
99 488
99 489
99 492
99 498
100 107
100 109
100 126
100 141
100 160
100 166
100 175
100 178
100 194
100 196
100 227
100 228
100 243
100 263
100 267
100 268
100 286
100 291
100 316
100 318
100 333
100 336
100 344
100 345
100 348
100 361
100 366
100 371
100 375
100 395
100 404
100 411
100 422
100 431
100 432
100 442
100 450
100 456
100 466
100 489
100 490
100 495
101 114
101 155
101 176
101 188
101 195
101 200
101 230
101 239
101 245
101 250
101 255
101 262
101 273
101 274
101 289
101 293
101 298
101 307
101 322
101 328
101 337
101 347
101 357
101 361
101 364
101 372
101 374
101 395
101 410
101 431
101 432
101 444
101 445
101 447
101 470
101 482
101 485
101 490
101 492
102 103
102 122
102 129
102 130
102 143
102 156
102 169
102 171
102 181
102 191
102 193
102 204
102 208
102 223
102 256
102 268
102 269
102 272
102 281
102 284
102 285
102 289
102 293
102 302
102 306
102 322
102 331
102 338
102 370
102 371
102 375
102 388
102 416
102 417
102 423
102 427
102 439
102 442
102 453
102 455
102 480
103 108
103 109
103 113
103 114
103 129
103 130
103 172
103 193
103 214
103 228
103 232
103 235
103 238
103 287
103 288
103 299
103 314
103 328
103 348
103 349
103 367
103 383
103 387
103 390
103 441
103 446
103 448
103 474
103 476
103 480
103 489
103 492
104 125
104 128
104 132
104 142
104 174
104 194
104 214
104 218
104 228
104 246
104 255
104 257
104 267
104 269
104 272
104 318
104 322
104 340
104 341
104 362
104 380
104 404
104 437
104 442
104 445
104 469
104 474
104 475
104 489
104 491
104 493
104 495
105 110
105 116
105 141
105 150
105 153
105 154
105 161
105 181
105 187
105 193
105 203
105 213
105 216
105 219
105 223
105 227
105 233
105 235
105 240
105 243
105 262
105 267
105 277
105 279
105 282
105 307
105 308
105 311
105 313
105 321
105 324
105 336
105 344
105 349
105 377
105 384
105 386
105 389
105 391
105 403
105 430
105 438
105 444
105 451
105 470
105 485
106 120
106 132
106 138
106 159
106 181
106 182
106 203
106 207
106 210
106 219
106 222
106 228
106 233
106 240
106 249
106 250
106 257
106 258
106 280
106 287
106 329
106 334
106 343
106 350
106 357
106 380
106 391
106 398
106 401
106 413
106 415
106 423
106 473
106 482
106 483
106 491
107 144
107 160
107 164
107 181
107 185
107 193
107 208
107 213
107 218
107 220
107 236
107 259
107 271
107 272
107 294
107 330
107 367
107 375
107 417
107 421
107 436
107 438
107 439
107 449
107 464
107 479
107 481
107 493
107 496
108 116
108 150
108 158
108 160
108 165
108 166
108 178
108 193
108 208
108 212
108 216
108 229
108 236
108 246
108 249
108 299
108 306
108 311
108 314
108 320
108 339
108 340
108 348
108 369
108 377
108 381
108 383
108 393
108 394
108 399
108 415
108 453
108 499
109 120
109 126
109 140
109 152
109 154
109 168
109 172
109 174
109 177
109 200
109 204
109 225
109 226
109 228
109 229
109 232
109 233
109 257
109 283
109 299
109 309
109 331
109 384
109 393
109 408
109 417
109 438
109 440
109 441
109 454
109 455
109 475
110 113
110 116
110 125
110 126
110 138
110 151
110 156
110 162
110 163
110 175
110 199
110 215
110 216
110 219
110 227
110 242
110 265
110 292
110 293
110 294
110 305
110 316
110 321
110 323
110 328
110 335
110 342
110 366
110 392
110 414
110 426
110 440
110 465
110 475
110 485
110 486
111 113
111 139
111 142
111 147
111 148
111 149
111 178
111 186
111 191
111 205
111 217
111 230
111 234
111 239
111 241
111 247
111 249
111 254
111 302
111 310
111 332
111 365
111 379
111 384
111 389
111 401
111 422
111 448
111 469
111 471
112 114
112 120
112 127
112 139
112 153
112 170
112 205
112 207
112 217
112 222
112 224
112 225
112 242
112 259
112 272
112 273
112 276
112 303
112 306
112 318
112 335
112 343
112 352
112 375
112 394
112 397
112 399
112 403
112 444
112 458
112 465
112 473
112 479
112 496
113 116
113 126
113 128
113 129
113 139
113 161
113 206
113 234
113 239
113 245
113 254
113 269
113 274
113 282
113 286
113 302
113 311
113 312
113 337
113 345
113 357
113 395
113 408
113 424
113 431
113 488
114 129
114 144
114 149
114 151
114 185
114 195
114 197
114 228
114 237
114 249
114 257
114 269
114 298
114 317
114 318
114 331
114 332
114 337
114 357
114 368
114 380
114 409
114 414
114 423
114 439
114 481
115 127
115 128
115 132
115 142
115 154
115 187
115 190
115 193
115 200
115 201
115 203
115 226
115 227
115 231
115 246
115 258
115 267
115 279
115 293
115 308
115 312
115 339
115 341
115 352
115 381
115 392
115 393
115 396
115 410
115 422
115 427
115 432
115 441
115 451
115 464
115 476
115 497
116 128
116 132
116 152
116 166
116 170
116 175
116 196
116 198
116 202
116 204
116 222
116 229
116 243
116 247
116 268
116 283
116 290
116 304
116 306
116 321
116 324
116 325
116 385
116 406
116 412
116 425
116 438
116 439
116 447
116 454
116 466
116 478
116 486
116 498
117 122
117 134
117 148
117 167
117 173
117 183
117 189
117 225
117 251
117 255
117 257
117 276
117 290
117 294
117 296
117 308
117 310
117 317
117 321
117 340
117 352
117 376
117 438
117 445
117 461
117 469
117 479
117 489
117 492
117 495
117 496
118 124
118 164
118 165
118 213
118 218
118 224
118 230
118 239
118 272
118 283
118 284
118 286
118 292
118 296
118 315
118 322
118 326
118 330
118 336
118 340
118 343
118 357
118 390
118 393
118 397
118 403
118 411
118 424
118 436
118 439
118 440
118 445
118 467
118 469
118 472
118 486
118 494
119 124
119 134
119 147
119 149
119 154
119 155
119 157
119 174
119 184
119 187
119 191
119 194
119 196
119 213
119 232
119 233
119 253
119 259
119 260
119 292
119 324
119 364
119 379
119 399
119 400
119 402
119 431
119 433
119 467
119 470
119 482
119 489
120 142
120 143
120 147
120 150
120 167
120 189
120 200
120 208
120 211
120 218
120 225
120 236
120 240
120 246
120 252
120 270
120 279
120 311
120 314
120 320
120 324
120 337
120 338
120 341
120 350
120 368
120 396
120 416
120 426
120 431
120 434
120 440
120 460
120 464
120 471
120 482
120 491
121 122
121 131
121 153
121 164
121 184
121 189
121 208
121 214
121 220
121 235
121 247
121 253
121 256
121 261
121 268
121 285
121 289
121 314
121 315
121 317
121 333
121 346
121 355
121 357
121 368
121 379
121 399
121 417
121 434
121 446
121 459
121 461
121 466
121 471
121 484
121 491
122 128
122 131
122 136
122 147
122 156
122 159
122 191
122 218
122 243
122 244
122 258
122 261
122 266
122 272
122 273
122 277
122 279
122 283
122 294
122 320
122 344
122 382
122 388
122 392
122 395
122 411
122 412
122 422
122 435
122 455
122 459
122 472
122 478
122 479
123 144
123 149
123 150
123 165
123 171
123 173
123 198
123 203
123 217
123 225
123 250
123 287
123 289
123 315
123 360
123 375
123 377
123 388
123 403
123 407
123 412
123 422
123 428
123 436
123 472
123 475
123 479
123 492
123 494
124 135
124 160
124 187
124 194
124 207
124 215
124 249
124 251
124 267
124 280
124 285
124 292
124 301
124 328
124 336
124 341
124 365
124 371
124 375
124 399
124 426
124 466
124 475
124 488
124 496
125 128
125 131
125 134
125 135
125 137
125 162
125 179
125 212
125 224
125 231
125 241
125 247
125 251
125 272
125 280
125 307
125 322
125 331
125 340
125 349
125 354
125 375
125 399
125 421
125 427
125 433
125 437
125 443
125 476
125 483
126 137
126 142
126 151
126 160
126 173
126 176
126 198
126 202
126 232
126 234
126 235
126 253
126 262
126 308
126 311
126 320
126 345
126 352
126 357
126 372
126 375
126 381
126 414
126 420
126 458
126 465
126 468
127 134
127 137
127 138
127 141
127 150
127 190
127 240
127 243
127 246
127 258
127 265
127 284
127 285
127 288
127 296
127 302
127 308
127 309
127 315
127 339
127 358
127 368
127 372
127 378
127 403
127 410
127 412
127 435
127 495
128 142
128 149
128 154
128 178
128 195
128 199
128 202
128 238
128 249
128 252
128 260
128 275
128 289
128 298
128 312
128 317
128 319
128 331
128 337
128 367
128 380
128 399
128 400
128 411
128 425
128 428
128 455
128 457
128 472
129 134
129 153
129 156
129 162
129 171
129 187
129 206
129 208
129 220
129 233
129 238
129 262
129 263
129 265
129 275
129 287
129 336
129 357
129 361
129 366
129 412
129 428
129 434
129 435
129 437
129 438
129 440
129 446
129 459
129 461
129 462
129 478
129 490
130 147
130 154
130 157
130 170
130 187
130 209
130 212
130 238
130 270
130 276
130 282
130 303
130 308
130 310
130 337
130 345
130 360
130 363
130 368
130 371
130 373
130 377
130 379
130 414
130 437
130 452
130 465
130 491
131 134
131 139
131 141
131 145
131 146
131 164
131 176
131 185
131 194
131 200
131 211
131 223
131 226
131 228
131 233
131 236
131 237
131 241
131 278
131 280
131 283
131 300
131 329
131 330
131 337
131 342
131 346
131 347
131 377
131 391
131 407
131 409
131 415
131 422
131 426
131 452
131 495
132 134
132 182
132 195
132 201
132 208
132 239
132 243
132 262
132 263
132 268
132 324
132 325
132 330
132 339
132 352
132 358
132 364
132 368
132 378
132 396
132 398
132 430
132 433
132 440
132 453
132 470
132 472
132 499
133 151
133 174
133 187
133 200
133 201
133 217
133 220
133 223
133 250
133 307
133 318
133 324
133 328
133 329
133 343
133 357
133 360
133 378
133 383
133 409
133 419
133 429
133 455
133 463
133 472
134 146
134 156
134 177
134 189
134 200
134 201
134 204
134 212
134 214
134 231
134 245
134 259
134 285
134 286
134 294
134 297
134 303
134 312
134 313
134 331
134 336
134 339
134 343
134 346
134 350
134 366
134 376
134 390
134 392
134 417
134 418
134 429
134 436
134 455
134 464
134 465
134 467
134 472
134 478
134 485
134 486
134 494
134 498
135 140
135 156
135 162
135 170
135 176
135 179
135 185
135 209
135 243
135 246
135 250
135 262
135 284
135 316
135 320
135 325
135 364
135 382
135 401
135 409
135 413
135 453
135 463
135 465
135 476
135 494
136 172
136 177
136 192
136 194
136 225
136 245
136 265
136 277
136 288
136 332
136 350
136 357
136 364
136 392
136 399
136 429
136 436
136 445
136 447
136 461
136 479
136 494
137 145
137 146
137 159
137 166
137 167
137 171
137 173
137 176
137 184
137 189
137 215
137 226
137 234
137 235
137 255
137 271
137 283
137 292
137 300
137 301
137 315
137 322
137 324
137 344
137 358
137 371
137 376
137 392
137 397
137 411
137 419
137 437
137 442
137 461
137 465
137 475
138 163
138 169
138 182
138 198
138 200
138 203
138 210
138 223
138 253
138 258
138 311
138 325
138 351
138 361
138 364
138 366
138 397
138 409
138 415
138 429
138 443
138 467
138 481
139 149
139 152
139 155
139 172
139 184
139 191
139 203
139 204
139 225
139 227
139 230
139 234
139 238
139 240
139 243
139 256
139 269
139 270
139 274
139 285
139 295
139 297
139 320
139 321
139 323
139 325
139 337
139 338
139 342
139 343
139 362
139 366
139 368
139 373
139 381
139 392
139 402
139 409
139 416
139 418
139 449
139 464
139 475
140 141
140 150
140 152
140 166
140 167
140 172
140 177
140 179
140 187
140 189
140 190
140 191
140 222
140 225
140 228
140 233
140 254
140 257
140 271
140 276
140 294
140 295
140 296
140 316
140 333
140 334
140 344
140 347
140 349
140 363
140 372
140 391
140 397
140 402
140 419
140 421
140 433
140 447
140 453
140 474
140 475
140 479
140 481
140 482
141 144
141 148
141 149
141 150
141 169
141 173
141 174
141 178
141 183
141 192
141 199
141 208
141 224
141 226
141 229
141 245
141 253
141 264
141 266
141 271
141 274
141 275
141 277
141 281
141 301
141 307
141 313
141 314
141 335
141 344
141 348
141 356
141 360
141 379
141 380
141 393
141 394
141 404
141 406
141 408
141 412
141 423
141 440
141 441
141 446
141 447
141 451
142 168
142 179
142 181
142 186
142 192
142 196
142 201
142 211
142 219
142 222
142 224
142 244
142 258
142 264
142 266
142 275
142 285
142 312
142 327
142 330
142 352
142 373
142 406
142 422
142 451
142 476
142 496
142 497
143 146
143 164
143 173
143 177
143 179
143 195
143 224
143 230
143 239
143 253
143 279
143 289
143 290
143 291
143 304
143 307
143 313
143 319
143 326
143 328
143 346
143 354
143 359
143 362
143 366
143 370
143 392
143 414
143 426
143 429
143 438
143 444
143 445
143 448
143 452
143 459
143 464
143 465
143 477
143 478
143 481
144 145
144 162
144 201
144 212
144 213
144 260
144 263
144 264
144 265
144 277
144 307
144 322
144 335
144 336
144 359
144 365
144 368
144 388
144 395
144 400
144 401
144 408
144 420
144 434
144 440
144 459
144 475
144 476
144 484
144 485
144 488
144 489
145 147
145 149
145 150
145 153
145 157
145 168
145 169
145 171
145 182
145 190
145 193
145 209
145 210
145 247
145 250
145 263
145 267
145 269
145 291
145 298
145 301
145 312
145 313
145 326
145 329
145 354
145 362
145 364
145 392
145 419
145 425
145 427
145 450
145 457
145 480
145 483
145 486
145 487
146 170
146 201
146 207
146 214
146 252
146 254
146 282
146 284
146 288
146 318
146 327
146 340
146 360
146 368
146 371
146 372
146 379
146 392
146 396
146 404
146 410
146 417
146 427
146 453
146 460
146 469
146 476
146 485
147 148
147 150
147 159
147 176
147 178
147 185
147 194
147 215
147 226
147 228
147 276
147 278
147 303
147 306
147 315
147 333
147 351
147 372
147 406
147 409
147 424
147 431
147 435
147 446
147 453
147 458
147 460
147 467
147 472
147 490
148 157
148 172
148 215
148 218
148 221
148 226
148 232
148 255
148 261
148 262
148 275
148 278
148 283
148 295
148 301
148 314
148 335
148 346
148 351
148 379
148 381
148 391
148 392
148 435
148 436
148 439
148 444
148 467
148 468
148 473
148 486
149 150
149 163
149 171
149 194
149 197
149 208
149 218
149 228
149 230
149 239
149 240
149 242
149 246
149 268
149 281
149 286
149 290
149 291
149 313
149 314
149 319
149 328
149 337
149 351
149 353
149 361
149 364
149 390
149 395
149 396
149 402
149 409
149 424
149 428
149 437
149 441
149 484
149 485
150 168
150 169
150 184
150 185
150 192
150 210
150 223
150 226
150 228
150 232
150 236
150 295
150 301
150 314
150 332
150 344
150 351
150 353
150 365
150 391
150 400
150 403
150 407
150 409
150 447
150 463
150 467
150 471
150 482
150 489
151 173
151 174
151 175
151 178
151 192
151 201
151 206
151 211
151 218
151 219
151 223
151 260
151 265
151 282
151 285
151 292
151 352
151 354
151 355
151 373
151 374
151 383
151 386
151 388
151 390
151 395
151 414
151 416
151 419
151 426
151 438
151 453
151 456
151 464
152 175
152 203
152 214
152 235
152 251
152 265
152 276
152 286
152 292
152 307
152 338
152 343
152 360
152 370
152 375
152 376
152 385
152 403
152 425
152 447
152 448
152 454
152 461
152 471
152 473
152 493
152 495
152 499
153 172
153 176
153 181
153 191
153 197
153 199
153 209
153 230
153 235
153 244
153 249
153 252
153 261
153 284
153 314
153 321
153 326
153 373
153 407
153 423
153 429
153 452
153 484
154 159
154 164
154 167
154 182
154 186
154 188
154 192
154 202
154 203
154 209
154 227
154 245
154 265
154 267
154 268
154 270
154 273
154 286
154 316
154 346
154 362
154 363
154 364
154 392
154 401
154 404
154 463
154 464
154 465
154 470
154 478
154 488
155 170
155 194
155 203
155 205
155 219
155 229
155 234
155 236
155 250
155 251
155 254
155 262
155 275
155 278
155 282
155 285
155 290
155 293
155 295
155 297
155 302
155 318
155 329
155 341
155 342
155 355
155 363
155 408
155 409
155 415
155 426
155 442
155 450
155 453
155 454
155 475
155 477
155 487
156 170
156 191
156 196
156 207
156 209
156 235
156 240
156 254
156 260
156 291
156 295
156 298
156 307
156 319
156 322
156 326
156 361
156 368
156 380
156 386
156 388
156 406
156 439
156 468
156 470
156 472
156 481
156 485
157 173
157 180
157 183
157 188
157 192
157 195
157 231
157 255
157 266
157 276
157 279
157 287
157 289
157 295
157 299
157 312
157 317
157 333
157 348
157 354
157 364
157 382
157 388
157 413
157 459
157 464
157 476
157 499
158 163
158 172
158 196
158 205
158 229
158 237
158 250
158 252
158 268
158 274
158 280
158 284
158 287
158 305
158 322
158 332
158 349
158 350
158 362
158 368
158 370
158 372
158 396
158 406
158 408
158 419
158 443
158 447
158 468
159 173
159 192
159 203
159 222
159 223
159 226
159 236
159 244
159 255
159 257
159 260
159 280
159 281
159 317
159 332
159 340
159 360
159 362
159 366
159 384
159 387
159 390
159 414
159 425
159 428
159 452
159 453
159 458
159 465
159 472
159 475
159 482
159 486
160 190
160 194
160 197
160 218
160 219
160 221
160 222
160 228
160 253
160 255
160 259
160 270
160 273
160 300
160 301
160 322
160 330
160 332
160 349
160 377
160 395
160 404
160 417
160 418
160 424
160 425
160 432
160 435
160 442
160 448
160 467
160 486
160 491
160 492
161 218
161 238
161 240
161 242
161 269
161 270
161 276
161 288
161 314
161 319
161 327
161 335
161 349
161 361
161 373
161 386
161 390
161 391
161 403
161 439
161 480
161 485
161 490
161 492
162 180
162 190
162 206
162 213
162 236
162 237
162 242
162 253
162 257
162 259
162 267
162 282
162 290
162 291
162 299
162 322
162 352
162 369
162 375
162 377
162 417
162 443
162 444
162 458
162 473
162 476
163 173
163 176
163 191
163 194
163 214
163 216
163 238
163 240
163 244
163 261
163 264
163 265
163 297
163 301
163 318
163 325
163 331
163 333
163 347
163 369
163 372
163 375
163 376
163 391
163 394
163 399
163 407
163 430
163 433
163 444
163 470
163 474
163 488
163 492
164 169
164 174
164 190
164 207
164 237
164 238
164 241
164 243
164 251
164 260
164 266
164 293
164 303
164 317
164 326
164 338
164 342
164 357
164 390
164 399
164 401
164 428
164 434
164 458
164 459
164 461
164 462
164 463
164 464
164 470
164 495
164 499
165 167
165 170
165 200
165 202
165 210
165 216
165 220
165 231
165 232
165 252
165 253
165 279
165 280
165 281
165 284
165 287
165 295
165 310
165 315
165 326
165 335
165 339
165 347
165 348
165 351
165 392
165 407
165 444
165 452
165 456
165 480
165 493
166 169
166 176
166 217
166 221
166 223
166 225
166 227
166 228
166 239
166 242
166 246
166 257
166 265
166 273
166 279
166 288
166 295
166 300
166 303
166 309
166 323
166 328
166 345
166 351
166 356
166 363
166 367
166 385
166 396
166 399
166 419
166 428
166 433
166 444
166 454
166 487
167 176
167 178
167 181
167 196
167 205
167 210
167 225
167 233
167 235
167 236
167 287
167 308
167 310
167 312
167 313
167 317
167 333
167 344
167 390
167 397
167 408
167 431
167 433
167 444
167 450
167 455
167 457
167 476
167 477
167 488
167 490
167 495
167 499
168 172
168 178
168 184
168 197
168 210
168 211
168 230
168 237
168 240
168 262
168 293
168 300
168 301
168 312
168 315
168 326
168 333
168 353
168 376
168 391
168 394
168 401
168 404
168 405
168 409
168 424
168 430
168 435
168 436
168 443
168 444
168 466
168 482
168 486
168 495
168 496
169 187
169 204
169 207
169 208
169 214
169 215
169 219
169 234
169 244
169 257
169 263
169 272
169 276
169 285
169 288
169 297
169 344
169 364
169 370
169 377
169 392
169 400
169 410
169 426
169 427
169 436
169 439
169 446
169 464
169 468
169 476
169 487
169 490
170 175
170 180
170 181
170 182
170 190
170 192
170 200
170 203
170 206
170 208
170 233
170 243
170 255
170 256
170 259
170 267
170 272
170 273
170 290
170 310
170 331
170 340
170 344
170 357
170 360
170 387
170 407
170 420
170 422
170 426
170 451
170 453
170 462
170 464
170 477
170 484
170 485
170 490
170 492
171 181
171 199
171 226
171 234
171 254
171 260
171 278
171 292
171 304
171 310
171 311
171 312
171 325
171 336
171 348
171 359
171 380
171 382
171 384
171 391
171 394
171 401
171 402
171 416
171 427
171 441
171 460
171 461
171 465
171 467
171 470
171 476
171 478
172 179
172 189
172 202
172 212
172 226
172 237
172 266
172 274
172 296
172 307
172 311
172 316
172 317
172 331
172 338
172 340
172 341
172 343
172 356
172 369
172 378
172 380
172 382
172 396
172 400
172 405
172 431
172 439
172 452
172 465
172 474
172 491
172 497
173 200
173 205
173 207
173 209
173 225
173 231
173 255
173 260
173 275
173 276
173 277
173 293
173 316
173 320
173 339
173 343
173 352
173 361
173 362
173 364
173 377
173 387
173 414
173 416
173 419
173 428
173 434
173 440
173 456
173 458
173 464
173 469
173 484
174 175
174 200
174 205
174 225
174 227
174 228
174 243
174 253
174 255
174 290
174 292
174 327
174 337
174 347
174 350
174 365
174 370
174 389
174 404
174 405
174 420
174 439
174 446
174 452
174 458
174 464
174 465
174 472
174 491
175 180
175 183
175 193
175 202
175 203
175 204
175 207
175 211
175 217
175 223
175 237
175 239
175 242
175 250
175 252
175 259
175 263
175 295
175 324
175 338
175 353
175 364
175 367
175 373
175 394
175 404
175 417
175 427
175 437
175 443
175 447
175 454
175 468
175 474
175 485
175 487
175 488
175 489
175 496
176 180
176 181
176 203
176 206
176 210
176 228
176 230
176 232
176 235
176 240
176 241
176 249
176 253
176 264
176 284
176 299
176 315
176 317
176 318
176 320
176 345
176 362
176 364
176 403
176 405
176 428
176 451
176 454
176 464
176 469
176 481
176 494
177 181
177 203
177 209
177 250
177 285
177 287
177 297
177 298
177 304
177 317
177 318
177 327
177 332
177 335
177 358
177 375
177 394
177 401
177 404
177 406
177 409
177 431
177 446
177 461
177 467
177 481
178 211
178 233
178 243
178 268
178 284
178 292
178 293
178 312
178 327
178 337
178 345
178 361
178 366
178 371
178 381
178 382
178 388
178 404
178 413
178 429
178 434
178 449
178 460
178 463
178 466
178 472
179 188
179 190
179 207
179 230
179 232
179 234
179 249
179 252
179 279
179 291
179 292
179 293
179 294
179 312
179 313
179 316
179 317
179 321
179 323
179 324
179 334
179 335
179 341
179 344
179 347
179 361
179 415
179 424
179 443
179 446
179 465
179 473
179 479
179 484
179 487
180 194
180 196
180 197
180 202
180 211
180 239
180 249
180 259
180 269
180 273
180 274
180 277
180 286
180 288
180 297
180 300
180 310
180 311
180 318
180 338
180 355
180 364
180 369
180 371
180 400
180 401
180 402
180 419
180 422
180 430
180 436
180 437
180 463
180 466
180 472
180 481
181 188
181 191
181 197
181 201
181 203
181 217
181 229
181 238
181 258
181 282
181 291
181 311
181 334
181 343
181 353
181 354
181 375
181 388
181 389
181 392
181 422
181 437
181 452
181 469
181 475
181 489
181 498
182 193
182 218
182 223
182 233
182 240
182 257
182 270
182 323
182 333
182 336
182 344
182 394
182 398
182 400
182 435
182 438
182 453
182 458
182 468
182 474
182 479
183 186
183 222
183 241
183 276
183 287
183 288
183 292
183 388
183 390
183 395
183 412
183 415
183 443
183 445
183 446
183 467
183 474
184 197
184 214
184 224
184 238
184 276
184 285
184 292
184 307
184 313
184 314
184 358
184 378
184 387
184 392
184 412
184 413
184 414
184 418
184 428
184 432
184 445
184 460
184 461
184 468
184 487
184 495
185 222
185 229
185 243
185 278
185 296
185 324
185 329
185 330
185 385
185 397
185 411
185 436
185 440
185 467
185 479
185 481
185 498
186 219
186 224
186 235
186 251
186 252
186 255
186 258
186 280
186 282
186 297
186 311
186 321
186 326
186 336
186 349
186 351
186 383
186 405
186 487
187 188
187 189
187 198
187 205
187 211
187 213
187 214
187 219
187 236
187 245
187 251
187 261
187 266
187 273
187 281
187 291
187 293
187 331
187 346
187 353
187 362
187 363
187 366
187 402
187 420
187 451
187 455
187 467
187 482
187 487
187 495
188 190
188 195
188 210
188 221
188 228
188 230
188 248
188 262
188 268
188 298
188 322
188 345
188 353
188 363
188 377
188 385
188 410
188 419
188 430
188 463
188 472
189 208
189 209
189 229
189 255
189 257
189 263
189 264
189 286
189 302
189 309
189 332
189 341
189 342
189 358
189 367
189 387
189 390
189 392
189 434
189 454
189 462
189 465
189 495
190 194
190 230
190 236
190 273
190 279
190 283
190 284
190 298
190 329
190 352
190 377
190 408
190 410
190 419
190 422
190 430
190 441
190 472
190 488
190 495
190 497
190 499
191 200
191 223
191 229
191 242
191 248
191 253
191 259
191 291
191 298
191 315
191 326
191 335
191 367
191 368
191 373
191 374
191 380
191 396
191 419
191 420
191 422
191 457
191 479
191 485
191 486
191 495
192 193
192 222
192 236
192 243
192 283
192 292
192 303
192 317
192 324
192 338
192 345
192 351
192 353
192 354
192 357
192 378
192 411
192 416
192 419
192 443
192 444
192 467
192 485
192 496
192 499
193 218
193 219
193 227
193 263
193 283
193 296
193 306
193 314
193 317
193 324
193 354
193 376
193 382
193 387
193 389
193 419
193 440
193 441
193 457
193 474
193 493
194 211
194 212
194 239
194 272
194 286
194 294
194 298
194 306
194 327
194 332
194 390
194 391
194 412
194 413
194 421
194 446
194 460
194 484
194 494
195 205
195 222
195 231
195 267
195 272
195 280
195 283
195 289
195 292
195 297
195 301
195 338
195 339
195 346
195 378
195 390
195 412
195 428
195 466
195 483
195 491
196 208
196 216
196 236
196 241
196 246
196 251
196 255
196 267
196 272
196 294
196 323
196 337
196 345
196 347
196 363
196 368
196 369
196 374
196 431
196 445
196 449
196 457
196 462
196 484
196 494
197 199
197 206
197 207
197 213
197 215
197 223
197 242
197 244
197 248
197 261
197 272
197 312
197 317
197 327
197 333
197 384
197 390
197 405
197 449
197 473
197 477
197 478
197 484
197 487
198 202
198 215
198 221
198 224
198 232
198 235
198 237
198 243
198 264
198 270
198 282
198 286
198 291
198 309
198 326
198 329
198 331
198 336
198 364
198 373
198 409
198 411
198 413
198 421
198 438
198 440
198 448
198 449
198 466
198 473
198 482
198 491
198 498
199 206
199 207
199 211
199 212
199 220
199 242
199 259
199 261
199 270
199 275
199 293
199 336
199 340
199 363
199 377
199 401
199 464
199 470
199 475
199 495
199 497
200 202
200 210
200 213
200 215
200 230
200 231
200 235
200 242
200 256
200 257
200 263
200 278
200 280
200 295
200 318
200 320
200 337
200 356
200 362
200 390
200 394
200 412
200 416
200 422
200 437
200 461
200 479
200 481
200 484
200 485
200 488
200 496
200 499
201 217
201 220
201 223
201 241
201 242
201 260
201 273
201 291
201 297
201 298
201 315
201 317
201 320
201 336
201 342
201 353
201 368
201 371
201 372
201 381
201 390
201 401
201 413
201 415
201 422
201 426
201 431
201 452
201 457
201 458
201 461
201 477
201 498
202 229
202 236
202 238
202 239
202 240
202 245
202 262
202 286
202 291
202 308
202 310
202 320
202 329
202 336
202 354
202 378
202 382
202 397
202 422
202 423
202 432
202 449
202 485
202 491
202 493
203 213
203 217
203 222
203 248
203 254
203 271
203 301
203 305
203 322
203 330
203 356
203 358
203 361
203 388
203 392
203 394
203 399
203 426
203 433
203 471
203 480
203 495
204 225
204 227
204 231
204 268
204 271
204 281
204 290
204 292
204 298
204 319
204 321
204 337
204 339
204 356
204 357
204 358
204 376
204 377
204 385
204 392
204 401
204 413
204 415
204 417
204 429
204 437
204 455
204 456
204 461
204 467
204 473
204 477
204 480
204 494
204 496
204 498
205 206
205 233
205 273
205 281
205 312
205 318
205 325
205 357
205 375
205 382
205 409
205 415
205 416
205 428
205 429
205 439
205 444
205 447
205 455
205 466
205 496
206 216
206 224
206 229
206 240
206 253
206 270
206 294
206 302
206 326
206 327
206 338
206 342
206 346
206 349
206 367
206 369
206 372
206 374
206 379
206 380
206 381
206 394
206 398
206 407
206 428
206 430
206 434
206 438
206 440
206 476
206 490
206 495
207 228
207 263
207 277
207 278
207 287
207 297
207 322
207 323
207 326
207 337
207 340
207 352
207 385
207 387
207 389
207 399
207 403
207 412
207 418
207 424
207 428
207 430
207 436
207 437
207 441
207 447
207 448
207 451
207 467
207 488
207 494
208 218
208 238
208 255
208 256
208 262
208 274
208 295
208 297
208 303
208 306
208 307
208 315
208 325
208 353
208 359
208 369
208 373
208 391
208 400
208 414
208 420
208 446
208 449
208 485
208 492
208 496
209 213
209 219
209 222
209 231
209 234
209 247
209 259
209 264
209 269
209 272
209 318
209 322
209 334
209 338
209 346
209 353
209 381
209 389
209 404
209 409
209 439
209 462
209 486
209 494
210 211
210 223
210 263
210 265
210 296
210 323
210 327
210 334
210 344
210 345
210 346
210 359
210 369
210 383
210 393
210 415
210 419
210 426
210 443
210 458
210 463
210 485
211 216
211 220
211 224
211 229
211 237
211 245
211 255
211 267
211 270
211 279
211 290
211 301
211 310
211 311
211 319
211 331
211 342
211 370
211 378
211 399
211 404
211 416
211 437
211 444
211 447
211 448
211 468
211 476
212 227
212 232
212 239
212 282
212 290
212 302
212 304
212 305
212 346
212 348
212 354
212 360
212 369
212 406
212 408
212 438
212 443
212 446
212 451
212 456
212 462
212 470
212 489
212 492
213 221
213 228
213 244
213 255
213 260
213 299
213 303
213 304
213 314
213 333
213 344
213 346
213 348
213 365
213 386
213 411
213 440
213 441
213 456
213 463
213 491
214 260
214 262
214 284
214 285
214 297
214 312
214 337
214 354
214 367
214 378
214 390
214 403
214 405
214 414
214 418
214 430
214 433
214 448
214 467
214 481
215 222
215 228
215 232
215 241
215 242
215 256
215 263
215 271
215 275
215 276
215 285
215 307
215 328
215 347
215 351
215 352
215 359
215 371
215 386
215 388
215 394
215 400
215 408
215 414
215 423
215 424
215 429
215 434
215 435
215 442
215 496
216 217
216 231
216 235
216 251
216 262
216 264
216 269
216 292
216 294
216 303
216 304
216 325
216 326
216 331
216 361
216 362
216 368
216 374
216 382
216 385
216 405
216 407
216 418
216 423
216 454
216 457
216 466
216 475
216 477
216 490
217 235
217 247
217 248
217 259
217 285
217 289
217 316
217 331
217 341
217 342
217 362
217 385
217 387
217 393
217 406
217 411
217 428
217 435
217 444
217 459
217 470
217 491
217 495
218 230
218 231
218 235
218 243
218 247
218 281
218 282
218 283
218 310
218 315
218 321
218 342
218 357
218 395
218 403
218 407
218 411
218 420
218 443
218 455
218 458
218 496
218 498
219 221
219 233
219 252
219 264
219 295
219 306
219 328
219 335
219 338
219 354
219 355
219 363
219 367
219 385
219 399
219 401
219 407
219 414
219 443
219 447
219 450
219 470
219 475
219 476
219 489
220 224
220 225
220 234
220 251
220 262
220 274
220 275
220 297
220 301
220 305
220 306
220 312
220 326
220 344
220 350
220 353
220 367
220 390
220 391
220 396
220 412
220 414
220 427
220 441
220 452
220 459
220 461
220 478
221 247
221 269
221 282
221 286
221 288
221 296
221 310
221 319
221 326
221 328
221 350
221 374
221 376
221 388
221 397
221 408
221 413
221 427
221 436
221 440
221 442
221 496
222 234
222 281
222 301
222 304
222 325
222 347
222 355
222 362
222 388
222 391
222 395
222 399
222 405
222 409
222 417
222 422
222 425
222 436
222 437
222 446
222 464
222 466
222 490
222 496
222 498
223 227
223 244
223 264
223 277
223 295
223 306
223 341
223 351
223 378
223 385
223 396
223 428
223 434
224 227
224 235
224 243
224 248
224 251
224 265
224 269
224 278
224 285
224 290
224 295
224 299
224 345
224 363
224 368
224 369
224 376
224 387
224 397
224 405
224 406
224 411
224 420
224 429
224 437
224 462
224 471
224 477
224 484
225 234
225 242
225 271
225 282
225 290
225 342
225 355
225 360
225 362
225 385
225 402
225 418
225 419
225 422
225 429
225 439
225 448
225 457
225 464
225 476
225 493
225 499
226 229
226 234
226 235
226 241
226 245
226 258
226 277
226 279
226 305
226 324
226 334
226 338
226 339
226 344
226 367
226 382
226 396
226 416
226 422
226 427
226 428
226 437
226 458
226 486
226 490
227 234
227 236
227 243
227 248
227 253
227 263
227 272
227 284
227 291
227 313
227 325
227 352
227 355
227 361
227 362
227 382
227 392
227 403
227 408
227 416
227 425
227 457
227 471
227 472
227 485
227 488
227 498
228 231
228 232
228 236
228 237
228 239
228 258
228 279
228 303
228 306
228 317
228 329
228 331
228 334
228 347
228 378
228 382
228 394
228 400
228 464
228 477
228 494
229 233
229 238
229 255
229 263
229 286
229 291
229 297
229 298
229 302
229 312
229 316
229 326
229 375
229 376
229 380
229 381
229 387
229 394
229 397
229 405
229 417
229 470
229 485
229 490
230 241
230 258
230 259
230 271
230 272
230 282
230 288
230 290
230 300
230 302
230 303
230 309
230 310
230 320
230 329
230 357
230 363
230 368
230 381
230 383
230 394
230 398
230 427
230 433
230 440
230 446
230 450
230 471
230 472
230 479
230 494
230 497
231 282
231 284
231 307
231 312
231 316
231 320
231 349
231 353
231 359
231 394
231 403
231 410
231 426
231 436
231 454
231 485
231 490
231 493
231 495
232 242
232 247
232 252
232 255
232 273
232 276
232 298
232 299
232 306
232 337
232 345
232 363
232 364
232 382
232 383
232 390
232 405
232 411
232 422
232 440
232 441
232 448
232 462
233 246
233 248
233 254
233 258
233 271
233 272
233 287
233 289
233 293
233 306
233 310
233 326
233 336
233 337
233 347
233 354
233 356
233 364
233 366
233 375
233 387
233 402
233 414
233 415
233 422
233 437
233 440
233 442
233 444
233 467
233 469
233 474
233 482
234 266
234 267
234 271
234 286
234 290
234 306
234 319
234 320
234 342
234 361
234 363
234 377
234 381
234 408
234 412
234 413
234 421
234 425
234 427
234 434
234 438
234 439
234 441
234 452
234 469
235 260
235 271
235 278
235 280
235 282
235 290
235 296
235 326
235 327
235 328
235 353
235 355
235 361
235 370
235 373
235 377
235 378
235 380
235 396
235 412
235 418
235 419
235 430
235 436
235 437
235 442
235 443
235 457
235 460
235 462
235 472
235 483
236 246
236 248
236 249
236 279
236 294
236 299
236 310
236 311
236 317
236 350
236 367
236 399
236 410
236 451
236 452
236 465
237 253
237 262
237 271
237 280
237 296
237 315
237 342
237 371
237 372
237 382
237 391
237 400
237 401
237 406
237 414
237 429
237 443
237 448
237 453
237 464
237 465
237 473
237 479
237 491
237 493
237 497
238 247
238 265
238 266
238 281
238 289
238 290
238 309
238 327
238 331
238 359
238 382
238 406
238 409
238 420
238 423
238 429
238 431
238 445
238 466
239 249
239 252
239 256
239 257
239 267
239 280
239 281
239 288
239 289
239 298
239 299
239 312
239 314
239 359
239 383
239 403
239 415
239 416
239 429
239 452
239 453
239 458
239 475
239 499
240 253
240 258
240 276
240 286
240 295
240 296
240 312
240 323
240 330
240 341
240 358
240 363
240 365
240 370
240 378
240 395
240 401
240 407
240 430
240 435
240 455
241 265
241 268
241 295
241 301
241 318
241 342
241 368
241 385
241 391
241 392
241 398
241 403
241 429
241 449
241 451
241 453
241 472
241 477
241 484
241 488
242 243
242 244
242 261
242 282
242 298
242 300
242 325
242 326
242 332
242 359
242 363
242 367
242 373
242 375
242 378
242 411
242 412
242 417
242 441
242 444
242 453
242 472
242 473
242 483
242 486
243 249
243 252
243 268
243 282
243 286
243 293
243 323
243 326
243 333
243 339
243 367
243 372
243 380
243 385
243 395
243 411
243 414
243 424
243 425
243 448
243 478
243 483
243 487
244 255
244 265
244 296
244 319
244 323
244 339
244 342
244 377
244 381
244 390
244 393
244 413
244 420
244 429
244 433
244 461
244 464
244 490
244 496
244 498
245 253
245 269
245 279
245 286
245 306
245 307
245 308
245 315
245 325
245 342
245 353
245 378
245 381
245 395
245 399
245 400
245 411
245 414
245 432
245 437
245 442
245 445
245 455
245 459
245 462
245 465
245 486
246 247
246 249
246 276
246 277
246 303
246 313
246 318
246 322
246 337
246 342
246 347
246 356
246 360
246 377
246 386
246 400
246 412
246 429
246 438
246 443
246 448
246 458
246 460
246 464
246 470
246 490
247 250
247 253
247 294
247 324
247 352
247 353
247 359
247 360
247 367
247 371
247 374
247 408
247 414
247 418
247 420
247 424
247 436
247 440
247 464
247 475
247 478
247 481
247 482
247 498
247 499
248 251
248 275
248 286
248 292
248 297
248 298
248 325
248 337
248 353
248 356
248 361
248 372
248 380
248 429
248 437
248 467
248 468
248 479
248 491
248 493
248 499
249 292
249 301
249 302
249 318
249 326
249 339
249 350
249 352
249 356
249 360
249 373
249 398
249 416
249 424
249 428
249 430
249 440
249 446
249 453
249 455
249 468
249 470
249 471
249 485
250 268
250 291
250 293
250 296
250 316
250 334
250 338
250 344
250 357
250 362
250 368
250 371
250 382
250 390
250 403
250 413
250 415
250 420
250 442
250 443
250 446
250 470
250 494
251 256
251 260
251 262
251 285
251 288
251 296
251 325
251 332
251 338
251 356
251 357
251 369
251 371
251 385
251 392
251 418
251 421
251 423
251 431
251 443
251 489
251 493
251 494
252 259
252 260
252 263
252 265
252 268
252 287
252 294
252 295
252 299
252 302
252 338
252 346
252 347
252 363
252 372
252 374
252 376
252 388
252 397
252 399
252 415
252 464
252 482
252 483
253 259
253 274
253 282
253 302
253 321
253 348
253 367
253 370
253 389
253 390
253 408
253 426
253 427
253 440
253 455
253 463
254 279
254 297
254 312
254 320
254 335
254 343
254 357
254 364
254 377
254 380
254 394
254 400
254 405
254 418
254 422
254 427
254 429
254 431
254 432
254 454
254 464
254 475
254 492
254 495
255 266
255 292
255 294
255 298
255 310
255 326
255 327
255 339
255 346
255 370
255 381
255 383
255 389
255 395
255 405
255 406
255 416
255 434
255 452
255 472
255 478
255 482
255 489
256 270
256 285
256 295
256 296
256 300
256 321
256 323
256 328
256 331
256 336
256 342
256 346
256 367
256 371
256 411
256 423
256 435
256 452
256 454
256 498
257 261
257 267
257 274
257 278
257 289
257 290
257 300
257 303
257 307
257 319
257 339
257 346
257 380
257 382
257 419
257 432
257 439
257 464
257 482
257 487
258 265
258 267
258 268
258 284
258 286
258 287
258 311
258 320
258 325
258 358
258 365
258 375
258 380
258 382
258 389
258 437
258 443
258 448
258 461
258 466
258 473
258 477
258 483
258 489
258 491
259 263
259 266
259 286
259 291
259 292
259 293
259 294
259 301
259 303
259 304
259 313
259 330
259 346
259 366
259 415
259 417
259 420
259 430
259 432
259 435
259 448
259 455
259 458
259 464
259 473
259 475
259 492
259 499
260 267
260 271
260 282
260 298
260 300
260 302
260 326
260 330
260 341
260 346
260 347
260 348
260 351
260 372
260 406
260 413
260 419
260 446
260 447
260 456
260 460
260 487
260 488
261 262
261 263
261 264
261 282
261 283
261 291
261 311
261 357
261 371
261 448
261 458
261 486
261 488
262 282
262 283
262 289
262 291
262 293
262 306
262 354
262 366
262 368
262 378
262 397
262 399
262 405
262 416
262 423
262 427
262 432
262 439
262 461
262 477
262 491
262 495
263 276
263 292
263 301
263 308
263 324
263 331
263 334
263 353
263 360
263 372
263 396
263 398
263 417
263 418
263 440
263 457
263 465
263 477
263 481
263 497
264 298
264 313
264 319
264 322
264 358
264 364
264 383
264 400
264 403
264 406
264 408
264 424
264 437
264 443
264 450
264 453
264 460
264 473
264 483
264 486
265 266
265 278
265 286
265 311
265 321
265 330
265 340
265 345
265 347
265 348
265 352
265 358
265 365
265 376
265 418
265 426
265 427
265 438
265 452
265 485
266 271
266 274
266 277
266 280
266 281
266 287
266 311
266 317
266 359
266 361
266 372
266 375
266 393
266 396
266 406
266 409
266 416
266 419
266 426
266 433
266 434
266 453
266 458
266 482
267 279
267 305
267 317
267 328
267 332
267 352
267 366
267 403
267 416
267 418
267 422
267 456
267 458
267 482
267 496
268 275
268 277
268 281
268 291
268 295
268 304
268 331
268 380
268 392
268 393
268 411
268 418
268 460
268 471
268 489
268 495
268 499
269 282
269 297
269 302
269 307
269 320
269 328
269 329
269 340
269 341
269 342
269 352
269 356
269 388
269 395
269 407
269 419
269 430
269 461
269 467
269 498
270 274
270 280
270 285
270 296
270 302
270 311
270 317
270 346
270 347
270 352
270 387
270 390
270 401
270 404
270 410
270 413
270 449
270 461
270 473
270 488
271 276
271 288
271 297
271 306
271 312
271 318
271 350
271 363
271 374
271 394
271 407
271 426
271 462
271 466
271 474
272 281
272 290
272 300
272 301
272 332
272 355
272 367
272 387
272 388
272 414
272 421
272 426
272 440
272 445
272 454
272 483
273 274
273 278
273 280
273 317
273 319
273 323
273 350
273 351
273 353
273 355
273 357
273 362
273 409
273 419
273 420
273 426
273 449
273 461
273 479
273 480
273 489
273 490
273 492
274 301
274 303
274 329
274 334
274 335
274 336
274 351
274 367
274 371
274 374
274 376
274 377
274 411
274 415
274 438
274 444
274 452
274 461
274 472
274 473
274 486
274 495
274 497
275 286
275 300
275 305
275 306
275 310
275 324
275 327
275 349
275 354
275 387
275 388
275 401
275 403
275 404
275 412
275 414
275 436
275 450
275 472
275 482
275 485
275 496
276 318
276 349
276 354
276 373
276 380
276 384
276 392
276 394
276 395
276 401
276 410
276 411
276 417
276 423
276 462
276 471
276 486
276 499
277 286
277 293
277 301
277 366
277 368
277 370
277 401
277 405
277 426
277 445
277 453
277 469
277 482
278 279
278 285
278 286
278 306
278 359
278 386
278 388
278 399
278 415
278 416
278 417
278 420
278 428
278 436
278 443
278 461
278 475
278 480
279 285
279 288
279 291
279 302
279 320
279 349
279 360
279 392
279 400
279 404
279 416
279 428
279 429
279 435
279 437
279 438
279 455
279 468
279 472
279 482
279 483
280 293
280 312
280 353
280 367
280 374
280 378
280 382
280 410
280 420
280 434
280 436
280 450
280 456
280 462
280 472
280 483
280 488
280 494
281 287
281 290
281 296
281 303
281 323
281 350
281 359
281 384
281 388
281 404
281 418
281 464
281 465
281 485
282 302
282 312
282 333
282 339
282 341
282 346
282 358
282 370
282 387
282 396
282 407
282 422
282 438
282 441
282 445
282 456
282 469
282 484
283 284
283 301
283 302
283 327
283 334
283 335
283 343
283 345
283 346
283 361
283 386
283 391
283 393
283 398
283 406
283 432
283 446
283 453
283 468
283 480
283 481
284 289
284 306
284 321
284 337
284 338
284 345
284 352
284 361
284 370
284 380
284 392
284 408
284 413
284 416
284 424
284 427
284 434
284 444
284 448
284 481
284 488
284 489
284 494
285 301
285 308
285 341
285 342
285 345
285 355
285 374
285 397
285 404
285 435
285 447
285 451
285 457
285 460
285 476
285 477
285 499
286 288
286 293
286 305
286 313
286 321
286 336
286 341
286 342
286 346
286 349
286 359
286 369
286 382
286 396
286 434
286 439
286 446
286 466
286 468
287 313
287 322
287 327
287 330
287 338
287 363
287 366
287 397
287 406
287 413
287 430
287 433
287 440
287 454
287 458
287 490
287 493
288 331
288 344
288 347
288 395
288 408
288 412
288 432
288 449
288 459
288 464
288 481
289 295
289 304
289 319
289 325
289 330
289 332
289 366
289 367
289 368
289 375
289 383
289 453
289 458
289 461
289 480
289 484
290 294
290 298
290 301
290 315
290 316
290 318
290 321
290 342
290 356
290 368
290 384
290 390
290 422
290 424
290 444
290 447
290 449
290 454
290 467
290 478
290 479
291 292
291 297
291 307
291 311
291 324
291 325
291 332
291 342
291 353
291 370
291 371
291 376
291 382
291 384
291 401
291 406
291 407
291 418
291 422
291 431
291 441
291 442
291 447
291 455
291 460
291 469
291 479
291 497
292 307
292 317
292 339
292 344
292 360
292 364
292 417
292 428
292 436
292 450
292 453
292 458
292 460
292 481
292 489
292 493
292 497
293 295
293 296
293 302
293 313
293 351
293 367
293 371
293 375
293 381
293 388
293 389
293 399
293 417
293 420
293 424
293 433
293 443
293 452
293 460
293 476
293 485
293 490
293 498
294 313
294 330
294 337
294 344
294 366
294 380
294 385
294 399
294 405
294 411
294 415
294 422
294 424
294 433
294 440
294 447
294 454
294 465
294 466
294 469
294 484
294 494
295 301
295 310
295 321
295 341
295 348
295 362
295 375
295 376
295 402
295 410
295 420
295 422
295 430
295 437
295 439
295 454
295 488
296 311
296 312
296 345
296 351
296 353
296 368
296 381
296 382
296 388
296 426
296 433
296 441
296 443
296 480
296 482
297 318
297 322
297 323
297 329
297 334
297 342
297 357
297 359
297 360
297 400
297 419
297 422
297 440
297 445
297 458
297 462
297 476
297 487
297 498
298 301
298 307
298 311
298 319
298 330
298 338
298 345
298 346
298 358
298 367
298 368
298 384
298 393
298 394
298 401
298 413
298 414
298 419
298 421
298 427
298 437
298 467
298 488
298 489
299 307
299 314
299 327
299 330
299 340
299 365
299 395
299 400
299 446
299 460
299 489
300 351
300 360
300 371
300 375
300 389
300 409
300 451
300 454
300 469
300 474
300 476
300 495
301 303
301 316
301 324
301 337
301 341
301 356
301 357
301 363
301 365
301 366
301 373
301 388
301 411
301 419
301 445
301 451
301 457
301 468
301 473
301 474
301 481
301 490
302 308
302 341
302 343
302 344
302 345
302 367
302 414
302 415
302 417
302 436
302 437
302 443
302 460
302 462
302 464
302 465
302 490
302 492
302 495
303 313
303 319
303 331
303 332
303 349
303 366
303 373
303 403
303 404
303 407
303 409
303 419
303 424
303 430
303 468
303 479
303 495
303 497
304 319
304 356
304 357
304 359
304 368
304 375
304 379
304 390
304 400
304 415
304 417
304 453
304 478
304 486
304 498
305 307
305 317
305 341
305 346
305 377
305 394
305 420
305 446
305 456
306 331
306 338
306 363
306 375
306 383
306 394
306 400
306 406
306 420
306 437
306 444
306 481
306 489
306 495
306 496
307 364
307 367
307 381
307 384
307 386
307 397
307 402
307 404
307 413
307 419
307 421
307 434
307 444
307 467
307 469
307 472
307 478
307 498
308 328
308 330
308 335
308 345
308 367
308 368
308 379
308 416
308 438
308 446
308 451
308 464
308 471
308 482
308 486
309 321
309 327
309 331
309 356
309 397
309 399
309 407
309 429
309 433
309 435
309 461
309 471
309 477
309 490
309 497
310 313
310 315
310 320
310 322
310 363
310 371
310 385
310 394
310 409
310 428
310 431
310 450
310 455
310 474
310 483
310 485
311 341
311 345
311 348
311 354
311 355
311 359
311 369
311 378
311 387
311 399
311 418
311 425
311 429
311 431
311 433
311 438
311 441
311 449
311 454
311 484
312 347
312 364
312 367
312 387
312 393
312 406
312 416
312 419
312 427
312 434
312 448
312 459
312 462
312 464
312 490
312 496
312 499
313 319
313 323
313 334
313 340
313 345
313 347
313 355
313 357
313 362
313 374
313 414
313 461
313 462
313 468
313 478
314 334
314 362
314 384
314 431
314 433
314 435
314 443
314 445
314 468
314 473
314 496
314 498
314 499
315 333
315 345
315 363
315 404
315 410
315 425
315 461
315 468
315 479
315 482
316 324
316 341
316 362
316 366
316 388
316 392
316 406
316 407
316 409
316 434
316 435
316 440
316 462
316 467
316 471
316 474
316 476
316 478
316 482
316 498
317 331
317 363
317 384
317 392
317 394
317 397
317 429
317 440
317 450
317 486
317 487
317 497
318 330
318 347
318 391
318 394
318 408
318 427
318 457
318 489
319 335
319 370
319 372
319 374
319 375
319 383
319 388
319 413
319 415
319 433
319 435
319 440
319 443
319 452
319 461
319 462
319 474
319 482
319 483
319 486
319 498
320 322
320 324
320 339
320 344
320 345
320 359
320 361
320 363
320 385
320 399
320 421
320 427
320 428
320 438
320 455
320 457
320 458
320 464
320 465
320 476
320 493
320 497
321 356
321 368
321 375
321 387
321 415
321 420
321 452
321 461
321 468
321 476
321 478
321 490
321 491
321 494
321 498
322 339
322 341
322 347
322 358
322 360
322 366
322 375
322 398
322 399
322 409
322 419
322 443
322 460
322 463
322 469
322 479
323 343
323 345
323 346
323 350
323 351
323 357
323 373
323 377
323 387
323 390
323 400
323 408
323 412
323 423
323 450
323 465
323 466
323 467
323 485
323 486
323 496
324 325
324 336
324 347
324 352
324 373
324 376
324 383
324 386
324 389
324 395
324 400
324 418
324 430
324 444
324 498
325 331
325 334
325 351
325 358
325 365
325 369
325 383
325 386
325 414
325 421
325 435
325 442
325 445
325 453
325 454
325 483
325 498
326 327
326 349
326 357
326 358
326 366
326 375
326 382
326 391
326 408
326 409
326 417
326 422
326 424
326 430
326 436
326 444
326 447
326 459
326 460
326 467
327 331
327 349
327 364
327 369
327 372
327 375
327 379
327 383
327 385
327 433
327 436
327 445
327 456
327 473
327 479
327 483
327 487
328 334
328 349
328 374
328 375
328 384
328 386
328 394
328 397
328 400
328 414
328 448
328 454
328 464
328 470
328 473
328 474
328 485
329 333
329 336
329 347
329 350
329 360
329 361
329 372
329 392
329 398
329 415
329 431
329 435
329 447
329 455
329 459
329 471
329 494
329 499
330 334
330 340
330 363
330 364
330 374
330 377
330 397
330 400
330 415
330 418
330 452
330 474
330 490
330 492
331 336
331 350
331 355
331 358
331 398
331 405
331 409
331 427
331 459
331 467
331 491
331 495
332 334
332 350
332 371
332 378
332 396
332 413
332 429
332 430
332 455
332 459
332 466
332 468
332 476
332 481
333 336
333 341
333 354
333 356
333 375
333 377
333 380
333 401
333 404
333 405
333 415
333 422
333 433
333 440
333 460
333 464
333 477
333 484
333 495
334 350
334 357
334 388
334 391
334 392
334 404
334 424
334 429
334 461
334 468
334 480
334 486
335 340
335 371
335 424
335 441
335 446
335 465
335 473
335 476
335 477
335 490
335 495
336 349
336 350
336 351
336 355
336 356
336 358
336 370
336 387
336 405
336 417
336 427
336 431
336 440
336 443
336 446
336 451
336 454
336 488
336 490
337 359
337 391
337 403
337 406
337 414
337 434
337 446
337 459
337 470
337 472
337 475
337 482
337 496
337 498
338 348
338 359
338 361
338 362
338 385
338 402
338 403
338 413
338 431
338 433
338 436
339 343
339 354
339 371
339 376
339 377
339 392
339 396
339 418
339 427
339 433
339 451
339 464
339 478
339 482
339 489
339 496
340 344
340 356
340 389
340 395
340 399
340 404
340 405
340 406
340 407
340 408
340 424
340 432
340 444
340 449
340 451
340 490
340 494
340 498
341 342
341 456
341 493
341 498
342 380
342 382
342 398
342 423
342 424
342 431
342 433
342 467
342 477
342 481
342 493
342 494
342 495
342 499
343 375
343 399
343 405
343 422
343 428
343 429
343 435
343 439
343 456
343 459
343 463
343 481
343 487
343 488
344 352
344 356
344 365
344 385
344 388
344 390
344 392
344 402
344 433
344 455
344 458
344 486
344 499
345 357
345 362
345 366
345 380
345 386
345 397
345 409
345 415
345 453
345 461
345 463
345 467
345 496
345 497
346 360
346 391
346 395
346 399
346 409
346 410
346 416
346 430
346 432
346 455
346 463
346 473
346 475
347 366
347 375
347 387
347 394
347 408
347 417
347 430
347 450
347 454
347 463
347 465
347 474
347 477
347 484
347 490
348 359
348 384
348 389
348 393
348 398
348 403
348 405
348 436
348 470
348 484
348 488
348 497
349 357
349 382
349 417
349 452
349 462
349 470
349 481
349 483
349 488
350 362
350 369
350 380
350 388
350 458
350 463
350 479
350 480
350 481
351 356
351 404
351 406
351 434
351 441
351 451
351 475
351 489
351 491
352 353
352 364
352 404
352 435
352 444
352 465
352 481
352 493
353 355
353 362
353 372
353 375
353 379
353 380
353 386
353 392
353 433
353 434
353 451
353 454
353 465
353 495
354 366
354 373
354 376
354 397
354 420
354 423
354 445
354 447
354 470
354 476
354 479
354 481
354 489
354 492
355 356
355 360
355 365
355 398
355 405
355 419
355 424
355 438
355 456
355 464
355 473
355 477
355 487
355 495
355 496
356 358
356 368
356 398
356 399
356 402
356 410
356 445
356 446
356 448
356 454
356 466
356 471
356 477
357 362
357 370
357 378
357 392
357 400
357 427
357 437
357 445
357 448
357 455
357 456
357 464
357 471
357 472
357 477
357 493
357 496
358 365
358 379
358 393
358 397
358 398
358 401
358 405
358 428
358 434
358 436
358 449
358 464
358 487
358 495
358 496
359 367
359 368
359 371
359 374
359 382
359 385
359 401
359 416
359 448
359 465
359 488
360 361
360 405
360 412
360 413
360 421
360 423
360 434
360 447
360 460
360 472
360 476
360 490
360 491
360 495
361 363
361 385
361 395
361 404
361 406
361 415
361 422
361 428
361 434
361 453
361 454
361 476
361 486
361 488
361 498
362 366
362 369
362 370
362 389
362 394
362 401
362 413
362 430
362 440
362 454
362 465
362 466
362 476
362 484
362 485
363 364
363 365
363 380
363 410
363 428
363 434
363 437
363 444
363 449
363 455
363 460
363 465
363 484
363 493
364 369
364 372
364 387
364 396
364 402
364 405
364 414
364 428
364 439
364 459
364 464
364 465
364 488
365 381
365 424
365 426
365 438
365 442
365 459
365 465
365 468
365 470
365 490
365 492
365 498
366 369
366 401
366 409
366 413
366 417
366 420
366 444
366 447
366 468
366 473
366 487
366 489
366 492
366 495
366 496
367 388
367 394
367 398
367 400
367 409
367 414
367 419
367 429
367 437
367 459
367 481
367 484
367 493
367 499
368 369
368 378
368 396
368 397
368 404
368 413
368 417
368 426
368 427
368 436
368 448
368 452
368 490
368 492
369 372
369 388
369 389
369 391
369 395
369 408
369 412
369 414
369 421
369 429
369 444
369 448
369 450
369 458
369 460
369 466
369 474
369 478
369 482
369 489
369 499
370 386
370 396
370 407
370 412
370 420
370 448
370 451
370 459
370 462
370 464
370 476
370 487
371 384
371 386
371 416
371 431
371 470
371 474
371 486
371 488
371 495
372 377
372 385
372 389
372 394
372 422
372 424
372 429
372 442
372 448
372 449
372 457
372 463
372 465
372 478
372 490
372 495
373 375
373 383
373 394
373 398
373 400
373 408
373 417
373 429
373 431
373 436
373 437
373 458
373 487
373 491
374 382
374 387
374 395
374 450
374 457
374 490
374 495
374 498
375 390
375 432
375 451
375 452
375 470
375 477
375 483
375 493
376 379
376 383
376 386
376 389
376 394
376 399
376 412
376 429
376 442
376 460
376 473
377 381
377 383
377 387
377 399
377 432
377 447
377 450
377 488
378 390
378 399
378 402
378 413
378 440
378 453
378 454
378 456
378 489
379 403
379 429
379 484
379 491
379 495
379 499
380 389
380 399
380 401
380 407
380 422
380 449
380 469
380 470
380 481
380 494
381 384
381 385
381 389
381 395
381 403
381 411
381 417
381 422
381 433
381 437
381 486
382 387
382 391
382 394
382 403
382 406
382 409
382 448
382 464
383 386
383 408
383 439
383 443
383 447
383 449
383 450
383 456
383 462
383 467
383 473
383 490
384 392
384 406
384 417
384 423
384 428
384 431
384 438
384 449
384 452
384 462
384 480
384 486
385 408
385 439
385 442
385 444
385 448
385 459
385 473
385 474
385 485
385 490
385 498
386 394
386 402
386 409
386 421
386 440
386 449
386 455
386 456
386 473
386 493
386 495
387 423
387 428
387 431
387 468
387 472
388 426
388 433
388 442
388 450
388 457
388 465
388 488
389 392
389 395
389 396
389 402
389 408
389 416
389 424
389 443
389 457
389 458
389 469
389 473
389 484
389 487
389 494
389 496
390 399
390 429
390 441
390 454
390 475
391 402
391 403
391 414
391 419
391 428
391 437
391 443
391 446
391 454
391 482
392 404
392 411
392 414
392 415
392 417
392 420
392 435
392 436
392 437
392 447
392 448
392 467
392 473
392 475
392 488
392 490
393 394
393 406
393 410
393 422
393 425
393 427
393 436
393 438
393 448
393 449
393 477
393 496
394 395
394 397
394 399
394 410
394 420
394 425
394 427
394 443
394 445
394 463
394 484
394 494
394 496
395 400
395 422
395 423
395 433
395 439
395 442
395 467
395 473
395 480
395 491
395 496
395 498
396 397
396 402
396 410
396 430
396 434
396 443
396 452
396 455
396 479
396 496
397 407
397 436
397 467
397 471
397 479
398 399
398 433
398 454
398 474
398 486
398 487
398 489
398 492
399 406
399 425
399 449
399 455
399 461
399 466
399 478
399 496
400 404
400 408
400 414
400 418
400 424
400 434
400 438
400 463
400 469
400 476
401 414
401 432
401 434
401 436
401 488
402 407
402 424
402 441
402 450
402 457
402 460
402 473
402 478
402 488
402 491
403 406
403 415
403 430
403 439
403 448
403 467
403 480
403 482
403 487
403 499
404 408
404 438
404 446
404 447
404 463
404 466
404 468
405 412
405 418
405 419
405 435
405 443
405 450
405 451
405 454
405 469
405 475
405 480
405 483
406 417
406 418
406 430
406 434
406 478
407 420
407 431
407 434
407 436
407 439
407 441
407 449
407 454
407 497
408 427
408 443
408 480
408 484
408 489
408 492
408 493
409 412
409 424
409 430
409 438
409 444
409 456
409 462
409 465
409 467
409 471
409 481
409 487
409 488
409 491
410 418
410 419
410 422
410 424
410 434
410 437
410 447
410 449
410 465
410 474
410 483
411 417
411 439
411 458
412 418
412 422
412 438
412 443
412 454
412 467
412 469
412 471
412 484
412 493
413 415
413 424
413 426
413 430
413 431
413 438
413 444
413 470
413 484
413 486
413 487
413 489
413 493
413 498
414 426
414 432
414 444
414 449
414 460
414 462
414 472
414 485
414 491
414 492
415 417
415 437
415 438
415 439
415 454
415 456
415 485
415 491
415 496
415 499
416 433
416 474
416 478
416 486
417 419
417 439
417 444
417 455
417 464
417 470
418 420
418 458
418 459
418 474
418 485
419 426
419 428
419 436
419 449
419 450
419 467
419 469
419 483
419 486
419 488
420 454
420 488
420 490
421 432
421 449
421 467
421 485
422 429
422 435
422 445
422 448
422 449
422 450
422 455
422 479
423 433
423 436
423 462
423 471
423 488
423 494
424 453
424 458
424 464
424 475
424 476
424 483
424 487
424 493
425 426
425 438
425 447
425 460
425 468
425 473
425 491
425 493
426 446
426 452
426 479
426 488
427 443
427 448
427 453
427 459
427 465
427 467
427 472
427 473
427 492
428 434
428 437
428 440
428 463
428 475
428 483
428 486
428 497
429 434
429 441
429 467
429 483
429 493
430 435
430 443
430 483
430 485
430 499
431 445
431 446
431 454
431 458
431 493
432 444
432 452
432 462
432 465
432 473
432 486
433 435
433 454
433 455
433 469
433 476
433 482
433 497
434 439
434 440
434 445
434 452
434 460
434 467
434 475
434 481
434 488
434 498
435 464
435 468
435 492
436 444
436 451
436 459
436 463
436 486
436 492
437 444
437 450
437 467
437 485
437 486
438 450
438 464
438 466
439 463
439 472
439 473
439 474
439 486
439 494
440 468
440 473
440 482
441 460
441 464
441 472
441 481
441 483
442 448
442 467
442 468
442 471
442 481
442 488
442 496
443 449
443 455
443 462
443 468
443 470
443 478
443 479
443 489
443 490
444 486
444 494
445 449
445 450
445 459
445 466
445 477
445 486
446 460
446 486
446 493
446 494
446 495
446 496
446 499
447 459
448 455
448 456
448 459
448 466
448 469
448 479
448 482
448 485
448 498
449 453
449 454
449 455
449 461
450 466
450 474
450 485
450 489
450 492
451 487
451 492
451 497
452 462
452 465
452 480
453 456
453 466
453 477
453 483
453 491
454 459
455 462
455 468
455 481
455 483
455 486
456 458
456 479
456 486
456 491
456 497
457 461
457 469
457 493
457 494
458 476
459 474
460 477
460 480
460 492
460 494
460 499
461 467
461 471
461 477
461 490
461 491
462 469
462 471
462 482
462 495
463 489
464 468
464 469
464 471
464 473
464 476
464 486
464 490
465 472
465 474
466 482
466 497
468 473
469 482
470 471
470 485
470 487
471 474
472 480
472 495
473 475
473 476
473 484
473 489
474 485
474 486
474 487
474 490
475 480
475 487
475 490
476 489
477 483
477 484
477 493
478 485
478 490
478 495
479 491
480 496
482 494
482 499
483 486
483 497
484 489
484 490
485 487
486 489
486 492
488 493
498 499
