500 10063 0.8
0 6
0 48
0 80
0 82
0 152
0 165
0 195
0 225
0 252
0 256
0 268
0 301
0 320
0 330
0 346
0 362
0 363
0 369
0 378
0 388
0 389
0 391
0 399
0 412
0 421
0 422
0 429
0 432
0 445
0 450
0 477
0 495
1 16
1 36
1 52
1 108
1 144
1 150
1 160
1 185
1 197
1 206
1 208
1 220
1 221
1 243
1 246
1 250
1 293
1 296
1 355
1 358
1 362
1 390
1 397
1 398
1 401
1 404
1 411
1 427
1 435
1 454
2 8
2 9
2 11
2 12
2 28
2 32
2 46
2 47
2 49
2 88
2 121
2 161
2 164
2 184
2 208
2 235
2 243
2 244
2 246
2 255
2 258
2 264
2 267
2 273
2 332
2 351
2 357
2 362
2 369
2 372
2 377
2 382
2 395
2 410
2 411
2 435
2 439
2 455
2 464
2 467
2 471
2 473
2 479
2 490
3 4
3 7
3 16
3 50
3 54
3 84
3 85
3 98
3 100
3 108
3 114
3 135
3 139
3 157
3 159
3 172
3 182
3 209
3 228
3 266
3 279
3 293
3 303
3 304
3 310
3 333
3 347
3 360
3 363
3 364
3 376
3 400
3 414
3 429
3 431
3 433
3 434
3 449
3 461
3 470
3 476
3 498
4 10
4 11
4 15
4 30
4 31
4 32
4 47
4 61
4 69
4 87
4 113
4 115
4 133
4 139
4 141
4 143
4 149
4 151
4 154
4 155
4 165
4 190
4 192
4 197
4 222
4 229
4 230
4 237
4 241
4 245
4 256
4 274
4 276
4 277
4 287
4 296
4 303
4 308
4 316
4 319
4 328
4 349
4 366
4 370
4 381
4 390
4 400
4 414
4 431
4 439
4 480
4 483
5 17
5 66
5 75
5 86
5 105
5 107
5 110
5 127
5 128
5 130
5 134
5 138
5 141
5 143
5 167
5 175
5 186
5 223
5 234
5 235
5 240
5 261
5 262
5 263
5 268
5 272
5 275
5 280
5 298
5 309
5 314
5 317
5 329
5 336
5 347
5 377
5 391
5 398
5 407
5 425
5 428
5 443
5 450
5 469
5 476
5 481
6 23
6 61
6 73
6 74
6 93
6 108
6 149
6 153
6 168
6 170
6 181
6 182
6 188
6 191
6 250
6 270
6 284
6 296
6 303
6 305
6 312
6 351
6 366
6 370
6 390
6 398
6 404
6 427
6 465
6 490
6 493
6 496
6 497
7 24
7 27
7 49
7 61
7 63
7 89
7 98
7 110
7 147
7 150
7 163
7 167
7 194
7 197
7 209
7 221
7 248
7 266
7 286
7 307
7 309
7 332
7 352
7 360
7 376
7 377
7 382
7 392
7 410
7 415
7 436
7 445
7 447
7 466
7 468
7 490
8 11
8 14
8 24
8 33
8 37
8 47
8 48
8 54
8 58
8 60
8 73
8 100
8 141
8 142
8 151
8 167
8 179
8 209
8 249
8 258
8 278
8 280
8 285
8 300
8 304
8 308
8 310
8 320
8 322
8 324
8 326
8 327
8 353
8 356
8 363
8 399
8 405
8 416
8 418
8 433
8 440
8 442
8 447
8 448
8 464
8 468
8 483
9 15
9 20
9 28
9 33
9 34
9 59
9 72
9 80
9 85
9 87
9 119
9 122
9 124
9 131
9 147
9 150
9 154
9 163
9 173
9 175
9 186
9 191
9 207
9 235
9 236
9 253
9 254
9 261
9 272
9 273
9 276
9 278
9 284
9 299
9 307
9 314
9 346
9 347
9 392
9 395
9 400
9 409
9 412
9 421
9 423
9 430
9 436
9 439
9 452
9 455
9 462
10 13
10 55
10 71
10 88
10 89
10 91
10 96
10 110
10 115
10 148
10 157
10 170
10 175
10 179
10 196
10 209
10 211
10 214
10 224
10 231
10 246
10 284
10 307
10 316
10 339
10 340
10 368
10 370
10 396
10 398
10 412
10 419
10 423
10 424
10 445
10 475
11 18
11 19
11 36
11 42
11 43
11 57
11 72
11 82
11 88
11 101
11 108
11 123
11 141
11 144
11 149
11 151
11 153
11 162
11 172
11 175
11 181
11 183
11 215
11 273
11 274
11 278
11 285
11 287
11 288
11 304
11 306
11 317
11 325
11 331
11 357
11 358
11 360
11 362
11 375
11 378
11 412
11 414
11 421
11 422
11 431
11 446
11 449
11 450
11 462
11 492
11 498
12 26
12 37
12 67
12 79
12 101
12 123
12 124
12 168
12 212
12 214
12 223
12 224
12 228
12 239
12 264
12 268
12 269
12 286
12 303
12 311
12 326
12 341
12 388
12 391
12 392
12 403
12 416
12 418
12 423
12 428
12 435
12 437
12 461
12 463
12 464
12 468
12 482
12 498
12 499
13 20
13 21
13 23
13 39
13 41
13 55
13 65
13 72
13 74
13 75
13 84
13 86
13 97
13 136
13 147
13 150
13 163
13 174
13 179
13 198
13 218
13 248
13 261
13 275
13 283
13 287
13 292
13 296
13 305
13 324
13 325
13 329
13 346
13 347
13 353
13 361
13 374
13 377
13 396
13 422
13 453
13 460
13 464
13 482
13 483
14 22
14 31
14 38
14 39
14 58
14 64
14 68
14 73
14 77
14 94
14 97
14 105
14 126
14 131
14 166
14 170
14 175
14 185
14 192
14 204
14 208
14 210
14 226
14 233
14 263
14 264
14 267
14 291
14 299
14 320
14 352
14 399
14 416
14 432
14 438
14 447
14 452
14 458
14 461
14 464
15 25
15 41
15 74
15 95
15 119
15 129
15 177
15 186
15 190
15 195
15 200
15 202
15 204
15 221
15 227
15 231
15 238
15 245
15 260
15 263
15 265
15 267
15 279
15 281
15 299
15 335
15 355
15 377
15 388
15 392
15 406
15 411
15 427
15 436
15 437
15 439
15 444
15 445
15 448
15 469
15 471
15 476
15 479
15 485
15 498
16 20
16 26
16 28
16 35
16 37
16 42
16 78
16 88
16 126
16 158
16 161
16 169
16 174
16 179
16 185
16 204
16 211
16 221
16 247
16 272
16 276
16 287
16 288
16 325
16 330
16 371
16 375
16 396
16 400
16 417
16 418
16 444
16 447
16 456
16 474
16 478
17 18
17 36
17 42
17 71
17 72
17 80
17 86
17 91
17 96
17 98
17 102
17 106
17 125
17 153
17 165
17 172
17 178
17 184
17 200
17 219
17 235
17 240
17 246
17 251
17 285
17 294
17 304
17 307
17 320
17 336
17 344
17 366
17 388
17 404
17 422
17 436
17 438
17 439
17 449
17 452
17 453
17 455
17 461
17 475
17 482
18 21
18 33
18 42
18 51
18 57
18 70
18 82
18 89
18 91
18 107
18 119
18 133
18 138
18 140
18 147
18 156
18 176
18 190
18 223
18 227
18 229
18 250
18 252
18 259
18 260
18 269
18 276
18 280
18 284
18 288
18 297
18 300
18 309
18 321
18 322
18 343
18 352
18 357
18 365
18 367
18 369
18 387
18 392
18 398
18 414
18 418
18 426
18 443
18 449
18 473
19 43
19 59
19 69
19 71
19 99
19 102
19 108
19 121
19 166
19 195
19 212
19 217
19 226
19 234
19 235
19 241
19 252
19 264
19 273
19 295
19 296
19 299
19 312
19 313
19 328
19 329
19 356
19 366
19 370
19 371
19 377
19 389
19 461
19 485
19 498
20 47
20 86
20 89
20 108
20 111
20 134
20 172
20 187
20 198
20 218
20 251
20 275
20 299
20 315
20 336
20 351
20 357
20 369
20 375
20 394
20 406
20 425
20 442
20 447
20 454
20 463
20 472
20 476
21 54
21 57
21 69
21 75
21 80
21 103
21 118
21 122
21 134
21 141
21 153
21 160
21 168
21 182
21 199
21 215
21 220
21 221
21 223
21 231
21 243
21 281
21 291
21 297
21 335
21 345
21 348
21 355
21 361
21 367
21 369
21 386
21 387
21 394
21 408
21 419
21 434
21 464
21 475
22 37
22 44
22 57
22 115
22 122
22 130
22 164
22 193
22 197
22 207
22 210
22 213
22 229
22 231
22 251
22 259
22 268
22 312
22 321
22 329
22 333
22 356
22 366
22 378
22 385
22 391
22 394
22 401
22 416
22 436
22 437
22 461
22 474
23 27
23 47
23 63
23 71
23 91
23 94
23 134
23 137
23 145
23 153
23 187
23 188
23 198
23 199
23 202
23 212
23 262
23 273
23 284
23 336
23 358
23 362
23 369
23 398
23 400
23 431
23 435
23 438
23 442
23 446
23 449
23 458
23 470
23 473
23 477
24 54
24 56
24 64
24 70
24 106
24 116
24 121
24 122
24 127
24 132
24 138
24 166
24 170
24 177
24 183
24 185
24 187
24 216
24 225
24 227
24 230
24 231
24 237
24 244
24 252
24 334
24 357
24 378
24 392
24 403
24 415
24 416
24 420
24 426
24 433
24 442
24 448
24 495
25 33
25 44
25 46
25 48
25 53
25 71
25 76
25 81
25 83
25 86
25 87
25 100
25 111
25 126
25 130
25 133
25 138
25 144
25 160
25 194
25 254
25 278
25 300
25 303
25 314
25 365
25 373
25 375
25 397
25 424
25 431
25 434
25 448
25 455
25 461
25 497
26 48
26 84
26 91
26 124
26 125
26 135
26 161
26 170
26 222
26 226
26 229
26 256
26 267
26 277
26 279
26 314
26 323
26 324
26 327
26 347
26 413
26 459
26 498
27 33
27 35
27 50
27 63
27 66
27 67
27 97
27 101
27 107
27 110
27 113
27 124
27 129
27 185
27 188
27 193
27 201
27 206
27 235
27 267
27 271
27 283
27 294
27 301
27 316
27 327
27 366
27 374
27 377
27 381
27 401
27 415
27 438
27 447
27 482
27 484
27 486
27 496
28 29
28 30
28 51
28 87
28 95
28 101
28 127
28 129
28 131
28 137
28 161
28 169
28 180
28 191
28 215
28 217
28 232
28 242
28 250
28 277
28 299
28 316
28 317
28 319
28 324
28 326
28 347
28 355
28 365
28 366
28 367
28 382
28 426
28 427
28 464
28 475
28 496
29 38
29 61
29 70
29 81
29 85
29 92
29 95
29 101
29 118
29 133
29 145
29 151
29 166
29 187
29 190
29 196
29 226
29 231
29 239
29 244
29 251
29 253
29 271
29 309
29 334
29 356
29 367
29 403
29 433
29 447
29 448
29 461
29 465
29 468
29 477
29 480
29 486
30 37
30 77
30 78
30 88
30 92
30 118
30 128
30 138
30 163
30 175
30 179
30 184
30 191
30 196
30 225
30 226
30 233
30 237
30 243
30 255
30 258
30 277
30 280
30 296
30 301
30 321
30 335
30 339
30 350
30 356
30 388
30 393
30 408
30 421
30 426
30 438
30 450
30 452
30 472
30 477
30 479
30 494
30 499
31 58
31 84
31 91
31 93
31 102
31 118
31 134
31 173
31 184
31 188
31 189
31 233
31 251
31 263
31 265
31 271
31 276
31 303
31 306
31 310
31 314
31 319
31 358
31 362
31 366
31 370
31 390
31 395
31 400
31 403
31 415
31 420
31 422
31 424
31 432
31 443
31 448
31 450
31 451
31 452
31 478
31 481
31 490
31 499
32 35
32 73
32 74
32 76
32 78
32 148
32 151
32 157
32 161
32 169
32 171
32 202
32 203
32 212
32 215
32 231
32 232
32 245
32 249
32 258
32 259
32 260
32 263
32 276
32 287
32 294
32 297
32 313
32 315
32 316
32 319
32 329
32 338
32 356
32 379
32 382
32 384
32 396
32 406
32 409
32 410
32 420
32 422
32 428
32 433
32 439
32 446
32 452
32 472
32 487
33 43
33 48
33 61
33 64
33 86
33 98
33 99
33 122
33 127
33 134
33 145
33 174
33 199
33 217
33 222
33 227
33 251
33 286
33 295
33 308
33 317
33 323
33 335
33 343
33 362
33 367
33 371
33 386
33 387
33 412
33 422
33 424
33 425
33 446
33 454
33 456
33 476
33 482
34 102
34 108
34 123
34 151
34 162
34 171
34 188
34 196
34 230
34 278
34 285
34 302
34 303
34 361
34 392
34 398
34 412
34 427
34 455
34 456
34 466
34 474
34 479
34 492
35 42
35 52
35 60
35 75
35 81
35 106
35 121
35 123
35 133
35 135
35 138
35 151
35 157
35 165
35 207
35 242
35 250
35 310
35 313
35 337
35 350
35 387
35 394
35 398
35 401
35 406
35 419
35 435
35 439
35 446
35 448
35 449
35 477
36 40
36 41
36 77
36 157
36 164
36 166
36 172
36 173
36 189
36 225
36 228
36 238
36 253
36 271
36 305
36 308
36 310
36 320
36 337
36 347
36 369
36 405
36 407
36 408
36 425
36 429
36 447
36 475
36 487
36 492
36 493
36 496
36 497
37 42
37 43
37 65
37 77
37 98
37 101
37 103
37 132
37 157
37 169
37 193
37 194
37 208
37 232
37 239
37 240
37 290
37 315
37 339
37 340
37 341
37 361
37 362
37 372
37 378
37 390
37 395
37 405
37 413
37 422
37 424
37 429
37 467
38 46
38 60
38 81
38 92
38 112
38 118
38 182
38 230
38 242
38 247
38 248
38 272
38 285
38 316
38 367
38 393
38 428
38 431
38 479
38 482
38 485
38 486
38 489
39 43
39 57
39 61
39 83
39 94
39 98
39 103
39 122
39 123
39 139
39 140
39 149
39 156
39 157
39 175
39 178
39 194
39 198
39 201
39 212
39 232
39 242
39 268
39 300
39 306
39 313
39 322
39 327
39 329
39 338
39 339
39 355
39 359
39 361
39 363
39 386
39 388
39 391
39 393
39 420
39 421
39 428
39 429
39 435
39 438
39 439
39 442
39 447
39 458
39 469
39 475
39 478
40 43
40 70
40 83
40 84
40 92
40 107
40 110
40 114
40 117
40 125
40 128
40 144
40 163
40 165
40 169
40 185
40 199
40 226
40 231
40 250
40 258
40 263
40 268
40 275
40 291
40 298
40 308
40 321
40 323
40 336
40 350
40 371
40 393
40 422
40 441
40 472
40 483
40 491
41 75
41 76
41 80
41 88
41 95
41 109
41 150
41 154
41 215
41 249
41 250
41 252
41 272
41 304
41 318
41 331
41 341
41 347
41 353
41 359
41 362
41 392
41 443
41 465
41 466
41 470
42 49
42 61
42 68
42 73
42 79
42 93
42 105
42 107
42 119
42 142
42 151
42 168
42 188
42 220
42 230
42 235
42 255
42 303
42 307
42 317
42 318
42 332
42 342
42 348
42 361
42 389
42 413
42 414
42 451
42 453
42 455
43 51
43 72
43 81
43 89
43 90
43 101
43 123
43 134
43 153
43 163
43 169
43 175
43 206
43 225
43 240
43 260
43 278
43 281
43 316
43 317
43 334
43 342
43 351
43 373
43 383
43 385
43 387
43 416
43 421
43 422
43 449
43 489
43 491
43 496
44 47
44 51
44 54
44 72
44 83
44 88
44 90
44 91
44 112
44 129
44 131
44 140
44 155
44 167
44 180
44 197
44 199
44 213
44 232
44 234
44 238
44 241
44 251
44 273
44 295
44 297
44 308
44 327
44 337
44 346
44 358
44 368
44 371
44 384
44 391
44 405
44 416
44 418
44 426
44 448
44 458
44 478
44 490
44 493
44 499
45 53
45 65
45 73
45 80
45 87
45 91
45 95
45 99
45 100
45 102
45 124
45 132
45 150
45 155
45 158
45 179
45 186
45 191
45 198
45 219
45 226
45 227
45 229
45 261
45 287
45 295
45 305
45 314
45 317
45 319
45 333
45 346
45 359
45 369
45 370
45 376
45 391
45 400
45 421
45 427
45 441
45 459
45 492
46 47
46 52
46 58
46 119
46 120
46 141
46 144
46 152
46 179
46 213
46 218
46 225
46 247
46 255
46 258
46 259
46 272
46 287
46 297
46 298
46 306
46 311
46 313
46 338
46 339
46 353
46 356
46 358
46 369
46 373
46 397
46 402
46 403
46 419
46 432
46 437
46 451
46 458
46 460
46 466
46 478
46 492
46 496
47 60
47 65
47 73
47 77
47 107
47 109
47 110
47 113
47 127
47 130
47 151
47 175
47 205
47 211
47 216
47 246
47 264
47 275
47 280
47 281
47 290
47 294
47 314
47 324
47 325
47 339
47 384
47 395
47 410
47 423
47 424
47 435
47 460
47 466
47 474
47 484
47 492
48 60
48 61
48 70
48 83
48 100
48 135
48 142
48 147
48 182
48 201
48 207
48 238
48 242
48 250
48 266
48 273
48 276
48 282
48 327
48 332
48 338
48 357
48 370
48 385
48 395
48 404
48 422
48 437
48 452
48 454
48 459
48 472
48 473
48 477
48 492
49 96
49 115
49 129
49 134
49 141
49 151
49 161
49 165
49 183
49 198
49 209
49 214
49 225
49 244
49 256
49 262
49 269
49 279
49 301
49 356
49 363
49 370
49 383
49 397
49 402
49 412
49 414
49 419
49 444
49 458
49 473
49 492
49 494
49 495
49 499
50 61
50 69
50 78
50 96
50 106
50 111
50 126
50 156
50 159
50 169
50 190
50 195
50 198
50 201
50 225
50 226
50 235
50 240
50 241
50 265
50 319
50 326
50 342
50 353
50 359
50 364
50 373
50 396
50 407
50 424
50 427
50 429
50 436
50 443
50 444
50 465
50 468
50 494
51 61
51 70
51 104
51 111
51 128
51 135
51 147
51 180
51 229
51 241
51 268
51 303
51 313
51 332
51 340
51 345
51 346
51 352
51 373
51 380
51 405
51 422
51 432
51 461
51 462
51 470
51 474
52 69
52 75
52 92
52 112
52 125
52 126
52 127
52 137
52 158
52 182
52 185
52 191
52 196
52 201
52 216
52 218
52 223
52 232
52 246
52 258
52 268
52 284
52 295
52 302
52 315
52 323
52 324
52 344
52 354
52 372
52 379
52 392
52 417
52 423
52 428
52 452
52 474
52 479
52 482
52 485
52 496
52 498
53 67
53 73
53 76
53 88
53 89
53 128
53 155
53 165
53 170
53 172
53 180
53 195
53 212
53 230
53 233
53 250
53 251
53 269
53 271
53 303
53 310
53 318
53 322
53 327
53 328
53 332
53 340
53 358
53 366
53 368
53 386
53 420
53 428
53 430
53 479
53 489
53 490
53 497
54 74
54 78
54 87
54 95
54 98
54 102
54 107
54 115
54 138
54 140
54 166
54 171
54 216
54 225
54 246
54 252
54 253
54 274
54 286
54 291
54 379
54 380
54 393
54 404
54 405
54 408
54 410
54 411
54 414
54 429
54 439
54 473
54 477
54 499
55 93
55 95
55 125
55 128
55 133
55 151
55 178
55 179
55 193
55 200
55 210
55 214
55 218
55 223
55 225
55 232
55 234
55 257
55 264
55 276
55 277
55 279
55 304
55 312
55 327
55 342
55 346
55 354
55 365
55 369
55 370
55 373
55 383
55 386
55 395
55 403
55 410
55 428
55 432
55 471
55 476
56 59
56 80
56 101
56 102
56 127
56 129
56 130
56 133
56 140
56 162
56 182
56 202
56 211
56 224
56 233
56 237
56 252
56 281
56 293
56 341
56 360
56 369
56 398
56 406
56 421
56 424
56 445
56 473
56 485
57 58
57 86
57 156
57 163
57 166
57 180
57 192
57 207
57 214
57 219
57 224
57 225
57 237
57 239
57 243
57 245
57 252
57 261
57 265
57 278
57 283
57 318
57 321
57 373
57 377
57 379
57 382
57 392
57 440
57 446
57 455
57 478
57 496
58 63
58 65
58 67
58 75
58 79
58 104
58 111
58 116
58 161
58 168
58 177
58 179
58 180
58 195
58 203
58 222
58 237
58 250
58 262
58 266
58 293
58 298
58 307
58 316
58 320
58 337
58 343
58 363
58 380
58 386
58 391
58 398
58 412
58 425
58 441
58 456
58 478
58 480
58 487
58 489
58 499
59 84
59 87
59 107
59 108
59 134
59 139
59 157
59 161
59 162
59 204
59 213
59 225
59 229
59 239
59 249
59 254
59 283
59 292
59 293
59 294
59 303
59 306
59 315
59 334
59 337
59 357
59 360
59 376
59 389
59 402
59 424
59 450
59 457
59 462
59 484
59 499
60 65
60 70
60 94
60 96
60 108
60 111
60 115
60 125
60 135
60 154
60 167
60 178
60 197
60 201
60 224
60 226
60 234
60 238
60 268
60 285
60 295
60 296
60 299
60 316
60 317
60 330
60 370
60 371
60 379
60 386
60 387
60 399
60 402
60 405
60 406
60 430
60 437
60 439
60 444
60 446
60 460
60 461
60 469
60 472
60 476
61 70
61 75
61 90
61 96
61 104
61 105
61 109
61 116
61 121
61 127
61 148
61 166
61 170
61 178
61 205
61 212
61 217
61 233
61 240
61 249
61 256
61 270
61 278
61 290
61 296
61 297
61 302
61 314
61 316
61 341
61 351
61 414
61 417
61 428
61 440
61 458
61 459
61 465
61 466
61 470
61 474
61 475
61 484
61 491
62 80
62 85
62 111
62 131
62 144
62 202
62 222
62 256
62 262
62 265
62 269
62 278
62 281
62 292
62 295
62 345
62 351
62 367
62 381
62 408
62 411
62 428
62 432
62 433
62 436
62 446
62 448
62 452
62 459
62 460
62 472
62 478
62 499
63 92
63 93
63 124
63 135
63 143
63 145
63 155
63 166
63 171
63 176
63 186
63 190
63 194
63 209
63 255
63 263
63 264
63 271
63 283
63 285
63 306
63 323
63 330
63 360
63 364
63 376
63 384
63 389
63 393
63 409
63 410
63 419
63 425
63 451
63 462
63 463
63 464
63 479
64 74
64 75
64 80
64 100
64 139
64 144
64 163
64 181
64 203
64 206
64 211
64 221
64 227
64 229
64 230
64 234
64 250
64 254
64 263
64 268
64 272
64 273
64 296
64 335
64 412
64 419
64 442
64 450
64 458
64 491
65 78
65 87
65 93
65 99
65 111
65 117
65 144
65 165
65 187
65 197
65 205
65 210
65 218
65 230
65 234
65 251
65 268
65 288
65 291
65 314
65 338
65 348
65 350
65 362
65 381
65 390
65 400
65 409
65 410
65 426
65 430
65 470
65 479
66 75
66 86
66 89
66 118
66 150
66 160
66 175
66 186
66 193
66 197
66 210
66 214
66 215
66 216
66 217
66 222
66 295
66 326
66 328
66 334
66 335
66 351
66 365
66 367
66 419
66 422
66 447
66 492
67 71
67 78
67 114
67 124
67 129
67 139
67 140
67 163
67 193
67 197
67 247
67 263
67 291
67 294
67 298
67 310
67 322
67 338
67 344
67 355
67 365
67 381
67 412
67 413
67 421
67 425
67 428
67 433
67 440
67 445
67 455
67 459
67 463
67 464
67 484
67 492
68 71
68 97
68 99
68 114
68 136
68 150
68 172
68 190
68 194
68 201
68 246
68 250
68 259
68 284
68 287
68 305
68 307
68 321
68 349
68 377
68 421
68 423
68 424
68 428
68 436
68 457
68 481
68 489
69 82
69 99
69 104
69 142
69 150
69 163
69 170
69 178
69 186
69 193
69 203
69 237
69 239
69 258
69 264
69 281
69 293
69 300
69 313
69 319
69 361
69 368
69 369
69 379
69 386
69 388
69 422
69 423
69 425
69 431
69 441
69 443
69 444
69 454
69 461
69 462
69 472
69 498
70 91
70 94
70 98
70 100
70 128
70 150
70 155
70 168
70 177
70 192
70 204
70 212
70 231
70 246
70 260
70 266
70 279
70 312
70 328
70 329
70 342
70 358
70 383
70 413
70 437
70 445
70 446
70 465
70 467
70 471
70 476
70 494
71 81
71 121
71 132
71 136
71 151
71 165
71 198
71 257
71 286
71 295
71 313
71 332
71 342
71 362
71 372
71 397
71 411
71 415
71 453
71 477
71 481
71 486
72 82
72 85
72 86
72 107
72 110
72 120
72 127
72 145
72 153
72 159
72 192
72 197
72 205
72 213
72 226
72 242
72 283
72 284
72 285
72 293
72 297
72 322
72 363
72 364
72 367
72 377
72 392
72 393
72 408
72 409
72 428
72 441
72 444
72 449
72 457
72 464
72 467
73 87
73 89
73 92
73 115
73 127
73 170
73 173
73 178
73 193
73 204
73 231
73 238
73 255
73 271
73 273
73 292
73 316
73 320
73 333
73 338
73 370
73 453
73 466
73 467
73 470
74 81
74 96
74 117
74 119
74 123
74 135
74 164
74 169
74 173
74 184
74 189
74 199
74 202
74 204
74 216
74 235
74 238
74 253
74 258
74 268
74 282
74 293
74 300
74 323
74 341
74 346
74 355
74 357
74 359
74 363
74 388
74 404
74 416
74 432
74 458
74 466
74 479
74 490
75 87
75 97
75 101
75 105
75 117
75 120
75 126
75 141
75 175
75 184
75 197
75 236
75 262
75 264
75 268
75 290
75 311
75 315
75 326
75 328
75 330
75 356
75 361
75 401
75 406
75 413
75 414
75 424
75 431
75 432
75 436
75 443
75 454
76 84
76 88
76 93
76 97
76 102
76 104
76 134
76 147
76 155
76 162
76 173
76 190
76 194
76 200
76 206
76 214
76 228
76 274
76 279
76 285
76 287
76 298
76 304
76 308
76 317
76 350
76 360
76 424
76 426
76 440
76 472
76 473
76 493
77 87
77 97
77 110
77 118
77 188
77 209
77 227
77 242
77 244
77 255
77 292
77 302
77 338
77 383
77 394
77 400
77 402
77 422
77 428
77 451
77 474
77 486
77 492
78 99
78 109
78 114
78 115
78 117
78 144
78 151
78 156
78 160
78 169
78 178
78 181
78 202
78 213
78 242
78 247
78 249
78 281
78 291
78 292
78 295
78 328
78 333
78 339
78 354
78 373
78 397
78 458
78 463
78 467
78 491
79 88
79 112
79 145
79 164
79 175
79 184
79 188
79 209
79 213
79 222
79 241
79 260
79 274
79 279
79 281
79 282
79 297
79 307
79 314
79 317
79 322
79 325
79 326
79 346
79 391
79 393
79 409
79 417
79 418
79 425
79 467
79 471
79 473
79 477
79 484
79 486
79 489
80 84
80 85
80 88
80 102
80 140
80 170
80 176
80 185
80 198
80 204
80 221
80 227
80 235
80 242
80 258
80 260
80 278
80 282
80 291
80 301
80 323
80 342
80 348
80 366
80 404
80 477
80 481
80 487
80 494
81 84
81 91
81 100
81 109
81 157
81 158
81 162
81 166
81 175
81 183
81 201
81 204
81 211
81 230
81 242
81 247
81 261
81 266
81 279
81 285
81 291
81 292
81 302
81 334
81 382
81 385
81 390
81 394
81 410
81 416
81 421
81 425
81 437
81 439
81 455
81 465
82 99
82 101
82 125
82 134
82 135
82 144
82 145
82 148
82 152
82 154
82 160
82 173
82 189
82 216
82 217
82 224
82 225
82 228
82 238
82 240
82 304
82 351
82 367
82 405
82 418
82 440
82 450
82 454
82 462
82 477
82 481
82 488
82 496
83 90
83 111
83 117
83 123
83 133
83 177
83 186
83 203
83 231
83 240
83 260
83 289
83 299
83 302
83 307
83 335
83 339
83 340
83 349
83 363
83 380
83 390
83 392
83 393
83 398
83 404
83 414
83 421
83 424
83 432
83 457
83 488
83 493
84 103
84 122
84 129
84 147
84 188
84 193
84 203
84 280
84 322
84 324
84 329
84 331
84 339
84 364
84 378
84 379
84 421
84 431
84 441
84 461
84 472
84 485
84 492
84 498
85 88
85 93
85 99
85 100
85 113
85 126
85 161
85 171
85 175
85 178
85 198
85 210
85 219
85 223
85 238
85 261
85 262
85 263
85 266
85 269
85 270
85 284
85 285
85 287
85 318
85 321
85 336
85 337
85 346
85 377
85 384
85 406
85 419
85 423
85 427
85 444
85 451
85 456
85 457
85 490
86 92
86 120
86 135
86 136
86 144
86 182
86 188
86 191
86 208
86 224
86 227
86 274
86 276
86 307
86 321
86 326
86 344
86 351
86 367
86 401
86 423
86 429
86 431
86 439
86 441
86 454
86 455
86 480
86 489
86 496
86 499
87 106
87 117
87 144
87 148
87 210
87 217
87 219
87 224
87 234
87 235
87 251
87 269
87 297
87 311
87 339
87 344
87 361
87 363
87 365
87 367
87 373
87 406
87 410
87 416
87 421
87 443
87 444
87 445
87 453
87 458
87 484
87 492
88 108
88 134
88 139
88 141
88 151
88 183
88 204
88 216
88 225
88 245
88 258
88 260
88 273
88 288
88 304
88 329
88 332
88 337
88 343
88 363
88 375
88 387
88 399
88 411
88 421
88 431
88 433
88 483
89 97
89 109
89 126
89 155
89 158
89 166
89 173
89 206
89 223
89 229
89 241
89 279
89 292
89 296
89 298
89 312
89 320
89 327
89 332
89 340
89 346
89 356
89 368
89 384
89 394
89 395
89 407
89 452
89 479
89 499
90 118
90 121
90 131
90 138
90 139
90 162
90 179
90 181
90 196
90 209
90 214
90 220
90 226
90 237
90 251
90 276
90 287
90 297
90 315
90 358
90 367
90 376
90 386
90 403
90 413
90 418
90 442
90 443
90 460
90 479
90 486
90 490
90 494
90 495
91 101
91 144
91 154
91 169
91 194
91 197
91 229
91 230
91 252
91 254
91 267
91 284
91 287
91 346
91 358
91 382
91 404
91 439
91 452
91 453
91 454
91 467
91 469
91 470
91 473
91 486
92 94
92 117
92 120
92 141
92 145
92 148
92 149
92 164
92 171
92 200
92 202
92 211
92 223
92 237
92 249
92 253
92 254
92 271
92 302
92 306
92 312
92 313
92 331
92 348
92 356
92 373
92 395
92 401
92 422
92 446
92 454
92 460
92 464
92 483
93 105
93 118
93 130
93 152
93 153
93 154
93 204
93 212
93 213
93 219
93 232
93 235
93 245
93 262
93 271
93 283
93 302
93 317
93 318
93 324
93 327
93 347
93 369
93 395
93 402
93 413
93 421
93 422
93 432
93 462
93 465
93 483
93 490
94 101
94 102
94 117
94 129
94 149
94 159
94 161
94 165
94 175
94 221
94 255
94 266
94 273
94 288
94 291
94 294
94 295
94 312
94 314
94 333
94 347
94 396
94 397
94 404
94 410
94 417
94 426
94 438
94 447
94 461
94 465
94 475
94 484
95 106
95 111
95 129
95 135
95 139
95 156
95 158
95 171
95 173
95 179
95 181
95 191
95 215
95 218
95 240
95 248
95 260
95 291
95 292
95 296
95 316
95 319
95 334
95 336
95 353
95 382
95 399
95 408
95 413
95 425
95 455
95 460
95 491
95 493
96 104
96 110
96 119
96 120
96 121
96 127
96 164
96 169
96 177
96 195
96 213
96 220
96 230
96 239
96 240
96 258
96 262
96 264
96 323
96 326
96 341
96 348
96 356
96 369
96 372
96 382
96 425
96 452
96 459
96 467
96 493
97 100
97 105
97 108
97 113
97 115
97 123
97 126
97 131
97 165
97 180
97 182
97 192
97 195
97 203
97 207
97 236
97 244
97 250
97 263
97 264
97 275
97 308
97 325
97 326
97 361
97 370
97 400
97 404
97 417
97 428
97 450
97 451
97 484
97 486
98 109
98 119
98 120
98 135
98 160
98 167
98 170
98 188
98 190
98 191
98 201
98 202
98 212
98 228
98 235
98 244
98 255
98 259
98 265
98 268
98 270
98 296
98 299
98 302
98 304
98 313
98 315
98 320
98 324
98 328
98 335
98 394
98 408
98 450
98 468
98 480
98 489
98 497
99 107
99 155
99 180
99 186
99 189
99 197
99 202
99 210
99 211
99 223
99 224
99 229
99 287
99 294
99 301
99 340
99 356
99 359
99 373
99 381
99 386
99 388
99 395
99 396
99 402
99 465
99 469
99 472
99 477
100 113
100 121
100 130
100 139
100 140
100 145
100 151
100 193
100 204
100 207
100 209
100 221
100 226
100 244
100 245
100 309
100 313
100 329
100 385
100 394
100 403
100 425
100 434
100 458
100 472
100 486
101 103
101 104
101 105
101 137
101 148
101 155
101 174
101 190
101 211
101 223
101 238
101 239
101 245
101 260
101 264
101 288
101 292
101 305
101 309
101 310
101 313
101 315
101 320
101 340
101 345
101 348
101 360
101 368
101 381
101 402
101 430
101 433
101 472
101 478
102 104
102 108
102 118
102 147
102 155
102 191
102 192
102 195
102 197
102 205
102 210
102 229
102 238
102 240
102 253
102 254
102 257
102 266
102 273
102 276
102 281
102 283
102 308
102 326
102 329
102 331
102 333
102 340
102 343
102 349
102 355
102 365
102 390
102 391
102 409
102 413
102 417
102 421
102 422
102 448
102 452
102 463
102 467
102 469
102 477
102 480
102 494
103 105
103 110
103 125
103 130
103 154
103 172
103 187
103 188
103 218
103 228
103 247
103 255
103 258
103 263
103 275
103 280
103 295
103 349
103 353
103 357
103 362
103 364
103 367
103 381
103 390
103 401
103 409
103 420
103 430
103 432
103 463
103 488
103 492
104 106
104 111
104 112
104 113
104 115
104 116
104 118
104 128
104 131
104 167
104 177
104 188
104 208
104 211
104 237
104 239
104 246
104 248
104 257
104 263
104 272
104 285
104 301
104 306
104 325
104 334
104 357
104 364
104 379
104 384
104 388
104 398
104 400
104 406
104 412
104 433
104 448
104 464
104 468
105 106
105 110
105 120
105 121
105 137
105 143
105 161
105 195
105 211
105 224
105 236
105 258
105 259
105 265
105 277
105 282
105 286
105 292
105 306
105 315
105 320
105 321
105 322
105 324
105 334
105 336
105 391
105 399
105 436
105 465
105 471
105 477
105 483
105 494
106 119
106 126
106 129
106 135
106 175
106 195
106 218
106 220
106 230
106 247
106 250
106 262
106 265
106 278
106 281
106 378
106 389
106 403
106 414
106 420
106 427
106 442
106 467
106 488
106 497
107 117
107 131
107 157
107 166
107 188
107 210
107 212
107 214
107 218
107 219
107 222
107 224
107 232
107 282
107 288
107 335
107 363
107 366
107 396
107 397
107 414
107 416
107 426
107 445
107 466
107 473
107 487
108 128
108 144
108 145
108 146
108 156
108 217
108 226
108 248
108 256
108 263
108 264
108 289
108 291
108 295
108 314
108 315
108 320
108 348
108 378
108 390
108 401
108 406
108 408
108 411
108 415
108 423
108 438
108 457
108 460
108 467
108 479
108 480
108 484
109 114
109 117
109 138
109 144
109 147
109 175
109 180
109 188
109 203
109 216
109 226
109 234
109 249
109 254
109 256
109 269
109 279
109 288
109 290
109 327
109 333
109 370
109 414
109 420
109 432
109 444
109 485
109 494
110 112
110 118
110 135
110 139
110 143
110 163
110 189
110 228
110 233
110 239
110 240
110 246
110 250
110 262
110 278
110 281
110 287
110 298
110 320
110 341
110 345
110 346
110 347
110 348
110 359
110 362
110 368
110 385
110 396
110 407
110 443
110 454
110 473
110 483
110 486
111 123
111 127
111 141
111 159
111 161
111 166
111 167
111 169
111 194
111 200
111 204
111 206
111 236
111 244
111 246
111 248
111 265
111 279
111 303
111 322
111 328
111 330
111 342
111 355
111 362
111 365
111 380
111 395
111 421
111 431
111 484
111 491
112 135
112 143
112 145
112 163
112 168
112 189
112 199
112 205
112 230
112 259
112 296
112 346
112 360
112 399
112 402
112 404
112 407
112 423
112 443
112 462
112 475
112 482
112 493
113 136
113 156
113 173
113 192
113 204
113 205
113 238
113 252
113 256
113 264
113 274
113 277
113 293
113 319
113 358
113 367
113 377
113 400
113 426
113 442
113 450
113 472
113 475
113 484
113 485
113 487
114 122
114 135
114 137
114 152
114 154
114 178
114 195
114 228
114 263
114 274
114 277
114 289
114 328
114 354
114 361
114 371
114 373
114 375
114 382
114 392
114 427
114 443
114 460
114 475
114 477
114 484
115 116
115 126
115 174
115 179
115 190
115 200
115 204
115 236
115 242
115 264
115 269
115 275
115 320
115 325
115 327
115 352
115 355
115 360
115 362
115 371
115 382
115 389
115 390
115 454
115 467
115 471
115 476
116 122
116 123
116 150
116 162
116 163
116 178
116 187
116 192
116 198
116 200
116 205
116 206
116 216
116 224
116 242
116 290
116 292
116 296
116 320
116 321
116 325
116 331
116 339
116 345
116 354
116 380
116 398
116 399
116 401
116 434
116 439
116 451
116 464
116 476
116 490
117 119
117 126
117 149
117 153
117 154
117 161
117 166
117 173
117 177
117 181
117 184
117 197
117 203
117 275
117 288
117 293
117 312
117 314
117 326
117 357
117 368
117 382
117 388
117 391
117 398
117 404
117 408
117 410
117 411
117 463
117 468
117 480
117 481
117 485
118 119
118 147
118 154
118 158
118 168
118 178
118 189
118 206
118 224
118 247
118 251
118 270
118 273
118 278
118 287
118 300
118 309
118 323
118 333
118 358
118 379
118 383
118 405
118 408
118 419
118 438
118 444
118 499
119 121
119 125
119 148
119 164
119 177
119 179
119 196
119 197
119 203
119 223
119 228
119 242
119 260
119 262
119 282
119 296
119 327
119 335
119 339
119 348
119 358
119 393
119 405
119 411
119 436
119 443
119 451
119 458
119 463
119 486
119 493
120 130
120 142
120 146
120 164
120 165
120 166
120 196
120 201
120 216
120 228
120 290
120 341
120 352
120 359
120 385
120 399
120 414
120 424
120 430
120 437
120 438
120 454
120 468
120 478
120 482
120 484
120 496
121 126
121 162
121 170
121 181
121 187
121 251
121 253
121 257
121 266
121 309
121 329
121 338
121 344
121 370
121 375
121 379
121 380
121 389
121 416
121 431
121 433
121 445
121 451
121 452
121 462
122 141
122 176
122 194
122 197
122 208
122 214
122 221
122 238
122 242
122 249
122 251
122 256
122 270
122 274
122 284
122 289
122 298
122 299
122 341
122 355
122 370
122 371
122 376
122 386
122 388
122 404
122 408
122 439
122 441
122 449
122 458
122 464
122 478
122 480
122 495
122 497
123 130
123 131
123 144
123 148
123 152
123 204
123 211
123 266
123 269
123 303
123 310
123 323
123 350
123 393
123 396
123 409
123 410
123 414
123 446
123 466
123 484
123 495
124 137
124 173
124 179
124 185
124 186
124 219
124 251
124 285
124 296
124 304
124 306
124 335
124 336
124 341
124 342
124 348
124 367
124 370
124 380
124 394
124 410
124 412
124 414
124 417
124 426
124 447
124 470
124 473
124 479
125 128
125 184
125 203
125 240
125 252
125 254
125 263
125 280
125 306
125 330
125 331
125 351
125 355
125 360
125 364
125 373
125 380
125 382
125 387
125 404
125 407
125 414
125 415
125 420
125 454
125 483
125 492
126 129
126 136
126 147
126 150
126 172
126 178
126 189
126 198
126 211
126 218
126 228
126 230
126 242
126 250
126 259
126 279
126 280
126 289
126 317
126 354
126 365
126 371
126 372
126 377
126 399
126 406
126 421
126 430
126 444
126 464
126 479
126 499
127 131
127 136
127 138
127 141
127 171
127 228
127 247
127 253
127 309
127 316
127 355
127 362
127 372
127 384
127 418
127 430
127 437
127 449
127 451
127 453
127 463
127 467
127 496
127 497
128 142
128 153
128 156
128 183
128 185
128 207
128 208
128 220
128 233
128 249
128 276
128 291
128 299
128 303
128 306
128 312
128 328
128 338
128 339
128 340
128 345
128 355
128 357
128 364
128 380
128 403
128 408
128 417
128 424
128 444
128 471
128 472
128 480
128 487
128 488
128 493
128 497
129 130
129 139
129 146
129 151
129 152
129 156
129 160
129 174
129 188
129 202
129 211
129 236
129 241
129 245
129 258
129 266
129 289
129 290
129 303
129 332
129 339
129 345
129 347
129 378
129 381
129 395
129 407
129 423
129 431
129 433
129 440
129 444
129 446
129 452
129 453
129 468
130 148
130 156
130 165
130 212
130 226
130 251
130 253
130 268
130 280
130 283
130 285
130 298
130 319
130 323
130 345
130 350
130 352
130 359
130 370
130 373
130 379
130 380
130 384
130 393
130 404
130 405
130 415
130 420
130 445
130 453
130 457
130 474
130 482
130 485
130 494
131 143
131 147
131 148
131 163
131 165
131 170
131 175
131 196
131 206
131 211
131 213
131 216
131 219
131 235
131 241
131 251
131 273
131 309
131 327
131 341
131 347
131 357
131 381
131 409
131 429
131 443
131 446
131 454
131 464
131 470
131 475
132 135
132 136
132 143
132 152
132 155
132 174
132 193
132 197
132 210
132 216
132 220
132 223
132 227
132 230
132 231
132 267
132 281
132 327
132 340
132 356
132 377
132 389
132 390
132 391
132 392
132 406
132 409
132 426
132 429
132 451
132 456
132 467
132 476
132 478
132 493
132 499
133 140
133 142
133 164
133 165
133 193
133 208
133 222
133 224
133 227
133 279
133 295
133 311
133 312
133 314
133 347
133 362
133 363
133 367
133 377
133 379
133 395
133 396
133 441
133 447
133 460
133 482
133 490
133 493
133 496
133 499
134 141
134 152
134 158
134 166
134 205
134 224
134 241
134 266
134 272
134 273
134 307
134 309
134 319
134 347
134 350
134 381
134 392
134 410
134 426
134 431
134 436
134 437
134 440
134 443
134 456
134 468
134 475
134 478
135 138
135 150
135 155
135 162
135 174
135 184
135 199
135 207
135 222
135 229
135 234
135 247
135 253
135 273
135 274
135 298
135 340
135 358
135 367
135 368
135 390
135 396
135 399
135 418
135 420
135 428
135 438
135 454
135 463
135 466
135 481
135 485
135 487
135 492
136 137
136 151
136 155
136 163
136 165
136 177
136 178
136 179
136 180
136 189
136 198
136 206
136 214
136 215
136 217
136 225
136 235
136 237
136 240
136 245
136 250
136 256
136 274
136 275
136 278
136 311
136 315
136 340
136 341
136 343
136 357
136 359
136 373
136 383
136 392
136 408
136 418
136 420
136 435
136 442
136 468
136 479
136 482
136 491
137 159
137 168
137 173
137 181
137 182
137 193
137 196
137 200
137 205
137 245
137 258
137 268
137 276
137 281
137 301
137 334
137 346
137 350
137 359
137 360
137 363
137 371
137 398
137 404
137 406
137 413
137 425
137 439
137 461
137 483
138 152
138 161
138 162
138 173
138 183
138 199
138 209
138 234
138 239
138 255
138 269
138 279
138 281
138 295
138 299
138 303
138 316
138 346
138 360
138 362
138 378
138 383
138 394
138 405
138 421
138 433
138 445
138 447
138 458
138 461
138 498
139 143
139 150
139 159
139 189
139 192
139 197
139 210
139 213
139 247
139 289
139 320
139 342
139 369
139 370
139 377
139 409
139 410
139 414
139 432
139 438
139 453
139 466
139 481
139 486
139 499
140 155
140 162
140 169
140 176
140 187
140 196
140 207
140 254
140 261
140 271
140 281
140 294
140 315
140 368
140 381
140 419
140 445
140 447
140 454
140 464
140 468
140 473
140 477
140 493
140 494
141 161
141 172
141 174
141 181
141 192
141 199
141 200
141 202
141 204
141 214
141 273
141 282
141 324
141 339
141 342
141 343
141 366
141 382
141 391
141 403
141 414
141 416
141 423
141 444
141 447
141 472
141 481
141 486
142 146
142 161
142 177
142 201
142 214
142 222
142 231
142 251
142 264
142 300
142 325
142 326
142 355
142 362
142 367
142 388
142 396
142 423
142 429
142 445
142 473
142 476
142 484
142 489
143 153
143 158
143 161
143 174
143 179
143 224
143 231
143 233
143 247
143 252
143 289
143 293
143 303
143 306
143 309
143 323
143 324
143 332
143 338
143 394
143 426
143 432
143 435
143 438
143 439
143 453
143 466
143 477
143 481
143 489
143 495
144 146
144 147
144 152
144 170
144 179
144 182
144 209
144 248
144 249
144 260
144 273
144 288
144 313
144 315
144 316
144 320
144 345
144 359
144 384
144 394
144 396
144 398
144 405
144 407
144 415
144 418
144 425
144 426
144 474
144 492
144 496
145 175
145 181
145 196
145 202
145 243
145 249
145 260
145 326
145 334
145 338
145 351
145 354
145 360
145 426
145 442
145 464
145 486
145 499
146 151
146 159
146 161
146 163
146 164
146 170
146 194
146 196
146 221
146 238
146 245
146 253
146 270
146 275
146 285
146 312
146 318
146 338
146 365
146 375
146 382
146 391
146 398
146 445
146 454
146 457
146 461
146 480
146 498
147 151
147 164
147 165
147 180
147 196
147 198
147 224
147 274
147 275
147 284
147 290
147 294
147 329
147 347
147 349
147 386
147 392
147 406
147 424
147 433
147 466
147 476
147 481
148 151
148 156
148 209
148 225
148 229
148 233
148 241
148 246
148 250
148 259
148 315
148 329
148 350
148 354
148 361
148 369
148 377
148 379
148 384
148 394
148 396
148 416
148 417
148 432
148 436
148 442
148 449
148 452
148 455
148 499
149 151
149 173
149 202
149 207
149 208
149 230
149 248
149 251
149 267
149 269
149 275
149 293
149 301
149 307
149 309
149 318
149 327
149 335
149 351
149 378
149 390
149 479
149 486
149 489
149 491
149 496
150 154
150 176
150 178
150 184
150 209
150 221
150 224
150 231
150 242
150 253
150 310
150 313
150 333
150 371
150 379
150 405
150 408
150 409
150 414
150 432
150 436
150 462
150 493
151 152
151 159
151 190
151 199
151 204
151 249
151 274
151 307
151 315
151 330
151 333
151 341
151 367
151 391
151 393
151 402
151 403
151 433
151 443
151 445
151 459
151 484
151 498
152 158
152 160
152 173
152 182
152 187
152 235
152 240
152 242
152 246
152 249
152 305
152 314
152 331
152 357
152 366
152 379
152 381
152 383
152 397
152 412
152 418
152 421
152 435
152 441
152 453
152 469
152 472
152 474
152 475
152 478
152 495
153 163
153 164
153 172
153 180
153 185
153 225
153 250
153 283
153 303
153 316
153 357
153 361
153 378
153 417
153 427
153 437
153 463
153 471
153 473
153 476
153 485
154 165
154 181
154 192
154 193
154 194
154 198
154 203
154 258
154 269
154 289
154 293
154 305
154 317
154 332
154 334
154 339
154 366
154 367
154 373
154 390
154 392
154 398
154 414
154 418
154 427
154 446
154 452
154 473
154 478
154 479
154 495
155 178
155 188
155 200
155 201
155 228
155 245
155 281
155 299
155 303
155 312
155 313
155 324
155 335
155 348
155 350
155 358
155 369
155 370
155 386
155 390
155 396
155 412
155 414
155 424
155 449
155 468
155 472
155 488
155 492
156 190
156 200
156 203
156 207
156 214
156 220
156 246
156 248
156 258
156 275
156 285
156 290
156 297
156 298
156 321
156 334
156 336
156 361
156 365
156 388
156 404
156 417
156 471
156 475
156 489
156 493
157 178
157 207
157 246
157 257
157 259
157 268
157 272
157 274
157 278
157 290
157 312
157 319
157 329
157 339
157 343
157 361
157 363
157 380
157 391
157 415
157 447
157 448
157 458
157 464
157 496
157 497
158 179
158 186
158 191
158 201
158 248
158 256
158 276
158 283
158 287
158 295
158 306
158 321
158 330
158 351
158 371
158 393
158 409
158 429
158 432
158 434
158 452
158 478
158 486
158 497
159 164
159 191
159 207
159 222
159 224
159 233
159 244
159 249
159 256
159 266
159 284
159 286
159 291
159 312
159 325
159 328
159 332
159 334
159 343
159 349
159 351
159 354
159 372
159 388
159 417
159 425
159 433
159 446
159 454
159 457
159 464
159 482
159 486
160 182
160 191
160 220
160 228
160 231
160 252
160 253
160 263
160 264
160 277
160 286
160 291
160 294
160 305
160 318
160 320
160 326
160 349
160 351
160 364
160 387
160 410
160 413
160 431
160 442
160 449
160 475
160 483
160 486
160 489
160 493
160 498
161 172
161 174
161 176
161 177
161 180
161 202
161 208
161 222
161 225
161 228
161 252
161 259
161 275
161 277
161 280
161 291
161 292
161 298
161 336
161 375
161 390
161 396
161 409
161 414
161 419
161 444
161 482
161 483
162 182
162 183
162 184
162 192
162 197
162 204
162 210
162 220
162 236
162 239
162 287
162 292
162 310
162 315
162 319
162 322
162 326
162 327
162 352
162 393
162 401
162 416
162 420
162 427
162 438
162 439
162 441
162 451
162 468
162 483
163 167
163 173
163 184
163 188
163 213
163 244
163 255
163 263
163 266
163 275
163 281
163 304
163 305
163 318
163 327
163 330
163 333
163 341
163 342
163 350
163 358
163 363
163 369
163 380
163 385
163 389
163 409
163 427
163 440
163 444
163 463
163 468
163 494
163 495
163 497
163 499
164 175
164 179
164 216
164 224
164 254
164 268
164 287
164 290
164 299
164 304
164 312
164 329
164 333
164 342
164 384
164 394
164 412
164 413
164 421
164 422
164 435
164 440
164 454
164 456
164 461
164 471
164 475
164 479
164 482
164 488
165 197
165 240
165 246
165 257
165 270
165 274
165 283
165 285
165 292
165 293
165 294
165 295
165 315
165 332
165 335
165 336
165 355
165 370
165 388
165 394
165 403
165 415
165 435
165 439
165 446
165 447
165 472
165 486
165 489
165 491
166 180
166 189
166 205
166 214
166 253
166 269
166 276
166 306
166 308
166 312
166 313
166 323
166 328
166 349
166 389
166 391
166 402
166 405
166 442
166 443
166 448
166 451
166 471
166 477
166 488
167 204
167 210
167 212
167 213
167 214
167 216
167 220
167 221
167 222
167 230
167 233
167 235
167 238
167 251
167 258
167 301
167 306
167 321
167 334
167 363
167 375
167 380
167 395
167 396
167 399
167 411
167 416
167 426
167 464
167 467
167 477
168 170
168 171
168 172
168 197
168 202
168 211
168 237
168 246
168 253
168 259
168 273
168 313
168 324
168 327
168 368
168 396
168 400
168 401
168 408
168 409
168 414
168 437
168 453
168 460
168 461
168 472
169 176
169 179
169 184
169 186
169 189
169 215
169 248
169 255
169 258
169 260
169 272
169 276
169 282
169 287
169 297
169 315
169 348
169 349
169 361
169 369
169 371
169 388
169 426
169 439
169 471
169 479
169 489
170 180
170 183
170 189
170 200
170 207
170 208
170 246
170 272
170 288
170 299
170 300
170 317
170 343
170 346
170 363
170 378
170 393
170 403
170 408
170 411
170 415
170 417
170 442
170 457
170 470
170 482
170 486
170 491
170 498
171 176
171 183
171 199
171 225
171 233
171 238
171 250
171 257
171 268
171 280
171 290
171 291
171 299
171 306
171 316
171 327
171 360
171 374
171 378
171 416
171 425
171 430
171 431
171 432
171 434
171 437
171 440
171 447
171 451
171 453
171 469
171 474
171 481
171 490
172 203
172 204
172 206
172 215
172 231
172 241
172 245
172 270
172 275
172 296
172 302
172 306
172 322
172 329
172 343
172 350
172 360
172 393
172 408
172 428
172 429
172 437
172 470
172 472
172 473
172 476
172 482
172 499
173 179
173 186
173 202
173 216
173 238
173 243
173 254
173 257
173 274
173 309
173 340
173 344
173 351
173 359
173 368
173 377
173 402
173 405
173 410
173 420
173 447
173 452
173 479
173 486
173 492
173 493
174 179
174 186
174 236
174 249
174 252
174 255
174 256
174 264
174 267
174 285
174 303
174 311
174 322
174 324
174 340
174 378
174 381
174 383
174 395
174 397
174 404
174 406
174 435
174 439
174 452
174 477
174 482
174 491
174 496
175 207
175 210
175 213
175 218
175 219
175 220
175 234
175 236
175 240
175 270
175 278
175 285
175 296
175 329
175 333
175 347
175 374
175 379
175 384
175 414
175 431
175 433
175 466
175 490
175 496
176 183
176 185
176 209
176 210
176 217
176 229
176 243
176 244
176 253
176 268
176 301
176 306
176 366
176 401
176 422
176 424
176 431
176 437
176 451
176 454
176 456
176 457
176 459
176 464
176 489
176 498
177 188
177 221
177 228
177 238
177 257
177 285
177 294
177 312
177 338
177 341
177 342
177 346
177 366
177 378
177 379
177 447
177 458
177 461
177 462
177 466
177 467
177 469
177 481
177 493
177 496
177 499
178 191
178 209
178 216
178 218
178 249
178 257
178 258
178 268
178 269
178 274
178 282
178 299
178 303
178 304
178 308
178 322
178 373
178 393
178 398
178 417
178 421
178 439
178 445
178 448
178 451
178 453
178 498
179 188
179 248
179 259
179 265
179 269
179 272
179 278
179 284
179 306
179 333
179 345
179 348
179 349
179 377
179 378
179 381
179 409
179 411
179 420
179 422
179 442
179 448
179 492
179 498
180 226
180 242
180 244
180 253
180 258
180 263
180 266
180 274
180 283
180 296
180 300
180 301
180 314
180 348
180 365
180 371
180 387
180 401
180 412
180 419
180 467
180 470
180 480
180 482
181 192
181 194
181 196
181 208
181 223
181 226
181 229
181 234
181 235
181 236
181 249
181 282
181 288
181 311
181 321
181 326
181 340
181 356
181 377
181 402
181 407
181 410
181 422
181 441
181 445
181 465
181 468
181 486
181 490
181 491
182 253
182 257
182 279
182 313
182 326
182 332
182 341
182 364
182 368
182 376
182 389
182 390
182 410
182 428
182 436
182 439
182 446
182 450
182 456
182 466
182 493
183 185
183 203
183 216
183 223
183 227
183 230
183 237
183 247
183 262
183 284
183 295
183 300
183 306
183 313
183 336
183 341
183 350
183 384
183 419
183 422
183 427
183 448
183 453
183 484
183 487
184 230
184 239
184 241
184 244
184 249
184 283
184 300
184 301
184 313
184 322
184 327
184 334
184 340
184 342
184 355
184 370
184 386
184 388
184 391
184 395
184 396
184 440
184 449
184 453
184 460
184 480
184 486
184 487
185 195
185 208
185 212
185 222
185 229
185 243
185 256
185 257
185 261
185 274
185 291
185 293
185 336
185 341
185 380
185 406
185 407
185 426
185 430
185 432
185 441
185 453
185 468
185 492
186 194
186 204
186 214
186 245
186 280
186 283
186 291
186 298
186 306
186 313
186 317
186 323
186 327
186 331
186 336
186 351
186 354
186 357
186 370
186 393
186 398
186 400
186 435
186 438
186 444
186 455
186 467
186 479
186 495
187 213
187 214
187 225
187 239
187 248
187 261
187 262
187 266
187 268
187 269
187 272
187 280
187 300
187 305
187 340
187 361
187 395
187 414
187 433
187 444
187 448
187 454
187 460
187 469
187 472
187 490
188 193
188 209
188 212
188 229
188 235
188 261
188 264
188 266
188 273
188 279
188 289
188 324
188 330
188 344
188 381
188 389
188 392
188 443
188 465
188 467
188 476
188 478
189 201
189 214
189 216
189 223
189 229
189 230
189 252
189 265
189 266
189 271
189 274
189 279
189 289
189 347
189 354
189 356
189 361
189 370
189 374
189 383
189 411
189 415
189 421
189 423
189 426
189 446
189 448
189 456
189 497
190 197
190 215
190 217
190 219
190 220
190 254
190 270
190 272
190 295
190 321
190 335
190 342
190 366
190 372
190 422
190 454
190 459
190 475
190 482
191 197
191 201
191 208
191 218
191 224
191 236
191 247
191 271
191 272
191 276
191 277
191 289
191 290
191 291
191 296
191 311
191 328
191 334
191 335
191 386
191 390
191 395
191 400
191 404
191 410
191 412
191 436
191 452
191 462
191 463
191 473
191 482
191 488
192 198
192 200
192 208
192 211
192 217
192 237
192 240
192 265
192 268
192 274
192 280
192 297
192 305
192 328
192 331
192 338
192 352
192 362
192 394
192 402
192 433
192 450
192 456
192 477
192 482
192 495
193 202
193 206
193 208
193 229
193 234
193 242
193 263
193 265
193 274
193 285
193 297
193 311
193 329
193 354
193 368
193 387
193 411
193 415
193 450
193 451
193 452
193 461
193 467
193 469
193 474
193 483
193 491
194 224
194 229
194 232
194 237
194 244
194 245
194 248
194 270
194 272
194 274
194 276
194 281
194 286
194 287
194 329
194 342
194 381
194 390
194 398
194 446
194 460
194 493
195 253
195 271
195 285
195 286
195 336
195 360
195 376
195 390
195 396
195 402
195 404
195 412
195 439
195 460
195 467
195 473
196 213
196 224
196 229
196 233
196 241
196 274
196 280
196 285
196 291
196 298
196 313
196 318
196 329
196 332
196 335
196 338
196 351
196 379
196 398
196 410
196 434
196 445
196 450
196 469
196 481
196 483
197 210
197 256
197 258
197 274
197 285
197 290
197 292
197 309
197 310
197 315
197 325
197 347
197 355
197 386
197 388
197 413
197 416
197 432
197 442
197 453
197 473
197 499
198 206
198 208
198 215
198 237
198 238
198 241
198 257
198 258
198 286
198 287
198 294
198 310
198 319
198 330
198 373
198 378
198 397
198 410
198 414
198 423
198 444
198 453
198 466
198 481
198 490
198 499
199 201
199 204
199 218
199 232
199 234
199 238
199 242
199 263
199 267
199 286
199 299
199 307
199 336
199 343
199 349
199 352
199 356
199 367
199 371
199 373
199 382
199 388
199 391
199 397
199 418
199 432
199 470
199 473
199 494
200 226
200 252
200 255
200 271
200 301
200 306
200 311
200 319
200 322
200 359
200 370
200 389
200 405
200 410
200 438
200 440
200 459
200 470
200 497
201 247
201 260
201 319
201 329
201 347
201 364
201 368
201 380
201 391
201 400
201 419
201 423
201 444
201 448
201 456
201 478
201 482
201 486
201 493
202 205
202 206
202 222
202 229
202 240
202 250
202 269
202 279
202 286
202 333
202 340
202 351
202 362
202 368
202 393
202 399
202 401
202 409
202 422
202 463
202 464
202 476
202 482
202 493
202 495
203 208
203 220
203 265
203 277
203 293
203 294
203 303
203 322
203 330
203 338
203 343
203 359
203 378
203 385
203 393
203 394
203 448
203 458
203 459
203 461
203 465
203 468
203 494
203 495
204 225
204 233
204 240
204 243
204 249
204 251
204 253
204 293
204 296
204 301
204 302
204 310
204 337
204 341
204 344
204 346
204 371
204 381
204 385
204 387
204 398
204 400
204 410
204 423
204 432
204 434
204 454
204 457
204 466
204 468
204 484
205 216
205 222
205 241
205 248
205 255
205 261
205 264
205 283
205 285
205 286
205 295
205 304
205 334
205 341
205 342
205 346
205 370
205 413
205 415
205 417
205 436
205 438
205 443
205 465
205 499
206 207
206 222
206 246
206 251
206 257
206 258
206 269
206 271
206 284
206 299
206 307
206 311
206 337
206 373
206 387
206 391
206 398
206 402
206 403
206 422
206 448
206 456
206 478
206 485
207 237
207 244
207 263
207 271
207 272
207 274
207 278
207 313
207 314
207 346
207 367
207 368
207 369
207 376
207 408
207 418
207 432
207 435
207 458
207 489
207 494
208 213
208 228
208 233
208 238
208 247
208 275
208 297
208 298
208 304
208 314
208 316
208 324
208 335
208 344
208 363
208 389
208 396
208 402
208 405
208 408
208 431
208 447
208 463
208 474
208 481
208 487
208 495
208 497
209 212
209 218
209 224
209 228
209 236
209 259
209 265
209 271
209 273
209 274
209 285
209 292
209 294
209 302
209 308
209 314
209 315
209 341
209 345
209 350
209 368
209 370
209 381
209 398
209 416
209 425
209 433
209 438
209 449
209 480
209 487
210 216
210 217
210 247
210 253
210 257
210 259
210 261
210 305
210 308
210 323
210 336
210 349
210 352
210 364
210 371
210 373
210 384
210 387
210 392
210 407
210 419
210 428
210 432
210 461
210 465
210 471
211 222
211 254
211 255
211 276
211 279
211 287
211 288
211 307
211 308
211 355
211 357
211 396
211 409
211 428
211 432
211 436
211 450
211 451
211 498
212 236
212 247
212 249
212 278
212 301
212 311
212 314
212 338
212 344
212 350
212 363
212 389
212 419
212 430
212 454
212 475
212 485
212 487
212 493
213 238
213 243
213 246
213 249
213 259
213 283
213 295
213 299
213 305
213 306
213 311
213 314
213 325
213 329
213 330
213 331
213 337
213 350
213 385
213 393
213 398
213 411
213 414
213 418
213 436
213 443
213 444
213 453
213 473
213 491
213 496
214 220
214 224
214 229
214 239
214 248
214 261
214 269
214 275
214 276
214 283
214 312
214 314
214 315
214 322
214 325
214 330
214 334
214 357
214 359
214 384
214 385
214 389
214 410
214 425
214 486
215 218
215 223
215 239
215 254
215 299
215 312
215 319
215 341
215 346
215 369
215 387
215 396
215 399
215 402
215 403
215 447
215 459
215 473
215 477
216 224
216 261
216 271
216 314
216 319
216 324
216 330
216 347
216 361
216 365
216 389
216 448
216 456
216 477
216 481
216 484
216 491
217 218
217 223
217 227
217 241
217 281
217 355
217 366
217 392
217 397
217 406
217 411
217 418
217 449
217 454
217 461
217 462
217 477
217 478
217 484
217 491
217 496
218 226
218 230
218 238
218 251
218 254
218 267
218 271
218 276
218 277
218 308
218 313
218 314
218 330
218 359
218 365
218 377
218 392
218 403
218 407
218 410
218 439
218 458
218 481
218 482
219 228
219 236
219 259
219 272
219 282
219 297
219 307
219 325
219 344
219 349
219 350
219 353
219 359
219 362
219 371
219 375
219 380
219 399
219 417
219 430
219 445
219 465
219 473
219 474
219 482
219 496
220 226
220 228
220 243
220 244
220 246
220 247
220 256
220 257
220 285
220 312
220 341
220 352
220 356
220 373
220 393
220 394
220 397
220 410
220 414
220 441
220 443
220 467
220 472
220 495
220 497
221 245
221 277
221 286
221 291
221 294
221 297
221 308
221 313
221 316
221 327
221 333
221 334
221 367
221 368
221 370
221 378
221 384
221 396
221 406
221 410
221 421
221 430
221 438
221 451
221 456
221 464
222 230
222 246
222 248
222 270
222 273
222 289
222 293
222 300
222 306
222 332
222 368
222 375
222 377
222 398
222 438
222 465
222 482
222 492
223 236
223 264
223 266
223 271
223 302
223 305
223 319
223 326
223 348
223 350
223 355
223 360
223 362
223 366
223 371
223 372
223 374
223 392
223 404
223 425
223 430
223 465
223 467
223 472
223 488
224 234
224 241
224 245
224 253
224 258
224 291
224 336
224 342
224 347
224 361
224 367
224 369
224 385
224 389
224 403
224 406
224 440
224 452
224 486
224 487
224 497
224 498
225 228
225 236
225 246
225 263
225 273
225 288
225 311
225 341
225 345
225 349
225 382
225 384
225 388
225 391
225 446
225 467
225 474
225 480
225 484
225 486
226 253
226 284
226 323
226 362
226 401
226 418
226 425
226 438
226 450
226 455
226 467
226 477
227 261
227 262
227 266
227 296
227 302
227 320
227 327
227 335
227 346
227 351
227 353
227 357
227 361
227 365
227 379
227 385
227 390
227 405
227 409
227 415
227 421
227 424
227 446
227 451
227 464
227 474
227 478
227 490
227 491
227 492
228 253
228 272
228 280
228 292
228 305
228 315
228 317
228 325
228 333
228 374
228 379
228 422
228 423
228 424
228 426
228 429
228 449
228 465
228 480
228 491
228 498
229 239
229 245
229 256
229 257
229 263
229 301
229 307
229 312
229 320
229 326
229 348
229 356
229 364
229 404
229 418
229 420
229 425
229 428
229 474
229 492
230 268
230 271
230 273
230 276
230 307
230 322
230 365
230 370
230 381
230 395
230 418
230 424
230 450
230 452
230 460
231 253
231 265
231 268
231 297
231 303
231 310
231 331
231 344
231 354
231 373
231 385
231 389
231 399
231 404
231 405
231 407
231 415
231 417
231 439
231 445
231 447
231 458
231 490
232 237
232 248
232 253
232 254
232 269
232 271
232 287
232 316
232 328
232 335
232 336
232 342
232 345
232 357
232 376
232 386
232 390
232 402
232 411
232 420
232 421
232 434
232 437
232 443
232 455
232 462
232 477
232 498
233 249
233 256
233 266
233 280
233 283
233 284
233 292
233 298
233 306
233 313
233 331
233 339
233 355
233 385
233 387
233 392
233 393
233 431
233 441
233 458
233 465
233 498
234 236
234 257
234 264
234 266
234 273
234 278
234 282
234 289
234 297
234 300
234 306
234 319
234 333
234 339
234 366
234 371
234 381
234 387
234 402
234 415
234 443
234 461
234 463
235 240
235 247
235 254
235 269
235 282
235 285
235 290
235 311
235 317
235 341
235 342
235 371
235 372
235 383
235 387
235 395
235 411
235 425
235 464
235 479
235 487
236 248
236 258
236 265
236 267
236 271
236 278
236 294
236 325
236 337
236 338
236 339
236 394
236 417
236 419
236 429
236 445
236 447
236 448
236 482
237 247
237 255
237 262
237 270
237 301
237 312
237 318
237 341
237 348
237 350
237 355
237 358
237 390
237 417
237 429
237 432
237 444
237 445
237 468
237 474
237 488
237 489
237 492
238 249
238 250
238 252
238 269
238 276
238 292
238 310
238 315
238 317
238 321
238 326
238 345
238 358
238 364
238 369
238 387
238 398
238 408
238 423
238 430
238 433
238 446
238 460
238 468
238 471
238 483
238 484
238 485
238 490
239 240
239 245
239 269
239 278
239 328
239 332
239 337
239 345
239 366
239 367
239 382
239 384
239 417
239 426
239 456
239 483
239 491
240 242
240 250
240 262
240 264
240 266
240 276
240 279
240 282
240 283
240 367
240 379
240 400
240 408
240 431
240 456
240 470
240 477
240 493
240 499
241 245
241 260
241 284
241 289
241 323
241 330
241 350
241 386
241 405
241 410
241 412
241 413
241 416
241 462
241 473
241 483
241 486
241 495
242 262
242 268
242 273
242 299
242 311
242 327
242 332
242 338
242 343
242 368
242 407
242 413
242 417
242 419
242 452
242 467
242 476
242 486
242 488
242 496
243 250
243 253
243 254
243 257
243 270
243 279
243 280
243 289
243 297
243 324
243 326
243 329
243 339
243 352
243 361
243 372
243 388
243 413
243 426
243 459
243 465
243 477
243 483
243 492
244 261
244 265
244 269
244 282
244 285
244 292
244 294
244 309
244 313
244 314
244 331
244 363
244 365
244 367
244 372
244 377
244 379
244 420
244 432
244 444
244 450
244 452
244 463
244 468
244 491
245 250
245 252
245 265
245 271
245 279
245 282
245 304
245 313
245 328
245 332
245 372
245 384
245 403
245 404
245 407
245 411
245 440
245 481
245 483
245 489
245 492
245 496
246 252
246 261
246 262
246 268
246 286
246 292
246 293
246 295
246 321
246 373
246 416
246 420
246 423
246 436
246 439
246 462
246 484
246 486
246 487
246 499
247 277
247 278
247 286
247 296
247 297
247 310
247 311
247 324
247 331
247 336
247 346
247 356
247 401
247 416
247 420
247 445
247 450
247 455
247 460
247 473
247 491
247 499
248 262
248 268
248 274
248 293
248 303
248 306
248 309
248 312
248 348
248 353
248 360
248 380
248 383
248 386
248 415
248 462
248 479
248 481
248 492
248 494
248 495
249 255
249 257
249 261
249 281
249 295
249 300
249 308
249 319
249 322
249 342
249 345
249 357
249 360
249 383
249 394
249 439
249 443
249 453
249 456
249 459
249 473
249 478
249 492
250 264
250 273
250 292
250 294
250 295
250 303
250 342
250 343
250 347
250 352
250 377
250 378
250 384
250 392
250 406
250 415
250 459
250 467
250 482
251 255
251 261
251 299
251 302
251 306
251 315
251 317
251 336
251 337
251 356
251 389
251 398
251 401
251 419
251 430
251 442
251 444
251 469
251 482
251 490
252 276
252 277
252 279
252 301
252 312
252 320
252 334
252 335
252 340
252 342
252 346
252 358
252 367
252 377
252 380
252 395
252 409
252 421
252 423
252 434
252 435
252 445
252 463
252 465
252 483
253 298
253 314
253 349
253 357
253 384
253 409
253 416
253 427
253 432
253 443
253 444
253 466
253 468
253 480
253 484
254 286
254 297
254 319
254 325
254 351
254 353
254 361
254 370
254 385
254 397
254 398
254 399
254 403
254 425
254 439
254 446
254 469
255 271
255 284
255 285
255 295
255 296
255 301
255 305
255 310
255 313
255 329
255 336
255 343
255 350
255 358
255 366
255 371
255 402
255 434
255 446
255 449
255 454
255 456
255 466
256 339
256 373
256 381
256 385
256 404
256 405
256 408
256 420
256 423
256 431
256 443
256 446
256 447
256 467
256 483
256 492
257 258
257 261
257 275
257 309
257 310
257 314
257 316
257 317
257 318
257 320
257 330
257 351
257 364
257 370
257 380
257 389
257 409
257 411
257 413
257 460
257 465
257 479
257 486
258 330
258 346
258 377
258 378
258 398
258 407
258 410
258 460
258 470
258 493
258 494
259 263
259 265
259 281
259 290
259 311
259 319
259 321
259 336
259 355
259 356
259 365
259 378
259 384
259 395
259 396
259 398
259 399
259 415
259 430
259 437
259 451
259 465
259 474
259 480
259 481
259 484
259 486
259 487
259 494
260 269
260 303
260 308
260 327
260 329
260 339
260 350
260 352
260 357
260 360
260 365
260 383
260 384
260 402
260 403
260 441
260 453
260 465
260 492
261 265
261 275
261 302
261 322
261 330
261 334
261 343
261 344
261 356
261 363
261 400
261 401
261 402
261 432
261 439
261 444
261 473
261 479
262 299
262 309
262 312
262 327
262 331
262 349
262 355
262 361
262 366
262 378
262 398
262 406
262 410
262 427
262 431
262 436
262 480
262 483
262 490
262 496
263 272
263 274
263 281
263 304
263 336
263 340
263 366
263 397
263 403
263 414
263 456
263 470
264 267
264 268
264 278
264 294
264 303
264 309
264 318
264 344
264 366
264 367
264 383
264 386
264 387
264 389
264 408
264 428
264 451
264 452
264 457
264 460
264 464
265 278
265 282
265 291
265 295
265 299
265 310
265 311
265 318
265 323
265 325
265 333
265 339
265 341
265 351
265 352
265 363
265 364
265 366
265 368
265 372
265 398
265 410
265 430
265 455
265 457
265 475
265 488
265 499
266 283
266 305
266 308
266 324
266 329
266 341
266 348
266 390
266 393
266 406
266 416
266 439
266 440
266 450
266 487
267 270
267 275
267 283
267 334
267 384
267 391
267 395
267 407
267 410
267 419
267 422
267 430
267 436
267 445
267 461
267 471
268 274
268 282
268 333
268 342
268 343
268 347
268 385
268 402
268 432
268 438
268 451
268 463
268 480
268 489
269 280
269 287
269 337
269 361
269 363
269 373
269 378
269 379
269 389
269 394
269 395
269 405
269 412
269 421
269 428
269 429
269 433
269 450
269 468
269 474
269 484
269 486
269 492
269 493
270 309
270 312
270 313
270 339
270 388
270 391
270 393
270 403
270 432
270 433
270 438
270 451
270 472
270 475
270 477
270 478
270 493
270 498
271 287
271 344
271 345
271 372
271 396
271 414
271 421
271 443
271 446
271 447
271 449
271 450
271 470
271 491
271 493
272 285
272 293
272 296
272 310
272 322
272 324
272 335
272 341
272 342
272 348
272 355
272 357
272 382
272 391
272 409
272 425
272 457
272 481
272 484
272 491
272 492
273 279
273 290
273 315
273 317
273 318
273 333
273 354
273 360
273 369
273 374
273 380
273 383
273 389
273 395
273 396
273 411
273 425
273 427
273 428
273 448
273 460
273 463
273 464
273 479
273 485
274 295
274 316
274 321
274 326
274 329
274 334
274 344
274 347
274 357
274 358
274 377
274 401
274 411
274 417
274 419
274 420
274 425
274 431
274 441
274 455
274 460
275 306
275 318
275 320
275 338
275 343
275 354
275 356
275 364
275 365
275 367
275 371
275 391
275 398
275 426
275 461
275 487
276 285
276 290
276 310
276 327
276 331
276 335
276 341
276 376
276 403
276 411
276 459
276 470
276 481
277 279
277 294
277 317
277 319
277 337
277 340
277 346
277 362
277 367
277 395
277 399
277 401
277 410
277 412
277 426
277 445
277 447
277 450
277 462
277 475
278 284
278 287
278 288
278 301
278 307
278 309
278 314
278 327
278 329
278 384
278 414
278 429
278 436
278 455
278 499
279 287
279 294
279 325
279 346
279 354
279 360
279 390
279 395
279 408
279 437
279 453
279 466
279 473
280 289
280 292
280 299
280 305
280 319
280 331
280 340
280 364
280 378
280 403
280 426
280 459
280 465
280 468
280 495
281 300
281 303
281 313
281 314
281 322
281 336
281 355
281 361
281 369
281 381
281 385
281 392
281 405
281 417
281 419
281 430
281 469
281 494
281 499
282 291
282 297
282 364
282 372
282 385
282 407
282 424
282 436
282 443
282 445
282 455
282 458
282 465
282 471
282 484
283 295
283 308
283 327
283 361
283 364
283 373
283 383
283 393
283 405
283 420
283 424
283 428
283 438
283 458
283 468
283 487
283 492
284 311
284 320
284 323
284 330
284 333
284 335
284 342
284 343
284 347
284 387
284 391
284 408
284 416
284 420
284 423
284 449
284 460
284 466
284 470
285 286
285 296
285 315
285 324
285 329
285 344
285 354
285 358
285 368
285 393
285 398
285 407
285 415
285 467
285 481
285 488
285 497
286 290
286 296
286 305
286 325
286 326
286 335
286 346
286 348
286 370
286 375
286 400
286 419
286 426
286 430
286 439
286 440
286 452
286 466
286 490
286 491
286 493
287 289
287 298
287 302
287 310
287 317
287 345
287 368
287 394
287 399
287 424
287 488
287 492
287 495
288 312
288 328
288 346
288 350
288 357
288 368
288 381
288 384
288 390
288 397
288 399
288 417
288 438
288 442
288 447
288 456
288 468
289 299
289 304
289 309
289 314
289 327
289 330
289 335
289 350
289 378
289 381
289 389
289 400
289 405
289 410
289 412
289 415
289 420
289 422
289 433
289 443
289 456
289 477
289 481
289 488
289 494
289 497
290 292
290 298
290 376
290 379
290 381
290 409
290 410
290 417
290 447
290 452
290 457
290 498
290 499
291 316
291 327
291 336
291 381
291 400
291 410
291 420
291 422
291 431
291 433
291 449
291 457
291 458
291 461
291 474
291 479
291 491
291 495
292 302
292 316
292 326
292 339
292 362
292 365
292 385
292 394
292 403
292 410
292 416
292 423
292 474
292 480
292 498
293 295
293 296
293 314
293 367
293 391
293 431
293 486
294 295
294 301
294 358
294 382
294 396
294 401
294 412
294 415
294 443
294 456
294 457
294 464
294 465
294 467
294 498
295 299
295 313
295 322
295 330
295 331
295 360
295 371
295 395
295 407
295 413
295 422
295 438
295 444
295 462
295 478
296 303
296 305
296 345
296 353
296 366
296 374
296 375
296 383
296 385
296 415
296 447
296 467
296 490
297 327
297 344
297 362
297 375
297 388
297 404
297 418
297 431
297 444
297 464
297 494
298 378
298 427
298 436
298 448
298 465
299 319
299 333
299 371
299 399
299 407
299 420
299 427
299 428
299 433
299 436
299 437
299 445
299 448
299 464
299 473
299 475
300 307
300 341
300 346
300 355
300 356
300 365
300 387
300 400
300 412
300 413
300 425
300 431
300 437
300 440
300 451
300 456
300 480
300 489
301 306
301 312
301 324
301 326
301 333
301 356
301 358
301 371
301 378
301 383
301 395
301 404
301 407
301 415
301 434
301 442
301 450
301 462
301 463
301 464
301 469
301 486
301 491
302 304
302 312
302 314
302 320
302 332
302 339
302 388
302 408
302 415
302 428
302 431
302 475
303 306
303 314
303 325
303 338
303 347
303 349
303 357
303 400
303 422
303 429
303 433
303 446
303 447
303 448
303 475
303 481
303 482
303 486
303 492
303 499
304 309
304 310
304 329
304 331
304 371
304 390
304 399
304 411
304 429
304 441
304 448
304 451
304 462
304 472
304 482
305 331
305 364
305 379
305 383
305 403
305 406
305 421
305 427
305 443
305 450
305 468
305 474
306 314
306 318
306 323
306 337
306 348
306 355
306 365
306 376
306 389
306 408
306 419
306 420
306 424
306 431
306 444
306 445
306 456
306 472
306 499
307 317
307 336
307 339
307 343
307 354
307 357
307 375
307 417
307 442
307 445
307 457
307 486
307 493
308 340
308 345
308 352
308 374
308 383
308 422
308 457
308 459
308 465
308 468
308 475
308 478
308 487
309 317
309 323
309 336
309 360
309 376
309 390
309 416
309 427
309 429
309 454
309 476
309 479
309 490
310 316
310 330
310 334
310 335
310 344
310 378
310 379
310 412
310 416
310 420
310 463
310 465
310 483
310 484
310 487
310 490
311 314
311 315
311 330
311 333
311 348
311 359
311 362
311 368
311 386
311 401
311 431
311 433
311 451
311 456
311 461
311 474
311 489
312 319
312 320
312 335
312 338
312 351
312 367
312 372
312 387
312 393
312 407
312 420
312 444
312 462
312 468
312 496
313 384
313 434
313 438
313 446
313 461
313 477
313 492
314 339
314 362
314 368
314 392
314 416
314 421
314 449
314 482
314 494
314 499
315 339
315 345
315 370
315 372
315 379
315 408
315 411
315 423
315 425
315 440
315 452
315 460
315 462
315 469
315 476
316 317
316 330
316 331
316 334
316 342
316 357
316 390
316 394
316 407
316 421
316 457
316 459
316 497
317 331
317 332
317 365
317 369
317 370
317 381
317 399
317 401
317 405
317 428
317 437
317 446
317 458
317 469
317 474
317 487
318 342
318 348
318 362
318 383
318 405
318 412
318 418
318 438
318 447
318 454
318 468
318 488
318 492
319 368
319 375
319 393
319 400
319 416
319 438
319 441
319 445
319 459
319 487
320 321
320 325
320 333
320 340
320 355
320 357
320 359
320 369
320 373
320 393
320 399
320 408
320 424
320 440
320 445
320 450
320 474
320 489
320 494
321 326
321 327
321 331
321 341
321 343
321 344
321 346
321 350
321 370
321 417
321 436
321 446
321 466
321 478
321 493
322 323
322 330
322 339
322 343
322 379
322 383
322 384
322 394
322 421
322 437
322 469
322 494
323 327
323 330
323 358
323 371
323 374
323 388
323 405
323 430
323 432
323 439
323 441
323 461
323 477
323 481
324 334
324 343
324 353
324 377
324 379
324 396
324 399
324 404
324 417
324 444
324 450
324 454
324 457
324 465
324 480
324 490
324 496
325 328
325 352
325 354
325 365
325 385
325 386
325 408
325 409
325 437
325 439
325 455
325 468
325 471
325 486
326 354
326 376
326 379
326 436
326 454
326 455
326 458
326 460
326 479
326 480
326 497
327 329
327 334
327 339
327 340
327 345
327 411
327 421
327 424
327 429
327 437
327 439
327 446
327 460
327 464
327 476
327 491
328 329
328 335
328 342
328 344
328 352
328 354
328 372
328 377
328 381
328 383
328 384
328 418
328 424
328 432
328 455
328 458
328 476
328 480
328 481
328 486
328 492
329 344
329 363
329 375
329 379
329 386
329 405
329 411
329 413
329 464
329 487
329 492
329 496
330 332
330 348
330 363
330 386
330 403
330 404
330 411
330 421
330 428
330 430
330 439
330 447
330 449
330 460
330 479
331 341
331 351
331 356
331 371
331 372
331 387
331 388
331 412
331 415
331 422
331 423
331 425
331 427
331 429
331 430
331 435
331 446
331 461
331 468
331 475
331 487
332 353
332 363
332 372
332 378
332 388
332 393
332 411
332 420
332 437
332 443
332 469
332 479
333 363
333 366
333 381
333 397
333 410
333 420
333 421
333 431
333 453
333 459
333 461
333 468
333 484
334 335
334 344
334 352
334 377
334 399
334 401
334 404
334 412
334 415
334 440
334 453
334 463
334 467
334 494
334 495
334 497
335 339
335 356
335 357
335 362
335 365
335 371
335 372
335 379
335 389
335 407
335 415
335 422
335 441
335 481
335 488
336 337
336 339
336 352
336 356
336 359
336 368
336 370
336 376
336 395
336 396
336 400
336 401
336 433
336 445
336 451
336 472
336 481
336 492
336 495
337 339
337 343
337 364
337 383
337 384
337 387
337 388
337 467
337 495
338 340
338 345
338 357
338 361
338 377
338 379
338 390
338 393
338 402
338 405
338 408
338 474
338 482
338 486
338 495
338 496
339 372
339 374
339 376
339 378
339 382
339 388
339 404
339 413
339 416
339 433
339 449
339 459
339 477
339 483
339 498
340 344
340 358
340 361
340 369
340 374
340 380
340 385
340 400
340 450
340 461
340 478
340 481
340 497
341 346
341 347
341 348
341 355
341 358
341 364
341 366
341 377
341 412
341 417
341 467
341 472
341 475
341 486
341 489
341 497
342 345
342 375
342 380
342 388
342 404
342 408
342 422
342 426
342 431
342 445
342 456
342 464
342 481
343 346
343 361
343 384
343 393
343 399
343 412
343 428
343 433
343 439
343 454
343 483
343 494
344 346
344 368
344 390
344 420
344 422
344 441
344 452
344 456
344 457
344 463
344 490
345 362
345 364
345 378
345 379
345 390
345 404
345 436
345 437
345 463
345 475
345 479
345 486
345 491
346 383
346 392
346 403
346 405
346 419
346 422
346 431
346 433
346 452
346 453
346 465
346 473
346 474
346 486
347 352
347 353
347 380
347 383
347 416
347 423
347 436
347 447
347 469
347 480
347 483
347 484
347 489
348 372
348 387
348 395
348 410
348 411
348 417
348 421
348 424
348 436
348 438
348 444
348 465
348 466
348 477
348 489
348 492
348 497
349 353
349 372
349 374
349 378
349 390
349 391
349 411
349 416
349 439
349 441
349 474
350 359
350 363
350 370
350 388
350 389
350 401
350 407
350 412
350 426
350 443
350 445
350 448
350 449
350 463
350 480
350 490
351 363
351 364
351 395
351 408
351 410
351 420
351 421
351 424
351 435
351 436
351 468
351 486
351 493
352 399
352 429
353 362
353 369
353 386
353 389
353 397
353 402
353 431
353 443
353 444
353 446
353 461
353 469
353 474
353 480
353 492
354 358
354 371
354 376
354 386
354 390
354 398
354 408
354 412
354 425
354 429
354 451
354 475
354 488
354 496
355 359
355 408
355 411
355 419
355 432
355 482
355 486
356 367
356 375
356 377
356 391
356 401
356 415
356 417
356 439
356 474
356 480
356 482
356 484
357 365
357 372
357 376
357 383
357 388
357 395
357 403
357 410
357 443
357 463
357 466
357 477
357 485
357 493
358 363
358 369
358 383
358 386
358 415
358 417
358 428
358 429
358 432
358 434
358 439
358 473
358 475
358 487
359 382
359 393
359 396
359 403
359 415
359 427
359 440
359 446
359 449
359 465
360 365
360 381
360 389
360 399
360 425
360 431
360 447
360 453
360 460
360 482
361 370
361 383
361 395
361 396
361 404
361 435
361 454
361 468
361 469
361 472
361 493
361 495
362 379
362 422
362 433
362 442
362 446
362 454
362 462
362 479
363 372
363 386
363 398
363 437
363 444
363 448
363 467
363 498
364 382
364 384
364 385
364 395
364 418
364 419
364 433
364 444
364 459
364 464
364 469
364 479
364 486
364 491
364 493
365 367
365 380
365 394
365 404
365 407
365 409
365 425
365 430
365 440
365 488
365 496
366 370
366 386
366 398
366 411
366 427
366 431
366 432
366 434
366 438
366 464
366 466
367 387
367 399
367 424
367 433
367 437
367 484
367 488
367 496
368 391
368 411
368 420
368 484
369 400
369 415
369 430
369 431
369 438
369 439
369 445
369 448
369 450
369 452
369 467
370 371
370 377
370 388
370 442
370 446
370 460
370 464
370 476
370 480
370 495
370 496
371 384
371 389
371 407
371 408
371 419
371 441
371 453
372 386
372 387
372 392
372 438
372 443
372 451
372 484
372 490
373 379
373 397
373 409
373 424
373 426
373 440
373 447
373 459
373 467
373 487
373 490
374 375
374 376
374 377
374 381
374 383
374 391
374 394
374 407
374 424
374 448
374 472
374 484
374 494
375 381
375 393
375 422
375 435
375 441
375 466
375 472
375 479
376 398
376 409
376 425
376 428
376 440
376 474
376 478
377 381
377 396
377 403
377 426
377 427
377 429
377 444
377 468
377 475
378 405
378 413
378 420
378 437
378 446
378 448
378 451
378 468
378 470
378 472
378 484
378 486
379 408
379 427
379 434
379 448
379 452
379 464
379 494
380 389
380 404
380 406
380 407
380 410
380 423
380 426
380 430
380 433
380 438
380 452
380 486
380 490
380 494
381 384
381 391
381 414
381 417
381 425
381 443
381 448
381 458
381 468
381 478
381 490
382 384
382 391
382 396
382 397
382 410
382 411
382 432
382 434
382 442
382 446
382 460
382 465
382 482
382 496
383 401
383 418
383 428
383 435
383 464
383 474
383 482
383 495
384 391
384 394
384 413
384 418
384 428
384 456
384 457
384 480
384 490
385 389
385 401
385 406
385 409
385 410
385 412
385 436
385 446
385 451
385 455
385 456
385 464
385 470
385 481
386 412
386 416
386 429
386 437
386 447
386 452
386 486
387 392
387 418
387 421
387 429
387 434
387 459
387 487
387 490
388 420
388 454
388 459
388 466
388 483
388 484
388 486
388 495
389 394
389 422
389 437
389 439
389 443
389 455
389 456
389 457
389 469
389 487
390 397
390 398
390 406
390 425
390 429
390 456
390 462
390 479
390 488
391 418
391 420
391 426
391 439
391 456
391 471
391 474
391 495
392 400
392 410
392 437
392 443
392 457
392 468
392 469
392 470
392 487
392 489
392 498
392 499
393 434
393 466
393 473
394 402
394 412
394 421
394 423
394 426
394 432
394 455
394 459
395 421
395 423
395 440
395 457
395 486
395 487
395 495
396 400
396 401
396 419
396 455
396 467
396 471
396 482
396 488
397 410
397 412
397 454
397 461
397 482
397 489
397 499
398 409
398 420
398 432
398 441
398 472
398 477
398 489
399 407
399 419
399 424
399 432
399 466
399 490
400 403
400 406
400 419
400 421
400 440
400 446
400 476
401 409
401 412
401 413
401 415
401 417
401 452
401 465
401 468
401 487
401 489
402 423
402 427
402 435
402 438
402 457
402 467
402 476
402 480
402 486
402 497
403 424
403 444
403 459
403 462
403 473
404 413
404 417
404 443
404 452
404 476
405 411
405 416
405 428
405 444
405 447
405 485
406 423
406 436
406 469
406 478
407 421
407 425
407 447
407 451
407 471
407 493
408 415
408 426
408 427
408 463
408 475
408 482
408 484
408 499
409 423
409 441
409 465
409 466
409 474
409 481
409 487
410 417
410 432
410 433
410 435
410 441
410 448
410 450
410 456
410 479
410 491
411 414
411 427
411 428
411 431
411 437
411 454
411 456
411 461
411 484
411 488
411 491
411 493
411 498
412 414
412 427
412 431
412 462
412 471
412 475
412 479
412 485
412 498
413 447
413 462
413 490
413 498
414 419
414 434
414 448
414 458
414 464
414 478
414 499
415 419
415 432
415 449
415 474
415 476
415 478
415 480
415 487
416 418
416 436
416 446
416 450
416 452
416 469
417 421
417 422
417 436
417 454
417 463
417 472
417 473
417 474
417 489
418 420
418 432
418 445
418 459
418 463
418 478
418 485
418 493
419 420
419 421
419 422
419 449
419 455
419 458
419 480
419 484
419 493
420 425
420 469
420 470
420 482
420 485
421 427
421 438
421 448
421 453
421 457
421 460
421 493
421 499
422 423
422 425
422 430
422 436
422 449
422 456
422 460
422 492
423 435
423 449
423 468
423 475
423 482
423 491
424 443
424 460
424 478
424 498
425 426
425 427
425 433
425 441
425 446
425 449
425 452
425 470
425 476
425 480
425 496
426 439
426 450
426 451
426 456
426 468
426 469
427 434
427 438
427 478
427 485
427 488
427 493
427 498
428 439
428 446
428 449
428 456
428 480
428 481
428 487
429 432
429 441
429 454
429 488
429 492
429 495
429 498
430 432
430 452
430 459
430 465
430 480
430 491
431 463
431 484
431 488
431 489
431 494
431 495
432 438
432 446
432 457
432 466
432 474
432 484
432 496
433 440
433 464
433 485
433 494
433 498
434 450
434 457
434 459
434 468
434 483
434 484
434 496
435 448
435 488
435 494
436 449
436 467
436 482
436 492
436 499
437 465
437 473
438 446
438 462
438 483
438 494
438 496
438 497
439 447
439 450
439 483
439 486
439 499
440 445
440 466
440 473
440 483
440 498
441 449
441 457
441 465
441 473
441 477
441 488
441 497
442 453
442 469
442 480
442 481
442 483
443 463
443 474
443 481
443 482
443 492
443 493
443 494
443 495
444 478
444 482
444 488
444 490
445 465
445 475
445 497
446 450
446 480
446 487
446 499
447 464
447 471
447 479
447 482
447 484
447 490
447 492
448 449
448 450
448 465
448 473
448 478
448 487
449 458
449 465
449 470
449 479
449 483
449 489
449 496
450 451
450 462
450 464
450 471
450 481
450 487
450 494
451 477
452 454
452 458
452 459
452 481
452 491
453 480
453 485
454 460
454 490
455 466
456 458
456 464
456 472
456 486
457 463
457 472
457 483
457 499
458 465
458 473
458 476
458 484
458 486
458 490
459 472
459 494
460 461
460 463
460 475
460 484
461 463
461 466
461 473
461 493
461 495
462 477
462 484
463 485
463 491
463 497
464 465
464 473
464 480
464 496
465 470
465 494
465 496
466 470
466 483
466 495
466 497
468 478
468 479
468 481
468 482
468 490
468 497
469 482
469 487
469 491
469 494
470 476
470 492
470 493
471 480
472 479
472 485
472 489
473 475
473 479
474 486
474 491
475 485
475 494
476 486
477 497
478 487
479 497
480 487
481 496
483 487
484 498
487 495
489 491
490 499
491 494
493 496
495 497
495 499
