400 4785 0.2
0 32
0 54
0 73
0 81
0 115
0 141
0 156
0 164
0 169
0 188
0 192
0 219
0 231
0 254
0 282
0 294
0 313
0 316
0 322
0 327
0 344
0 372
0 379
0 381
1 8
1 36
1 42
1 64
1 97
1 123
1 125
1 145
1 167
1 191
1 196
1 198
1 248
1 269
1 287
1 302
1 305
1 307
1 324
1 349
1 350
1 356
1 358
1 372
1 379
1 391
2 7
2 44
2 47
2 69
2 84
2 86
2 105
2 160
2 165
2 190
2 193
2 196
2 213
2 295
2 298
2 346
2 386
3 13
3 18
3 25
3 29
3 33
3 71
3 78
3 98
3 121
3 130
3 131
3 144
3 201
3 209
3 215
3 254
3 264
3 275
3 284
3 296
3 297
3 327
3 365
3 384
3 390
3 391
4 22
4 26
4 87
4 111
4 181
4 217
4 252
4 267
4 270
4 283
4 296
4 305
4 343
4 356
4 360
4 394
4 397
4 398
4 399
5 12
5 20
5 34
5 36
5 50
5 55
5 72
5 78
5 89
5 104
5 117
5 212
5 230
5 241
5 255
5 275
5 279
5 283
5 293
5 305
5 320
5 364
5 378
5 388
6 35
6 39
6 53
6 63
6 83
6 100
6 116
6 171
6 219
6 221
6 236
6 257
6 263
6 298
6 321
6 393
7 51
7 59
7 81
7 85
7 105
7 113
7 137
7 161
7 164
7 175
7 184
7 199
7 214
7 224
7 272
7 286
7 307
7 334
7 347
8 22
8 64
8 65
8 76
8 93
8 109
8 151
8 160
8 166
8 169
8 177
8 178
8 191
8 198
8 229
8 244
8 260
8 274
8 288
8 295
8 312
8 323
8 372
9 16
9 24
9 33
9 38
9 54
9 61
9 87
9 88
9 100
9 116
9 121
9 138
9 140
9 141
9 159
9 189
9 202
9 208
9 295
9 330
9 345
10 17
10 19
10 47
10 50
10 57
10 67
10 74
10 114
10 117
10 118
10 161
10 183
10 184
10 189
10 241
10 251
10 257
10 265
10 284
10 355
10 362
10 370
10 390
11 54
11 68
11 74
11 81
11 90
11 91
11 93
11 104
11 120
11 125
11 143
11 144
11 183
11 201
11 263
11 269
11 284
11 288
11 289
11 293
11 322
11 325
11 364
11 373
11 395
12 39
12 43
12 45
12 85
12 96
12 105
12 113
12 115
12 129
12 142
12 182
12 215
12 230
12 252
12 254
12 262
12 288
12 289
12 316
12 322
12 329
12 332
12 345
12 354
12 369
12 381
12 397
13 36
13 67
13 105
13 129
13 136
13 142
13 161
13 165
13 218
13 228
13 340
13 343
14 27
14 77
14 81
14 86
14 104
14 107
14 164
14 167
14 182
14 241
14 254
14 289
14 305
14 319
14 351
14 355
14 367
14 374
14 377
14 388
15 29
15 44
15 49
15 94
15 112
15 118
15 143
15 177
15 187
15 205
15 262
15 263
15 298
15 309
15 328
15 336
15 338
15 363
16 18
16 23
16 62
16 79
16 88
16 92
16 113
16 121
16 123
16 141
16 152
16 160
16 189
16 230
16 235
16 268
16 278
16 289
16 304
16 306
16 329
16 354
16 370
16 391
17 41
17 50
17 86
17 90
17 91
17 96
17 115
17 126
17 146
17 147
17 148
17 161
17 163
17 187
17 195
17 214
17 223
17 228
17 237
17 242
17 280
17 285
17 307
17 332
17 348
18 55
18 78
18 106
18 114
18 116
18 125
18 129
18 167
18 171
18 191
18 208
18 229
18 240
18 259
18 298
18 326
18 334
18 338
18 359
18 385
19 48
19 70
19 73
19 92
19 105
19 147
19 153
19 158
19 187
19 190
19 191
19 194
19 214
19 223
19 237
19 254
19 255
19 266
19 279
19 288
19 293
19 300
19 304
19 318
19 329
19 340
20 27
20 57
20 62
20 103
20 105
20 129
20 138
20 160
20 191
20 203
20 204
20 217
20 233
20 238
20 259
20 260
20 338
20 392
21 36
21 92
21 98
21 115
21 131
21 193
21 207
21 218
21 226
21 232
21 236
21 258
21 272
21 294
21 296
21 299
21 313
21 333
21 353
21 356
21 380
22 23
22 55
22 65
22 74
22 76
22 82
22 85
22 90
22 105
22 111
22 113
22 134
22 144
22 176
22 217
22 231
22 238
22 261
22 263
22 280
22 284
22 308
22 310
22 321
22 338
22 340
22 343
22 355
22 363
22 373
22 389
22 399
23 49
23 115
23 141
23 155
23 174
23 220
23 264
23 289
23 291
23 326
23 329
23 345
23 377
24 67
24 87
24 133
24 138
24 139
24 142
24 173
24 200
24 203
24 221
24 251
24 261
24 263
24 267
24 278
24 303
24 314
24 329
24 334
24 366
24 387
24 391
25 40
25 52
25 57
25 66
25 81
25 89
25 171
25 182
25 210
25 227
25 251
25 254
25 256
25 311
25 318
25 329
25 367
25 393
25 394
25 396
25 397
26 43
26 50
26 78
26 141
26 143
26 145
26 151
26 153
26 154
26 163
26 172
26 178
26 197
26 227
26 239
26 290
26 293
26 343
27 41
27 42
27 49
27 52
27 66
27 67
27 73
27 82
27 102
27 104
27 111
27 117
27 128
27 134
27 164
27 177
27 189
27 192
27 208
27 269
27 285
27 303
27 307
27 347
27 357
27 376
27 389
28 31
28 37
28 51
28 52
28 56
28 76
28 86
28 102
28 116
28 118
28 119
28 133
28 139
28 145
28 184
28 200
28 219
28 222
28 234
28 283
28 286
28 293
28 308
28 341
28 359
28 381
28 396
29 37
29 42
29 44
29 46
29 106
29 120
29 123
29 137
29 172
29 179
29 186
29 191
29 235
29 245
29 257
29 340
29 368
29 369
29 383
30 42
30 46
30 50
30 97
30 104
30 107
30 116
30 130
30 132
30 135
30 169
30 179
30 186
30 199
30 203
30 229
30 241
30 263
30 274
30 299
30 332
30 347
30 349
30 351
30 353
30 374
30 390
31 95
31 110
31 114
31 117
31 130
31 153
31 157
31 198
31 207
31 259
31 265
31 293
31 301
31 315
31 340
31 353
32 86
32 126
32 127
32 209
32 237
32 267
32 270
32 279
32 282
32 283
32 305
32 347
32 377
32 380
32 398
33 46
33 51
33 67
33 91
33 118
33 120
33 138
33 148
33 193
33 213
33 231
33 247
33 249
33 251
33 261
33 284
33 302
33 303
33 317
33 338
33 339
33 351
33 354
33 379
33 380
33 390
34 45
34 78
34 97
34 130
34 153
34 155
34 160
34 163
34 180
34 182
34 198
34 206
34 207
34 208
34 216
34 239
34 244
34 254
34 262
34 292
34 336
34 355
35 40
35 74
35 106
35 114
35 116
35 162
35 180
35 185
35 196
35 231
35 251
35 261
35 276
35 291
35 325
35 353
35 369
35 378
36 58
36 81
36 86
36 118
36 149
36 165
36 171
36 187
36 193
36 199
36 207
36 264
36 271
36 277
36 297
36 299
36 320
36 327
36 343
36 354
36 378
36 387
37 43
37 47
37 49
37 59
37 66
37 107
37 111
37 113
37 122
37 149
37 161
37 175
37 190
37 214
37 245
37 306
37 324
37 348
37 349
37 391
38 44
38 55
38 63
38 64
38 94
38 95
38 121
38 135
38 138
38 142
38 161
38 165
38 192
38 226
38 229
38 239
38 247
38 258
38 262
38 281
38 291
38 298
38 310
38 320
38 353
38 354
38 365
38 370
39 57
39 68
39 77
39 129
39 130
39 139
39 163
39 168
39 173
39 174
39 179
39 195
39 252
39 255
39 258
39 267
39 272
39 292
39 299
39 321
39 325
39 327
39 334
39 342
39 351
39 363
39 372
39 386
39 387
39 388
40 48
40 66
40 74
40 78
40 131
40 135
40 140
40 285
40 287
40 302
40 324
40 329
40 357
40 372
40 380
40 387
41 58
41 60
41 75
41 79
41 102
41 111
41 122
41 147
41 151
41 164
41 166
41 199
41 204
41 221
41 255
41 272
41 309
41 314
41 356
41 366
41 375
41 392
42 58
42 60
42 124
42 125
42 127
42 129
42 134
42 182
42 191
42 199
42 203
42 219
42 232
42 254
42 259
42 297
42 317
42 339
42 362
42 363
42 368
42 388
42 399
43 137
43 143
43 162
43 165
43 189
43 222
43 229
43 231
43 233
43 241
43 249
43 262
43 265
43 267
43 270
43 283
43 287
43 301
43 350
43 369
43 378
43 382
43 385
43 398
44 48
44 58
44 70
44 71
44 89
44 124
44 129
44 159
44 168
44 187
44 197
44 198
44 199
44 207
44 213
44 221
44 248
44 249
44 273
44 274
44 285
44 289
44 326
44 356
44 372
45 55
45 71
45 130
45 160
45 173
45 208
45 229
45 239
45 255
45 257
45 265
45 271
45 287
45 292
45 302
45 321
45 332
45 339
45 344
45 346
45 349
45 355
45 358
45 393
46 55
46 79
46 97
46 109
46 121
46 148
46 152
46 157
46 220
46 239
46 242
46 248
46 254
46 263
46 282
46 288
46 327
46 335
46 340
46 349
46 366
46 372
47 53
47 57
47 62
47 80
47 81
47 90
47 110
47 118
47 119
47 136
47 186
47 218
47 219
47 233
47 236
47 247
47 286
47 290
47 293
47 315
47 375
47 388
47 396
48 151
48 154
48 166
48 178
48 219
48 224
48 230
48 277
48 328
48 364
49 79
49 82
49 94
49 112
49 118
49 127
49 134
49 147
49 183
49 184
49 239
49 263
49 265
49 283
49 284
49 292
49 320
49 326
49 330
49 333
49 349
49 353
49 361
49 393
49 394
50 54
50 66
50 101
50 108
50 117
50 121
50 124
50 133
50 150
50 151
50 158
50 177
50 183
50 198
50 211
50 219
50 270
50 271
50 311
50 324
50 346
50 354
50 363
50 396
51 52
51 54
51 80
51 96
51 98
51 109
51 116
51 139
51 192
51 211
51 213
51 225
51 233
51 246
51 258
51 259
51 274
51 310
51 324
51 334
51 355
52 65
52 66
52 73
52 82
52 115
52 140
52 163
52 166
52 169
52 189
52 191
52 200
52 206
52 229
52 234
52 290
52 307
52 312
52 317
52 334
52 373
52 383
53 54
53 74
53 123
53 134
53 142
53 149
53 185
53 194
53 212
53 223
53 225
53 243
53 246
53 269
53 273
53 274
53 297
53 310
53 362
53 365
53 367
53 375
54 76
54 137
54 139
54 173
54 184
54 189
54 213
54 233
54 235
54 242
54 252
54 273
54 292
54 295
54 307
54 332
54 337
54 358
54 370
54 390
54 398
55 56
55 84
55 89
55 94
55 130
55 151
55 169
55 170
55 179
55 187
55 206
55 232
55 277
55 290
55 302
55 316
55 320
55 339
55 349
55 363
55 387
55 395
56 64
56 69
56 78
56 121
56 130
56 172
56 182
56 187
56 200
56 273
56 282
56 333
56 362
56 374
56 383
56 394
57 59
57 81
57 87
57 106
57 172
57 176
57 198
57 212
57 213
57 215
57 227
57 273
57 332
57 346
57 353
57 370
57 375
57 398
58 84
58 98
58 120
58 134
58 160
58 163
58 170
58 216
58 219
58 271
58 275
58 287
58 295
58 296
58 339
59 83
59 93
59 106
59 124
59 126
59 163
59 171
59 176
59 219
59 275
59 285
59 306
59 323
59 366
59 367
59 388
59 391
60 64
60 91
60 104
60 106
60 110
60 141
60 155
60 160
60 169
60 177
60 178
60 249
60 256
60 273
60 280
60 288
60 303
60 314
60 316
60 361
60 362
60 387
61 67
61 81
61 93
61 110
61 117
61 119
61 131
61 148
61 151
61 169
61 183
61 196
61 207
61 212
61 214
61 239
61 270
61 271
61 273
61 277
61 280
61 286
61 288
61 290
61 298
61 299
61 307
61 326
61 328
61 368
61 371
61 375
61 383
61 386
61 395
62 88
62 93
62 119
62 144
62 154
62 160
62 189
62 191
62 230
62 246
62 256
62 265
62 313
62 322
62 324
62 325
62 329
62 330
62 334
62 354
62 364
62 376
63 98
63 120
63 126
63 175
63 181
63 200
63 206
63 237
63 239
63 285
63 291
63 300
63 304
63 313
63 320
63 339
63 340
63 376
63 386
63 393
64 81
64 99
64 132
64 140
64 174
64 186
64 190
64 191
64 215
64 219
64 227
64 243
64 275
64 302
64 326
64 339
64 351
64 369
64 371
65 81
65 99
65 131
65 134
65 148
65 151
65 156
65 158
65 189
65 190
65 192
65 202
65 217
65 220
65 224
65 236
65 248
65 257
65 258
65 286
65 305
65 382
65 386
65 388
66 83
66 86
66 102
66 109
66 141
66 153
66 174
66 182
66 221
66 225
66 244
66 285
66 319
66 339
66 351
67 91
67 137
67 148
67 189
67 190
67 214
67 236
67 272
67 275
67 285
67 308
67 324
67 327
67 328
67 393
68 69
68 75
68 92
68 104
68 116
68 121
68 135
68 147
68 155
68 193
68 229
68 236
68 239
68 258
68 275
68 295
68 327
68 347
68 362
68 372
68 388
68 397
69 93
69 156
69 170
69 180
69 183
69 197
69 271
69 283
69 289
69 298
69 316
69 322
69 341
69 353
69 359
70 137
70 148
70 157
70 173
70 180
70 182
70 202
70 203
70 207
70 208
70 233
70 246
70 266
70 276
70 278
70 287
70 296
70 336
70 342
70 347
70 349
70 373
70 382
71 74
71 76
71 78
71 84
71 96
71 101
71 102
71 103
71 109
71 134
71 147
71 150
71 181
71 191
71 207
71 224
71 230
71 236
71 237
71 239
71 277
71 287
71 296
71 322
71 327
71 329
71 362
72 76
72 103
72 104
72 122
72 163
72 233
72 247
72 253
72 274
72 307
72 314
72 317
72 395
72 396
73 150
73 185
73 198
73 218
73 239
73 284
73 288
73 294
73 308
73 311
73 333
73 354
73 362
73 366
73 368
73 393
73 398
74 81
74 140
74 145
74 150
74 164
74 166
74 200
74 219
74 237
74 246
74 250
74 301
74 302
74 315
74 317
74 338
74 342
74 352
74 354
74 382
74 384
75 76
75 121
75 150
75 153
75 174
75 209
75 247
75 255
75 332
75 357
75 359
75 365
75 383
76 77
76 95
76 109
76 127
76 171
76 184
76 204
76 215
76 252
76 259
76 261
76 270
76 306
76 307
76 311
76 312
76 341
76 349
76 356
76 357
76 362
76 363
76 377
77 79
77 106
77 148
77 160
77 176
77 179
77 185
77 190
77 237
77 279
77 281
77 284
77 323
77 343
77 349
77 375
77 395
78 83
78 94
78 98
78 114
78 116
78 158
78 178
78 189
78 227
78 249
78 258
78 298
78 311
78 323
78 341
78 369
78 373
78 388
79 115
79 144
79 169
79 219
79 239
79 258
79 260
79 283
79 292
79 321
79 354
79 363
80 118
80 156
80 178
80 183
80 201
80 225
80 237
80 247
80 249
80 250
80 276
80 301
80 335
80 360
80 366
80 373
81 103
81 108
81 113
81 116
81 118
81 171
81 191
81 221
81 242
81 245
81 262
81 284
81 314
81 319
81 320
81 342
81 344
81 351
81 360
81 361
81 382
82 147
82 159
82 163
82 168
82 233
82 236
82 261
82 299
82 322
82 324
82 359
82 368
82 373
82 395
82 396
83 94
83 109
83 127
83 131
83 177
83 232
83 234
83 241
83 250
83 265
83 286
83 303
83 318
83 323
83 366
83 377
83 380
83 387
83 395
84 101
84 105
84 120
84 123
84 135
84 136
84 137
84 157
84 176
84 260
84 270
84 271
84 305
84 328
84 340
84 351
84 383
85 106
85 110
85 118
85 133
85 169
85 191
85 208
85 222
85 252
85 283
85 340
86 100
86 123
86 186
86 194
86 198
86 200
86 214
86 215
86 218
86 228
86 231
86 233
86 244
86 269
86 278
86 313
86 323
86 348
86 352
86 353
86 363
87 89
87 124
87 134
87 156
87 177
87 214
87 215
87 222
87 235
87 274
87 289
87 313
87 314
87 315
87 316
87 326
87 335
87 360
87 375
87 384
87 389
87 399
88 153
88 172
88 175
88 185
88 203
88 239
88 262
88 272
88 275
88 296
88 322
88 393
89 130
89 143
89 173
89 179
89 200
89 202
89 207
89 223
89 259
89 260
89 261
89 274
89 280
89 288
89 299
89 301
89 304
89 329
89 363
89 378
89 394
89 397
90 98
90 100
90 163
90 168
90 171
90 172
90 204
90 216
90 227
90 247
90 249
90 250
90 261
90 265
90 273
90 285
90 293
90 301
90 307
90 395
91 127
91 142
91 155
91 174
91 200
91 203
91 221
91 226
91 247
91 250
91 252
91 260
91 261
91 281
91 287
91 288
91 289
91 291
91 357
91 384
91 386
91 390
91 391
92 104
92 107
92 109
92 110
92 121
92 122
92 133
92 150
92 156
92 158
92 165
92 187
92 215
92 220
92 226
92 263
92 289
92 308
92 320
92 333
92 335
92 342
92 353
92 379
92 393
92 399
93 101
93 107
93 113
93 135
93 154
93 167
93 184
93 228
93 247
93 277
93 295
93 342
93 346
93 367
93 372
93 374
93 377
93 383
93 393
94 97
94 99
94 117
94 121
94 164
94 167
94 201
94 211
94 220
94 229
94 242
94 269
94 276
94 279
94 301
94 307
94 314
94 317
94 327
94 349
94 357
94 381
94 385
94 391
94 393
94 396
95 100
95 107
95 115
95 132
95 157
95 159
95 163
95 199
95 213
95 224
95 227
95 238
95 268
95 273
95 280
95 281
95 288
95 303
95 306
95 307
95 314
95 338
95 344
95 366
95 368
95 372
95 382
95 384
96 98
96 114
96 147
96 150
96 157
96 161
96 174
96 184
96 207
96 220
96 226
96 243
96 260
96 264
96 267
96 298
96 323
96 335
96 351
96 362
96 364
96 382
96 393
97 98
97 106
97 129
97 147
97 168
97 214
97 215
97 249
97 284
97 294
97 300
97 306
97 323
97 360
97 365
97 373
98 122
98 126
98 134
98 158
98 159
98 192
98 194
98 212
98 218
98 219
98 221
98 224
98 226
98 229
98 237
98 242
98 260
98 270
98 276
98 287
98 308
98 312
98 326
98 346
98 357
98 367
98 381
98 394
99 107
99 118
99 158
99 167
99 174
99 186
99 208
99 212
99 215
99 217
99 245
99 248
99 258
99 266
99 269
99 303
99 361
99 367
99 386
99 387
100 166
100 167
100 182
100 186
100 231
100 248
100 255
100 272
100 292
100 305
100 313
100 329
100 334
100 389
100 393
101 152
101 159
101 161
101 207
101 215
101 229
101 236
101 279
101 346
101 350
101 364
101 369
101 378
101 384
101 395
101 399
102 111
102 115
102 146
102 148
102 158
102 164
102 175
102 179
102 195
102 226
102 232
102 237
102 296
102 297
102 303
102 318
102 327
102 339
102 355
102 370
102 387
103 113
103 125
103 127
103 132
103 141
103 143
103 145
103 156
103 179
103 182
103 186
103 188
103 195
103 213
103 228
103 230
103 237
103 244
103 255
103 259
103 266
103 302
103 314
103 320
103 324
103 381
104 116
104 136
104 146
104 149
104 163
104 182
104 188
104 198
104 223
104 240
104 245
104 246
104 248
104 253
104 260
104 283
104 316
104 328
104 344
104 356
105 210
105 228
105 238
105 305
105 312
105 349
105 386
105 388
105 398
106 109
106 123
106 127
106 134
106 145
106 163
106 186
106 192
106 216
106 242
106 270
106 286
106 300
106 304
106 365
106 374
107 108
107 152
107 163
107 165
107 172
107 176
107 181
107 195
107 221
107 266
107 282
107 285
107 286
107 288
107 295
107 323
107 341
108 118
108 148
108 171
108 175
108 194
108 198
108 231
108 244
108 250
108 275
108 280
108 283
108 286
108 303
108 311
108 335
108 354
108 368
108 386
109 124
109 131
109 148
109 177
109 179
109 188
109 209
109 247
109 267
109 270
109 325
109 336
109 337
109 339
109 348
109 352
109 379
109 398
110 113
110 118
110 122
110 138
110 154
110 171
110 172
110 176
110 177
110 181
110 189
110 197
110 201
110 205
110 215
110 235
110 267
110 285
110 299
110 308
110 330
110 352
110 372
111 141
111 180
111 182
111 194
111 209
111 213
111 238
111 258
111 297
111 345
111 359
112 124
112 142
112 145
112 149
112 167
112 221
112 238
112 251
112 271
112 282
112 283
112 308
112 312
112 322
112 337
112 340
112 344
112 355
112 381
112 390
113 127
113 132
113 137
113 146
113 157
113 163
113 181
113 209
113 222
113 278
113 313
113 325
113 389
113 396
114 115
114 123
114 214
114 252
114 268
114 273
114 274
114 278
114 284
114 299
114 332
114 362
115 138
115 189
115 211
115 248
115 267
115 305
115 311
115 327
115 351
115 381
115 382
115 384
115 389
116 158
116 189
116 191
116 200
116 208
116 294
116 295
116 298
116 304
116 348
116 370
116 389
117 125
117 128
117 133
117 151
117 199
117 233
117 245
117 247
117 258
117 302
117 303
117 327
117 344
117 348
117 350
117 360
117 368
117 372
117 394
117 397
118 130
118 136
118 151
118 181
118 241
118 246
118 270
118 277
118 295
118 342
118 347
118 353
118 388
118 394
119 135
119 150
119 178
119 191
119 230
119 237
119 260
119 268
119 274
119 285
119 289
119 290
119 334
119 346
119 359
119 366
119 398
120 154
120 175
120 178
120 187
120 217
120 218
120 220
120 230
120 239
120 252
120 262
120 291
120 324
120 342
120 345
120 352
120 354
120 358
120 364
120 376
121 132
121 146
121 161
121 166
121 175
121 188
121 195
121 220
121 225
121 242
121 282
121 290
121 314
121 336
121 363
121 365
121 385
121 396
122 142
122 146
122 147
122 153
122 190
122 195
122 200
122 225
122 282
122 290
122 299
122 307
122 335
122 342
122 371
122 388
122 394
123 132
123 151
123 166
123 220
123 225
123 229
123 239
123 281
123 310
123 312
123 319
123 331
123 357
123 372
123 394
124 199
124 201
124 209
124 220
124 258
124 263
124 269
124 274
124 307
124 325
124 336
124 349
124 364
124 376
125 152
125 193
125 248
125 252
125 265
125 274
125 280
125 289
125 299
125 311
125 320
125 329
125 343
125 357
125 393
125 397
126 138
126 182
126 246
126 247
126 277
126 316
126 320
126 342
126 347
126 373
127 135
127 148
127 163
127 177
127 209
127 243
127 255
127 260
127 278
127 284
127 287
127 293
127 298
127 310
127 317
127 324
127 334
127 355
128 165
128 169
128 177
128 204
128 218
128 234
128 239
128 242
128 270
128 286
128 290
128 293
128 300
128 319
128 320
128 328
128 339
128 353
128 356
128 358
128 381
128 384
128 388
129 142
129 143
129 180
129 224
129 236
129 248
129 274
129 284
129 301
129 307
129 331
129 332
129 349
129 358
129 382
129 396
130 154
130 186
130 242
130 244
130 254
130 266
130 289
130 338
130 347
130 351
130 381
131 135
131 146
131 153
131 174
131 180
131 184
131 193
131 213
131 214
131 277
131 317
131 346
131 362
131 388
131 396
132 139
132 159
132 173
132 187
132 195
132 236
132 270
132 308
132 324
132 367
133 135
133 157
133 161
133 186
133 206
133 258
133 264
133 274
133 287
133 288
133 293
133 297
133 346
133 349
133 350
133 394
133 396
133 397
134 153
134 156
134 179
134 226
134 235
134 241
134 246
134 248
134 249
134 255
134 296
134 303
134 305
134 314
134 322
134 331
134 352
134 363
134 368
134 395
135 163
135 206
135 214
135 220
135 227
135 228
135 234
135 267
135 271
135 272
135 278
135 316
135 318
135 330
135 346
135 398
136 137
136 153
136 196
136 203
136 246
136 254
136 277
136 318
136 325
136 336
136 341
136 350
136 351
136 355
136 386
137 152
137 154
137 178
137 198
137 206
137 296
137 312
137 313
137 314
137 322
137 335
137 343
137 350
137 354
137 368
137 379
137 388
138 163
138 177
138 200
138 209
138 210
138 246
138 247
138 261
138 374
138 382
138 389
139 209
139 221
139 228
139 253
139 265
139 269
139 278
139 283
139 337
139 341
139 344
139 346
139 350
139 353
139 355
139 381
139 399
140 144
140 154
140 189
140 192
140 210
140 225
140 247
140 267
140 279
140 283
140 383
141 149
141 161
141 163
141 165
141 187
141 213
141 255
141 261
141 290
141 291
141 332
142 154
142 196
142 202
142 210
142 211
142 217
142 222
142 224
142 247
142 253
142 266
142 302
142 323
142 338
142 342
142 349
142 351
142 360
142 365
142 387
143 152
143 160
143 192
143 198
143 201
143 202
143 211
143 226
143 235
143 236
143 248
143 313
143 314
143 329
143 341
143 365
143 397
144 148
144 168
144 182
144 183
144 200
144 221
144 223
144 230
144 235
144 263
144 286
144 301
144 304
144 330
144 346
144 356
144 369
144 374
144 387
144 388
144 391
144 394
144 397
144 399
145 152
145 156
145 173
145 176
145 178
145 185
145 209
145 234
145 251
145 253
145 275
145 301
145 326
145 327
145 332
145 342
145 371
145 375
145 379
145 383
146 152
146 157
146 173
146 177
146 186
146 211
146 230
146 247
146 252
146 254
146 269
146 284
146 305
146 324
146 329
146 341
147 155
147 161
147 187
147 213
147 219
147 231
147 235
147 260
147 271
147 279
147 280
147 283
147 285
147 322
147 326
147 340
147 392
148 149
148 162
148 205
148 221
148 295
148 310
148 330
148 348
149 150
149 171
149 175
149 194
149 199
149 204
149 230
149 236
149 240
149 267
149 289
149 314
149 323
149 324
149 377
149 388
149 390
149 393
150 168
150 179
150 237
150 238
150 242
150 255
150 261
150 271
150 302
150 314
150 331
150 347
150 365
151 160
151 200
151 223
151 233
151 257
151 301
151 341
151 361
151 362
151 377
152 200
152 222
152 238
152 263
152 346
152 353
152 356
152 358
152 363
152 364
152 384
153 155
153 156
153 162
153 188
153 216
153 234
153 266
153 343
153 376
154 155
154 180
154 182
154 183
154 192
154 195
154 197
154 218
154 260
154 261
154 281
154 290
154 309
154 313
154 329
154 334
154 345
154 357
154 385
154 386
154 399
155 168
155 174
155 195
155 207
155 208
155 213
155 224
155 228
155 246
155 263
155 294
155 298
155 303
155 309
155 318
155 319
155 320
155 329
155 336
155 351
155 368
155 397
156 158
156 161
156 162
156 196
156 203
156 221
156 227
156 231
156 238
156 273
156 293
156 311
156 320
156 358
156 375
156 383
156 395
156 397
157 184
157 188
157 193
157 217
157 249
157 280
157 296
157 297
157 316
157 362
157 390
158 167
158 191
158 224
158 243
158 284
158 287
158 291
158 313
158 359
158 384
159 161
159 182
159 229
159 287
159 301
159 320
159 344
159 364
159 377
159 381
160 174
160 188
160 205
160 208
160 222
160 233
160 264
160 268
160 285
160 314
160 320
160 336
160 345
160 346
160 362
161 175
161 184
161 192
161 201
161 218
161 244
161 260
161 263
161 292
161 295
161 345
161 356
161 369
161 378
161 385
161 386
162 168
162 191
162 192
162 198
162 206
162 220
162 241
162 265
162 269
162 271
162 275
162 290
162 312
162 313
162 314
162 317
162 335
163 173
163 185
163 191
163 238
163 260
163 262
163 269
163 305
163 307
163 308
163 363
163 367
163 371
163 383
164 165
164 170
164 174
164 191
164 195
164 211
164 212
164 220
164 224
164 243
164 248
164 260
164 344
164 348
164 353
164 374
164 383
165 180
165 186
165 187
165 189
165 206
165 217
165 262
165 264
165 283
165 302
165 353
166 200
166 244
166 251
166 259
166 277
166 314
166 333
166 341
166 366
166 369
166 396
167 170
167 200
167 223
167 230
167 238
167 240
167 242
167 251
167 269
167 292
167 346
167 347
167 356
167 373
167 392
167 396
167 397
168 195
168 231
168 238
168 244
168 251
168 269
168 282
168 286
168 319
168 327
168 354
168 363
168 371
168 397
169 175
169 205
169 224
169 228
169 241
169 274
169 277
169 285
169 300
169 361
169 398
170 186
170 213
170 220
170 231
170 234
170 250
170 252
170 289
170 293
170 331
170 351
170 357
170 380
170 389
171 174
171 197
171 212
171 223
171 226
171 255
171 279
171 285
171 299
171 306
171 326
171 336
171 347
171 371
172 184
172 192
172 222
172 223
172 231
172 237
172 251
172 252
172 256
172 300
172 315
172 322
172 323
172 328
172 330
172 342
172 350
172 353
172 361
172 365
173 195
173 221
173 245
173 255
173 259
173 270
173 286
173 289
173 292
173 325
173 344
173 362
173 379
173 380
174 189
174 191
174 193
174 207
174 211
174 223
174 231
174 240
174 241
174 261
174 302
174 307
174 311
174 312
174 317
174 326
174 349
174 350
174 370
174 386
174 387
174 396
175 194
175 246
175 249
175 273
175 275
175 288
175 291
175 292
175 298
175 301
175 328
175 335
175 347
175 348
175 359
175 369
175 370
175 385
175 388
176 253
176 263
176 310
176 318
176 323
176 344
176 358
176 377
177 178
177 190
177 200
177 215
177 224
177 228
177 237
177 248
177 251
177 275
177 296
177 340
177 346
177 352
177 366
177 371
177 388
178 189
178 239
178 241
178 243
178 253
178 280
178 281
178 317
178 318
178 328
178 333
178 350
179 180
179 209
179 251
179 264
179 269
179 323
179 341
179 344
179 348
179 394
180 189
180 219
180 220
180 238
180 250
180 285
180 313
180 387
180 399
181 188
181 199
181 217
181 219
181 247
181 266
181 286
181 305
181 323
181 331
181 337
181 338
181 346
181 391
181 395
182 196
182 229
182 236
182 243
182 248
182 270
182 273
182 286
182 293
182 318
182 330
182 337
182 338
182 353
182 365
183 209
183 228
183 246
183 258
183 308
183 312
183 315
183 323
183 328
183 338
183 340
183 342
183 395
184 187
184 193
184 200
184 243
184 254
184 268
184 272
184 279
184 295
184 300
184 328
184 349
184 363
185 200
185 238
185 248
185 265
185 270
185 287
185 290
185 309
185 312
185 316
185 322
185 352
185 355
185 357
185 359
185 390
185 393
186 194
186 211
186 214
186 221
186 234
186 247
186 248
186 271
186 301
186 327
186 337
186 340
186 342
186 352
186 370
186 380
186 382
186 385
186 397
187 213
187 220
187 225
187 228
187 233
187 254
187 265
187 271
187 272
187 354
187 355
187 378
187 386
187 395
187 399
188 200
188 213
188 218
188 220
188 221
188 230
188 260
188 283
188 292
188 300
188 312
188 316
188 320
188 321
188 322
188 335
188 339
188 345
188 350
188 354
188 356
188 364
188 377
188 382
189 218
189 232
189 245
189 251
189 256
189 257
189 279
189 318
189 338
189 347
189 376
189 377
189 398
190 208
190 229
190 231
190 247
190 271
190 280
190 287
190 336
190 339
190 341
190 376
191 196
191 202
191 203
191 237
191 282
191 299
191 315
191 342
191 377
192 219
192 251
192 262
192 265
192 282
192 312
192 322
192 344
192 361
192 367
192 395
193 194
193 227
193 278
193 296
193 303
193 307
193 319
193 322
193 341
193 343
193 357
193 364
193 365
193 367
193 393
194 230
194 241
194 279
194 280
194 292
194 316
194 325
194 340
194 352
194 366
194 385
194 391
195 199
195 206
195 232
195 266
195 276
195 281
195 288
195 317
195 331
195 358
195 359
195 373
196 237
196 255
196 270
196 318
196 330
196 356
196 357
196 371
196 384
196 387
197 213
197 230
197 231
197 247
197 270
197 276
197 294
197 310
197 311
197 351
197 362
197 366
197 372
197 377
197 388
198 295
198 297
198 333
198 336
198 337
198 378
198 384
198 389
198 391
198 394
199 202
199 206
199 221
199 272
199 273
199 285
199 299
199 311
199 314
199 322
199 326
199 334
199 336
199 371
199 391
200 208
200 212
200 294
200 333
200 334
200 349
200 350
200 398
201 211
201 221
201 266
201 276
201 321
201 338
201 339
201 347
201 353
201 355
201 356
201 373
201 381
202 208
202 211
202 215
202 229
202 296
202 306
202 315
202 341
202 349
202 353
203 207
203 217
203 236
203 264
203 278
203 285
203 289
203 290
203 338
203 350
203 386
203 390
203 391
203 396
204 210
204 224
204 235
204 252
204 258
204 266
204 271
204 297
204 302
204 312
204 323
204 326
204 346
204 350
204 351
204 353
205 220
205 258
205 311
205 315
205 344
205 363
205 384
206 219
206 234
206 244
206 250
206 277
206 288
206 338
206 381
206 386
206 387
206 394
206 395
206 397
207 208
207 214
207 240
207 264
207 267
207 277
207 281
207 284
207 302
207 305
207 344
207 358
207 360
208 217
208 247
208 262
208 268
208 317
208 343
208 365
208 367
208 397
208 398
209 222
209 234
209 245
209 254
209 257
209 285
209 292
209 305
209 325
209 329
209 334
209 335
209 345
209 356
209 366
209 368
209 383
210 218
210 225
210 263
210 285
210 321
210 387
210 390
210 393
211 213
211 228
211 239
211 243
211 303
211 322
211 323
211 328
211 341
211 354
211 382
212 230
212 236
212 309
212 311
212 323
212 344
212 365
212 369
212 375
212 387
213 231
213 235
213 244
213 250
213 281
213 309
213 357
213 360
213 370
214 231
214 239
214 263
214 302
214 307
214 310
214 339
214 341
214 351
214 391
215 222
215 226
215 234
215 250
215 273
215 278
215 281
215 296
215 341
215 352
215 369
215 370
215 389
216 228
216 243
216 247
216 259
216 263
216 268
216 275
216 282
216 292
216 299
216 351
216 369
216 377
217 219
217 235
217 261
217 263
217 275
217 302
217 351
217 357
217 364
217 369
217 374
217 388
218 220
218 227
218 233
218 244
218 267
218 294
218 296
218 319
218 320
218 325
218 387
219 229
219 245
219 277
219 284
219 315
219 337
219 348
219 367
219 374
219 385
220 253
220 257
220 265
220 323
220 326
220 339
220 342
220 372
220 374
220 394
221 311
221 312
221 342
221 345
221 349
221 359
221 365
221 379
221 388
221 390
221 397
222 225
222 245
222 257
222 258
222 302
222 363
222 373
223 226
223 240
223 266
223 272
223 297
223 303
223 306
223 328
223 334
223 368
224 247
224 254
224 271
224 272
224 273
224 288
224 296
224 310
224 320
224 374
225 293
225 300
225 307
225 324
225 345
225 360
225 387
226 248
226 262
226 267
226 273
226 278
226 287
226 290
226 359
226 361
227 248
227 252
227 272
227 277
227 317
227 324
227 329
227 345
227 358
227 363
227 382
227 394
228 237
228 280
228 311
228 329
228 339
228 377
228 379
229 248
229 266
229 282
229 299
229 300
229 313
229 338
229 343
229 367
230 237
230 243
230 255
230 258
230 261
230 262
230 276
230 280
230 285
230 295
230 328
230 341
230 347
230 367
230 389
230 391
231 265
231 267
231 320
231 327
231 364
231 394
231 397
232 243
232 247
232 279
232 286
232 299
232 306
232 310
232 337
232 350
233 235
233 276
233 284
233 290
233 299
233 307
233 309
233 311
233 319
233 389
234 242
234 245
234 259
234 275
234 279
234 310
234 348
234 359
234 364
234 380
234 383
234 384
235 244
235 265
235 309
235 310
235 317
235 320
235 323
235 338
235 356
236 245
236 262
236 285
236 316
236 329
236 338
236 353
236 369
237 263
237 266
237 282
237 292
237 307
237 317
237 343
237 378
237 392
238 257
238 270
238 275
238 291
238 307
238 309
238 322
238 354
239 248
239 266
239 283
239 285
239 324
239 333
239 353
240 246
240 284
240 299
240 300
240 316
240 324
240 335
240 349
240 380
240 393
240 395
241 272
241 281
241 319
241 320
241 335
241 344
241 378
242 285
242 288
242 304
242 346
242 377
242 382
242 387
242 390
242 398
242 399
243 259
243 287
243 308
243 382
244 251
244 268
244 269
244 283
244 302
244 322
244 344
244 370
244 378
244 398
245 254
245 265
245 307
245 316
245 325
245 360
245 363
245 366
246 251
246 273
246 275
246 288
246 301
246 304
246 321
246 347
246 378
247 253
247 272
247 276
247 286
247 294
247 319
247 323
247 338
247 361
247 365
247 386
247 390
247 392
247 396
247 399
248 266
248 281
248 283
248 298
248 313
248 326
248 327
248 336
248 359
248 387
248 393
249 257
249 264
249 274
249 277
249 282
249 286
249 291
249 313
249 337
249 346
249 379
249 395
249 396
250 256
250 263
250 271
250 293
250 303
250 305
250 306
250 337
250 338
250 353
250 394
250 399
251 257
251 265
251 278
251 282
251 291
251 297
251 338
251 341
251 350
251 380
252 261
252 280
252 283
252 322
252 335
252 381
252 384
253 262
253 272
253 292
253 308
253 313
253 320
253 343
253 350
253 364
254 275
254 291
254 298
254 301
254 314
254 336
254 354
254 368
254 387
254 388
255 265
255 292
255 298
255 311
255 346
255 354
255 369
256 279
256 312
256 318
256 323
256 350
256 364
256 395
257 271
257 278
257 320
257 335
257 340
257 367
257 388
257 392
258 261
258 308
258 309
258 331
258 343
258 365
258 383
258 385
259 278
259 298
259 309
259 310
259 312
259 322
259 328
259 351
259 354
259 362
259 367
259 381
259 394
259 399
260 342
260 372
260 398
260 399
261 265
261 296
261 297
261 309
261 327
261 376
261 381
261 384
261 394
262 285
262 305
262 312
262 332
262 336
262 338
262 352
262 398
263 298
263 299
263 323
263 334
263 341
263 376
264 286
264 293
264 305
264 312
264 340
264 344
264 361
265 278
265 294
265 337
265 351
265 367
265 383
265 393
266 295
266 304
266 312
266 321
266 327
266 348
266 372
266 377
266 380
266 384
266 387
267 279
267 284
267 285
267 301
267 309
267 310
267 328
267 379
267 398
268 269
268 283
268 286
268 290
268 295
268 302
268 324
268 334
268 335
268 360
268 376
269 293
269 295
269 314
269 326
269 329
269 337
270 280
270 289
270 295
270 299
270 303
270 306
270 330
270 346
270 383
270 384
271 311
271 355
271 371
271 394
271 398
272 275
272 304
272 329
272 349
272 368
272 371
273 306
273 316
273 340
273 368
273 386
273 393
274 286
274 290
274 300
274 310
274 323
274 332
274 338
274 381
274 386
275 295
275 305
275 319
275 321
275 325
275 327
275 341
275 347
275 360
275 378
275 382
275 385
275 392
275 395
276 299
276 349
277 302
277 312
277 331
277 343
277 361
277 369
277 374
277 379
278 290
278 297
278 304
278 333
278 371
278 387
278 393
279 298
279 300
279 302
279 307
279 314
279 360
279 366
279 386
280 290
280 296
280 313
280 319
280 357
280 365
280 381
280 392
281 304
281 359
281 371
282 285
282 297
282 331
282 352
282 356
282 371
282 377
282 384
282 397
283 297
283 331
283 340
283 341
283 347
283 362
283 367
283 389
284 314
284 364
284 385
284 389
285 288
285 303
285 304
285 317
285 346
285 357
285 372
285 373
285 386
285 390
285 392
285 393
286 305
286 315
286 321
286 326
286 375
287 292
287 305
287 374
287 379
287 384
287 390
288 310
288 341
288 353
288 355
288 384
288 398
289 315
289 327
289 338
289 350
289 377
289 392
290 307
290 311
290 313
290 335
290 348
290 352
290 358
290 365
290 366
291 292
291 293
291 310
291 311
291 352
291 356
292 312
292 321
292 353
292 358
292 359
293 302
293 315
293 316
293 337
293 353
293 356
293 369
293 397
294 304
294 310
294 312
294 333
294 353
294 358
294 362
294 392
294 396
295 298
295 312
295 366
295 379
296 298
296 313
296 314
296 318
296 323
296 324
296 342
296 353
296 364
296 373
297 313
297 321
297 330
297 340
297 341
297 355
297 362
297 376
297 399
298 315
298 320
298 377
298 388
298 389
299 301
299 309
299 319
299 320
299 323
299 355
300 303
300 306
300 329
300 338
300 354
300 398
301 320
301 341
301 354
301 387
301 388
302 348
302 358
302 367
302 376
302 380
303 305
303 324
303 332
303 334
303 354
303 360
303 394
304 307
304 310
304 331
304 340
304 352
304 388
305 330
305 339
305 351
305 381
305 386
305 398
306 307
306 314
306 330
306 361
306 365
306 370
306 390
307 308
307 344
307 355
307 387
307 389
308 331
308 345
308 373
308 389
309 316
309 342
309 361
309 364
309 395
310 318
310 355
310 358
310 366
310 389
311 318
311 325
311 349
311 351
311 365
311 381
311 390
312 390
312 391
312 399
313 314
313 317
313 322
313 348
313 354
313 375
314 319
314 342
314 395
315 334
315 337
315 354
315 356
315 377
315 384
316 323
316 379
317 319
317 337
317 357
317 372
317 379
317 383
318 332
318 337
318 357
318 360
318 367
318 386
319 346
319 362
319 363
319 365
319 374
320 324
320 330
320 332
321 341
321 366
322 335
322 342
322 356
322 362
322 375
322 390
323 327
323 357
323 373
323 381
324 329
324 333
324 336
324 352
324 357
324 378
325 326
325 328
325 342
325 360
325 384
325 387
326 329
326 341
326 379
326 381
327 335
327 342
327 345
327 347
327 360
327 364
327 388
328 333
328 340
328 367
328 372
328 386
329 393
329 394
330 348
330 378
330 397
331 340
331 375
332 341
332 356
332 378
333 360
333 380
333 387
333 397
334 343
334 345
334 352
334 368
334 370
334 399
335 344
335 349
335 377
335 382
335 397
336 338
336 356
336 371
336 374
336 399
337 375
337 378
337 380
338 350
338 377
338 383
338 385
339 346
340 375
340 397
341 343
341 362
341 390
341 395
341 396
342 343
342 357
342 367
342 374
342 379
342 391
342 399
343 347
343 393
343 398
344 374
345 395
346 354
346 364
346 373
346 399
347 366
347 378
347 391
347 397
348 379
348 381
348 382
349 352
349 365
349 390
349 392
350 361
350 384
351 380
351 398
352 361
352 362
352 375
352 385
352 399
354 377
354 384
354 388
355 368
355 377
355 379
356 389
356 391
356 392
357 380
358 363
358 384
359 384
360 361
360 388
361 365
361 399
362 365
362 373
362 383
362 384
362 393
363 366
363 383
363 385
363 390
363 392
364 389
364 395
365 381
365 390
366 375
366 387
368 373
369 371
369 379
369 381
370 373
370 396
371 372
374 377
374 385
374 398
376 395
376 397
376 399
377 389
377 395
377 398
378 383
382 393
384 386
385 387
385 394
385 397
386 399
387 389
390 395
391 399
