300 4023 0.5
0 42
0 50
0 52
0 73
0 92
0 129
0 153
0 163
0 179
0 185
0 248
0 256
0 261
0 289
0 294
0 297
1 3
1 12
1 15
1 17
1 33
1 35
1 36
1 44
1 81
1 121
1 156
1 162
1 176
1 183
1 186
1 195
1 196
1 218
1 233
1 236
1 242
1 250
1 262
1 272
1 299
2 8
2 26
2 53
2 76
2 79
2 80
2 89
2 98
2 121
2 122
2 126
2 132
2 135
2 136
2 150
2 161
2 179
2 192
2 193
2 196
2 212
2 232
2 237
2 238
2 258
2 268
2 273
2 290
2 292
3 8
3 10
3 28
3 34
3 41
3 46
3 47
3 55
3 76
3 82
3 91
3 111
3 121
3 156
3 158
3 163
3 183
3 192
3 199
3 200
3 214
3 217
3 220
3 247
3 257
3 259
3 260
3 280
3 292
3 297
4 17
4 37
4 77
4 79
4 80
4 92
4 100
4 111
4 128
4 130
4 154
4 163
4 169
4 183
4 187
4 195
4 198
4 223
4 245
4 247
4 250
4 270
4 278
4 286
4 293
4 295
5 17
5 22
5 46
5 68
5 73
5 98
5 109
5 115
5 118
5 121
5 131
5 143
5 155
5 156
5 178
5 222
5 241
5 245
5 269
5 271
5 272
5 277
6 8
6 11
6 15
6 18
6 23
6 42
6 57
6 95
6 96
6 129
6 130
6 131
6 142
6 165
6 185
6 191
6 192
6 201
6 203
6 214
6 222
6 233
6 254
6 258
6 261
6 268
6 274
6 288
6 291
7 8
7 32
7 84
7 89
7 100
7 103
7 104
7 111
7 116
7 118
7 137
7 140
7 153
7 163
7 170
7 171
7 172
7 181
7 191
7 199
7 241
7 250
7 274
8 20
8 59
8 69
8 80
8 83
8 84
8 90
8 94
8 126
8 128
8 129
8 144
8 180
8 191
8 198
8 227
8 230
8 250
8 251
8 265
8 294
9 29
9 69
9 92
9 93
9 119
9 145
9 162
9 183
9 195
9 197
9 216
9 229
9 234
9 236
9 237
9 250
9 275
9 282
9 296
10 24
10 31
10 50
10 53
10 65
10 67
10 68
10 93
10 102
10 106
10 118
10 122
10 141
10 163
10 179
10 208
10 209
10 213
10 244
10 247
10 265
10 280
10 283
10 294
11 34
11 39
11 49
11 51
11 54
11 63
11 68
11 71
11 75
11 85
11 86
11 94
11 97
11 138
11 144
11 262
12 20
12 26
12 31
12 41
12 45
12 49
12 58
12 65
12 66
12 77
12 82
12 86
12 90
12 97
12 99
12 102
12 115
12 126
12 133
12 153
12 157
12 166
12 173
12 174
12 201
12 208
12 233
12 234
12 239
12 244
12 245
12 287
13 16
13 17
13 29
13 32
13 33
13 40
13 56
13 60
13 63
13 78
13 88
13 100
13 108
13 114
13 126
13 133
13 135
13 165
13 176
13 184
13 185
13 212
13 213
13 239
13 264
13 281
13 291
14 22
14 26
14 45
14 52
14 60
14 62
14 92
14 107
14 113
14 122
14 140
14 146
14 147
14 152
14 167
14 169
14 208
14 224
14 229
14 231
14 240
14 249
14 253
14 270
14 271
14 273
14 278
14 290
15 24
15 31
15 38
15 51
15 94
15 109
15 157
15 176
15 196
15 197
15 215
15 223
15 229
15 230
15 235
15 238
15 255
15 266
15 279
15 297
16 31
16 32
16 43
16 49
16 66
16 79
16 80
16 81
16 87
16 100
16 109
16 120
16 145
16 155
16 159
16 171
16 185
16 199
16 211
16 248
16 261
16 263
16 268
16 271
16 281
16 283
16 285
16 289
16 293
17 25
17 44
17 46
17 55
17 69
17 91
17 109
17 110
17 126
17 151
17 155
17 164
17 167
17 170
17 175
17 180
17 182
17 187
17 212
17 214
17 237
17 253
17 254
17 283
18 29
18 38
18 69
18 109
18 150
18 160
18 166
18 190
18 194
18 196
18 209
18 228
18 236
18 239
18 269
18 292
19 26
19 66
19 83
19 87
19 105
19 106
19 117
19 119
19 126
19 129
19 135
19 183
19 187
19 195
19 206
19 212
19 215
19 233
19 259
19 261
19 266
19 274
20 25
20 28
20 49
20 60
20 81
20 91
20 93
20 98
20 100
20 101
20 116
20 123
20 130
20 143
20 147
20 172
20 176
20 184
20 188
20 224
20 250
20 257
20 266
20 278
20 288
21 65
21 103
21 111
21 126
21 133
21 136
21 154
21 155
21 157
21 158
21 164
21 166
21 182
21 207
21 209
21 210
21 212
21 221
21 230
21 235
21 246
21 268
21 270
21 289
21 294
21 296
21 297
22 24
22 33
22 45
22 75
22 84
22 92
22 97
22 98
22 127
22 128
22 138
22 139
22 153
22 172
22 176
22 181
22 246
22 255
22 264
22 266
22 278
22 280
22 284
22 297
23 26
23 29
23 30
23 37
23 42
23 43
23 50
23 56
23 57
23 77
23 85
23 105
23 113
23 125
23 128
23 155
23 171
23 181
23 189
23 198
23 200
23 226
23 230
23 236
23 238
23 243
23 250
23 258
23 272
23 276
23 283
23 284
23 287
23 294
24 37
24 39
24 53
24 57
24 90
24 100
24 102
24 114
24 120
24 130
24 136
24 142
24 155
24 164
24 166
24 170
24 171
24 177
24 180
24 187
24 200
24 201
24 203
24 213
24 230
24 234
24 242
24 251
24 257
24 263
24 266
24 272
24 279
24 297
25 35
25 44
25 61
25 69
25 72
25 75
25 87
25 94
25 111
25 118
25 134
25 161
25 170
25 183
25 201
25 203
25 209
25 213
25 220
25 230
25 231
25 242
25 255
25 256
25 259
25 260
25 263
25 285
26 37
26 44
26 48
26 83
26 111
26 123
26 141
26 187
26 201
26 213
26 239
26 259
26 261
26 266
26 270
26 283
26 285
26 286
27 39
27 64
27 69
27 71
27 75
27 105
27 116
27 122
27 148
27 159
27 169
27 177
27 184
27 195
27 213
27 225
27 244
27 255
27 259
27 265
27 270
27 276
27 285
27 291
27 296
28 42
28 50
28 53
28 71
28 83
28 87
28 100
28 101
28 114
28 115
28 118
28 122
28 136
28 164
28 169
28 185
28 197
28 200
28 202
28 211
28 214
28 237
28 240
28 245
28 254
28 255
28 263
28 284
28 294
28 297
29 33
29 49
29 58
29 61
29 72
29 76
29 83
29 84
29 88
29 89
29 92
29 93
29 101
29 108
29 119
29 134
29 152
29 175
29 181
29 199
29 204
29 210
29 226
29 229
29 252
29 288
29 289
29 296
30 40
30 43
30 46
30 49
30 54
30 60
30 62
30 80
30 82
30 83
30 98
30 103
30 115
30 120
30 127
30 138
30 156
30 161
30 166
30 175
30 179
30 185
30 196
30 197
30 198
30 210
30 239
30 240
30 242
30 244
30 257
30 263
30 286
30 295
31 41
31 54
31 71
31 88
31 106
31 112
31 135
31 142
31 156
31 192
31 198
31 204
31 217
31 241
31 259
31 264
31 276
31 279
31 284
31 292
32 68
32 77
32 79
32 81
32 89
32 108
32 142
32 153
32 162
32 164
32 166
32 171
32 222
32 250
32 289
33 37
33 45
33 50
33 77
33 79
33 98
33 100
33 113
33 119
33 123
33 131
33 167
33 173
33 195
33 199
33 202
33 203
33 221
33 231
33 232
33 241
33 248
33 250
33 270
33 290
34 110
34 128
34 140
34 142
34 145
34 152
34 160
34 165
34 201
34 205
34 214
34 241
34 244
34 245
34 247
34 270
34 281
34 284
34 291
34 294
34 299
35 42
35 68
35 79
35 88
35 91
35 117
35 119
35 124
35 133
35 139
35 142
35 156
35 161
35 173
35 186
35 210
35 214
35 226
35 236
35 238
35 242
35 269
35 273
35 282
36 42
36 62
36 90
36 103
36 115
36 116
36 121
36 122
36 124
36 140
36 156
36 163
36 166
36 184
36 190
36 198
36 221
36 225
36 233
36 235
36 244
36 252
36 254
36 269
36 279
36 299
37 43
37 58
37 85
37 112
37 144
37 154
37 160
37 193
37 211
37 221
37 222
37 232
37 254
37 271
37 275
37 287
37 292
37 293
38 50
38 53
38 68
38 80
38 84
38 91
38 124
38 143
38 182
38 206
38 209
38 214
38 223
38 237
38 238
38 267
38 268
38 272
38 279
38 280
38 285
38 287
39 60
39 83
39 95
39 103
39 108
39 109
39 110
39 114
39 119
39 131
39 134
39 147
39 168
39 181
39 188
39 204
39 228
39 230
39 231
39 235
39 236
39 240
39 255
39 281
39 287
39 288
39 292
40 46
40 48
40 50
40 53
40 68
40 75
40 78
40 95
40 99
40 107
40 151
40 157
40 165
40 172
40 186
40 197
40 201
40 224
40 230
40 245
40 267
40 296
40 297
41 43
41 48
41 55
41 56
41 64
41 88
41 90
41 93
41 96
41 105
41 107
41 115
41 116
41 119
41 136
41 146
41 177
41 186
41 200
41 208
41 220
41 239
41 240
41 247
41 252
41 253
41 267
41 268
41 288
41 294
41 297
42 44
42 53
42 60
42 70
42 71
42 77
42 94
42 117
42 122
42 130
42 140
42 152
42 164
42 167
42 171
42 185
42 192
42 193
42 236
42 249
42 257
42 259
42 264
42 272
42 278
42 279
42 283
43 91
43 97
43 102
43 122
43 134
43 152
43 170
43 172
43 175
43 179
43 183
43 204
43 222
43 228
43 240
43 247
43 255
43 273
43 274
43 290
44 51
44 75
44 81
44 113
44 125
44 129
44 155
44 161
44 163
44 164
44 166
44 180
44 190
44 202
44 217
44 225
44 228
44 242
44 247
44 252
44 280
44 297
45 50
45 51
45 53
45 114
45 130
45 152
45 159
45 163
45 165
45 179
45 188
45 204
45 207
45 228
45 235
45 237
45 247
45 254
45 268
45 272
45 278
45 279
45 284
45 290
46 55
46 59
46 61
46 83
46 90
46 91
46 107
46 114
46 120
46 151
46 192
46 223
46 268
46 277
47 63
47 73
47 93
47 104
47 108
47 119
47 122
47 131
47 133
47 140
47 145
47 149
47 150
47 162
47 178
47 197
47 224
47 234
47 261
47 267
47 268
47 275
47 284
47 293
48 50
48 57
48 80
48 102
48 111
48 125
48 157
48 171
48 186
48 200
48 202
48 204
48 207
48 254
48 256
48 257
48 262
48 299
49 54
49 61
49 65
49 91
49 109
49 111
49 114
49 122
49 133
49 135
49 137
49 140
49 143
49 147
49 148
49 149
49 192
49 195
49 205
49 208
49 223
49 227
49 230
49 234
49 249
49 256
49 261
50 53
50 56
50 63
50 66
50 75
50 84
50 93
50 99
50 100
50 104
50 115
50 131
50 133
50 144
50 145
50 156
50 160
50 161
50 174
50 175
50 178
50 186
50 197
50 199
50 208
50 209
50 233
50 237
50 271
50 278
50 299
51 57
51 81
51 83
51 89
51 92
51 93
51 96
51 98
51 105
51 109
51 113
51 114
51 129
51 148
51 153
51 175
51 208
51 212
51 214
51 216
51 225
51 228
51 231
51 238
51 249
51 250
51 254
51 269
52 54
52 64
52 79
52 126
52 128
52 129
52 148
52 163
52 175
52 192
52 203
52 289
52 290
53 98
53 101
53 102
53 104
53 151
53 165
53 198
53 209
53 244
53 246
53 248
53 262
53 281
53 283
53 299
54 63
54 64
54 70
54 75
54 95
54 109
54 115
54 116
54 134
54 143
54 153
54 181
54 187
54 188
54 194
54 198
54 201
54 203
54 204
54 206
54 225
54 234
54 269
54 291
55 61
55 87
55 93
55 96
55 111
55 128
55 148
55 154
55 167
55 179
55 208
55 215
55 232
55 242
55 244
55 246
55 252
55 256
55 257
55 261
55 265
55 278
55 281
55 286
56 75
56 101
56 115
56 121
56 138
56 148
56 156
56 160
56 166
56 168
56 185
56 196
56 209
56 220
56 227
56 241
56 242
56 243
56 255
56 259
56 266
56 290
56 293
57 60
57 61
57 91
57 97
57 102
57 103
57 111
57 124
57 125
57 155
57 188
57 198
57 203
57 209
57 218
57 245
57 248
57 258
57 265
57 272
57 273
57 278
57 279
57 280
57 284
57 291
57 298
58 67
58 79
58 108
58 114
58 130
58 143
58 145
58 147
58 155
58 160
58 175
58 195
58 203
58 223
58 232
58 251
58 252
58 277
58 280
58 289
59 78
59 81
59 103
59 113
59 117
59 120
59 125
59 133
59 142
59 172
59 208
59 242
59 281
59 297
60 62
60 77
60 108
60 139
60 164
60 169
60 172
60 173
60 182
60 262
60 292
61 63
61 65
61 90
61 106
61 137
61 155
61 161
61 176
61 182
61 183
61 213
61 231
61 269
61 296
62 98
62 106
62 109
62 119
62 124
62 169
62 211
62 214
62 227
62 239
62 240
62 250
62 256
62 278
62 282
63 86
63 93
63 100
63 150
63 171
63 181
63 205
63 209
63 212
63 213
63 232
63 235
63 255
63 258
63 283
64 77
64 78
64 79
64 91
64 121
64 129
64 139
64 145
64 157
64 161
64 173
64 177
64 179
64 181
64 183
64 194
64 201
64 207
64 214
64 219
64 249
64 251
64 275
64 284
65 69
65 71
65 75
65 81
65 82
65 89
65 106
65 108
65 121
65 124
65 153
65 164
65 167
65 168
65 175
65 193
65 239
65 242
65 251
65 259
65 262
65 276
65 278
65 281
65 289
66 72
66 75
66 97
66 105
66 117
66 126
66 128
66 129
66 151
66 168
66 186
66 196
66 205
66 219
66 224
66 233
66 242
66 247
66 260
66 261
66 263
66 277
66 280
66 287
67 68
67 71
67 73
67 123
67 133
67 146
67 176
67 184
67 194
67 199
67 206
67 211
67 216
67 222
67 250
67 251
67 260
67 263
68 82
68 87
68 106
68 118
68 136
68 138
68 145
68 152
68 153
68 163
68 166
68 170
68 185
68 192
68 211
68 227
68 236
68 265
68 276
68 285
68 299
69 70
69 78
69 83
69 84
69 94
69 106
69 126
69 131
69 139
69 142
69 151
69 159
69 167
69 175
69 181
69 183
69 194
69 200
69 202
69 219
69 233
69 270
69 271
69 272
69 273
69 278
70 96
70 116
70 120
70 135
70 160
70 163
70 164
70 165
70 188
70 195
70 213
70 241
70 254
70 262
70 293
70 294
70 299
71 75
71 83
71 86
71 98
71 114
71 116
71 117
71 118
71 133
71 144
71 149
71 153
71 163
71 165
71 171
71 193
71 208
71 211
71 237
71 245
71 257
71 259
71 290
71 292
71 293
71 297
72 84
72 108
72 114
72 121
72 137
72 157
72 170
72 173
72 179
72 182
72 192
72 194
72 199
72 200
72 205
72 206
72 209
72 214
72 215
72 219
72 253
72 259
72 269
72 275
72 278
72 294
73 98
73 100
73 114
73 115
73 116
73 128
73 133
73 145
73 148
73 152
73 167
73 178
73 200
73 212
73 223
73 236
73 270
73 274
73 295
74 88
74 93
74 101
74 112
74 118
74 125
74 136
74 138
74 150
74 152
74 164
74 166
74 177
74 207
74 210
74 213
74 216
74 218
74 234
74 235
74 251
74 254
75 80
75 110
75 170
75 174
75 183
75 203
75 209
75 241
75 250
75 253
75 264
75 296
76 100
76 106
76 117
76 147
76 178
76 181
76 187
76 245
76 249
76 259
76 265
76 268
76 270
77 93
77 94
77 96
77 126
77 127
77 129
77 160
77 181
77 188
77 197
77 198
77 202
77 208
77 211
77 214
77 219
77 222
77 230
77 239
77 241
77 266
77 284
78 84
78 90
78 94
78 102
78 109
78 127
78 137
78 143
78 154
78 183
78 189
78 199
78 217
78 244
78 246
78 267
78 277
78 286
78 292
79 84
79 89
79 121
79 122
79 126
79 131
79 151
79 156
79 166
79 209
79 224
79 240
79 255
79 258
79 263
79 266
79 268
79 272
79 276
79 285
79 286
79 289
79 296
79 299
80 84
80 85
80 87
80 118
80 124
80 130
80 131
80 150
80 158
80 182
80 189
80 198
80 231
80 233
80 251
80 260
80 277
80 284
80 298
81 100
81 111
81 116
81 121
81 137
81 148
81 150
81 158
81 178
81 186
81 202
81 203
81 205
81 210
81 211
81 223
81 224
81 259
81 267
81 270
82 96
82 127
82 130
82 136
82 159
82 174
82 187
82 189
82 217
82 251
82 256
82 259
82 263
82 282
82 286
82 290
82 295
83 93
83 125
83 129
83 133
83 137
83 158
83 160
83 165
83 185
83 204
83 210
83 228
83 253
83 258
83 265
83 269
83 274
83 288
84 104
84 109
84 123
84 129
84 134
84 144
84 156
84 159
84 189
84 200
84 208
84 213
84 219
84 242
84 249
84 251
84 259
84 261
84 265
84 271
84 278
84 284
85 88
85 94
85 95
85 105
85 113
85 118
85 122
85 131
85 185
85 192
85 203
85 205
85 215
85 216
85 220
85 238
85 251
85 264
85 269
85 271
85 276
85 285
86 90
86 114
86 116
86 120
86 139
86 146
86 155
86 172
86 206
86 209
86 212
86 229
86 239
86 264
86 279
86 287
86 293
87 95
87 112
87 114
87 126
87 132
87 139
87 143
87 147
87 156
87 163
87 168
87 176
87 194
87 221
87 229
87 236
87 240
87 242
87 251
87 254
87 270
87 292
87 294
87 297
88 96
88 104
88 114
88 116
88 123
88 133
88 139
88 152
88 170
88 194
88 196
88 201
88 207
88 216
88 245
88 263
88 287
89 106
89 144
89 154
89 167
89 170
89 180
89 185
89 194
89 198
89 219
89 220
89 236
89 242
89 250
89 263
89 267
89 281
89 297
90 105
90 118
90 150
90 175
90 182
90 185
90 196
90 202
90 218
90 231
90 242
90 255
90 258
90 263
90 274
90 277
90 285
90 289
91 99
91 114
91 118
91 125
91 142
91 179
91 186
91 195
91 216
91 229
91 237
91 242
91 245
91 261
91 283
92 94
92 97
92 102
92 119
92 125
92 139
92 147
92 148
92 152
92 153
92 157
92 161
92 166
92 181
92 187
92 199
92 212
92 220
92 226
92 230
92 238
92 262
92 272
93 97
93 103
93 121
93 130
93 133
93 172
93 175
93 184
93 185
93 197
93 201
93 211
93 218
93 231
93 235
93 244
93 252
93 271
93 272
93 280
93 289
93 296
93 298
94 109
94 114
94 167
94 172
94 185
94 205
94 217
94 221
94 247
94 249
94 263
94 274
94 279
94 283
94 294
95 111
95 122
95 132
95 138
95 145
95 157
95 161
95 183
95 204
95 216
95 224
95 228
95 234
95 236
95 237
95 250
95 251
95 257
95 267
95 268
95 288
95 291
96 109
96 123
96 137
96 142
96 151
96 170
96 178
96 194
96 197
96 207
96 217
96 229
96 232
96 241
96 251
96 266
96 276
96 277
97 100
97 102
97 108
97 113
97 118
97 153
97 158
97 179
97 182
97 189
97 190
97 196
97 199
97 210
97 217
97 259
97 277
97 280
97 281
97 282
97 291
98 101
98 106
98 128
98 149
98 160
98 161
98 178
98 198
98 207
98 218
98 241
98 248
98 249
98 251
98 253
98 259
98 272
98 285
98 287
99 110
99 131
99 145
99 153
99 157
99 160
99 174
99 202
99 207
99 220
99 230
99 236
99 247
99 248
99 251
99 254
99 258
99 270
99 282
99 283
99 289
99 291
99 294
100 101
100 107
100 132
100 133
100 141
100 142
100 143
100 155
100 171
100 175
100 183
100 192
100 213
100 224
100 260
100 271
101 111
101 129
101 158
101 160
101 162
101 167
101 170
101 230
101 234
101 238
101 254
101 259
101 271
101 272
101 283
101 285
102 104
102 144
102 165
102 178
102 192
102 212
102 221
102 227
102 234
102 257
102 266
102 274
102 280
102 290
102 293
103 109
103 118
103 123
103 124
103 132
103 133
103 140
103 151
103 160
103 168
103 179
103 200
103 202
103 208
103 223
103 256
103 267
103 276
103 287
104 116
104 118
104 126
104 131
104 139
104 150
104 156
104 194
104 221
104 240
104 260
104 275
104 282
105 124
105 152
105 165
105 174
105 176
105 182
105 206
105 220
105 257
105 270
105 275
105 283
105 293
106 118
106 123
106 144
106 147
106 160
106 164
106 188
106 191
106 194
106 201
106 210
106 224
106 247
106 254
106 258
106 263
106 270
106 274
107 111
107 112
107 115
107 118
107 124
107 127
107 134
107 152
107 154
107 170
107 177
107 221
107 225
107 253
107 263
107 267
107 270
108 113
108 128
108 137
108 148
108 151
108 157
108 159
108 171
108 176
108 180
108 185
108 192
108 194
108 195
108 204
108 222
108 229
108 230
108 232
108 243
108 261
108 272
108 283
108 293
109 111
109 118
109 121
109 133
109 138
109 144
109 153
109 155
109 173
109 179
109 188
109 198
109 199
109 219
109 233
109 234
109 248
109 258
109 264
109 279
109 299
110 141
110 146
110 150
110 178
110 187
110 191
110 206
110 209
110 239
110 241
110 242
110 244
110 265
110 271
110 280
110 297
110 298
110 299
111 116
111 130
111 166
111 200
111 211
111 227
111 238
111 264
111 267
111 284
111 288
111 298
112 117
112 144
112 150
112 193
112 204
112 205
112 226
112 237
112 244
112 245
112 250
112 253
112 264
112 269
112 273
112 281
113 127
113 128
113 161
113 165
113 166
113 170
113 179
113 191
113 239
113 242
113 248
113 255
113 280
113 281
113 285
113 299
114 117
114 123
114 129
114 131
114 139
114 155
114 170
114 172
114 188
114 191
114 196
114 197
114 208
114 214
114 233
114 239
114 240
114 251
114 263
114 274
114 275
114 276
114 283
114 294
115 122
115 134
115 163
115 164
115 167
115 174
115 176
115 177
115 178
115 194
115 202
115 214
115 216
115 235
115 240
115 242
115 247
115 266
115 276
115 279
115 298
115 299
116 120
116 124
116 127
116 128
116 129
116 135
116 139
116 154
116 155
116 167
116 182
116 186
116 207
116 219
116 248
116 256
116 259
116 268
116 285
116 287
116 292
116 294
116 296
117 121
117 123
117 151
117 157
117 161
117 168
117 170
117 173
117 183
117 208
117 217
117 238
117 242
117 255
117 261
117 264
117 271
118 124
118 166
118 175
118 176
118 180
118 216
118 247
118 248
118 282
118 289
118 291
119 121
119 127
119 137
119 171
119 176
119 180
119 191
119 204
119 222
119 224
119 249
119 268
119 292
119 294
120 156
120 159
120 163
120 166
120 169
120 181
120 183
120 203
120 212
120 232
120 236
120 248
120 250
120 263
120 270
120 278
120 296
121 126
121 133
121 136
121 139
121 143
121 154
121 158
121 170
121 184
121 194
121 195
121 202
121 232
121 236
121 284
121 295
121 297
122 132
122 150
122 190
122 198
122 200
122 237
122 260
122 262
122 265
122 267
122 277
122 290
123 133
123 163
123 168
123 177
123 195
123 196
123 213
123 222
123 230
123 242
123 249
123 256
123 263
123 270
123 276
123 282
123 283
123 292
124 125
124 148
124 154
124 157
124 171
124 179
124 181
124 204
124 221
124 223
124 225
124 227
124 229
124 238
124 261
124 263
124 269
124 270
124 285
124 292
124 294
125 132
125 142
125 149
125 181
125 198
125 203
125 233
125 241
125 249
125 263
125 269
125 279
125 290
125 298
126 131
126 156
126 167
126 191
126 205
126 211
126 215
126 224
126 233
126 244
126 270
126 292
126 296
127 138
127 154
127 155
127 157
127 164
127 166
127 169
127 195
127 209
127 218
127 225
127 226
127 257
127 281
127 292
128 134
128 145
128 156
128 158
128 163
128 195
128 219
128 231
128 232
128 233
128 236
128 240
128 246
128 255
128 260
128 261
128 273
128 280
128 294
128 296
129 136
129 162
129 177
129 182
129 189
129 208
129 223
129 243
129 271
129 272
129 284
129 296
129 298
130 135
130 138
130 144
130 148
130 149
130 152
130 155
130 180
130 184
130 197
130 209
130 219
130 222
130 238
130 239
130 273
130 286
130 290
130 291
130 296
131 140
131 144
131 164
131 172
131 190
131 217
131 219
131 226
131 231
131 238
131 239
131 260
131 267
131 269
131 275
131 295
132 144
132 148
132 154
132 163
132 178
132 180
132 190
132 195
132 199
132 206
132 210
132 213
132 246
132 261
132 268
132 294
133 142
133 153
133 156
133 158
133 163
133 164
133 168
133 182
133 189
133 209
133 210
133 214
133 218
133 221
133 226
133 244
133 277
134 138
134 142
134 144
134 148
134 150
134 159
134 172
134 177
134 184
134 196
134 202
134 203
134 210
134 228
134 238
134 244
134 256
134 260
134 261
134 296
135 150
135 161
135 167
135 209
135 210
135 220
135 232
135 234
135 252
135 265
135 280
135 289
135 296
135 299
136 152
136 169
136 183
136 191
136 229
136 248
136 268
136 278
136 281
136 284
136 292
137 142
137 149
137 152
137 169
137 177
137 187
137 235
137 252
137 253
137 254
137 269
137 273
137 276
137 289
137 298
138 148
138 162
138 166
138 171
138 179
138 188
138 189
138 191
138 192
138 204
138 221
138 242
138 245
138 267
138 291
138 299
139 142
139 159
139 172
139 187
139 217
139 250
139 253
139 258
139 272
139 275
139 278
139 280
139 283
139 291
139 299
140 164
140 172
140 174
140 185
140 202
140 205
140 209
140 211
140 219
140 232
140 243
140 252
140 255
140 257
140 271
140 279
140 284
140 294
141 155
141 186
141 192
141 193
141 202
141 225
141 231
141 237
141 243
141 246
141 275
141 280
141 281
141 284
141 285
141 294
142 159
142 195
142 206
142 238
142 242
142 251
142 262
142 263
142 280
142 282
142 288
142 297
142 298
143 145
143 151
143 157
143 167
143 221
143 228
143 266
143 277
143 295
143 297
144 179
144 186
144 189
144 194
144 197
144 204
144 245
144 253
144 255
144 270
144 272
145 173
145 175
145 177
145 182
145 200
145 216
145 225
145 239
145 240
145 242
145 244
145 250
145 252
145 257
146 155
146 164
146 203
146 204
146 210
146 211
146 217
146 221
146 231
146 237
146 267
146 278
146 279
147 163
147 164
147 165
147 166
147 170
147 188
147 196
147 201
147 205
147 211
147 234
147 244
147 247
147 269
147 281
147 292
148 156
148 177
148 181
148 188
148 190
148 210
148 221
148 222
148 253
148 257
148 263
148 289
149 158
149 163
149 172
149 196
149 201
149 210
149 214
149 216
149 225
149 249
149 258
149 260
149 264
149 269
149 276
150 169
150 174
150 182
150 187
150 201
150 208
150 210
150 219
150 226
150 243
150 254
150 263
150 271
150 276
150 288
151 156
151 181
151 192
151 204
151 206
151 223
151 224
151 225
151 229
151 233
151 244
151 258
151 261
151 279
151 283
152 153
152 207
152 211
152 216
152 219
152 220
152 221
152 222
152 254
152 284
152 289
152 290
152 292
153 154
153 156
153 157
153 160
153 183
153 198
153 212
153 219
153 224
153 235
153 279
154 174
154 178
154 189
154 202
154 219
154 235
154 239
154 242
154 249
154 294
154 295
155 164
155 173
155 181
155 182
155 221
155 239
155 240
155 241
155 254
155 269
155 284
155 294
156 160
156 164
156 167
156 176
156 192
156 194
156 209
156 215
156 226
156 259
156 269
156 287
156 288
156 291
156 292
157 163
157 165
157 174
157 180
157 183
157 191
157 195
157 222
157 235
157 237
157 242
157 246
157 256
157 273
157 278
157 287
157 291
158 189
158 191
158 219
158 234
158 245
158 248
158 261
159 176
159 187
159 194
159 235
159 239
159 250
159 261
159 275
159 288
160 162
160 163
160 168
160 169
160 174
160 175
160 177
160 182
160 194
160 205
160 221
160 248
160 273
160 279
160 288
161 173
161 175
161 182
161 189
161 208
161 222
161 243
161 244
161 252
161 257
161 278
161 285
161 295
162 195
162 201
162 216
162 232
162 236
162 246
162 257
162 269
162 299
163 171
163 186
163 195
163 209
163 214
163 245
163 258
163 262
163 264
163 271
163 275
163 279
163 293
164 166
164 167
164 188
164 191
164 200
164 201
164 227
164 231
164 236
164 251
164 258
164 269
164 280
164 284
164 290
164 291
165 185
165 191
165 196
165 202
165 204
165 242
165 244
165 246
165 268
165 278
165 280
165 290
165 299
166 173
166 182
166 191
166 192
166 232
166 260
166 261
166 283
166 294
167 173
167 177
167 178
167 185
167 188
167 204
167 218
167 219
167 236
167 245
167 248
167 253
167 256
167 280
167 288
167 299
168 177
168 179
168 213
168 222
168 226
168 227
168 255
168 256
168 257
168 274
168 281
168 283
168 295
169 198
169 217
169 240
169 254
169 256
169 265
169 272
169 277
169 278
169 299
170 174
170 179
170 187
170 195
170 199
170 209
170 229
170 231
170 244
170 254
170 274
170 287
170 299
171 195
171 198
171 220
171 231
171 242
171 250
171 263
171 270
171 286
171 287
171 298
172 173
172 176
172 183
172 192
172 209
172 219
172 223
172 226
172 246
172 264
172 270
172 285
172 289
172 299
173 182
173 183
173 195
173 200
173 204
173 237
173 247
173 258
173 283
173 292
174 179
174 205
174 211
174 217
174 222
174 244
174 246
174 268
174 272
175 177
175 182
175 183
175 195
175 221
175 241
175 269
176 194
176 200
176 203
176 216
176 235
176 264
176 277
176 282
176 287
177 189
177 198
177 206
177 216
177 243
177 257
177 265
177 283
177 289
177 293
178 187
178 198
178 201
178 208
178 214
178 243
178 247
178 257
178 277
178 287
179 196
179 215
179 223
179 227
179 230
179 244
179 245
179 248
179 250
179 251
179 272
179 283
179 285
179 288
180 188
180 194
180 195
180 201
180 207
180 218
180 219
180 228
180 239
180 246
180 288
180 298
181 194
181 197
181 202
181 217
181 219
181 280
181 293
182 183
182 192
182 203
182 219
182 227
182 229
182 243
182 249
182 258
182 269
182 273
182 276
182 295
183 185
183 192
183 196
183 213
183 227
183 237
183 245
183 247
183 250
183 286
183 288
184 208
184 213
184 239
184 242
184 245
184 247
184 256
184 257
184 273
184 278
184 282
184 289
184 292
184 294
184 299
185 202
185 213
185 222
185 239
185 246
185 248
185 256
185 284
185 287
185 295
186 199
186 207
186 209
186 213
186 224
186 233
186 234
186 248
186 262
186 263
186 268
186 279
186 284
186 296
187 196
187 197
187 208
187 251
187 267
187 290
187 299
188 243
188 247
188 248
188 249
188 258
188 261
188 265
188 267
188 270
188 276
188 277
188 280
188 282
188 288
189 205
189 224
189 226
189 233
189 239
189 242
189 254
189 256
189 271
189 275
189 280
190 210
190 231
190 236
190 257
190 269
190 295
191 206
191 215
191 228
191 232
191 239
191 240
191 243
191 255
191 287
191 296
192 193
192 197
192 204
192 206
192 210
192 227
192 229
192 231
192 243
192 280
193 196
193 200
193 212
193 231
193 242
193 243
193 246
193 266
193 270
193 272
193 276
193 283
193 295
194 200
194 207
194 212
194 243
194 259
194 264
194 279
194 282
194 288
194 297
195 199
195 204
195 207
195 233
195 237
195 240
195 252
195 279
196 200
196 212
196 228
196 230
196 233
196 250
196 255
196 273
196 278
196 299
197 208
197 238
197 242
197 261
197 272
197 274
197 278
197 289
197 293
198 208
198 218
198 225
198 238
198 249
198 258
198 263
198 277
199 210
199 239
199 244
199 279
199 281
199 287
199 293
199 298
200 206
200 210
200 230
200 234
200 251
200 260
200 265
200 274
201 204
201 211
201 247
201 261
201 273
201 278
202 219
202 234
202 251
202 273
202 284
202 295
203 209
203 233
203 235
203 238
203 240
203 247
203 261
203 280
203 289
204 213
204 245
204 246
204 249
204 263
204 268
204 270
204 279
204 288
204 292
204 297
205 213
205 222
205 242
205 272
205 276
205 290
206 214
206 216
206 238
206 243
206 247
206 252
206 259
206 264
207 215
207 217
207 234
207 246
207 283
207 289
208 212
208 214
208 227
208 229
208 249
208 259
208 262
208 264
208 290
209 210
209 229
209 230
209 244
209 256
209 263
209 273
209 294
210 212
210 216
210 233
210 239
210 259
210 265
210 270
210 277
210 280
210 287
211 216
211 229
211 237
211 238
211 243
211 257
211 260
211 264
211 273
211 281
211 291
211 295
211 299
212 224
212 236
212 248
212 269
212 284
212 288
212 289
212 295
213 241
213 256
213 266
213 275
213 291
214 215
214 220
214 234
214 235
214 236
214 257
214 262
214 270
215 230
215 241
215 273
215 282
215 283
215 292
215 294
215 297
216 227
216 229
216 244
216 245
217 232
217 234
217 237
217 248
217 265
217 266
217 275
217 289
218 219
218 238
218 250
218 256
218 266
218 269
218 286
219 230
219 234
219 241
219 247
219 270
219 274
219 275
219 280
219 291
220 258
220 299
221 224
221 227
221 233
221 235
221 263
221 295
222 232
222 235
222 241
222 270
222 273
222 274
222 275
222 287
222 299
223 228
223 233
223 241
223 243
223 268
223 271
223 276
224 251
224 252
224 257
224 270
224 274
224 290
225 235
225 250
225 288
226 265
226 270
226 282
227 233
227 235
227 249
227 265
227 273
227 274
228 230
228 233
228 234
228 261
228 272
228 274
228 297
229 241
229 252
229 272
229 278
229 279
229 291
230 233
230 244
230 246
230 248
230 254
230 267
230 271
230 278
230 281
230 285
230 297
231 238
231 274
231 275
231 277
231 284
231 288
231 293
232 233
232 242
232 259
232 297
233 234
233 272
233 293
233 294
234 244
234 264
234 265
234 270
234 277
234 297
235 243
235 252
235 265
235 275
235 286
235 294
236 241
236 244
236 250
236 271
236 281
236 298
237 247
237 253
237 254
237 258
237 268
237 270
237 295
238 243
238 255
238 271
238 275
238 289
238 293
238 295
239 242
239 251
239 254
239 295
240 244
240 256
240 264
240 270
241 242
241 246
241 262
241 269
241 274
241 296
241 299
242 253
242 254
242 257
242 268
242 271
242 285
243 246
243 270
243 289
244 249
244 250
244 257
244 259
244 263
244 268
244 270
244 276
244 285
244 293
245 248
245 269
245 271
245 278
245 288
245 293
246 276
246 296
247 258
247 270
247 277
247 281
247 292
248 253
248 274
248 276
248 282
248 298
249 258
249 278
249 284
249 288
249 293
249 298
249 299
250 260
250 278
250 285
250 286
250 292
250 293
251 256
251 269
251 270
251 272
252 258
252 274
252 279
252 289
252 290
252 292
253 262
253 287
253 289
253 291
254 264
254 267
254 281
254 297
255 262
255 267
255 275
255 277
255 285
255 296
256 265
256 276
256 277
256 280
256 285
257 270
257 282
257 286
258 266
258 290
258 295
259 283
259 288
259 290
260 274
260 294
260 297
261 281
261 283
261 285
261 290
261 291
262 270
262 277
262 285
262 288
262 298
263 266
264 276
264 279
264 283
265 269
265 283
265 284
266 269
266 270
266 274
266 280
266 288
266 298
267 269
267 288
267 289
268 291
269 271
269 291
270 292
270 294
270 295
270 297
271 275
271 288
272 283
274 298
275 285
275 286
275 290
275 299
276 286
277 282
278 279
278 281
278 287
279 283
280 282
280 295
281 293
281 295
282 293
282 295
282 298
285 293
285 294
287 292
287 293
288 291
289 291
289 293
290 295
292 295
