400 7146 0.5
0 2
0 18
0 19
0 23
0 25
0 36
0 37
0 38
0 46
0 66
0 78
0 85
0 91
0 100
0 118
0 149
0 153
0 162
0 200
0 201
0 202
0 203
0 224
0 227
0 245
0 247
0 248
0 250
0 265
0 298
0 315
0 320
0 326
0 348
0 353
0 366
0 368
0 392
0 395
1 34
1 53
1 59
1 63
1 76
1 84
1 87
1 96
1 99
1 150
1 152
1 153
1 155
1 165
1 174
1 193
1 210
1 226
1 231
1 257
1 275
1 278
1 279
1 291
1 297
1 310
1 314
1 338
1 357
1 358
1 384
1 392
1 393
1 395
2 17
2 24
2 28
2 43
2 56
2 64
2 79
2 93
2 102
2 123
2 140
2 146
2 155
2 167
2 184
2 188
2 192
2 197
2 200
2 203
2 218
2 228
2 253
2 254
2 275
2 276
2 280
2 284
2 285
2 297
2 307
2 308
2 314
2 328
2 329
2 335
2 344
2 355
2 376
3 25
3 29
3 31
3 36
3 44
3 74
3 86
3 92
3 95
3 114
3 127
3 130
3 150
3 151
3 173
3 213
3 219
3 221
3 222
3 227
3 245
3 257
3 264
3 268
3 276
3 286
3 296
3 307
3 311
3 346
3 373
3 398
4 33
4 38
4 40
4 53
4 57
4 61
4 63
4 66
4 118
4 124
4 129
4 130
4 140
4 159
4 168
4 201
4 210
4 216
4 239
4 251
4 290
4 314
4 324
4 330
4 331
4 332
4 353
4 397
5 9
5 18
5 34
5 37
5 40
5 53
5 61
5 69
5 106
5 108
5 122
5 127
5 141
5 159
5 162
5 172
5 175
5 196
5 224
5 233
5 246
5 287
5 289
5 304
5 324
5 328
5 352
6 24
6 34
6 36
6 45
6 50
6 80
6 104
6 134
6 153
6 162
6 184
6 192
6 200
6 201
6 225
6 231
6 237
6 239
6 242
6 252
6 291
6 297
6 302
6 312
6 338
6 363
6 371
6 376
6 382
7 13
7 25
7 28
7 37
7 52
7 62
7 63
7 78
7 86
7 116
7 123
7 124
7 132
7 135
7 157
7 160
7 163
7 177
7 180
7 199
7 200
7 207
7 232
7 233
7 248
7 268
7 276
7 323
7 337
7 348
7 352
7 365
8 9
8 13
8 15
8 24
8 50
8 74
8 78
8 85
8 94
8 111
8 131
8 143
8 154
8 162
8 169
8 184
8 196
8 197
8 210
8 301
8 310
8 368
8 389
9 18
9 22
9 34
9 37
9 39
9 56
9 63
9 88
9 97
9 103
9 119
9 125
9 143
9 158
9 160
9 172
9 173
9 195
9 196
9 212
9 222
9 225
9 229
9 247
9 264
9 273
9 310
9 325
9 338
9 343
9 353
9 368
9 372
9 373
9 379
9 392
10 19
10 28
10 30
10 37
10 38
10 40
10 51
10 75
10 84
10 94
10 101
10 107
10 109
10 111
10 125
10 127
10 129
10 131
10 135
10 140
10 144
10 193
10 201
10 202
10 209
10 214
10 267
10 302
10 359
10 363
10 365
11 16
11 19
11 21
11 60
11 83
11 84
11 110
11 113
11 122
11 125
11 183
11 187
11 196
11 197
11 208
11 214
11 222
11 223
11 224
11 226
11 230
11 234
11 235
11 236
11 243
11 269
11 292
11 293
11 300
11 317
11 321
11 322
11 340
11 341
11 354
11 360
11 363
11 373
11 374
11 375
11 390
12 51
12 70
12 79
12 81
12 115
12 117
12 126
12 173
12 189
12 192
12 225
12 237
12 251
12 273
12 275
12 277
12 285
12 286
12 292
12 300
12 303
12 357
12 358
12 360
12 366
12 373
12 385
12 388
13 29
13 39
13 44
13 46
13 49
13 61
13 62
13 67
13 69
13 91
13 100
13 117
13 130
13 134
13 158
13 161
13 164
13 170
13 174
13 190
13 201
13 205
13 213
13 219
13 229
13 233
13 235
13 246
13 253
13 262
13 264
13 268
13 274
13 283
13 288
13 294
13 328
13 333
13 336
13 349
13 350
13 352
13 357
13 363
13 365
13 390
14 36
14 67
14 73
14 77
14 96
14 102
14 103
14 113
14 127
14 130
14 141
14 150
14 162
14 174
14 188
14 189
14 195
14 212
14 221
14 229
14 275
14 319
14 328
14 353
14 366
14 380
14 388
15 17
15 20
15 21
15 22
15 35
15 37
15 44
15 46
15 58
15 69
15 71
15 72
15 93
15 103
15 107
15 110
15 122
15 132
15 138
15 149
15 172
15 176
15 184
15 185
15 208
15 226
15 230
15 234
15 235
15 240
15 242
15 246
15 267
15 284
15 296
15 299
15 302
15 315
15 321
15 340
15 361
15 366
16 43
16 74
16 84
16 85
16 90
16 98
16 152
16 157
16 160
16 161
16 164
16 178
16 187
16 196
16 203
16 219
16 231
16 235
16 239
16 244
16 250
16 269
16 271
16 298
16 320
16 321
16 324
16 361
16 373
16 384
16 395
16 396
17 27
17 29
17 33
17 52
17 62
17 67
17 70
17 71
17 88
17 97
17 99
17 108
17 110
17 117
17 121
17 122
17 169
17 184
17 186
17 188
17 195
17 206
17 216
17 218
17 234
17 249
17 250
17 258
17 269
17 274
17 275
17 279
17 280
17 302
17 304
17 306
17 326
17 338
17 352
17 356
17 369
17 373
17 375
17 385
17 395
17 397
18 42
18 49
18 61
18 85
18 95
18 103
18 119
18 123
18 132
18 135
18 157
18 175
18 209
18 228
18 232
18 247
18 250
18 256
18 258
18 264
18 269
18 273
18 317
18 322
18 334
18 350
18 351
18 361
19 23
19 33
19 36
19 50
19 65
19 100
19 102
19 125
19 164
19 168
19 179
19 190
19 200
19 201
19 207
19 220
19 227
19 237
19 252
19 256
19 263
19 264
19 266
19 281
19 303
19 306
19 314
19 318
19 321
19 326
19 344
19 346
20 23
20 28
20 37
20 55
20 57
20 59
20 96
20 115
20 134
20 136
20 147
20 180
20 190
20 210
20 213
20 215
20 233
20 236
20 237
20 264
20 267
20 270
20 296
20 300
20 307
20 326
20 343
20 349
20 353
20 370
20 379
20 381
20 393
20 399
21 28
21 52
21 69
21 86
21 98
21 100
21 106
21 112
21 119
21 120
21 126
21 155
21 170
21 181
21 189
21 192
21 195
21 223
21 235
21 250
21 262
21 286
21 299
21 302
21 320
21 322
21 362
22 25
22 42
22 46
22 50
22 57
22 67
22 109
22 115
22 145
22 162
22 164
22 165
22 175
22 182
22 198
22 204
22 213
22 217
22 221
22 240
22 249
22 259
22 269
22 293
22 303
22 313
22 319
22 341
22 353
22 354
22 359
22 365
22 371
22 385
22 386
22 388
23 27
23 44
23 52
23 79
23 85
23 119
23 131
23 133
23 155
23 157
23 176
23 179
23 200
23 210
23 213
23 221
23 244
23 262
23 269
23 274
23 280
23 282
23 284
23 308
23 317
23 326
23 337
23 338
23 344
23 369
23 380
23 399
24 32
24 36
24 40
24 46
24 60
24 76
24 89
24 93
24 95
24 100
24 113
24 117
24 121
24 134
24 154
24 167
24 171
24 189
24 200
24 211
24 229
24 241
24 252
24 264
24 283
24 313
24 335
24 365
24 366
24 373
24 382
24 389
25 28
25 31
25 32
25 52
25 65
25 79
25 82
25 83
25 88
25 95
25 109
25 134
25 149
25 154
25 158
25 175
25 177
25 207
25 215
25 230
25 242
25 255
25 261
25 265
25 276
25 293
25 295
25 312
25 329
25 344
25 389
26 31
26 35
26 37
26 42
26 55
26 56
26 64
26 67
26 70
26 99
26 129
26 133
26 139
26 146
26 147
26 152
26 194
26 204
26 216
26 247
26 260
26 264
26 266
26 300
26 306
26 338
26 349
26 362
26 370
26 372
26 376
26 383
26 386
26 389
27 33
27 59
27 68
27 75
27 81
27 95
27 99
27 112
27 117
27 120
27 133
27 141
27 149
27 153
27 167
27 173
27 183
27 211
27 241
27 247
27 258
27 260
27 266
27 270
27 271
27 273
27 283
27 284
27 289
27 296
27 307
27 312
27 316
27 318
27 319
27 320
27 340
27 341
27 366
27 383
28 29
28 39
28 74
28 75
28 78
28 89
28 103
28 132
28 135
28 136
28 143
28 150
28 169
28 191
28 217
28 218
28 219
28 242
28 243
28 258
28 273
28 275
28 297
28 344
28 360
28 362
28 379
28 380
29 30
29 36
29 38
29 39
29 41
29 57
29 58
29 75
29 84
29 85
29 111
29 118
29 130
29 166
29 175
29 189
29 241
29 245
29 266
29 281
29 298
29 320
29 336
29 353
29 370
29 389
29 392
29 397
30 35
30 39
30 46
30 56
30 64
30 72
30 80
30 87
30 92
30 97
30 120
30 126
30 153
30 155
30 167
30 170
30 175
30 180
30 181
30 185
30 189
30 204
30 209
30 210
30 240
30 245
30 256
30 269
30 273
30 283
30 289
30 300
30 302
30 304
30 319
30 327
30 328
30 352
30 358
30 360
30 367
30 368
30 369
30 381
30 399
31 67
31 75
31 90
31 92
31 105
31 107
31 121
31 122
31 131
31 134
31 136
31 140
31 153
31 159
31 176
31 182
31 203
31 217
31 224
31 233
31 235
31 236
31 237
31 242
31 251
31 261
31 294
31 311
31 327
31 333
31 338
31 362
31 363
31 371
31 373
31 375
31 380
31 384
31 394
32 33
32 41
32 73
32 75
32 107
32 109
32 129
32 132
32 141
32 147
32 155
32 179
32 223
32 233
32 258
32 265
32 268
32 284
32 288
32 297
32 304
32 317
32 318
32 325
32 340
32 343
32 353
32 354
32 357
32 360
32 370
32 377
32 386
33 34
33 42
33 84
33 104
33 123
33 132
33 136
33 149
33 170
33 177
33 190
33 197
33 200
33 205
33 218
33 227
33 229
33 232
33 234
33 261
33 263
33 267
33 272
33 275
33 300
33 316
33 338
33 339
33 355
33 358
33 362
33 365
33 389
33 398
34 45
34 75
34 77
34 80
34 81
34 124
34 133
34 134
34 143
34 158
34 164
34 174
34 179
34 182
34 197
34 198
34 204
34 207
34 237
34 242
34 252
34 256
34 275
34 297
34 306
34 312
34 314
34 344
34 359
34 366
34 370
34 394
35 37
35 69
35 82
35 83
35 87
35 88
35 93
35 101
35 112
35 128
35 136
35 152
35 154
35 157
35 175
35 185
35 222
35 227
35 242
35 243
35 253
35 254
35 263
35 269
35 273
35 281
35 296
35 298
35 299
35 316
35 318
35 324
35 328
35 330
35 336
35 349
35 359
35 368
35 372
35 397
36 40
36 62
36 83
36 93
36 101
36 112
36 128
36 133
36 151
36 180
36 181
36 187
36 188
36 196
36 197
36 207
36 215
36 217
36 255
36 263
36 273
36 290
36 292
36 300
36 320
36 335
36 340
36 347
36 356
36 361
36 365
37 45
37 47
37 60
37 67
37 70
37 84
37 91
37 112
37 139
37 189
37 203
37 211
37 219
37 224
37 231
37 233
37 236
37 243
37 249
37 262
37 264
37 270
37 271
37 275
37 287
37 291
37 303
37 323
37 327
37 329
37 330
37 342
37 351
37 356
37 358
38 43
38 69
38 98
38 99
38 106
38 117
38 119
38 132
38 138
38 141
38 145
38 153
38 187
38 206
38 211
38 258
38 271
38 280
38 284
38 292
38 303
38 308
38 317
38 321
38 326
38 329
38 335
38 373
38 378
38 383
38 384
39 72
39 75
39 82
39 91
39 99
39 106
39 127
39 182
39 194
39 233
39 237
39 242
39 260
39 269
39 271
39 274
39 281
39 283
39 305
39 322
39 348
39 349
39 355
39 356
39 361
39 393
40 52
40 56
40 57
40 77
40 83
40 86
40 91
40 93
40 106
40 163
40 173
40 186
40 197
40 203
40 208
40 243
40 251
40 264
40 286
40 292
40 333
40 349
40 351
40 368
40 371
40 376
40 384
40 389
41 45
41 83
41 86
41 140
41 145
41 150
41 156
41 175
41 187
41 202
41 205
41 212
41 228
41 230
41 243
41 260
41 262
41 264
41 268
41 293
41 312
41 327
41 388
42 59
42 69
42 70
42 82
42 83
42 100
42 108
42 135
42 137
42 156
42 157
42 159
42 175
42 177
42 186
42 195
42 198
42 205
42 220
42 221
42 228
42 243
42 271
42 273
42 286
42 311
42 341
42 346
42 350
42 353
42 354
42 356
42 359
42 361
42 380
42 385
42 397
42 398
43 45
43 99
43 102
43 103
43 106
43 111
43 112
43 121
43 136
43 142
43 159
43 179
43 189
43 210
43 215
43 228
43 233
43 237
43 248
43 270
43 279
43 280
43 330
43 363
43 368
43 373
43 383
43 396
44 45
44 64
44 85
44 87
44 89
44 102
44 116
44 142
44 147
44 149
44 170
44 184
44 187
44 213
44 214
44 218
44 224
44 225
44 228
44 232
44 238
44 242
44 299
44 305
44 316
44 319
44 321
44 325
44 329
44 334
44 369
44 382
44 389
45 76
45 89
45 92
45 101
45 110
45 116
45 119
45 127
45 151
45 160
45 165
45 184
45 189
45 196
45 222
45 226
45 280
45 284
45 287
45 295
45 331
45 346
45 363
45 368
45 375
45 383
45 388
45 389
45 396
45 398
46 50
46 51
46 59
46 66
46 78
46 82
46 93
46 105
46 108
46 133
46 143
46 147
46 152
46 173
46 177
46 186
46 195
46 203
46 208
46 224
46 244
46 259
46 291
46 303
46 315
46 317
46 327
46 337
46 350
46 361
46 371
46 374
46 377
46 381
47 62
47 101
47 105
47 123
47 127
47 155
47 160
47 190
47 203
47 207
47 240
47 247
47 251
47 263
47 269
47 270
47 275
47 279
47 281
47 300
47 316
47 318
47 326
47 334
47 363
47 364
47 388
47 391
47 393
48 62
48 82
48 83
48 92
48 100
48 109
48 114
48 132
48 151
48 173
48 178
48 182
48 202
48 208
48 222
48 234
48 245
48 256
48 261
48 265
48 270
48 295
48 301
48 330
48 353
48 370
48 378
48 379
48 389
48 393
48 395
48 397
48 399
49 56
49 59
49 64
49 74
49 94
49 110
49 111
49 118
49 126
49 153
49 156
49 157
49 158
49 166
49 188
49 206
49 224
49 251
49 275
49 278
49 300
49 303
49 332
49 338
49 339
49 346
49 360
49 376
49 380
49 388
49 399
50 92
50 99
50 119
50 121
50 127
50 142
50 159
50 185
50 200
50 216
50 220
50 241
50 252
50 256
50 264
50 266
50 274
50 276
50 292
50 321
50 331
50 348
50 357
50 358
50 361
50 369
50 379
50 388
51 54
51 64
51 67
51 93
51 98
51 119
51 121
51 132
51 141
51 178
51 184
51 185
51 191
51 202
51 208
51 216
51 220
51 230
51 240
51 245
51 255
51 256
51 275
51 282
51 294
51 313
51 322
51 326
51 334
51 339
51 346
51 347
51 353
51 355
51 360
51 364
51 371
51 399
52 62
52 73
52 74
52 78
52 94
52 113
52 117
52 135
52 145
52 156
52 160
52 179
52 186
52 205
52 214
52 229
52 233
52 255
52 277
52 314
52 315
52 367
52 372
52 385
52 389
52 396
53 59
53 105
53 108
53 110
53 124
53 129
53 134
53 139
53 155
53 168
53 172
53 173
53 199
53 222
53 241
53 250
53 253
53 263
53 269
53 288
53 289
53 296
53 297
53 325
53 334
53 336
53 342
53 356
53 371
53 374
53 377
53 381
54 60
54 80
54 108
54 128
54 134
54 153
54 161
54 169
54 182
54 193
54 200
54 219
54 227
54 247
54 250
54 287
54 292
54 311
54 320
54 334
54 335
54 369
54 374
54 375
54 377
54 397
55 63
55 80
55 82
55 89
55 94
55 95
55 141
55 142
55 145
55 146
55 154
55 156
55 158
55 167
55 175
55 177
55 202
55 203
55 206
55 222
55 224
55 243
55 251
55 253
55 259
55 265
55 266
55 269
55 283
55 284
55 291
55 303
55 319
55 344
55 369
55 387
55 390
56 68
56 69
56 90
56 95
56 100
56 106
56 135
56 150
56 165
56 173
56 176
56 190
56 227
56 228
56 249
56 253
56 282
56 285
56 287
56 300
56 307
56 310
56 314
56 325
56 347
56 367
56 383
56 385
56 389
56 391
56 399
57 58
57 59
57 60
57 97
57 99
57 100
57 105
57 106
57 108
57 126
57 134
57 154
57 164
57 166
57 167
57 171
57 183
57 196
57 205
57 211
57 226
57 229
57 232
57 236
57 251
57 254
57 266
57 274
57 293
57 315
57 316
57 321
57 324
57 330
57 335
57 345
57 351
57 360
57 379
57 384
57 390
58 64
58 90
58 106
58 107
58 129
58 134
58 155
58 159
58 171
58 193
58 197
58 212
58 213
58 238
58 243
58 248
58 251
58 285
58 305
58 310
58 311
58 314
58 324
58 329
58 338
58 349
58 367
58 386
59 65
59 95
59 97
59 102
59 103
59 114
59 138
59 141
59 148
59 179
59 181
59 195
59 198
59 199
59 205
59 208
59 221
59 227
59 228
59 240
59 253
59 254
59 285
59 291
59 299
59 314
59 368
59 375
59 379
59 382
59 383
59 392
59 397
60 62
60 66
60 72
60 74
60 79
60 99
60 106
60 143
60 149
60 153
60 185
60 189
60 192
60 200
60 208
60 210
60 214
60 216
60 217
60 220
60 223
60 231
60 239
60 252
60 259
60 261
60 282
60 289
60 305
60 309
60 322
60 341
60 342
60 354
60 358
60 361
60 371
60 383
60 390
60 396
61 76
61 79
61 82
61 88
61 90
61 110
61 121
61 127
61 134
61 139
61 140
61 149
61 150
61 152
61 153
61 159
61 175
61 177
61 181
61 209
61 243
61 270
61 286
61 288
61 307
61 309
61 319
61 333
61 350
61 379
61 388
62 87
62 92
62 94
62 100
62 114
62 124
62 127
62 131
62 140
62 159
62 180
62 195
62 210
62 214
62 232
62 246
62 248
62 257
62 281
62 284
62 323
62 341
62 346
62 375
62 397
63 64
63 90
63 115
63 129
63 139
63 155
63 171
63 175
63 191
63 231
63 235
63 254
63 261
63 264
63 268
63 278
63 299
63 301
63 305
63 309
63 313
63 331
63 334
63 340
63 358
63 370
63 372
63 375
63 379
63 398
63 399
64 101
64 123
64 135
64 160
64 164
64 179
64 207
64 216
64 229
64 241
64 243
64 271
64 273
64 283
64 291
64 303
64 310
64 313
64 316
64 318
64 320
64 321
64 332
64 334
64 343
64 358
64 362
64 378
64 390
64 399
65 67
65 68
65 71
65 72
65 76
65 79
65 82
65 100
65 106
65 136
65 140
65 141
65 162
65 205
65 206
65 210
65 215
65 218
65 223
65 228
65 233
65 239
65 253
65 266
65 269
65 311
65 322
65 330
65 355
65 367
65 368
65 376
65 382
65 383
65 384
65 385
66 67
66 87
66 96
66 132
66 135
66 136
66 137
66 150
66 162
66 174
66 199
66 216
66 218
66 224
66 229
66 232
66 249
66 282
66 303
66 322
66 341
66 344
66 356
66 358
67 70
67 83
67 89
67 105
67 112
67 129
67 174
67 189
67 195
67 229
67 236
67 237
67 241
67 274
67 275
67 313
67 316
67 323
67 330
67 344
67 348
67 358
67 376
67 379
67 381
67 391
67 398
68 93
68 94
68 104
68 137
68 165
68 171
68 183
68 186
68 195
68 198
68 210
68 216
68 222
68 226
68 242
68 264
68 266
68 274
68 284
68 290
68 299
68 329
68 358
68 359
68 368
68 373
68 383
69 98
69 100
69 105
69 121
69 138
69 148
69 202
69 223
69 245
69 248
69 261
69 267
69 291
69 294
69 306
69 321
69 364
69 374
69 376
69 389
69 396
70 79
70 88
70 96
70 107
70 110
70 132
70 144
70 146
70 159
70 161
70 162
70 172
70 181
70 199
70 205
70 221
70 223
70 236
70 252
70 266
70 269
70 273
70 280
70 281
70 292
70 300
70 301
70 371
70 372
70 378
70 391
70 394
71 82
71 88
71 103
71 126
71 130
71 149
71 162
71 178
71 194
71 203
71 209
71 225
71 230
71 235
71 239
71 261
71 288
71 289
71 322
71 346
71 349
71 354
71 358
71 369
71 372
71 387
71 394
72 85
72 86
72 95
72 96
72 107
72 111
72 123
72 124
72 126
72 132
72 141
72 148
72 165
72 173
72 176
72 220
72 228
72 231
72 244
72 251
72 255
72 258
72 286
72 291
72 335
72 358
72 375
72 378
73 87
73 127
73 143
73 178
73 192
73 214
73 217
73 226
73 230
73 263
73 266
73 271
73 276
73 277
73 279
73 299
73 304
73 345
73 349
73 361
73 377
73 381
73 386
74 79
74 102
74 120
74 138
74 187
74 188
74 190
74 191
74 213
74 215
74 218
74 230
74 231
74 244
74 246
74 265
74 293
74 296
74 300
74 301
74 313
74 317
74 335
74 338
74 339
74 358
74 365
74 367
74 373
74 381
74 393
75 83
75 103
75 132
75 163
75 169
75 187
75 193
75 213
75 218
75 228
75 247
75 260
75 269
75 295
75 298
75 299
75 304
75 305
75 339
75 343
75 388
75 393
75 398
75 399
76 88
76 103
76 110
76 142
76 154
76 164
76 191
76 242
76 243
76 262
76 265
76 275
76 281
76 290
76 295
76 297
76 307
76 312
76 318
76 325
76 327
76 357
76 362
76 364
76 373
76 392
76 395
77 111
77 116
77 118
77 157
77 186
77 196
77 200
77 207
77 221
77 230
77 245
77 249
77 253
77 263
77 264
77 282
77 284
77 285
77 299
77 307
77 311
77 328
77 333
77 345
77 392
78 81
78 82
78 83
78 85
78 91
78 95
78 96
78 105
78 115
78 120
78 143
78 147
78 177
78 181
78 188
78 206
78 217
78 221
78 231
78 247
78 255
78 302
78 305
78 311
78 328
78 334
78 340
78 347
78 350
78 358
78 367
78 375
78 395
78 398
79 105
79 108
79 127
79 136
79 144
79 157
79 172
79 196
79 213
79 214
79 252
79 277
79 295
79 299
79 304
79 309
79 310
79 326
79 328
79 335
79 353
79 366
79 372
79 385
79 394
79 399
80 89
80 93
80 99
80 110
80 112
80 129
80 145
80 160
80 173
80 203
80 224
80 227
80 263
80 271
80 318
80 322
80 354
80 394
80 398
81 92
81 106
81 135
81 136
81 137
81 144
81 161
81 168
81 176
81 180
81 181
81 191
81 200
81 202
81 224
81 252
81 260
81 265
81 281
81 290
81 295
81 298
81 299
81 306
81 308
81 320
81 341
81 347
81 349
81 356
81 373
81 399
82 98
82 116
82 137
82 151
82 165
82 166
82 167
82 191
82 207
82 218
82 235
82 238
82 273
82 286
82 300
82 304
82 310
82 323
82 324
82 327
82 335
82 361
82 367
82 370
82 375
82 379
82 383
82 384
82 387
82 389
83 114
83 118
83 137
83 148
83 151
83 159
83 166
83 169
83 200
83 201
83 210
83 220
83 229
83 230
83 237
83 249
83 257
83 275
83 302
83 303
83 304
83 316
83 319
83 320
83 344
83 367
83 371
83 373
84 93
84 94
84 103
84 106
84 109
84 122
84 151
84 164
84 177
84 188
84 192
84 196
84 205
84 212
84 238
84 239
84 244
84 259
84 263
84 278
84 279
84 281
84 287
84 290
84 293
84 323
84 326
84 338
84 357
84 360
84 363
84 370
84 387
84 394
84 395
85 104
85 112
85 115
85 116
85 125
85 142
85 150
85 151
85 168
85 170
85 189
85 194
85 204
85 210
85 211
85 216
85 242
85 247
85 262
85 263
85 268
85 276
85 280
85 296
85 300
85 306
85 309
85 322
85 330
85 343
85 346
85 375
86 101
86 117
86 125
86 126
86 132
86 164
86 195
86 200
86 202
86 252
86 254
86 257
86 262
86 296
86 302
86 331
86 337
86 339
86 357
86 358
86 389
86 393
86 395
87 91
87 94
87 96
87 98
87 134
87 136
87 140
87 145
87 148
87 152
87 153
87 156
87 176
87 181
87 193
87 213
87 216
87 236
87 237
87 238
87 259
87 286
87 291
87 324
87 326
87 329
87 342
87 345
87 353
87 354
87 359
87 391
88 92
88 125
88 128
88 130
88 133
88 134
88 136
88 157
88 177
88 182
88 193
88 200
88 206
88 224
88 229
88 230
88 249
88 278
88 306
88 309
88 312
88 313
88 328
88 333
88 349
88 355
89 110
89 153
89 169
89 178
89 187
89 189
89 211
89 215
89 226
89 234
89 246
89 249
89 254
89 283
89 287
89 313
89 340
89 355
89 358
89 364
89 375
89 393
90 101
90 103
90 112
90 116
90 120
90 121
90 144
90 151
90 152
90 192
90 197
90 206
90 221
90 231
90 234
90 240
90 264
90 266
90 268
90 269
90 286
90 295
90 296
90 298
90 304
90 336
90 353
90 357
90 372
90 376
90 398
91 97
91 99
91 111
91 118
91 125
91 166
91 179
91 189
91 198
91 201
91 216
91 236
91 262
91 286
91 299
91 304
91 317
91 320
91 322
91 372
91 376
92 127
92 129
92 132
92 139
92 150
92 161
92 168
92 175
92 180
92 208
92 237
92 254
92 260
92 263
92 290
92 318
92 319
92 321
92 323
92 330
92 336
92 337
92 342
92 358
92 364
92 368
92 380
92 386
92 394
93 96
93 105
93 133
93 135
93 149
93 153
93 168
93 179
93 198
93 203
93 206
93 241
93 248
93 254
93 261
93 274
93 275
93 287
93 289
93 291
93 295
93 307
93 347
93 355
93 360
93 384
93 391
94 102
94 103
94 112
94 132
94 134
94 165
94 175
94 185
94 201
94 207
94 209
94 214
94 215
94 221
94 230
94 232
94 241
94 246
94 248
94 253
94 271
94 274
94 275
94 290
94 305
94 309
94 322
94 323
94 331
94 346
94 354
94 368
94 373
94 386
94 387
95 106
95 126
95 141
95 160
95 174
95 185
95 191
95 204
95 211
95 219
95 220
95 243
95 286
95 302
95 310
95 320
95 332
95 359
95 364
95 371
95 376
95 377
95 383
95 389
96 103
96 106
96 133
96 160
96 182
96 192
96 196
96 203
96 230
96 242
96 258
96 264
96 270
96 274
96 281
96 286
96 295
96 296
96 305
96 313
96 323
96 333
96 347
96 353
96 360
96 364
96 381
96 386
96 395
96 399
97 106
97 116
97 117
97 144
97 146
97 167
97 200
97 201
97 207
97 208
97 233
97 246
97 274
97 285
97 288
97 293
97 307
97 351
97 353
97 370
97 382
97 383
97 386
97 387
97 394
98 109
98 160
98 166
98 180
98 202
98 203
98 210
98 212
98 216
98 222
98 224
98 226
98 230
98 248
98 258
98 260
98 265
98 285
98 293
98 295
98 316
98 330
98 345
98 351
98 359
98 369
98 372
99 111
99 113
99 120
99 137
99 152
99 162
99 163
99 195
99 201
99 212
99 233
99 268
99 272
99 280
99 286
99 287
99 328
99 330
99 359
99 371
99 373
99 390
99 397
100 122
100 132
100 171
100 181
100 202
100 215
100 232
100 233
100 235
100 238
100 249
100 252
100 256
100 258
100 263
100 265
100 267
100 276
100 289
100 294
100 309
100 320
100 331
100 335
100 343
100 344
100 352
100 353
100 360
100 364
100 375
100 386
101 114
101 118
101 127
101 141
101 144
101 166
101 167
101 184
101 248
101 251
101 257
101 267
101 268
101 287
101 288
101 293
101 297
101 307
101 363
101 374
101 383
101 384
101 391
102 116
102 124
102 133
102 135
102 141
102 142
102 148
102 149
102 157
102 169
102 186
102 187
102 198
102 199
102 222
102 233
102 261
102 268
102 276
102 284
102 314
102 318
102 325
102 329
102 331
102 334
102 353
102 359
102 373
102 385
103 105
103 106
103 132
103 134
103 143
103 147
103 172
103 190
103 224
103 227
103 239
103 252
103 255
103 262
103 272
103 277
103 316
103 332
103 350
103 369
103 373
103 374
103 386
103 390
104 132
104 143
104 147
104 150
104 156
104 157
104 166
104 182
104 197
104 199
104 201
104 213
104 238
104 260
104 271
104 279
104 283
104 285
104 320
104 329
104 347
104 370
105 125
105 128
105 131
105 134
105 141
105 168
105 172
105 183
105 197
105 200
105 204
105 210
105 218
105 220
105 227
105 248
105 264
105 272
105 285
105 300
105 307
105 309
105 315
105 319
105 328
105 337
105 342
105 344
105 346
105 359
105 360
105 368
105 393
106 109
106 110
106 112
106 121
106 127
106 134
106 136
106 148
106 151
106 160
106 169
106 198
106 217
106 220
106 222
106 229
106 260
106 302
106 320
106 327
106 329
106 340
106 345
106 356
106 367
106 372
106 373
106 382
106 392
106 393
107 110
107 141
107 165
107 181
107 215
107 231
107 232
107 237
107 243
107 245
107 256
107 257
107 258
107 271
107 290
107 296
107 341
107 359
107 364
107 369
107 375
107 381
107 384
107 388
108 131
108 138
108 147
108 171
108 176
108 195
108 216
108 217
108 220
108 233
108 242
108 256
108 257
108 297
108 319
108 322
108 335
108 341
108 342
108 350
108 353
108 354
108 357
108 362
108 368
108 373
108 383
108 384
109 120
109 131
109 142
109 164
109 192
109 200
109 210
109 222
109 228
109 229
109 235
109 252
109 254
109 257
109 259
109 262
109 264
109 265
109 266
109 272
109 274
109 276
109 279
109 295
109 312
109 334
109 365
109 368
109 384
109 385
109 391
109 398
110 112
110 124
110 128
110 131
110 146
110 162
110 170
110 190
110 244
110 248
110 260
110 296
110 327
110 330
110 338
110 341
110 342
110 357
110 362
111 112
111 122
111 144
111 164
111 166
111 168
111 186
111 217
111 222
111 232
111 238
111 258
111 270
111 272
111 278
111 291
111 293
111 305
111 316
111 317
111 325
111 326
111 327
111 333
111 348
111 354
111 384
111 397
111 398
112 120
112 135
112 160
112 180
112 185
112 229
112 239
112 256
112 273
112 275
112 281
112 292
112 294
112 301
112 304
112 314
112 323
112 347
112 350
112 365
112 366
112 398
112 399
113 119
113 121
113 129
113 156
113 164
113 180
113 186
113 190
113 193
113 194
113 197
113 200
113 211
113 212
113 215
113 218
113 219
113 223
113 230
113 250
113 259
113 262
113 290
113 295
113 299
113 304
113 310
113 312
113 332
113 335
113 349
113 350
113 355
113 356
113 362
113 392
114 115
114 117
114 152
114 160
114 170
114 197
114 207
114 238
114 262
114 264
114 268
114 284
114 290
114 307
114 311
114 341
114 345
114 361
114 368
114 389
115 135
115 139
115 152
115 153
115 173
115 223
115 233
115 234
115 240
115 244
115 248
115 252
115 261
115 292
115 294
115 301
115 304
115 307
115 308
115 321
115 331
115 333
115 339
115 348
115 370
115 375
115 398
116 126
116 131
116 154
116 156
116 157
116 160
116 176
116 181
116 186
116 199
116 214
116 221
116 225
116 233
116 238
116 243
116 281
116 289
116 298
116 307
116 308
116 353
116 356
116 364
116 365
116 367
116 384
116 386
116 388
116 393
116 398
117 122
117 124
117 134
117 153
117 171
117 181
117 187
117 196
117 214
117 215
117 223
117 240
117 259
117 263
117 286
117 294
117 306
117 332
117 334
117 344
117 346
117 366
117 370
117 373
117 382
117 393
118 121
118 142
118 152
118 161
118 166
118 177
118 179
118 183
118 185
118 215
118 259
118 269
118 270
118 273
118 274
118 290
118 292
118 293
118 334
118 339
118 389
118 390
118 399
119 128
119 134
119 135
119 148
119 151
119 154
119 170
119 180
119 184
119 189
119 193
119 194
119 195
119 204
119 211
119 222
119 244
119 276
119 287
119 289
119 291
119 295
119 318
119 355
119 363
119 373
120 130
120 153
120 156
120 159
120 169
120 189
120 192
120 205
120 208
120 209
120 210
120 241
120 244
120 253
120 285
120 286
120 288
120 303
120 307
120 309
120 310
120 322
120 339
120 341
120 346
120 347
120 368
120 375
121 131
121 136
121 140
121 161
121 167
121 196
121 226
121 255
121 259
121 267
121 273
121 294
121 296
121 311
121 383
121 387
122 126
122 135
122 138
122 160
122 161
122 162
122 164
122 175
122 192
122 194
122 206
122 259
122 263
122 280
122 285
122 287
122 303
122 309
122 318
122 329
122 332
122 333
122 340
122 375
122 396
123 150
123 160
123 163
123 185
123 186
123 227
123 236
123 257
123 263
123 272
123 305
123 309
123 313
123 324
123 386
123 391
123 397
124 130
124 134
124 138
124 153
124 157
124 165
124 170
124 182
124 187
124 191
124 201
124 203
124 206
124 211
124 216
124 242
124 248
124 250
124 308
124 343
124 346
124 355
124 374
124 379
124 389
124 394
125 126
125 193
125 216
125 245
125 251
125 252
125 276
125 288
125 291
125 292
125 317
125 332
125 337
125 343
125 380
125 389
125 394
125 399
126 130
126 131
126 132
126 135
126 147
126 156
126 182
126 188
126 192
126 228
126 241
126 245
126 246
126 266
126 285
126 301
126 310
126 317
126 342
126 355
126 361
126 369
126 380
126 384
127 128
127 137
127 144
127 166
127 170
127 172
127 185
127 195
127 212
127 223
127 253
127 259
127 263
127 278
127 299
127 330
127 332
127 334
127 342
127 367
127 377
127 383
127 384
128 133
128 134
128 142
128 146
128 150
128 158
128 171
128 205
128 207
128 215
128 226
128 230
128 234
128 263
128 265
128 267
128 281
128 287
128 336
128 343
128 346
128 356
128 371
129 130
129 133
129 142
129 145
129 167
129 177
129 188
129 196
129 203
129 206
129 216
129 227
129 251
129 257
129 271
129 273
129 277
129 292
129 303
129 326
129 343
129 354
129 362
129 385
129 391
129 395
129 397
129 398
130 135
130 152
130 161
130 167
130 194
130 213
130 219
130 221
130 224
130 225
130 254
130 272
130 285
130 293
130 317
130 319
130 325
130 329
130 345
130 365
130 371
130 384
130 394
131 132
131 146
131 149
131 170
131 194
131 198
131 222
131 240
131 244
131 271
131 291
131 311
131 319
131 341
131 370
131 375
131 388
131 395
132 134
132 144
132 178
132 185
132 201
132 203
132 217
132 224
132 228
132 229
132 254
132 261
132 265
132 266
132 278
132 279
132 280
132 289
132 299
132 308
132 309
132 314
132 318
132 323
132 325
132 338
132 354
132 355
132 365
132 368
132 369
132 378
133 141
133 172
133 189
133 240
133 242
133 243
133 252
133 257
133 260
133 273
133 279
133 287
133 301
133 305
133 308
133 320
133 332
133 333
133 342
133 349
133 352
133 371
133 378
133 393
133 395
134 138
134 140
134 147
134 152
134 153
134 176
134 180
134 198
134 228
134 237
134 238
134 241
134 265
134 272
134 287
134 292
134 301
134 302
134 313
134 343
134 353
134 362
134 365
134 367
134 373
134 386
134 395
135 162
135 163
135 174
135 177
135 192
135 208
135 209
135 211
135 236
135 239
135 249
135 252
135 270
135 290
135 292
135 305
135 314
135 338
135 346
135 360
135 366
135 372
135 374
135 376
135 382
135 393
136 151
136 159
136 161
136 186
136 188
136 202
136 211
136 215
136 235
136 239
136 241
136 245
136 246
136 253
136 272
136 273
136 281
136 302
136 305
136 307
136 318
136 333
136 336
136 343
136 345
136 358
136 371
136 384
137 146
137 155
137 167
137 169
137 185
137 196
137 222
137 226
137 236
137 240
137 267
137 281
137 297
137 317
137 327
137 331
137 332
137 346
137 360
137 368
137 386
138 144
138 149
138 161
138 162
138 168
138 174
138 181
138 182
138 232
138 233
138 241
138 251
138 281
138 302
138 311
138 313
138 368
138 373
138 390
139 148
139 158
139 159
139 175
139 177
139 200
139 201
139 202
139 210
139 212
139 218
139 224
139 231
139 233
139 240
139 262
139 270
139 292
139 317
139 325
139 326
139 329
139 338
139 352
139 362
140 148
140 150
140 159
140 168
140 171
140 185
140 198
140 201
140 209
140 241
140 255
140 263
140 268
140 278
140 310
140 311
140 341
140 343
140 353
140 355
140 362
140 368
140 375
140 381
141 146
141 150
141 161
141 179
141 181
141 195
141 197
141 218
141 221
141 237
141 250
141 262
141 291
141 292
141 297
141 298
141 313
141 314
141 322
141 351
141 362
141 367
141 371
141 386
141 397
141 398
142 172
142 210
142 216
142 217
142 222
142 227
142 234
142 248
142 254
142 285
142 289
142 290
142 291
142 311
142 315
142 323
142 326
142 347
142 352
142 380
143 147
143 153
143 178
143 185
143 190
143 191
143 192
143 198
143 201
143 204
143 212
143 217
143 229
143 250
143 261
143 291
143 300
143 305
143 321
143 344
143 348
143 351
143 355
143 385
143 388
144 147
144 175
144 176
144 178
144 190
144 226
144 243
144 250
144 252
144 254
144 278
144 294
144 295
144 308
144 310
144 324
144 353
144 371
144 382
144 385
144 399
145 146
145 154
145 170
145 204
145 208
145 228
145 229
145 231
145 237
145 241
145 242
145 263
145 267
145 270
145 287
145 288
145 290
145 295
145 303
145 313
145 315
145 317
145 319
145 322
145 324
145 325
145 330
145 339
145 365
145 366
145 377
145 391
145 399
146 155
146 165
146 176
146 194
146 198
146 215
146 221
146 223
146 235
146 260
146 262
146 267
146 273
146 281
146 293
146 314
146 317
146 330
146 337
146 339
146 344
146 351
146 360
146 380
146 384
146 395
146 396
146 398
147 153
147 163
147 184
147 206
147 208
147 262
147 291
147 310
147 312
147 314
147 332
147 349
147 352
147 366
147 371
148 149
148 152
148 153
148 162
148 172
148 174
148 205
148 206
148 238
148 244
148 245
148 252
148 253
148 263
148 275
148 283
148 294
148 298
148 307
148 318
148 343
148 346
148 352
148 365
148 378
148 381
148 384
148 386
148 391
149 173
149 176
149 186
149 191
149 192
149 203
149 215
149 223
149 224
149 225
149 246
149 252
149 253
149 274
149 316
149 322
149 326
149 330
149 337
149 348
149 349
149 358
149 362
149 372
149 374
150 153
150 160
150 172
150 173
150 177
150 204
150 221
150 222
150 246
150 274
150 277
150 278
150 293
150 313
150 325
150 332
150 333
150 341
150 348
150 350
150 360
150 370
150 372
150 374
150 396
151 156
151 164
151 168
151 184
151 205
151 206
151 238
151 248
151 249
151 251
151 254
151 255
151 273
151 279
151 280
151 288
151 298
151 301
151 308
151 313
151 322
151 335
151 337
151 344
151 391
152 153
152 157
152 169
152 186
152 190
152 191
152 195
152 218
152 221
152 252
152 264
152 268
152 280
152 287
152 295
152 303
152 307
152 318
152 333
152 344
152 352
152 357
152 373
152 387
153 158
153 165
153 170
153 178
153 198
153 201
153 225
153 233
153 260
153 262
153 295
153 307
153 315
153 327
153 342
153 343
153 364
153 365
154 160
154 162
154 167
154 181
154 187
154 192
154 229
154 258
154 260
154 273
154 292
154 334
154 343
154 349
154 366
154 368
154 384
155 160
155 164
155 169
155 174
155 199
155 202
155 204
155 210
155 216
155 231
155 261
155 277
155 286
155 299
155 302
155 307
155 309
155 322
155 352
155 364
155 380
155 385
156 158
156 161
156 164
156 167
156 171
156 183
156 198
156 215
156 222
156 224
156 250
156 251
156 254
156 258
156 264
156 266
156 268
156 271
156 273
156 288
156 322
156 325
156 350
156 362
156 366
156 370
157 161
157 162
157 175
157 185
157 198
157 201
157 205
157 206
157 207
157 217
157 248
157 257
157 264
157 265
157 267
157 271
157 299
157 319
157 320
157 326
157 330
157 346
157 356
157 361
157 362
157 377
157 390
157 392
158 165
158 174
158 182
158 188
158 201
158 203
158 220
158 230
158 235
158 258
158 279
158 282
158 289
158 294
158 302
158 331
158 354
158 359
158 365
158 368
158 371
158 372
158 375
158 376
158 387
158 391
159 162
159 166
159 194
159 207
159 208
159 213
159 219
159 221
159 230
159 248
159 257
159 262
159 273
159 304
159 325
159 339
159 362
159 390
160 173
160 196
160 215
160 217
160 218
160 228
160 239
160 265
160 326
160 333
160 339
160 342
160 344
160 358
160 373
160 390
160 395
161 165
161 189
161 190
161 242
161 244
161 246
161 265
161 277
161 280
161 286
161 320
161 348
161 368
161 371
161 390
162 188
162 191
162 218
162 234
162 235
162 239
162 257
162 262
162 269
162 271
162 301
162 302
162 303
162 335
162 376
162 383
162 388
162 398
163 164
163 168
163 175
163 204
163 217
163 220
163 224
163 240
163 248
163 254
163 280
163 287
163 289
163 302
163 314
163 316
163 329
163 345
163 347
163 392
164 167
164 177
164 178
164 193
164 221
164 237
164 266
164 269
164 283
164 296
164 341
164 343
164 379
164 381
164 396
165 183
165 188
165 191
165 196
165 205
165 227
165 233
165 250
165 282
165 305
165 314
165 315
165 318
165 319
165 347
165 364
165 369
165 381
166 177
166 178
166 188
166 197
166 202
166 228
166 233
166 249
166 252
166 285
166 286
166 291
166 302
166 322
166 332
166 342
166 345
166 361
166 379
166 393
166 399
167 203
167 206
167 210
167 227
167 231
167 258
167 260
167 265
167 269
167 280
167 297
167 315
167 316
167 319
167 346
167 349
167 354
167 355
167 364
167 372
167 388
167 393
168 186
168 192
168 197
168 220
168 271
168 298
168 302
168 335
168 339
168 353
168 358
168 365
168 372
168 375
168 376
168 390
168 397
169 185
169 195
169 232
169 233
169 240
169 242
169 282
169 285
169 290
169 296
169 303
169 305
169 325
169 332
169 365
169 377
169 379
169 392
169 399
170 179
170 190
170 194
170 198
170 211
170 217
170 246
170 254
170 259
170 269
170 286
170 293
170 308
170 311
170 316
170 323
170 366
170 369
170 378
170 385
170 388
170 392
171 173
171 174
171 178
171 199
171 231
171 236
171 242
171 268
171 274
171 279
171 286
171 298
171 320
171 329
171 384
171 393
171 394
172 184
172 186
172 196
172 201
172 207
172 209
172 211
172 212
172 225
172 252
172 254
172 261
172 276
172 277
172 278
172 294
172 298
172 304
172 314
172 318
172 336
172 346
173 191
173 193
173 195
173 206
173 235
173 241
173 266
173 272
173 290
173 309
173 311
173 317
173 323
173 328
173 338
173 342
173 352
173 372
173 380
174 178
174 180
174 188
174 196
174 203
174 207
174 220
174 227
174 238
174 246
174 250
174 254
174 273
174 278
174 281
174 340
175 176
175 189
175 196
175 211
175 212
175 214
175 218
175 231
175 241
175 246
175 268
175 272
175 279
175 291
175 302
175 308
175 316
175 331
175 336
175 355
175 387
175 389
176 177
176 194
176 206
176 215
176 217
176 224
176 253
176 254
176 275
176 286
176 293
176 298
176 302
176 308
176 311
176 316
176 318
176 320
176 342
176 352
176 360
176 366
176 368
176 374
176 381
176 397
177 226
177 240
177 242
177 245
177 247
177 258
177 269
177 279
177 286
177 287
177 291
177 309
177 324
177 330
177 341
177 385
177 389
177 398
178 179
178 181
178 187
178 206
178 232
178 248
178 250
178 282
178 295
178 304
178 324
178 343
178 352
178 381
179 189
179 197
179 199
179 206
179 208
179 212
179 216
179 217
179 219
179 223
179 229
179 239
179 241
179 257
179 258
179 268
179 269
179 287
179 290
179 301
179 308
179 323
179 346
179 373
179 376
179 381
179 389
179 392
179 393
180 181
180 193
180 195
180 219
180 227
180 235
180 242
180 257
180 264
180 266
180 298
180 300
180 306
180 337
180 374
181 216
181 240
181 249
181 272
181 273
181 286
181 304
181 307
181 329
181 331
181 334
181 347
181 354
181 356
181 388
181 391
182 188
182 194
182 199
182 203
182 220
182 251
182 258
182 277
182 288
182 291
182 309
182 313
182 328
182 339
182 346
182 355
182 361
182 376
182 382
182 385
183 189
183 199
183 214
183 219
183 275
183 297
183 303
183 305
183 309
183 310
183 319
183 324
183 351
183 359
184 217
184 219
184 237
184 244
184 257
184 263
184 266
184 276
184 279
184 303
184 305
184 309
184 314
184 316
184 328
184 336
184 339
184 340
184 341
184 350
184 357
184 379
184 383
184 384
184 389
184 398
185 196
185 199
185 206
185 211
185 243
185 245
185 265
185 267
185 269
185 278
185 280
185 288
185 316
185 318
185 330
185 348
185 358
185 360
185 363
185 379
185 391
185 394
186 189
186 200
186 212
186 215
186 232
186 236
186 248
186 251
186 267
186 276
186 291
186 307
186 336
186 341
186 344
186 358
186 392
187 188
187 190
187 198
187 200
187 252
187 274
187 278
187 283
187 284
187 291
187 317
187 324
187 326
187 329
187 333
187 340
187 343
187 345
187 346
187 349
187 357
187 358
187 366
187 371
187 378
188 211
188 216
188 219
188 229
188 230
188 249
188 253
188 260
188 261
188 265
188 269
188 285
188 299
188 339
188 347
188 376
188 378
188 391
188 393
189 200
189 203
189 204
189 206
189 222
189 228
189 229
189 248
189 253
189 265
189 269
189 286
189 314
189 323
189 332
189 339
189 346
189 360
189 379
189 397
189 399
190 191
190 194
190 200
190 207
190 220
190 231
190 234
190 245
190 257
190 264
190 268
190 279
190 284
190 302
190 318
190 320
190 332
190 333
190 340
190 353
190 378
190 381
190 394
191 196
191 211
191 217
191 228
191 231
191 250
191 254
191 263
191 267
191 283
191 284
191 303
191 342
191 346
191 349
191 355
191 369
191 389
192 198
192 203
192 207
192 210
192 212
192 222
192 228
192 231
192 235
192 263
192 280
192 293
192 322
192 365
192 393
193 197
193 198
193 202
193 227
193 231
193 261
193 291
193 299
193 339
193 348
193 349
193 351
193 353
193 357
193 374
194 197
194 199
194 217
194 231
194 234
194 243
194 280
194 287
194 291
194 306
194 308
194 311
194 314
194 336
194 342
194 362
194 365
194 381
194 394
195 202
195 214
195 217
195 245
195 273
195 278
195 308
195 322
195 327
195 344
195 351
195 366
195 374
195 376
195 393
196 199
196 217
196 227
196 236
196 257
196 271
196 278
196 282
196 302
196 305
196 316
196 318
196 322
196 381
196 383
196 388
196 390
196 391
197 201
197 222
197 231
197 281
197 287
197 288
197 290
197 307
197 325
197 329
197 345
197 350
197 352
197 356
197 358
197 370
197 372
197 378
197 380
197 388
197 397
198 199
198 207
198 215
198 241
198 260
198 265
198 276
198 293
198 315
198 353
198 354
198 356
198 361
198 362
198 363
198 364
198 374
199 206
199 215
199 222
199 235
199 267
199 274
199 284
199 295
199 301
199 306
199 307
199 312
199 315
199 323
199 332
199 343
199 354
199 380
199 391
200 204
200 219
200 222
200 226
200 228
200 244
200 246
200 257
200 262
200 289
200 298
200 301
200 302
200 305
200 317
200 320
200 327
200 338
200 356
200 357
200 366
200 370
201 209
201 210
201 213
201 247
201 257
201 270
201 290
201 354
201 398
202 206
202 215
202 227
202 231
202 259
202 287
202 290
202 303
202 309
202 338
202 387
202 396
203 208
203 216
203 228
203 234
203 250
203 259
203 261
203 269
203 278
203 291
203 294
203 298
203 302
203 305
203 308
203 315
203 318
203 321
203 340
203 346
203 352
203 360
203 365
203 366
203 378
203 384
204 207
204 216
204 254
204 294
204 310
204 322
204 337
204 340
204 361
204 369
205 224
205 237
205 242
205 262
205 267
205 283
205 302
205 366
205 370
205 397
206 242
206 247
206 254
206 289
206 291
206 310
206 316
206 352
206 373
206 375
206 388
206 399
207 209
207 215
207 235
207 237
207 238
207 246
207 247
207 279
207 281
207 296
207 297
207 300
207 310
207 326
207 333
207 345
207 352
207 376
207 387
207 395
208 214
208 221
208 233
208 244
208 245
208 254
208 265
208 280
208 302
208 314
208 328
208 336
208 373
208 384
208 387
209 213
209 228
209 230
209 231
209 243
209 251
209 256
209 270
209 273
209 277
209 307
209 311
209 314
209 322
209 329
209 334
209 337
209 342
209 375
209 391
209 393
209 394
209 397
210 215
210 216
210 250
210 252
210 268
210 274
210 279
210 295
210 327
210 329
210 345
210 371
210 396
211 215
211 229
211 231
211 243
211 275
211 277
211 278
211 291
211 294
211 307
211 338
211 354
211 363
211 364
211 372
211 374
211 377
211 379
211 383
212 256
212 258
212 267
212 276
212 337
212 352
212 357
212 385
213 214
213 215
213 217
213 266
213 273
213 292
213 311
213 328
213 330
213 331
213 337
213 347
213 356
213 385
213 396
214 229
214 230
214 240
214 252
214 256
214 260
214 263
214 264
214 265
214 292
214 296
214 307
214 310
214 311
214 325
214 335
214 344
214 366
214 375
214 377
214 382
215 228
215 254
215 285
215 292
215 313
215 314
215 323
215 341
215 356
215 357
215 373
215 377
215 393
215 396
216 224
216 226
216 236
216 241
216 247
216 257
216 260
216 261
216 302
216 311
216 337
216 338
216 339
216 353
216 357
216 386
217 219
217 232
217 289
217 302
217 338
217 341
217 350
217 373
217 380
217 390
218 221
218 227
218 235
218 237
218 251
218 260
218 264
218 267
218 268
218 276
218 281
218 295
218 297
218 325
218 330
218 334
218 346
218 353
218 368
218 375
219 222
219 225
219 237
219 256
219 263
219 267
219 290
219 309
219 311
219 315
219 318
219 336
219 356
219 386
219 396
219 397
219 399
220 247
220 249
220 251
220 257
220 263
220 282
220 283
220 286
220 293
220 308
220 310
220 315
220 324
220 346
220 349
220 366
220 369
220 370
220 387
220 389
221 222
221 228
221 233
221 237
221 239
221 254
221 270
221 272
221 312
221 315
221 319
221 321
221 343
221 348
221 352
221 391
221 395
222 245
222 250
222 262
222 268
222 273
222 275
222 277
222 279
222 296
222 343
222 345
222 348
222 368
222 373
222 395
223 224
223 241
223 263
223 269
223 281
223 286
223 300
223 308
223 310
223 312
223 316
223 317
223 349
223 365
223 377
223 379
223 398
224 251
224 257
224 272
224 278
224 291
224 297
224 300
224 304
224 323
224 328
224 338
224 353
224 358
224 369
224 376
224 383
224 389
224 399
225 231
225 233
225 247
225 258
225 267
225 286
225 287
225 298
225 302
225 319
225 336
225 345
225 367
225 380
225 382
225 388
225 395
226 234
226 236
226 243
226 266
226 309
226 327
226 330
226 361
226 363
226 365
226 367
226 370
226 391
227 233
227 235
227 258
227 271
227 273
227 277
227 284
227 298
227 302
227 312
227 319
227 324
227 361
227 363
227 364
227 368
227 369
227 371
227 377
227 379
228 234
228 255
228 263
228 282
228 302
228 304
228 320
228 322
228 332
228 348
228 351
228 365
228 366
228 373
228 376
228 389
228 394
229 249
229 250
229 255
229 256
229 257
229 262
229 263
229 266
229 299
229 305
229 307
229 311
229 312
229 318
229 338
229 340
229 350
229 372
229 374
229 376
229 378
229 388
230 232
230 234
230 259
230 267
230 278
230 283
230 313
230 321
230 327
230 329
230 331
230 348
230 357
230 364
230 365
230 370
230 371
230 397
230 398
231 250
231 259
231 263
231 271
231 281
231 286
231 292
231 312
231 320
231 321
231 322
231 329
231 337
231 340
231 351
231 357
231 363
231 367
231 369
231 374
231 391
232 233
232 235
232 239
232 247
232 255
232 268
232 270
232 275
232 291
232 292
232 304
232 311
232 314
232 330
232 339
232 351
232 358
232 359
232 365
232 369
233 243
233 271
233 274
233 281
233 292
233 298
233 305
233 318
233 321
233 324
233 341
233 349
233 357
233 371
233 383
233 385
234 237
234 242
234 253
234 255
234 263
234 278
234 285
234 289
234 302
234 309
234 342
234 358
234 375
234 383
234 398
235 271
235 273
235 310
235 319
235 321
235 330
235 336
235 340
235 341
235 369
235 375
236 248
236 256
236 257
236 258
236 276
236 318
236 324
236 325
236 327
236 366
236 375
236 378
236 383
236 386
236 399
237 259
237 271
237 299
237 320
237 321
237 325
237 357
237 361
237 364
237 373
237 384
237 388
237 394
238 245
238 252
238 272
238 285
238 289
238 305
238 314
238 319
238 326
238 337
238 339
238 361
238 385
238 395
239 254
239 258
239 268
239 270
239 279
239 285
239 307
239 322
239 344
239 346
239 349
239 356
239 373
239 382
239 392
240 264
240 268
240 270
240 284
240 319
240 333
240 354
240 359
240 362
240 381
241 266
241 269
241 273
241 275
241 291
241 294
241 297
241 317
241 323
241 336
241 344
241 361
241 370
241 371
241 388
241 389
241 398
242 246
242 252
242 256
242 258
242 263
242 282
242 286
242 291
242 308
242 321
242 333
242 334
242 339
242 341
242 355
242 358
242 359
242 365
242 375
242 376
242 386
243 244
243 257
243 263
243 298
243 314
243 315
243 321
243 327
243 329
243 336
243 342
243 352
243 359
243 364
243 382
243 397
244 258
244 262
244 264
244 280
244 281
244 285
244 287
244 290
244 298
244 303
244 316
244 321
244 323
244 335
244 347
244 354
244 357
244 388
245 256
245 261
245 265
245 293
245 321
245 355
245 356
245 374
245 377
245 379
245 384
245 391
246 266
246 272
246 284
246 319
246 323
246 327
246 331
246 343
246 351
246 375
246 390
246 397
247 252
247 271
247 286
247 305
247 306
247 315
247 326
247 330
247 332
247 342
247 347
247 364
247 382
248 266
248 274
248 277
248 279
248 305
248 313
248 328
248 360
248 368
248 372
248 373
248 374
248 389
249 261
249 283
249 287
249 288
249 289
249 297
249 302
249 307
249 315
249 323
249 328
249 332
249 334
249 342
249 356
249 358
249 362
249 371
249 378
250 252
250 254
250 268
250 273
250 288
250 308
250 333
250 336
250 340
250 343
250 351
250 363
250 365
250 390
251 285
251 290
251 296
251 306
251 311
251 316
251 330
251 334
251 337
251 347
251 354
251 357
251 361
251 365
251 368
251 396
252 263
252 269
252 277
252 285
252 298
252 306
252 309
252 311
252 318
252 327
252 350
252 351
252 354
252 358
252 374
252 381
252 398
253 257
253 264
253 271
253 282
253 290
253 297
253 304
253 312
253 319
253 359
253 363
253 365
253 368
253 376
253 378
253 380
254 267
254 281
254 283
254 295
254 296
254 301
254 320
254 325
254 348
254 357
254 360
255 292
255 304
255 308
255 320
255 350
255 359
255 368
255 387
255 392
255 394
256 258
256 262
256 276
256 289
256 304
256 317
256 324
256 330
256 385
256 399
257 279
257 280
257 283
257 294
257 299
257 307
257 339
257 341
257 350
257 375
258 264
258 276
258 284
258 287
258 296
258 308
258 313
258 337
258 345
258 348
258 351
258 359
258 372
258 385
258 390
258 394
259 304
259 305
259 333
259 356
259 360
259 378
260 309
260 311
260 316
260 325
260 359
260 360
260 361
260 365
260 368
260 370
260 389
260 392
260 399
261 277
261 291
261 341
261 344
261 353
261 386
261 392
261 393
262 265
262 287
262 288
262 291
262 295
262 296
262 299
262 312
262 321
262 322
262 340
262 345
262 346
262 362
262 363
262 376
262 382
262 386
262 389
263 267
263 268
263 271
263 318
263 336
263 356
263 361
263 365
263 379
264 267
264 303
264 304
264 306
264 349
264 369
264 376
264 379
264 396
265 266
265 279
265 309
265 310
265 323
265 345
265 348
266 275
266 285
266 292
266 304
266 305
266 326
266 342
266 345
266 367
266 379
266 384
267 268
267 269
267 288
267 296
267 334
267 357
267 362
267 375
267 383
267 385
267 396
268 274
268 279
268 284
268 290
268 294
268 295
268 313
268 318
268 326
268 353
268 356
268 361
268 371
268 380
269 275
269 281
269 290
269 297
269 302
269 312
269 323
269 335
269 341
269 342
269 355
269 383
269 388
270 297
270 308
270 315
270 316
270 321
270 326
270 329
270 371
270 374
270 392
270 396
271 279
271 282
271 283
271 288
271 305
271 307
271 314
271 316
271 322
271 323
271 339
271 378
271 381
272 287
272 300
272 305
272 309
272 312
272 318
272 345
272 372
272 376
272 377
272 397
273 286
273 293
273 298
273 306
273 317
273 320
273 323
273 325
273 341
273 345
273 349
273 356
273 360
273 372
273 387
273 392
274 275
274 276
274 283
274 285
274 295
274 322
274 346
274 350
274 351
274 353
274 366
274 377
274 381
275 283
275 303
275 312
275 351
275 367
275 370
275 374
275 376
275 379
275 394
276 278
276 283
276 288
276 301
276 306
276 318
276 328
276 349
276 352
276 366
276 391
277 284
277 299
277 300
277 323
277 334
277 361
277 378
277 384
277 386
278 283
278 302
278 340
278 348
278 352
278 363
278 371
278 372
278 376
278 381
278 386
279 295
279 325
279 333
279 336
279 337
279 345
280 304
280 308
280 310
280 322
280 329
280 336
280 340
280 373
280 376
280 380
280 382
281 303
281 309
281 322
281 327
281 338
281 341
281 344
281 357
281 383
281 387
281 390
282 299
282 314
282 327
282 342
282 363
282 387
282 391
283 291
283 296
283 299
283 300
283 316
283 356
283 363
283 392
284 293
284 296
284 297
284 314
284 325
284 346
284 374
284 378
284 379
284 386
284 388
284 395
285 290
285 292
285 296
285 303
285 313
285 322
285 328
285 338
285 392
285 393
286 295
286 296
286 302
286 312
286 323
286 337
286 361
286 368
286 381
286 387
286 399
287 294
287 312
287 322
287 377
287 392
288 292
288 336
288 343
288 367
288 373
289 298
289 302
289 325
289 339
289 369
289 383
289 384
289 386
289 390
290 304
290 311
290 318
290 323
290 341
290 349
290 352
290 365
290 371
290 382
290 387
290 390
290 398
290 399
291 301
291 318
291 330
291 355
291 359
291 364
291 374
291 379
291 391
291 392
292 293
292 305
292 312
292 325
292 330
292 352
292 373
292 397
293 296
293 297
293 307
293 326
293 335
293 336
293 346
293 358
293 378
293 380
293 386
293 394
293 397
294 296
294 307
294 308
294 323
294 330
294 354
294 355
294 372
294 377
294 395
294 398
295 308
295 332
295 354
295 367
295 398
296 337
296 341
296 350
296 352
296 358
296 361
296 363
296 372
296 377
297 301
297 303
297 325
297 326
297 340
297 342
297 343
297 348
297 358
297 360
297 381
297 394
297 396
297 398
298 306
298 313
298 331
298 347
298 352
298 376
298 385
299 300
299 303
299 311
299 317
299 331
299 349
299 350
299 353
299 373
299 375
299 396
300 301
300 309
300 352
300 354
300 371
300 373
300 398
301 308
301 324
301 341
301 346
301 354
301 359
301 363
301 364
301 367
301 380
301 381
301 382
301 384
301 391
302 321
302 333
302 343
302 351
302 353
302 377
302 383
302 397
303 311
303 314
303 316
303 348
303 362
303 364
303 379
303 383
303 392
303 393
304 323
304 327
304 328
304 332
304 336
304 341
304 349
304 351
305 323
305 333
305 334
305 373
305 390
305 393
306 315
306 321
306 322
306 330
306 332
306 339
306 354
306 356
306 357
306 365
306 371
306 374
306 379
306 397
306 399
307 318
307 319
307 324
307 333
307 336
307 337
307 367
307 397
308 311
308 338
308 340
308 342
308 346
308 348
308 354
308 366
308 398
308 399
309 319
309 327
309 332
309 343
309 350
309 351
309 352
309 354
309 360
309 366
309 382
309 384
309 398
310 327
310 339
310 344
310 371
310 373
310 376
310 383
310 391
310 394
311 319
311 333
311 334
311 363
311 374
311 383
311 391
312 331
312 334
312 337
312 353
312 361
312 368
312 369
312 370
312 394
313 323
313 346
313 348
313 360
313 361
314 318
314 322
314 338
314 342
314 355
314 357
314 395
315 325
315 326
315 332
315 338
315 356
315 357
316 334
316 338
316 351
316 355
316 359
316 367
316 378
316 390
316 396
317 326
317 329
317 340
317 345
317 357
317 360
317 371
317 373
317 381
317 383
317 390
317 391
317 396
318 326
318 329
318 333
318 334
318 340
318 361
318 364
318 376
319 326
319 331
319 346
319 360
319 361
319 373
319 374
319 382
319 387
319 393
319 397
320 328
320 363
320 383
320 389
320 393
321 325
321 327
321 332
321 338
321 344
321 352
321 372
321 377
321 378
321 386
321 393
321 395
322 334
322 339
322 361
322 394
323 337
323 338
323 348
323 351
323 359
323 381
323 383
323 396
324 328
324 332
324 340
324 363
324 386
325 326
325 332
325 337
325 362
325 363
325 385
326 334
326 344
326 389
326 391
326 392
327 330
327 357
327 369
327 375
327 377
327 380
327 381
327 390
327 395
328 363
328 365
328 370
328 390
329 344
329 356
329 360
329 366
329 374
329 378
329 379
329 384
329 387
329 391
330 335
330 339
330 351
330 357
330 364
330 365
330 369
330 380
330 389
330 396
331 341
331 349
331 373
331 381
331 383
332 352
332 358
332 370
332 386
332 391
333 339
333 340
333 344
333 397
334 336
334 344
334 346
334 351
334 359
334 360
334 392
335 366
335 372
335 396
336 338
336 351
336 363
336 374
336 385
336 395
336 396
337 354
337 357
337 366
337 387
338 356
338 359
338 369
338 381
338 389
338 399
339 343
339 355
339 360
339 376
339 378
339 385
339 396
340 358
340 368
340 381
340 390
341 346
341 350
341 368
341 376
342 343
342 348
342 355
342 379
342 387
342 397
343 357
343 366
343 368
344 373
344 387
344 389
344 392
344 393
345 372
345 373
346 359
346 370
346 395
347 350
347 353
347 367
348 356
348 361
348 363
348 387
348 391
348 397
349 350
349 351
349 354
349 355
349 366
349 379
349 385
350 370
350 382
350 384
350 386
351 385
351 396
352 359
352 389
352 396
353 369
353 375
353 378
353 383
353 397
354 357
354 358
354 363
354 364
354 369
354 382
354 397
355 389
356 362
356 364
356 367
356 370
356 378
356 386
358 376
358 378
358 390
358 392
359 360
359 365
359 367
359 369
359 382
359 395
360 378
360 385
360 399
361 362
361 383
361 388
361 389
362 392
363 375
363 397
364 383
364 387
364 388
364 390
364 391
364 392
364 396
365 383
365 386
365 397
365 399
366 370
366 381
366 383
366 390
367 395
369 370
369 373
369 381
369 382
369 387
369 388
370 377
370 383
371 372
371 374
371 384
371 398
372 394
373 390
373 391
373 396
374 387
374 388
374 393
375 378
375 392
376 381
376 391
376 392
376 397
377 386
377 388
377 392
379 384
379 387
379 390
380 398
381 383
381 399
382 391
383 384
383 386
383 398
384 388
384 391
384 398
386 393
386 399
387 394
387 398
389 390
389 399
390 392
390 394
391 395
392 399
393 399
394 399
395 398
395 399
396 398
