300 3935 0.2
0 5
0 20
0 25
0 34
0 47
0 61
0 64
0 65
0 69
0 93
0 108
0 113
0 121
0 136
0 151
0 152
0 162
0 163
0 164
0 186
0 199
0 210
0 226
0 235
0 251
0 261
0 264
0 270
0 292
1 13
1 50
1 63
1 65
1 71
1 81
1 92
1 124
1 125
1 145
1 149
1 152
1 176
1 192
1 221
1 226
1 266
1 277
1 283
1 291
1 294
2 3
2 20
2 46
2 53
2 54
2 61
2 66
2 69
2 77
2 96
2 106
2 121
2 132
2 144
2 152
2 172
2 198
2 227
2 241
2 256
2 257
2 265
2 267
2 269
2 281
2 282
3 8
3 12
3 15
3 26
3 35
3 37
3 54
3 56
3 67
3 70
3 76
3 90
3 96
3 110
3 112
3 114
3 121
3 124
3 139
3 155
3 180
3 190
3 198
3 211
3 231
3 237
3 250
3 252
3 291
3 294
4 15
4 25
4 30
4 36
4 49
4 65
4 78
4 97
4 98
4 117
4 138
4 147
4 162
4 180
4 183
4 228
4 233
4 264
4 270
4 277
4 284
5 13
5 41
5 56
5 58
5 62
5 65
5 78
5 83
5 98
5 101
5 134
5 173
5 178
5 180
5 186
5 190
5 195
5 217
5 221
5 223
5 240
5 250
5 256
5 287
5 291
5 292
6 18
6 35
6 43
6 44
6 48
6 49
6 53
6 55
6 65
6 84
6 98
6 104
6 129
6 140
6 176
6 201
6 207
6 234
6 236
6 252
6 257
6 270
6 272
6 276
6 284
6 295
7 13
7 39
7 55
7 86
7 89
7 95
7 98
7 106
7 110
7 136
7 144
7 191
7 208
7 230
7 244
7 272
7 290
8 10
8 21
8 41
8 56
8 59
8 72
8 74
8 108
8 123
8 128
8 136
8 139
8 147
8 164
8 167
8 171
8 203
8 205
8 215
8 217
8 228
8 262
8 269
8 295
9 15
9 29
9 31
9 33
9 37
9 42
9 44
9 80
9 88
9 89
9 96
9 106
9 125
9 182
9 186
9 217
9 218
9 237
9 238
9 249
9 251
9 258
9 271
9 272
9 297
10 54
10 59
10 64
10 71
10 74
10 76
10 80
10 84
10 89
10 96
10 136
10 146
10 164
10 168
10 181
10 184
10 191
10 199
10 200
10 220
10 228
10 250
10 265
10 295
10 296
11 17
11 18
11 29
11 57
11 67
11 68
11 86
11 110
11 114
11 120
11 121
11 122
11 142
11 143
11 146
11 148
11 155
11 175
11 180
11 183
11 187
11 195
11 196
11 197
11 206
11 211
11 229
11 237
11 276
11 283
12 22
12 35
12 54
12 69
12 74
12 82
12 95
12 104
12 126
12 145
12 165
12 169
12 175
12 182
12 189
12 191
12 193
12 199
12 216
12 226
12 229
12 239
12 268
12 269
12 271
12 279
13 19
13 22
13 31
13 39
13 40
13 50
13 62
13 89
13 92
13 106
13 110
13 113
13 125
13 127
13 129
13 161
13 184
13 198
13 214
13 218
13 232
13 241
13 243
13 249
14 19
14 22
14 38
14 67
14 71
14 73
14 88
14 95
14 118
14 138
14 161
14 172
14 173
14 186
14 193
14 200
14 212
14 217
14 238
14 279
14 289
14 298
15 25
15 27
15 39
15 40
15 45
15 48
15 53
15 60
15 84
15 114
15 121
15 128
15 150
15 152
15 168
15 186
15 201
15 223
15 246
15 251
15 266
15 267
15 272
15 276
15 282
15 284
16 23
16 33
16 41
16 57
16 92
16 94
16 96
16 103
16 136
16 139
16 146
16 149
16 160
16 161
16 167
16 177
16 186
16 187
16 212
16 229
16 231
16 232
16 255
16 256
16 268
16 274
16 286
16 291
17 55
17 57
17 58
17 67
17 71
17 76
17 90
17 95
17 96
17 102
17 119
17 121
17 124
17 127
17 145
17 152
17 203
17 204
17 218
17 226
17 256
17 260
17 290
17 293
17 295
18 20
18 27
18 35
18 38
18 46
18 56
18 120
18 147
18 154
18 160
18 169
18 175
18 213
18 218
18 232
18 241
18 244
18 249
18 284
18 286
19 27
19 28
19 33
19 35
19 44
19 54
19 55
19 59
19 63
19 84
19 124
19 129
19 138
19 143
19 154
19 161
19 175
19 176
19 179
19 180
19 206
19 219
19 229
19 230
19 241
19 248
19 261
19 268
19 289
20 26
20 30
20 46
20 64
20 93
20 96
20 100
20 147
20 161
20 172
20 181
20 194
20 206
20 222
20 224
20 239
20 245
20 252
20 261
20 277
20 283
20 295
20 296
21 36
21 53
21 57
21 58
21 87
21 93
21 94
21 134
21 137
21 142
21 150
21 154
21 165
21 166
21 167
21 188
21 197
21 206
21 230
21 239
21 253
21 255
21 258
21 266
21 267
21 294
22 34
22 40
22 98
22 107
22 117
22 153
22 159
22 161
22 165
22 174
22 178
22 179
22 189
22 191
22 200
22 202
22 213
22 223
22 233
22 240
22 241
22 246
22 247
22 249
22 251
22 252
22 256
22 257
22 274
22 276
23 24
23 28
23 33
23 57
23 67
23 71
23 89
23 90
23 93
23 118
23 119
23 142
23 160
23 162
23 172
23 187
23 199
23 224
23 249
23 267
23 281
23 283
24 25
24 26
24 35
24 46
24 48
24 53
24 65
24 73
24 80
24 83
24 106
24 143
24 157
24 158
24 164
24 194
24 204
24 207
24 219
24 222
24 223
24 231
24 233
24 246
24 252
24 296
25 29
25 43
25 48
25 65
25 92
25 110
25 118
25 119
25 125
25 128
25 140
25 144
25 148
25 153
25 179
25 193
25 198
25 208
25 237
25 238
25 251
25 252
25 263
25 273
25 279
26 31
26 32
26 60
26 73
26 76
26 118
26 121
26 128
26 134
26 136
26 156
26 160
26 173
26 184
26 195
26 199
26 218
26 229
26 244
26 252
26 257
26 258
26 261
26 279
27 38
27 39
27 48
27 57
27 58
27 59
27 112
27 143
27 144
27 145
27 182
27 193
27 229
27 264
27 271
27 277
28 33
28 47
28 53
28 64
28 68
28 69
28 105
28 129
28 143
28 159
28 170
28 185
28 186
28 203
28 208
28 216
28 240
28 247
28 249
28 263
28 284
28 289
29 49
29 77
29 93
29 109
29 117
29 119
29 122
29 133
29 153
29 158
29 181
29 182
29 195
29 198
29 242
29 260
29 265
29 280
29 285
29 295
29 296
29 298
30 32
30 42
30 58
30 60
30 65
30 67
30 72
30 76
30 83
30 103
30 106
30 117
30 131
30 159
30 170
30 173
30 193
30 200
30 210
30 213
30 228
30 232
30 272
30 295
31 49
31 52
31 62
31 63
31 82
31 101
31 103
31 105
31 110
31 115
31 116
31 127
31 132
31 153
31 156
31 158
31 183
31 192
31 196
31 201
31 207
31 214
31 221
31 223
31 255
31 263
31 264
31 272
31 273
31 284
31 293
31 295
32 35
32 58
32 70
32 74
32 92
32 99
32 105
32 117
32 124
32 130
32 133
32 160
32 161
32 162
32 169
32 174
32 179
32 180
32 188
32 191
32 201
32 207
32 231
32 239
32 243
32 250
32 251
32 276
33 57
33 69
33 71
33 77
33 82
33 112
33 114
33 138
33 141
33 143
33 156
33 162
33 182
33 193
33 214
33 234
33 240
33 244
33 246
33 276
34 43
34 44
34 57
34 67
34 69
34 74
34 82
34 87
34 127
34 146
34 159
34 175
34 176
34 196
34 209
34 220
34 256
34 259
34 282
34 291
34 296
35 54
35 59
35 66
35 70
35 72
35 75
35 89
35 93
35 96
35 97
35 99
35 100
35 101
35 102
35 113
35 116
35 157
35 172
35 175
35 192
35 194
35 213
35 219
35 233
35 235
35 237
35 239
35 248
35 250
35 270
35 280
35 286
35 288
36 49
36 54
36 79
36 93
36 98
36 104
36 115
36 131
36 133
36 147
36 154
36 156
36 165
36 168
36 172
36 178
36 186
36 188
36 199
36 236
36 248
36 266
36 292
37 66
37 67
37 76
37 80
37 97
37 101
37 124
37 125
37 130
37 147
37 149
37 170
37 186
37 189
37 190
37 195
37 196
37 197
37 206
37 211
37 227
37 247
37 272
38 53
38 57
38 78
38 83
38 106
38 109
38 118
38 123
38 157
38 171
38 185
38 189
38 198
38 199
38 221
38 249
38 270
38 277
38 296
39 44
39 81
39 85
39 105
39 149
39 154
39 174
39 183
39 193
39 231
39 233
39 238
39 246
39 258
39 262
39 277
39 295
40 42
40 55
40 75
40 87
40 111
40 119
40 125
40 146
40 154
40 160
40 174
40 185
40 191
40 192
40 193
40 253
40 265
41 46
41 47
41 53
41 63
41 70
41 71
41 81
41 108
41 113
41 160
41 168
41 179
41 196
41 200
41 202
41 239
41 244
41 262
41 266
41 278
41 279
41 284
42 58
42 62
42 67
42 68
42 84
42 93
42 103
42 110
42 124
42 136
42 140
42 184
42 199
42 218
42 244
42 254
43 82
43 83
43 104
43 113
43 134
43 150
43 154
43 164
43 173
43 195
43 196
43 201
43 206
43 213
43 224
43 235
43 243
43 257
43 269
43 278
43 290
44 52
44 53
44 68
44 71
44 152
44 156
44 169
44 184
44 257
44 265
44 269
44 296
45 59
45 83
45 113
45 117
45 127
45 140
45 142
45 149
45 156
45 171
45 176
45 184
45 192
45 198
45 210
45 212
45 215
45 225
45 226
45 232
45 244
45 245
45 256
45 258
45 259
45 272
45 274
45 281
45 288
45 291
46 49
46 53
46 62
46 80
46 92
46 98
46 102
46 113
46 137
46 147
46 173
46 184
46 187
46 201
46 218
46 223
46 232
46 237
46 279
46 286
46 293
46 296
47 61
47 75
47 86
47 98
47 108
47 112
47 114
47 128
47 136
47 141
47 144
47 145
47 151
47 153
47 157
47 162
47 170
47 196
47 200
47 221
47 227
47 257
47 274
48 53
48 58
48 60
48 82
48 85
48 98
48 104
48 117
48 134
48 138
48 149
48 153
48 155
48 166
48 177
48 181
48 212
48 217
48 225
48 228
48 233
48 264
48 266
48 270
48 272
48 277
48 288
48 299
49 67
49 86
49 95
49 107
49 128
49 148
49 150
49 158
49 171
49 177
49 195
49 217
49 218
49 219
49 223
49 231
49 237
49 239
49 249
49 254
49 265
49 272
49 277
49 281
50 53
50 64
50 73
50 95
50 99
50 127
50 129
50 146
50 150
50 155
50 160
50 178
50 204
50 209
50 212
50 221
50 245
50 257
50 270
50 288
50 291
50 296
51 55
51 69
51 78
51 101
51 119
51 120
51 133
51 138
51 153
51 156
51 164
51 172
51 173
51 193
51 196
51 236
51 240
51 250
51 265
51 276
51 298
52 71
52 121
52 130
52 132
52 135
52 138
52 142
52 158
52 162
52 164
52 170
52 180
52 182
52 201
52 202
52 203
52 206
52 236
52 237
53 56
53 65
53 76
53 78
53 84
53 87
53 112
53 127
53 128
53 129
53 135
53 140
53 150
53 169
53 174
53 187
53 194
53 203
53 219
53 223
53 242
53 245
53 251
53 266
53 269
53 277
53 281
53 289
53 298
54 63
54 66
54 72
54 75
54 84
54 85
54 88
54 92
54 122
54 125
54 134
54 162
54 177
54 180
54 183
54 193
54 194
54 199
54 214
54 221
54 226
54 232
54 235
54 253
54 264
54 267
54 270
54 273
54 294
55 61
55 84
55 87
55 96
55 108
55 144
55 166
55 182
55 185
55 193
55 201
55 208
55 212
55 223
55 226
55 229
55 274
56 73
56 81
56 106
56 128
56 134
56 174
56 176
56 182
56 210
56 216
56 227
56 238
56 245
56 250
56 267
56 272
56 278
56 280
56 287
56 298
57 68
57 78
57 83
57 100
57 108
57 116
57 118
57 139
57 157
57 190
57 192
57 193
57 202
57 205
57 248
57 252
57 257
57 263
58 62
58 64
58 74
58 91
58 98
58 116
58 117
58 123
58 127
58 132
58 141
58 142
58 146
58 151
58 161
58 169
58 181
58 184
58 186
58 197
58 205
58 207
58 208
58 210
58 213
58 218
58 224
58 239
58 244
58 251
58 254
58 267
58 269
58 286
58 289
58 292
59 77
59 78
59 97
59 98
59 103
59 115
59 125
59 141
59 187
59 213
59 233
59 235
59 239
59 241
59 273
59 285
60 75
60 77
60 83
60 102
60 106
60 126
60 130
60 142
60 143
60 145
60 146
60 164
60 175
60 178
60 185
60 194
60 197
60 208
60 219
60 220
60 230
60 245
60 292
61 63
61 71
61 79
61 85
61 90
61 92
61 93
61 105
61 114
61 118
61 149
61 156
61 169
61 185
61 187
61 195
61 199
61 208
61 211
61 235
61 246
61 258
61 275
61 277
61 282
61 299
62 74
62 102
62 129
62 143
62 167
62 179
62 184
62 193
62 197
62 223
62 229
62 238
62 260
62 278
62 285
62 294
62 297
63 73
63 82
63 99
63 101
63 109
63 155
63 158
63 160
63 174
63 191
63 198
63 220
63 227
63 251
63 253
63 258
63 259
63 279
63 294
64 72
64 86
64 90
64 92
64 112
64 120
64 121
64 123
64 129
64 135
64 145
64 175
64 181
64 200
64 207
64 217
64 226
64 227
64 234
64 242
64 243
64 269
64 280
64 293
65 72
65 81
65 83
65 114
65 115
65 116
65 119
65 154
65 176
65 179
65 180
65 184
65 185
65 201
65 231
65 243
65 255
65 268
65 269
66 91
66 128
66 135
66 145
66 155
66 160
66 164
66 168
66 192
66 198
66 209
66 210
66 221
66 232
66 253
66 264
66 266
66 268
66 269
66 273
66 275
66 278
66 287
67 107
67 110
67 129
67 165
67 169
67 184
67 188
67 190
67 211
67 217
67 240
67 244
67 259
67 261
67 278
67 283
67 285
67 290
68 77
68 85
68 103
68 109
68 117
68 126
68 136
68 150
68 151
68 169
68 171
68 175
68 201
68 209
68 214
68 218
68 221
68 241
68 257
68 286
69 72
69 73
69 81
69 87
69 91
69 123
69 125
69 132
69 150
69 163
69 193
69 206
69 209
69 210
69 211
69 225
69 244
69 250
69 257
69 269
69 270
69 273
70 87
70 88
70 107
70 117
70 130
70 175
70 183
70 195
70 200
70 222
70 240
70 241
70 260
70 264
70 266
70 274
70 291
71 94
71 96
71 102
71 129
71 137
71 141
71 146
71 147
71 159
71 162
71 169
71 185
71 210
71 212
71 222
71 234
71 255
71 256
71 271
71 274
72 84
72 93
72 112
72 131
72 136
72 159
72 161
72 193
72 196
72 199
72 221
72 258
72 269
72 275
73 80
73 83
73 86
73 110
73 128
73 134
73 146
73 161
73 175
73 177
73 187
73 196
73 204
73 207
73 217
73 246
73 253
73 255
73 267
73 279
73 297
73 299
74 81
74 89
74 97
74 119
74 132
74 137
74 155
74 190
74 206
74 207
74 214
74 217
74 231
74 235
74 238
74 241
74 255
74 262
74 264
74 281
74 295
75 89
75 114
75 141
75 171
75 196
75 210
75 231
75 232
75 249
75 252
75 257
75 267
75 271
75 297
76 128
76 136
76 141
76 147
76 154
76 156
76 162
76 170
76 185
76 189
76 191
76 224
76 229
76 236
76 237
76 266
76 275
76 277
76 278
76 299
77 92
77 99
77 102
77 137
77 143
77 152
77 162
77 165
77 178
77 200
77 204
77 206
77 212
77 214
77 232
77 240
77 245
77 248
77 251
77 287
78 79
78 104
78 117
78 123
78 130
78 131
78 156
78 198
78 199
78 200
78 214
78 215
78 227
78 236
78 246
78 255
78 284
78 296
79 81
79 88
79 90
79 92
79 93
79 110
79 121
79 136
79 140
79 142
79 149
79 154
79 161
79 182
79 190
79 206
79 212
79 215
79 249
79 270
79 276
79 287
80 97
80 121
80 122
80 133
80 138
80 147
80 158
80 213
80 218
80 228
80 258
80 266
80 290
80 292
80 294
80 295
81 92
81 100
81 115
81 124
81 130
81 131
81 147
81 173
81 182
81 187
81 188
81 189
81 193
81 216
81 219
81 222
81 246
81 287
81 290
81 297
82 93
82 95
82 98
82 112
82 121
82 131
82 135
82 144
82 167
82 185
82 208
82 239
82 245
82 265
82 278
82 296
82 299
83 85
83 96
83 97
83 119
83 123
83 144
83 161
83 178
83 180
83 182
83 189
83 191
83 193
83 194
83 208
83 223
83 235
83 241
83 246
83 249
83 262
83 273
83 288
83 289
84 111
84 115
84 119
84 121
84 143
84 144
84 151
84 167
84 176
84 183
84 209
84 218
84 219
84 267
85 89
85 93
85 103
85 112
85 151
85 163
85 169
85 175
85 182
85 188
85 191
85 200
85 204
85 233
85 241
85 248
85 268
85 281
85 285
85 297
86 87
86 97
86 136
86 144
86 164
86 167
86 173
86 175
86 192
86 197
86 211
86 217
86 218
86 246
86 262
86 278
86 296
87 89
87 105
87 111
87 120
87 124
87 138
87 141
87 152
87 154
87 161
87 172
87 181
87 186
87 187
87 203
87 206
87 217
87 222
87 232
87 233
87 250
87 254
87 274
87 287
88 103
88 114
88 116
88 129
88 134
88 140
88 141
88 155
88 158
88 168
88 172
88 190
88 191
88 197
88 198
88 203
88 216
88 224
88 280
88 296
89 91
89 96
89 106
89 110
89 130
89 148
89 153
89 184
89 218
89 227
89 231
89 234
89 245
89 250
89 252
89 257
89 275
89 277
89 296
90 95
90 111
90 113
90 116
90 129
90 149
90 158
90 163
90 177
90 192
90 201
90 203
90 212
90 217
90 227
90 255
90 262
90 267
90 276
90 280
90 291
91 92
91 103
91 104
91 118
91 124
91 141
91 147
91 176
91 183
91 187
91 201
91 213
91 220
91 229
91 254
91 284
92 97
92 98
92 105
92 135
92 136
92 149
92 164
92 177
92 181
92 193
92 203
92 209
92 210
92 255
92 260
92 264
92 271
92 297
93 101
93 112
93 116
93 148
93 150
93 179
93 180
93 187
93 199
93 207
93 222
93 238
93 251
93 263
93 265
93 292
93 298
94 98
94 114
94 115
94 118
94 121
94 138
94 141
94 148
94 149
94 161
94 169
94 177
94 181
94 185
94 214
94 231
94 259
94 263
94 279
94 289
94 290
94 291
94 296
95 99
95 116
95 154
95 155
95 159
95 176
95 178
95 194
95 200
95 216
95 228
95 229
95 266
95 280
95 282
95 288
95 294
96 110
96 111
96 113
96 120
96 145
96 154
96 162
96 187
96 197
96 214
96 227
96 230
96 248
96 249
96 253
96 266
96 278
96 282
96 284
97 127
97 136
97 148
97 199
97 207
97 212
97 221
97 225
97 227
97 244
97 249
97 261
97 278
97 290
97 294
97 298
98 109
98 111
98 126
98 136
98 149
98 171
98 173
98 186
98 187
98 190
98 203
98 205
98 232
98 259
98 271
98 285
98 295
99 116
99 120
99 124
99 125
99 129
99 130
99 137
99 149
99 155
99 159
99 166
99 174
99 178
99 179
99 182
99 199
99 220
99 222
99 225
99 230
99 241
99 249
99 267
99 298
99 299
100 112
100 115
100 125
100 138
100 143
100 162
100 192
100 194
100 195
100 247
100 251
100 253
100 274
100 282
100 284
100 295
101 120
101 136
101 148
101 152
101 161
101 167
101 183
101 193
101 198
101 200
101 223
101 263
101 270
101 275
101 278
101 280
101 290
102 104
102 132
102 146
102 169
102 172
102 179
102 193
102 244
102 275
102 296
103 125
103 131
103 138
103 144
103 151
103 155
103 160
103 162
103 164
103 179
103 198
103 199
103 213
103 219
103 269
103 274
103 278
104 107
104 139
104 159
104 161
104 162
104 168
104 182
104 197
104 233
104 250
104 254
104 263
104 271
104 274
104 275
104 282
105 136
105 141
105 156
105 162
105 163
105 175
105 188
105 192
105 196
105 201
105 202
105 212
105 215
105 220
105 232
105 241
105 259
105 270
105 271
105 293
106 156
106 158
106 163
106 176
106 185
106 186
106 200
106 203
106 205
106 208
106 214
106 230
106 257
106 259
107 109
107 122
107 149
107 154
107 195
107 209
107 225
107 232
107 234
107 237
107 281
107 292
107 297
108 109
108 124
108 141
108 172
108 193
108 195
108 196
108 197
108 209
108 244
108 275
108 276
108 286
108 296
109 123
109 126
109 132
109 133
109 135
109 140
109 179
109 193
109 201
109 209
109 213
109 214
109 225
109 240
109 244
109 250
109 256
109 260
109 266
109 283
110 129
110 138
110 169
110 201
110 214
110 224
110 238
110 248
110 249
110 255
110 262
111 140
111 142
111 152
111 173
111 178
111 180
111 206
111 207
111 210
111 226
111 242
111 247
111 250
111 262
111 268
112 116
112 144
112 152
112 156
112 161
112 172
112 183
112 193
112 197
112 213
112 215
112 216
112 229
112 252
112 253
112 260
112 271
112 279
113 118
113 171
113 187
113 190
113 205
113 212
113 216
113 230
113 240
113 245
113 253
113 264
113 278
113 293
114 120
114 128
114 131
114 132
114 153
114 168
114 186
114 192
114 203
114 210
114 240
114 263
114 277
114 299
115 131
115 134
115 144
115 150
115 152
115 167
115 171
115 183
115 186
115 195
115 213
115 214
115 218
115 223
115 230
115 233
115 243
115 253
115 260
115 267
115 268
115 269
116 123
116 125
116 126
116 147
116 156
116 157
116 175
116 179
116 183
116 189
116 192
116 216
116 241
116 249
116 257
116 263
116 276
117 119
117 123
117 126
117 132
117 140
117 141
117 202
117 222
117 231
117 254
117 276
117 298
118 133
118 144
118 153
118 163
118 165
118 187
118 197
118 199
118 201
118 205
118 230
118 271
118 281
119 133
119 134
119 135
119 143
119 157
119 172
119 185
119 189
119 193
119 195
119 211
119 226
119 232
119 246
119 260
119 261
119 278
119 279
120 123
120 129
120 131
120 157
120 167
120 172
120 177
120 192
120 231
120 233
120 260
121 143
121 153
121 172
121 179
121 214
121 259
121 263
121 264
121 268
121 280
121 293
122 133
122 153
122 156
122 160
122 162
122 166
122 175
122 177
122 192
122 194
122 197
122 212
122 226
122 230
122 259
122 293
123 131
123 137
123 142
123 154
123 165
123 170
123 231
123 232
123 247
123 260
123 264
123 270
123 286
123 294
123 298
124 147
124 188
124 207
124 215
124 229
124 243
124 258
124 286
124 287
124 292
125 130
125 164
125 195
125 200
125 202
125 226
125 228
125 264
125 271
125 294
126 134
126 173
126 174
126 190
126 191
126 193
126 201
126 205
126 218
126 220
126 221
126 246
126 280
126 291
126 299
127 137
127 142
127 149
127 150
127 178
127 181
127 186
127 187
127 188
127 201
127 203
127 211
127 214
127 232
127 245
127 247
127 250
127 264
127 276
127 291
128 143
128 146
128 149
128 170
128 224
128 229
128 235
128 239
128 242
128 246
128 249
128 251
128 261
128 263
128 275
128 280
128 284
129 153
129 167
129 177
129 191
129 199
129 207
129 230
129 276
129 282
129 284
129 292
129 293
130 181
130 191
130 192
130 200
130 204
130 210
130 213
130 219
130 222
130 225
130 233
130 234
130 237
130 244
130 253
130 263
130 269
130 291
131 140
131 143
131 150
131 166
131 181
131 185
131 188
131 204
131 207
131 210
131 232
131 239
131 245
131 270
131 296
131 298
132 139
132 143
132 161
132 175
132 176
132 193
132 200
132 219
132 223
132 228
132 234
132 238
132 249
132 259
132 263
133 147
133 151
133 157
133 174
133 176
133 188
133 190
133 198
133 210
133 214
133 224
133 236
133 249
133 255
133 280
133 282
133 283
133 293
134 138
134 140
134 141
134 159
134 166
134 182
134 187
134 199
134 246
134 255
134 266
134 275
134 283
135 153
135 174
135 185
135 206
135 209
135 232
135 250
135 273
135 279
135 292
136 139
136 140
136 146
136 164
136 169
136 181
136 212
136 214
136 215
136 225
136 228
136 253
136 265
136 270
136 283
136 293
137 165
137 168
137 193
137 197
137 208
137 235
137 250
137 263
137 275
137 283
137 291
138 143
138 145
138 146
138 157
138 158
138 161
138 163
138 164
138 177
138 193
138 197
138 213
138 215
138 239
138 250
138 266
138 283
139 148
139 154
139 163
139 164
139 177
139 185
139 203
139 214
139 218
139 221
139 222
139 241
139 263
139 269
140 155
140 165
140 168
140 182
140 191
140 197
140 200
140 220
140 221
140 227
140 228
140 230
140 244
140 246
140 255
140 258
141 152
141 156
141 157
141 160
141 161
141 172
141 196
141 237
141 248
141 254
141 259
141 265
141 268
141 273
141 289
141 294
142 149
142 169
142 177
142 210
142 216
142 224
142 259
142 264
142 265
142 276
142 286
142 290
142 291
143 169
143 203
143 210
143 214
143 221
143 227
143 231
143 232
143 235
143 246
143 257
143 294
144 156
144 161
144 179
144 200
144 201
144 208
144 242
144 246
144 264
144 274
144 279
144 291
145 172
145 176
145 185
145 188
145 192
145 198
145 210
145 220
145 258
145 266
145 274
145 280
145 286
145 294
146 157
146 199
146 218
146 222
146 226
146 245
146 250
146 256
146 264
146 270
146 271
146 276
146 278
146 287
146 294
146 296
147 152
147 162
147 178
147 192
147 210
147 218
147 223
147 230
147 265
147 270
147 274
147 277
147 283
147 284
147 287
147 290
147 295
148 153
148 180
148 181
148 195
148 196
148 204
148 205
148 224
148 241
148 248
148 269
148 271
148 283
149 151
149 182
149 203
149 228
149 239
149 254
149 260
149 270
149 277
149 279
149 292
150 152
150 157
150 169
150 174
150 194
150 204
150 213
150 217
150 223
150 225
150 231
150 234
150 260
150 272
150 286
150 290
151 163
151 166
151 167
151 187
151 201
151 210
151 227
151 240
151 242
151 244
151 248
151 251
151 264
151 266
151 268
151 273
151 285
152 153
152 161
152 182
152 205
152 230
152 235
152 260
152 262
153 178
153 182
153 185
153 188
153 214
153 228
153 241
153 244
153 248
153 250
153 274
153 279
153 282
153 288
154 162
154 167
154 175
154 198
154 225
154 249
154 258
154 260
154 263
154 266
155 159
155 163
155 196
155 210
155 213
155 229
155 231
155 254
155 255
155 262
155 273
155 281
155 282
156 160
156 169
156 175
156 184
156 188
156 235
156 249
156 251
156 261
157 167
157 175
157 176
157 177
157 184
157 185
157 207
157 224
157 239
157 240
157 272
157 282
157 288
158 161
158 203
158 210
158 218
158 227
158 239
158 251
158 253
158 262
158 266
158 271
158 272
158 286
159 185
159 191
159 192
159 194
159 202
159 223
159 233
159 257
159 265
159 269
159 273
159 285
160 166
160 168
160 187
160 188
160 214
160 238
160 254
160 257
160 261
160 279
160 283
160 293
161 165
161 183
161 206
161 223
161 231
161 234
161 235
161 237
161 250
161 280
161 282
161 296
162 168
162 193
162 197
162 211
162 224
162 237
162 242
162 246
162 255
162 258
162 271
162 281
162 287
162 291
162 292
162 297
163 177
163 194
163 199
163 211
163 220
163 234
163 259
163 267
163 274
163 276
164 178
164 187
164 204
164 206
164 209
164 247
164 252
164 267
164 280
164 283
164 288
165 173
165 198
165 199
165 201
165 233
165 247
165 248
165 258
165 286
165 287
166 207
166 241
166 244
166 245
166 257
166 260
166 266
166 267
166 280
166 282
167 182
167 187
167 196
167 197
167 198
167 223
167 226
167 229
167 237
167 244
167 251
167 252
167 268
167 287
167 288
168 171
168 174
168 175
168 193
168 214
168 231
168 259
168 262
168 278
168 290
168 292
168 295
168 297
169 170
169 184
169 193
169 209
169 216
169 235
169 240
169 248
169 256
169 270
169 275
169 285
170 188
170 199
170 200
170 238
170 245
170 246
170 257
170 281
170 283
170 284
170 293
171 180
171 186
171 190
171 193
171 202
171 207
171 217
171 231
171 236
171 255
171 259
171 273
171 280
171 294
172 181
172 209
172 212
172 257
172 263
172 267
172 269
172 273
172 282
172 291
173 178
173 180
173 190
173 198
173 199
173 202
173 203
173 217
173 219
173 230
173 238
173 245
173 250
173 253
173 256
173 264
173 267
173 280
173 286
174 213
174 222
174 234
174 237
174 263
174 264
174 273
174 274
174 280
174 286
174 299
175 189
175 216
175 241
175 243
175 254
175 272
175 294
175 297
175 299
176 180
176 181
176 195
176 205
176 220
176 225
176 227
176 237
176 240
176 241
176 246
176 276
176 290
176 298
177 187
177 197
177 216
177 221
177 237
177 254
177 258
177 266
177 282
177 292
177 299
178 197
178 242
178 247
178 248
178 257
178 258
178 259
178 262
178 271
178 273
179 199
179 201
179 206
179 248
179 250
179 255
179 257
179 264
179 283
179 284
179 285
180 186
180 201
180 204
180 212
180 214
180 219
180 234
180 244
180 252
180 256
180 271
180 276
181 183
181 187
181 197
181 208
181 211
181 216
181 217
181 218
181 229
181 246
181 253
181 259
181 277
181 288
181 292
181 297
182 200
182 206
182 214
182 242
182 243
182 245
182 251
182 272
182 279
183 189
183 216
183 238
183 242
183 248
183 259
183 261
183 264
183 267
183 278
183 298
184 188
184 202
184 205
184 207
184 216
184 231
184 232
184 238
184 257
184 265
185 193
185 211
185 220
185 228
185 235
185 238
185 242
185 248
185 253
185 269
185 284
185 294
185 296
186 194
186 198
186 216
186 217
186 227
186 237
186 258
186 275
186 281
187 196
187 197
187 215
187 266
187 273
187 287
187 293
188 208
188 209
188 218
188 225
188 227
188 238
188 241
188 243
188 267
188 273
188 287
189 194
189 198
189 211
189 240
189 254
189 266
189 273
189 281
189 287
189 297
190 251
190 258
190 264
190 281
190 288
190 296
191 208
191 213
191 256
191 270
191 271
191 278
191 287
191 288
191 292
192 202
192 213
192 233
192 245
192 258
192 260
192 265
192 289
192 290
193 204
193 206
193 207
193 218
193 228
193 231
193 235
193 252
193 263
193 268
193 276
193 289
194 195
194 196
194 214
194 233
194 234
194 240
194 255
194 259
194 288
194 299
195 197
195 207
195 223
195 233
195 240
195 244
195 249
195 259
195 280
195 285
195 296
196 199
196 210
196 216
196 229
196 243
196 253
196 289
197 216
197 217
197 234
197 254
197 267
197 276
197 285
197 286
197 287
198 211
198 216
198 217
198 235
198 248
198 275
198 278
198 281
199 223
199 231
199 246
199 254
199 256
199 264
199 265
199 283
199 293
199 298
200 219
200 236
200 268
200 281
201 204
201 208
201 211
201 212
201 261
201 277
201 289
201 291
202 207
202 209
202 211
202 212
202 213
202 233
202 237
202 259
202 262
202 265
202 286
202 299
203 206
203 216
203 221
203 264
203 265
203 281
204 209
204 211
204 250
204 258
204 291
204 294
204 296
205 219
205 223
205 241
205 273
205 275
205 282
205 285
205 292
206 209
206 210
206 224
206 233
206 250
206 260
206 278
206 296
206 299
207 210
207 214
207 224
207 250
207 255
207 272
207 277
207 287
208 211
208 250
208 283
208 287
209 211
209 213
209 242
209 243
209 267
209 268
209 272
209 275
209 286
209 296
209 298
210 211
210 220
210 241
210 263
210 272
210 282
211 213
211 219
211 224
211 236
211 237
211 246
211 292
211 299
212 232
212 234
212 237
212 261
212 269
212 270
212 285
213 244
213 250
213 255
213 256
213 269
213 270
213 283
213 287
214 217
214 222
214 241
214 248
214 253
214 287
214 288
214 295
215 227
215 232
215 251
215 254
215 263
215 277
215 298
215 299
216 222
216 242
216 257
216 273
216 286
217 224
217 247
217 252
217 264
217 280
218 228
218 232
218 278
218 282
218 285
218 287
219 228
219 260
219 276
220 235
220 242
220 274
220 282
220 283
220 295
221 225
221 245
221 247
221 260
221 266
221 269
221 271
221 274
222 225
222 235
222 262
222 263
222 295
223 226
223 228
223 235
223 251
223 276
223 296
224 265
224 271
224 287
224 295
225 244
225 251
225 253
225 271
225 287
225 296
226 231
226 233
226 241
226 242
226 246
226 249
226 258
226 263
226 293
226 294
226 298
227 234
227 251
227 252
227 253
227 263
227 266
227 274
227 280
227 286
227 294
227 299
228 253
228 261
228 281
228 290
228 296
229 234
229 236
229 254
229 255
229 257
229 268
229 270
229 284
229 293
229 296
230 239
230 252
230 256
230 261
230 270
230 278
230 279
230 280
231 244
231 262
231 285
231 294
231 295
231 299
232 237
232 241
232 256
232 280
232 291
232 297
233 244
233 247
233 248
233 253
233 260
233 262
233 293
233 297
234 240
234 243
234 260
234 276
234 285
234 298
235 254
235 266
235 287
236 239
236 260
236 278
236 279
237 250
237 260
237 263
237 272
237 275
237 277
237 278
237 291
237 299
238 271
238 286
239 250
239 267
239 272
239 277
239 280
239 284
240 242
240 267
240 273
240 276
240 277
240 281
240 283
240 285
240 288
240 293
241 242
241 260
241 270
241 282
242 260
242 272
243 263
243 268
243 269
243 273
243 288
243 292
244 248
244 284
244 295
244 298
245 263
245 269
245 284
245 290
245 295
246 252
246 255
246 263
246 274
246 275
246 276
246 279
246 293
247 268
247 276
247 279
247 281
247 282
247 290
247 292
247 295
248 261
248 262
248 265
248 268
249 257
249 260
249 270
249 273
249 276
249 285
249 289
249 292
250 254
250 255
250 261
251 255
251 267
251 268
251 271
251 280
251 286
252 270
252 275
252 292
253 264
253 275
254 276
255 259
255 261
256 257
256 272
256 281
256 283
256 284
256 299
257 259
258 259
258 270
258 292
259 290
259 298
260 268
260 274
260 278
260 286
260 293
261 264
261 276
261 284
262 272
262 277
262 288
262 291
263 264
263 273
264 283
264 284
265 281
265 283
265 287
265 293
265 298
266 277
266 285
266 290
266 296
267 276
267 299
268 271
268 275
268 285
268 288
269 270
269 281
269 288
269 297
270 272
270 273
270 279
270 287
270 291
270 294
270 296
271 282
271 287
272 275
272 284
272 295
272 298
273 278
273 279
273 287
274 279
274 291
275 276
275 281
275 293
277 286
278 282
278 287
278 297
279 288
280 289
280 295
281 284
282 283
282 294
285 291
286 288
286 296
288 293
288 296
290 296
292 294
293 296
293 299
294 295
295 296
295 299
