400 3978 0.2
0 5
0 49
0 58
0 79
0 101
0 112
0 142
0 147
0 149
0 189
0 229
0 264
0 266
0 303
0 307
0 309
0 317
0 376
0 392
0 395
1 4
1 22
1 28
1 30
1 37
1 57
1 88
1 116
1 125
1 168
1 180
1 181
1 194
1 196
1 197
1 198
1 216
1 219
1 224
1 242
1 255
1 311
1 320
1 338
1 389
2 14
2 64
2 79
2 90
2 121
2 123
2 150
2 216
2 223
2 231
2 233
2 252
2 302
2 309
2 363
2 365
2 373
2 381
2 384
3 17
3 34
3 48
3 57
3 177
3 183
3 187
3 274
3 279
3 303
3 336
3 340
3 367
3 372
4 6
4 37
4 76
4 88
4 105
4 172
4 191
4 212
4 218
4 225
4 243
4 352
4 369
4 395
5 41
5 53
5 65
5 67
5 80
5 122
5 133
5 153
5 158
5 190
5 191
5 246
5 277
5 312
5 325
5 338
5 363
6 58
6 104
6 113
6 135
6 159
6 183
6 184
6 185
6 194
6 207
6 249
6 292
6 311
6 339
6 360
6 381
6 390
7 12
7 50
7 63
7 88
7 92
7 98
7 104
7 105
7 108
7 148
7 154
7 168
7 223
7 252
7 267
7 322
7 333
7 337
7 340
7 389
7 395
8 11
8 31
8 38
8 41
8 44
8 47
8 69
8 98
8 125
8 160
8 161
8 203
8 243
8 309
8 317
8 372
8 375
8 385
9 12
9 56
9 70
9 81
9 120
9 152
9 157
9 171
9 175
9 199
9 209
9 223
9 224
9 228
9 240
9 248
9 269
9 274
9 317
9 328
9 344
9 385
10 23
10 38
10 43
10 69
10 75
10 103
10 128
10 140
10 147
10 149
10 167
10 179
10 215
10 242
10 258
10 331
10 380
10 391
11 70
11 89
11 102
11 152
11 170
11 183
11 185
11 212
11 216
11 226
11 241
11 245
11 310
11 340
11 367
11 388
11 394
12 27
12 64
12 105
12 111
12 114
12 170
12 187
12 221
12 254
12 263
12 273
12 302
12 391
12 392
13 32
13 36
13 84
13 94
13 100
13 105
13 133
13 136
13 150
13 163
13 167
13 185
13 211
13 231
13 245
13 273
13 275
13 303
13 338
13 343
13 380
13 389
13 391
14 17
14 33
14 54
14 65
14 70
14 87
14 90
14 125
14 144
14 165
14 179
14 202
14 203
14 228
14 241
14 262
14 272
14 298
14 325
14 336
14 374
14 391
15 30
15 52
15 67
15 76
15 116
15 133
15 177
15 214
15 247
15 263
15 282
15 283
15 289
15 357
15 366
15 386
15 395
16 30
16 39
16 72
16 84
16 85
16 123
16 210
16 217
16 251
16 253
16 320
16 338
16 389
16 398
17 73
17 99
17 103
17 104
17 107
17 113
17 143
17 158
17 161
17 175
17 191
17 196
17 223
17 243
17 247
17 266
17 270
17 284
17 320
17 343
17 344
17 374
17 382
18 79
18 81
18 99
18 128
18 141
18 177
18 217
18 222
18 225
18 299
18 327
18 331
18 351
18 371
18 375
19 55
19 79
19 85
19 118
19 119
19 121
19 126
19 161
19 214
19 232
19 251
19 254
19 275
19 282
19 294
19 317
19 338
19 339
20 73
20 97
20 120
20 173
20 185
20 220
20 225
20 246
20 256
20 261
20 284
20 311
20 319
20 362
21 64
21 68
21 74
21 93
21 107
21 113
21 114
21 118
21 176
21 194
21 218
21 247
21 257
21 261
21 297
21 301
21 324
21 359
21 366
21 383
22 25
22 31
22 65
22 66
22 106
22 127
22 264
22 288
22 321
22 335
22 342
22 363
22 380
23 31
23 34
23 38
23 49
23 68
23 72
23 95
23 126
23 190
23 216
23 218
23 222
23 258
23 280
23 305
23 330
23 389
24 35
24 36
24 38
24 62
24 81
24 91
24 110
24 126
24 206
24 222
24 261
24 268
24 285
24 324
24 330
24 341
24 348
24 359
24 367
24 377
24 379
24 381
24 382
25 89
25 94
25 122
25 139
25 142
25 189
25 196
25 221
25 253
25 254
25 277
25 294
25 298
26 33
26 48
26 52
26 105
26 111
26 157
26 183
26 186
26 210
26 238
26 242
26 371
27 34
27 42
27 90
27 96
27 107
27 131
27 142
27 151
27 170
27 188
27 203
27 221
27 247
27 249
27 263
27 266
27 285
27 310
27 361
27 380
28 50
28 69
28 70
28 92
28 97
28 113
28 132
28 133
28 138
28 144
28 152
28 180
28 226
28 253
28 297
28 365
29 40
29 46
29 54
29 135
29 144
29 156
29 162
29 176
29 184
29 189
29 224
29 230
29 248
29 270
29 289
29 372
29 387
30 34
30 65
30 67
30 73
30 80
30 86
30 89
30 96
30 102
30 124
30 202
30 218
30 229
30 230
30 239
30 268
30 291
30 334
30 341
30 343
30 352
30 386
31 41
31 53
31 60
31 62
31 79
31 80
31 120
31 130
31 148
31 155
31 162
31 167
31 168
31 216
31 220
31 234
31 240
31 241
31 262
31 275
31 281
31 292
31 318
31 386
32 34
32 63
32 65
32 67
32 70
32 81
32 105
32 123
32 129
32 151
32 188
32 222
32 227
32 230
32 244
32 284
32 311
32 363
32 370
32 383
32 384
32 392
32 393
33 41
33 45
33 128
33 196
33 221
33 242
33 252
33 255
33 278
33 289
33 292
33 303
33 320
33 358
33 391
34 89
34 95
34 101
34 109
34 113
34 130
34 139
34 143
34 144
34 147
34 151
34 154
34 173
34 233
34 258
34 266
34 271
34 301
34 312
34 374
34 383
34 390
35 36
35 52
35 84
35 103
35 105
35 127
35 133
35 151
35 177
35 196
35 223
35 224
35 225
35 229
35 233
35 239
35 265
35 304
35 352
35 378
36 57
36 112
36 126
36 225
36 247
36 264
36 277
36 305
36 383
37 58
37 60
37 73
37 101
37 135
37 149
37 163
37 164
37 195
37 203
37 224
37 229
37 244
37 263
37 265
37 295
37 335
37 366
37 368
37 378
37 396
37 398
38 47
38 49
38 66
38 122
38 144
38 147
38 148
38 158
38 196
38 200
38 208
38 218
38 220
38 235
38 267
38 317
38 344
38 348
38 392
39 46
39 98
39 109
39 116
39 128
39 133
39 135
39 142
39 200
39 224
39 237
39 239
39 262
39 309
39 313
39 333
39 350
39 356
39 369
39 378
39 380
39 383
39 392
39 399
40 48
40 90
40 142
40 176
40 196
40 198
40 228
40 240
40 253
40 266
40 276
40 313
40 323
40 332
40 365
40 398
41 46
41 53
41 66
41 75
41 76
41 81
41 115
41 119
41 121
41 152
41 162
41 176
41 177
41 191
41 216
41 218
41 227
41 231
41 312
41 323
41 364
41 365
41 368
41 385
41 386
42 58
42 68
42 93
42 114
42 118
42 145
42 155
42 162
42 168
42 187
42 193
42 198
42 199
42 201
42 238
42 248
42 301
42 326
42 330
42 351
42 384
43 58
43 65
43 78
43 116
43 121
43 125
43 202
43 207
43 267
43 295
43 355
43 364
43 386
44 50
44 54
44 63
44 72
44 81
44 87
44 101
44 129
44 183
44 201
44 211
44 216
44 218
44 221
44 224
44 270
44 274
44 276
44 278
44 305
44 319
44 328
44 386
44 396
45 54
45 58
45 68
45 71
45 115
45 124
45 126
45 137
45 158
45 186
45 203
45 223
45 227
45 241
45 295
45 306
45 369
45 393
46 99
46 117
46 128
46 139
46 146
46 168
46 170
46 190
46 223
46 264
46 279
46 298
46 301
46 348
47 51
47 59
47 75
47 88
47 109
47 139
47 155
47 156
47 179
47 194
47 197
47 214
47 230
47 258
47 262
47 295
47 327
47 357
47 364
48 69
48 70
48 130
48 146
48 152
48 153
48 154
48 182
48 188
48 237
48 239
48 241
48 277
48 280
48 295
48 306
48 318
48 332
48 352
48 362
48 373
48 392
49 81
49 92
49 111
49 124
49 129
49 130
49 137
49 142
49 202
49 209
49 216
49 249
49 291
49 305
49 309
49 315
49 317
49 330
49 348
50 51
50 74
50 100
50 117
50 162
50 191
50 196
50 271
50 308
50 329
50 335
50 346
50 371
50 381
51 58
51 67
51 101
51 138
51 144
51 162
51 164
51 182
51 256
51 336
51 373
52 62
52 97
52 101
52 146
52 178
52 195
52 210
52 212
52 247
52 249
52 259
52 298
52 302
52 311
52 318
52 339
52 386
53 84
53 159
53 163
53 173
53 182
53 230
53 231
53 240
53 249
53 258
53 278
53 344
54 69
54 70
54 80
54 93
54 101
54 110
54 112
54 162
54 205
54 225
54 255
54 276
54 296
54 312
54 314
54 335
54 355
54 375
54 380
55 94
55 114
55 128
55 150
55 156
55 171
55 175
55 186
55 188
55 212
55 282
55 317
55 355
55 369
55 374
55 379
56 75
56 98
56 101
56 135
56 161
56 197
56 207
56 214
56 223
56 262
56 271
56 316
56 318
56 352
56 354
56 357
56 373
56 391
57 67
57 82
57 84
57 97
57 122
57 125
57 182
57 206
57 210
57 241
57 272
57 302
57 312
57 355
57 373
57 380
57 382
58 83
58 105
58 110
58 111
58 141
58 152
58 162
58 173
58 235
58 275
58 302
58 303
58 311
58 329
58 342
58 345
58 398
59 129
59 138
59 153
59 162
59 179
59 188
59 220
59 221
59 244
59 251
59 260
59 265
59 287
59 288
59 302
59 329
59 354
59 376
59 377
60 92
60 104
60 120
60 123
60 128
60 130
60 157
60 167
60 208
60 213
60 257
60 263
60 318
60 332
60 369
60 397
61 112
61 116
61 123
61 237
61 263
61 270
61 299
61 336
62 63
62 67
62 113
62 124
62 129
62 132
62 147
62 172
62 177
62 187
62 190
62 191
62 243
62 255
62 263
62 273
62 282
62 283
62 312
62 316
62 319
62 320
62 367
63 86
63 89
63 101
63 112
63 115
63 123
63 145
63 165
63 175
63 201
63 206
63 213
63 236
63 277
63 278
63 308
63 324
63 331
63 340
63 348
63 370
64 112
64 119
64 122
64 144
64 148
64 154
64 171
64 203
64 208
64 248
64 251
64 270
64 277
64 284
64 285
64 290
64 302
64 318
64 333
64 334
64 361
64 388
64 389
64 394
65 71
65 76
65 81
65 83
65 134
65 177
65 179
65 197
65 199
65 213
65 220
65 226
65 262
65 274
65 282
65 287
65 326
65 367
65 377
65 389
66 70
66 80
66 86
66 114
66 132
66 143
66 166
66 182
66 195
66 196
66 251
66 265
66 310
66 313
66 332
66 350
66 384
66 387
66 389
67 141
67 142
67 173
67 178
67 191
67 211
67 261
67 286
67 294
67 301
67 307
67 316
67 317
67 332
67 367
67 371
67 375
68 93
68 130
68 133
68 146
68 147
68 159
68 169
68 173
68 175
68 187
68 214
68 217
68 257
68 279
68 291
68 293
68 307
68 323
68 369
68 372
68 394
68 399
69 89
69 145
69 190
69 192
69 213
69 224
69 233
69 255
69 297
69 301
69 335
69 349
69 388
69 393
70 108
70 111
70 143
70 144
70 153
70 176
70 182
70 191
70 200
70 201
70 216
70 249
70 252
70 287
70 371
71 75
71 77
71 84
71 96
71 150
71 199
71 259
71 292
71 300
71 340
71 396
72 76
72 81
72 90
72 102
72 105
72 107
72 114
72 155
72 156
72 173
72 186
72 199
72 220
72 247
72 253
72 267
72 289
72 305
72 307
72 357
72 367
72 379
72 396
72 397
73 111
73 119
73 139
73 156
73 164
73 172
73 204
73 298
73 317
73 323
73 337
73 342
74 97
74 112
74 158
74 168
74 172
74 183
74 196
74 236
74 257
74 289
74 307
74 308
74 323
74 325
74 350
74 374
75 84
75 98
75 135
75 193
75 197
75 214
75 218
75 223
75 236
75 259
75 289
75 322
75 350
75 379
75 380
76 79
76 102
76 178
76 194
76 225
76 284
76 287
76 292
76 397
77 78
77 100
77 110
77 121
77 129
77 154
77 204
77 227
77 236
77 274
77 294
77 308
77 317
77 330
77 378
78 91
78 97
78 105
78 121
78 135
78 150
78 199
78 226
78 236
78 260
78 316
79 81
79 122
79 164
79 207
79 209
79 211
79 248
79 272
79 300
79 308
79 320
79 334
79 364
79 366
79 368
79 371
79 375
79 377
80 93
80 102
80 116
80 118
80 122
80 140
80 147
80 154
80 160
80 177
80 210
80 213
80 233
80 288
80 293
80 304
80 310
80 313
80 346
80 368
80 380
80 384
81 82
81 84
81 87
81 91
81 99
81 125
81 165
81 168
81 170
81 171
81 182
81 184
81 195
81 214
81 236
81 237
81 245
81 249
81 254
81 266
81 270
81 281
81 316
81 337
81 345
82 87
82 103
82 119
82 154
82 168
82 209
82 270
82 271
82 282
82 287
82 304
82 318
82 322
82 341
82 358
82 371
82 372
82 381
83 163
83 184
83 206
83 220
83 223
83 281
83 290
83 320
83 334
83 371
84 107
84 136
84 152
84 162
84 170
84 180
84 181
84 207
84 224
84 225
84 242
84 247
84 248
84 281
84 329
84 330
84 339
84 346
84 377
85 95
85 103
85 110
85 123
85 142
85 160
85 191
85 206
85 212
85 277
85 292
85 339
85 352
85 367
85 368
86 107
86 117
86 120
86 137
86 140
86 151
86 155
86 181
86 183
86 193
86 228
86 287
86 295
86 366
86 391
87 126
87 137
87 144
87 168
87 211
87 252
87 310
87 312
87 380
87 389
87 396
88 92
88 110
88 143
88 147
88 151
88 157
88 165
88 195
88 204
88 217
88 267
88 295
88 303
88 309
88 355
88 381
88 392
89 95
89 135
89 140
89 152
89 154
89 175
89 181
89 200
89 230
89 232
89 251
89 260
89 281
89 282
89 296
89 326
89 351
89 380
90 94
90 99
90 126
90 141
90 197
90 199
90 217
90 264
90 289
90 305
90 325
90 334
90 350
90 363
90 395
90 398
91 109
91 120
91 129
91 131
91 145
91 198
91 203
91 229
91 240
91 270
91 284
91 292
91 310
91 337
91 351
91 352
91 373
91 387
92 93
92 122
92 124
92 138
92 151
92 197
92 205
92 226
92 236
92 272
92 295
92 318
92 327
92 345
92 377
92 384
93 95
93 96
93 180
93 226
93 236
93 289
93 303
93 367
93 378
93 381
94 113
94 149
94 157
94 165
94 171
94 193
94 252
94 261
94 262
94 337
94 374
94 383
94 395
95 97
95 132
95 147
95 195
95 213
95 269
95 271
95 290
95 311
95 330
95 386
95 391
95 395
96 124
96 148
96 158
96 205
96 206
96 215
96 224
96 261
96 270
96 290
96 322
96 353
96 377
96 378
97 128
97 165
97 176
97 182
97 183
97 195
97 216
97 226
97 243
97 244
97 289
97 314
97 354
97 361
97 362
97 374
98 99
98 110
98 128
98 144
98 157
98 175
98 205
98 211
98 213
98 228
98 236
98 240
98 246
98 248
98 266
98 325
98 346
98 354
98 375
98 386
98 395
99 117
99 161
99 216
99 240
99 250
99 259
99 291
99 355
99 359
100 190
100 193
100 209
100 223
100 244
100 266
100 278
100 290
100 296
100 305
100 353
100 373
100 389
101 137
101 176
101 187
101 200
101 229
101 236
101 259
101 262
101 279
101 283
101 285
101 313
101 383
102 104
102 112
102 121
102 154
102 180
102 186
102 195
102 203
102 235
102 240
102 259
102 261
102 273
102 275
102 276
102 283
102 289
102 309
102 341
102 355
102 359
102 361
102 363
103 109
103 136
103 151
103 232
103 256
103 264
103 277
103 301
103 341
103 372
103 374
103 385
103 392
103 397
104 134
104 141
104 162
104 177
104 196
104 261
104 275
104 276
104 280
104 320
104 344
104 345
104 352
104 357
104 376
104 377
104 397
105 107
105 123
105 175
105 178
105 184
105 209
105 231
105 258
105 271
105 291
105 309
105 359
105 399
106 124
106 125
106 147
106 169
106 173
106 217
106 232
106 299
106 306
106 370
106 381
106 383
106 385
106 387
106 397
107 129
107 156
107 166
107 198
107 199
107 221
107 257
107 267
107 270
107 294
107 301
107 323
107 328
107 335
107 373
108 121
108 161
108 173
108 204
108 262
108 283
108 373
109 126
109 145
109 153
109 176
109 203
109 219
109 231
109 240
109 245
109 249
109 279
109 304
109 307
109 314
109 316
109 340
109 376
110 114
110 125
110 197
110 217
110 242
110 284
110 306
110 355
110 386
110 392
111 127
111 147
111 179
111 204
111 211
111 213
111 243
111 285
111 300
111 317
111 319
111 335
111 339
111 341
111 373
112 118
112 159
112 182
112 188
112 211
112 231
112 291
112 306
112 331
112 337
112 338
112 351
113 120
113 139
113 179
113 198
113 209
113 212
113 254
113 288
113 299
113 313
113 321
113 331
113 374
113 392
114 133
114 136
114 137
114 194
114 204
114 213
114 245
114 255
114 267
114 270
114 276
114 301
114 317
114 319
114 333
114 355
115 120
115 127
115 147
115 161
115 181
115 185
115 194
115 200
115 205
115 228
115 259
115 287
115 303
115 312
116 121
116 128
116 131
116 146
116 166
116 176
116 216
116 228
116 261
116 298
116 341
116 347
116 351
116 352
116 353
116 354
116 358
116 378
116 394
116 395
117 125
117 149
117 153
117 234
117 291
117 309
117 315
117 339
117 343
117 367
117 377
117 390
118 137
118 139
118 151
118 156
118 169
118 206
118 256
118 268
118 279
118 304
118 315
118 343
118 355
118 380
118 393
118 396
118 397
119 134
119 159
119 164
119 168
119 175
119 190
119 191
119 193
119 200
119 206
119 214
119 248
119 267
119 268
119 280
119 307
119 328
119 330
119 337
119 341
119 347
119 354
119 382
119 387
120 131
120 140
120 141
120 149
120 174
120 192
120 235
120 313
120 330
120 390
121 127
121 220
121 232
121 236
121 278
121 284
121 291
121 305
121 313
121 325
121 336
121 344
121 354
121 357
121 365
121 369
121 378
121 384
121 399
122 135
122 150
122 152
122 184
122 216
122 236
122 285
122 294
122 324
122 330
122 331
122 379
122 389
122 398
123 126
123 128
123 154
123 155
123 189
123 202
123 222
123 233
123 258
123 267
123 268
123 288
123 307
123 316
123 327
123 344
123 358
123 361
123 364
123 392
124 130
124 159
124 167
124 202
124 211
124 218
124 223
124 228
124 244
124 249
124 252
124 261
124 386
125 139
125 142
125 165
125 187
125 195
125 206
125 211
125 221
125 228
125 233
125 236
125 247
125 263
125 276
125 292
125 360
125 394
126 135
126 149
126 154
126 156
126 163
126 168
126 180
126 183
126 185
126 206
126 220
126 291
126 318
126 349
126 365
126 372
127 160
127 161
127 191
127 198
127 204
127 212
127 213
127 214
127 215
127 234
127 252
127 257
127 263
127 271
127 321
127 347
127 368
128 138
128 193
128 207
128 235
128 242
128 250
128 264
128 307
128 350
128 363
128 364
128 392
129 130
129 143
129 149
129 167
129 180
129 189
129 229
129 235
129 278
129 288
129 296
129 308
129 316
129 318
129 351
129 352
129 354
129 358
129 396
129 399
130 134
130 135
130 239
130 247
130 251
130 290
130 293
130 306
130 322
130 327
130 330
130 342
130 353
130 362
131 148
131 157
131 183
131 184
131 214
131 224
131 227
131 253
131 309
131 315
131 323
131 327
131 371
131 376
132 146
132 153
132 154
132 159
132 207
132 223
132 253
132 257
132 260
132 275
132 288
132 320
132 345
133 186
133 213
133 222
133 244
133 312
133 314
133 340
133 356
133 394
133 396
134 149
134 153
134 168
134 188
134 189
134 197
134 200
134 222
134 224
134 246
134 248
134 270
134 271
134 326
134 345
134 352
134 357
134 359
135 153
135 165
135 175
135 192
135 213
135 221
135 257
135 266
135 269
135 274
135 275
135 286
135 294
135 300
135 313
135 327
135 379
135 390
136 144
136 156
136 176
136 198
136 204
136 219
136 248
136 262
136 316
136 347
136 367
136 388
137 177
137 215
137 227
137 231
137 262
137 289
137 298
137 304
137 325
137 327
137 332
137 367
137 381
138 142
138 174
138 203
138 276
138 277
138 280
138 305
138 386
139 142
139 153
139 159
139 201
139 269
139 277
139 293
139 318
139 326
139 336
139 389
140 230
140 303
140 311
140 331
140 350
140 397
141 179
141 191
141 207
141 229
141 246
141 253
141 254
141 264
141 267
141 279
141 285
141 299
141 311
141 313
141 319
141 325
141 362
141 374
142 153
142 174
142 218
142 235
142 242
142 264
142 284
142 287
142 296
142 304
142 310
142 350
142 374
142 392
143 157
143 176
143 193
143 224
143 234
143 273
143 293
143 350
143 358
143 394
144 156
144 208
144 213
144 216
144 238
144 293
144 310
144 311
144 328
144 330
144 348
144 376
144 391
145 182
145 183
145 195
145 211
145 236
145 283
145 324
145 343
145 356
145 359
145 365
146 183
146 212
146 243
146 264
146 310
146 311
146 314
146 329
146 341
146 387
147 164
147 204
147 206
147 217
147 228
147 230
147 234
147 262
147 276
147 277
147 281
147 303
147 390
147 393
148 153
148 154
148 160
148 197
148 209
148 225
148 244
148 272
148 288
148 314
148 330
148 342
148 362
149 154
149 165
149 176
149 184
149 203
149 204
149 252
149 275
149 278
149 280
149 327
149 354
150 155
150 157
150 183
150 210
150 234
150 238
150 249
150 257
150 269
150 295
150 308
150 311
150 312
150 339
150 349
150 369
150 383
151 154
151 159
151 171
151 177
151 180
151 181
151 191
151 197
151 215
151 226
151 261
151 311
151 317
151 323
151 368
151 383
151 385
152 173
152 195
152 199
152 210
152 216
152 221
152 225
152 334
152 341
153 154
153 169
153 176
153 183
153 192
153 233
153 277
153 297
153 302
153 359
154 172
154 174
154 179
154 203
154 226
154 271
154 277
154 279
154 323
154 324
154 367
154 380
155 159
155 165
155 194
155 200
155 211
155 304
155 341
155 345
155 367
155 375
156 166
156 178
156 207
156 217
156 273
156 280
156 284
156 286
156 298
156 356
157 176
157 200
157 205
157 255
157 292
157 302
157 369
158 189
158 197
158 201
158 214
158 232
158 246
158 265
158 268
158 269
158 344
158 348
158 354
158 359
158 393
158 395
158 396
159 163
159 168
159 200
159 214
159 221
159 235
159 243
159 245
159 278
159 281
159 287
159 299
159 305
159 357
159 369
159 398
160 164
160 171
160 177
160 203
160 285
160 302
160 306
160 309
160 315
160 328
160 349
160 357
161 188
161 204
161 228
161 234
161 236
161 250
161 257
161 283
161 286
161 300
161 341
161 357
162 173
162 184
162 185
162 191
162 202
162 218
162 253
162 293
162 296
162 308
162 336
162 376
162 384
163 168
163 169
163 185
163 192
163 202
163 206
163 218
163 243
163 253
163 254
163 269
163 279
163 297
163 349
163 355
163 363
163 373
163 376
163 387
164 180
164 182
164 187
164 212
164 220
164 271
164 273
164 305
164 310
164 332
164 335
164 354
164 357
164 361
164 367
164 386
165 187
165 215
165 231
165 250
165 279
165 319
165 338
166 167
166 172
166 175
166 183
166 187
166 199
166 229
166 243
166 255
166 357
167 182
167 190
167 283
167 284
167 298
167 312
167 336
167 382
167 390
168 172
168 174
168 199
168 210
168 231
168 234
168 249
168 284
168 301
168 304
168 328
168 334
168 356
168 368
168 371
168 390
169 184
169 187
169 210
169 257
169 258
169 262
169 268
169 270
169 274
169 282
169 321
169 325
169 344
169 357
169 360
169 373
169 381
169 390
170 189
170 241
170 243
170 263
170 266
170 276
170 308
170 348
170 391
171 182
171 202
171 254
171 261
171 300
171 343
171 350
171 353
171 354
171 385
171 393
171 399
172 177
172 209
172 239
172 345
172 355
172 394
172 396
173 199
173 262
173 297
173 300
173 321
173 336
173 343
173 366
173 370
173 380
173 394
173 398
174 176
174 177
174 179
174 200
174 209
174 234
174 315
174 345
174 351
174 363
174 376
174 382
174 391
175 181
175 186
175 216
175 228
175 265
175 267
175 279
175 286
175 330
175 341
175 385
175 391
176 181
176 190
176 216
176 228
176 268
176 272
176 284
176 293
176 299
176 321
176 324
176 345
176 348
176 351
176 357
176 372
176 389
177 192
177 294
177 322
177 328
177 350
177 353
177 387
177 388
177 391
177 396
177 399
178 181
178 248
178 256
178 266
178 278
178 307
178 308
178 315
178 367
178 379
178 392
178 396
179 247
179 258
179 271
179 287
179 305
179 314
179 327
179 350
179 396
180 184
180 254
180 291
180 311
180 329
180 333
180 334
180 336
180 337
180 354
180 392
181 190
181 213
181 242
181 243
181 253
181 285
181 339
181 360
181 368
181 374
181 377
181 396
182 191
182 291
182 300
182 304
182 343
182 384
183 185
183 282
183 297
183 299
183 300
183 311
183 331
183 341
183 353
183 368
183 386
184 186
184 190
184 213
184 214
184 228
184 241
184 252
184 290
184 323
184 333
184 335
184 351
184 361
184 365
184 392
185 205
185 209
185 215
185 250
185 339
185 373
185 398
186 227
186 238
186 250
186 253
186 277
186 299
186 318
186 345
186 372
186 383
186 398
187 195
187 202
187 221
187 224
187 225
187 229
187 232
187 239
187 266
187 281
187 289
187 328
187 337
187 351
188 205
188 224
188 227
188 244
188 265
188 299
188 320
188 325
188 367
188 398
189 190
189 229
189 243
189 253
189 383
190 195
190 198
190 205
190 209
190 237
190 266
190 302
190 307
190 341
190 349
190 359
190 367
190 371
190 396
191 193
191 213
191 230
191 240
191 242
191 265
191 278
191 287
191 290
191 303
191 305
191 319
191 337
192 200
192 214
192 263
192 285
193 214
193 227
193 228
193 229
193 234
193 240
193 257
193 281
193 297
193 304
193 313
193 337
193 342
193 345
193 360
193 364
194 224
194 238
194 242
194 248
194 249
194 268
194 276
194 287
194 376
194 391
195 238
195 253
195 289
195 307
195 310
195 388
196 225
196 230
196 232
196 242
196 253
196 270
196 289
196 291
196 338
196 351
196 390
196 392
197 218
197 224
197 274
197 299
197 376
197 378
197 382
198 199
198 201
198 210
198 258
198 267
198 272
198 366
198 385
198 388
198 392
199 247
199 286
199 302
199 308
199 314
199 319
199 323
200 212
200 222
200 231
200 232
200 274
200 312
200 337
200 380
200 392
200 393
201 212
201 251
201 291
201 320
201 326
201 332
201 349
202 220
202 223
202 241
202 294
202 359
202 366
202 375
203 205
203 210
203 219
203 256
203 272
203 282
203 317
203 357
203 359
203 371
203 393
204 247
204 272
204 277
204 282
204 297
204 301
204 307
204 322
204 330
204 333
204 340
204 354
205 211
205 223
205 240
205 257
205 290
205 315
205 335
205 364
205 386
205 389
205 390
205 398
206 211
206 212
206 241
206 244
206 263
206 266
206 315
206 319
207 217
207 239
207 251
207 253
207 293
207 310
207 329
207 350
207 358
207 366
207 386
207 397
208 211
208 236
208 263
208 280
208 285
208 312
208 320
208 321
208 322
208 352
208 369
208 376
208 389
209 215
209 234
209 247
209 248
209 325
209 335
209 344
209 375
209 387
210 219
210 229
210 240
210 250
210 266
210 280
210 281
210 293
210 302
210 305
210 320
210 332
210 356
211 212
211 272
211 276
211 335
211 341
211 393
212 217
212 223
212 245
212 252
212 264
212 330
212 331
212 343
212 355
212 377
213 218
213 222
213 249
213 257
213 290
213 325
213 331
213 355
213 361
213 365
214 225
214 250
214 348
214 352
214 393
215 255
215 262
215 290
215 293
215 308
215 338
215 349
215 393
215 399
216 252
216 281
216 286
216 291
216 298
216 304
216 306
216 317
216 321
216 324
216 332
216 340
216 341
216 346
216 347
216 354
216 359
216 373
216 387
216 399
217 253
217 278
217 286
217 312
217 320
217 363
217 373
218 252
218 261
218 271
218 278
218 280
218 291
218 323
218 348
218 375
219 220
219 242
219 245
219 290
219 301
219 342
219 356
219 359
219 361
219 366
219 386
220 243
220 249
220 254
220 301
220 321
220 331
220 353
220 394
221 275
221 289
221 309
221 342
221 346
221 388
222 275
222 339
222 377
222 381
222 395
223 238
223 248
223 267
223 281
223 343
223 350
223 369
223 397
224 275
224 282
224 300
224 305
224 352
224 372
224 384
224 387
224 393
224 395
225 231
225 271
225 277
225 279
225 307
225 323
225 329
225 379
226 261
226 275
226 290
226 303
226 305
226 335
227 247
227 263
227 275
227 305
227 330
227 333
227 384
228 275
228 304
228 347
228 350
229 275
229 288
229 312
229 314
229 329
229 366
229 391
230 231
230 236
230 276
230 277
230 280
230 294
230 334
230 343
231 271
231 305
231 317
231 325
231 332
231 339
231 341
231 342
231 343
231 354
231 373
231 375
231 390
231 396
231 397
232 246
232 279
232 285
232 303
232 337
232 384
233 238
233 239
233 254
233 304
233 315
233 317
233 325
233 359
233 367
233 378
233 397
234 252
234 255
234 276
234 291
234 323
234 360
234 382
234 384
235 262
235 297
235 318
235 366
235 377
235 380
235 385
236 270
236 284
236 308
236 326
236 364
237 260
237 274
237 300
237 301
237 304
237 332
237 343
237 354
238 259
238 268
238 282
238 319
238 362
238 365
238 392
238 398
239 253
239 289
239 290
239 303
239 338
239 377
240 244
240 246
240 251
240 292
240 294
240 315
240 322
240 336
240 341
240 349
240 359
241 247
241 269
241 271
241 305
241 321
241 348
241 364
241 371
242 255
242 287
242 309
242 326
242 357
243 251
243 277
243 289
243 292
243 312
243 328
243 330
243 353
243 363
244 260
244 262
244 302
244 318
244 320
244 345
244 350
244 356
244 393
244 394
245 249
245 271
245 331
245 343
245 344
245 365
246 272
246 325
247 250
247 260
247 263
247 306
247 309
247 330
247 342
247 349
247 371
247 393
248 250
248 270
248 315
248 320
248 327
248 346
248 384
249 258
249 263
249 288
249 306
249 330
249 335
249 358
249 362
249 376
249 394
250 253
250 258
250 283
250 285
250 375
250 387
250 388
251 298
251 317
251 355
251 368
252 292
252 310
252 362
252 364
252 396
253 271
253 275
253 276
253 304
253 306
253 309
253 311
253 362
253 367
253 378
253 397
254 264
254 275
254 287
254 311
254 332
254 359
254 360
254 363
254 372
255 257
255 258
255 313
255 318
255 346
255 394
256 262
256 267
256 283
256 303
256 315
256 320
256 333
256 351
256 369
256 371
256 387
257 295
257 299
257 309
257 317
257 335
257 341
257 349
257 371
257 374
258 300
258 314
258 326
258 387
259 261
259 292
259 309
259 344
259 348
259 381
260 262
260 332
260 336
260 345
260 348
260 365
260 371
260 378
260 387
260 390
261 317
261 375
262 280
262 318
262 327
262 331
262 342
262 349
262 358
262 366
262 379
262 385
262 387
262 393
263 301
263 321
263 359
263 360
263 372
263 384
264 270
264 297
264 363
265 270
265 315
265 344
265 383
266 279
266 303
266 331
266 388
267 314
267 325
267 340
267 350
267 358
267 369
267 380
267 386
267 388
268 291
268 303
268 307
268 310
268 323
268 328
268 376
268 393
268 399
269 302
269 331
269 351
269 369
269 376
269 390
270 290
270 300
270 311
270 323
270 325
270 360
270 364
270 365
270 379
270 388
270 389
271 275
271 286
271 309
271 316
271 331
271 355
271 365
272 280
272 286
272 304
272 326
272 359
272 394
273 283
273 284
273 309
273 330
273 356
273 358
273 376
273 387
274 281
274 292
274 301
274 314
274 327
274 342
274 353
274 357
274 366
274 379
274 385
274 389
275 310
275 339
275 376
276 282
276 290
276 307
276 320
276 346
276 362
276 367
276 383
277 303
277 343
278 286
278 301
278 336
278 358
278 362
278 386
279 366
279 371
279 377
279 388
280 284
280 308
280 320
280 338
280 345
280 359
280 361
280 388
281 292
281 294
281 380
282 295
282 321
282 327
282 396
283 301
283 316
283 346
283 347
283 378
283 387
283 397
284 287
284 362
284 393
285 293
285 319
285 328
285 352
285 366
285 383
285 388
286 294
286 295
286 311
286 328
286 385
286 387
287 297
288 300
288 302
288 341
288 368
288 377
288 381
289 352
289 380
290 297
290 332
290 362
290 373
290 374
291 307
291 312
291 335
291 374
291 378
291 382
291 388
292 294
292 332
292 338
292 346
292 350
292 375
292 381
292 394
293 296
293 312
293 320
293 378
293 381
293 397
294 298
294 315
294 378
294 384
295 299
295 314
295 316
295 327
295 341
295 346
295 396
296 298
296 337
296 347
296 360
296 373
296 385
297 326
297 329
297 360
297 366
297 367
297 398
298 303
298 335
298 351
298 354
298 358
299 311
299 317
299 347
299 375
299 395
300 301
300 307
300 365
301 325
301 382
301 399
302 307
302 309
302 313
302 324
302 339
303 330
303 334
303 337
303 345
303 366
303 391
304 311
304 350
304 357
304 362
304 374
304 379
305 308
305 335
305 341
305 348
305 353
305 372
305 385
305 391
306 316
306 330
306 364
306 397
307 323
307 326
307 346
307 357
307 366
307 372
307 384
308 321
308 338
308 357
308 362
308 374
309 333
309 342
309 359
309 389
309 399
310 322
310 329
310 343
310 349
310 354
310 356
310 370
311 369
311 370
312 318
312 336
312 342
312 375
313 352
315 332
315 352
315 360
315 390
315 394
315 396
316 338
316 339
316 370
316 372
317 352
318 325
318 349
318 388
319 323
319 332
319 349
319 398
320 329
320 356
320 363
322 378
322 393
322 396
323 329
323 330
323 339
324 366
324 379
325 338
325 380
325 387
326 333
326 351
326 367
326 391
326 392
327 338
327 361
327 366
328 329
328 343
328 355
328 358
328 367
328 376
328 382
329 352
329 354
329 356
329 362
329 372
330 335
330 351
330 352
330 359
330 393
331 340
331 360
331 365
331 374
332 352
333 348
333 363
333 384
334 359
334 362
334 383
334 385
335 347
335 382
336 346
336 350
336 353
336 363
337 346
337 352
337 357
338 350
339 353
339 372
339 373
339 394
339 397
340 341
340 348
340 370
340 397
341 356
341 364
342 349
343 380
343 398
344 345
344 359
345 356
345 388
345 399
346 365
347 348
347 374
347 376
348 395
349 352
349 358
349 363
349 378
350 368
350 388
352 384
353 371
354 355
354 356
354 368
354 370
354 392
355 381
356 386
358 362
359 385
359 388
360 363
360 370
361 364
361 367
361 370
361 373
361 376
361 387
361 394
362 371
362 387
364 373
364 390
364 391
365 377
365 387
365 397
366 385
366 398
367 385
368 376
368 377
369 386
369 387
369 392
370 381
370 387
371 375
373 374
373 377
375 381
376 387
376 388
376 392
377 383
379 390
390 392
391 398
392 396
