500 8545 0.5
0 2
0 7
0 9
0 19
0 20
0 46
0 57
0 69
0 91
0 124
0 131
0 140
0 146
0 162
0 167
0 173
0 174
0 181
0 191
0 195
0 200
0 212
0 230
0 263
0 266
0 268
0 278
0 303
0 319
0 328
0 338
0 341
0 383
0 397
0 398
0 416
0 417
0 427
0 429
0 440
0 444
0 462
0 472
0 477
0 486
1 30
1 39
1 67
1 76
1 78
1 83
1 99
1 103
1 115
1 116
1 132
1 142
1 165
1 183
1 194
1 200
1 218
1 225
1 245
1 271
1 275
1 276
1 290
1 299
1 303
1 344
1 351
1 361
1 366
1 387
1 400
1 418
1 432
1 441
1 443
1 480
2 15
2 19
2 34
2 52
2 56
2 67
2 70
2 81
2 84
2 94
2 106
2 111
2 120
2 123
2 132
2 141
2 144
2 152
2 155
2 157
2 190
2 192
2 200
2 209
2 212
2 221
2 222
2 227
2 240
2 255
2 273
2 275
2 279
2 282
2 298
2 305
2 309
2 357
2 363
2 368
2 374
2 416
2 425
2 426
2 447
2 457
2 461
2 468
2 476
2 481
2 492
3 23
3 46
3 66
3 75
3 77
3 108
3 122
3 140
3 161
3 166
3 175
3 176
3 193
3 215
3 220
3 222
3 226
3 248
3 249
3 278
3 298
3 308
3 333
3 349
3 356
3 372
3 400
3 405
3 441
3 442
3 466
3 493
4 60
4 66
4 68
4 69
4 82
4 86
4 92
4 110
4 127
4 150
4 168
4 181
4 182
4 203
4 213
4 238
4 242
4 244
4 249
4 263
4 278
4 308
4 329
4 341
4 342
4 361
4 377
4 396
4 399
4 408
4 454
4 480
4 493
5 15
5 21
5 24
5 25
5 47
5 87
5 120
5 132
5 154
5 163
5 165
5 174
5 175
5 202
5 206
5 207
5 221
5 235
5 243
5 245
5 289
5 295
5 313
5 316
5 339
5 351
5 354
5 387
5 396
5 411
5 423
5 441
5 443
5 452
5 464
5 473
5 474
5 479
5 480
5 484
5 491
5 498
6 11
6 14
6 27
6 54
6 73
6 91
6 115
6 128
6 133
6 199
6 206
6 220
6 245
6 249
6 253
6 261
6 264
6 266
6 289
6 308
6 327
6 349
6 382
6 387
6 421
6 429
6 443
6 464
7 15
7 22
7 32
7 98
7 102
7 103
7 147
7 163
7 167
7 170
7 171
7 173
7 175
7 194
7 197
7 202
7 219
7 229
7 232
7 238
7 248
7 255
7 264
7 266
7 291
7 293
7 305
7 315
7 372
7 386
7 392
7 403
7 408
7 412
7 420
7 424
7 429
7 470
7 483
7 491
8 50
8 60
8 71
8 80
8 99
8 105
8 163
8 173
8 174
8 178
8 179
8 182
8 192
8 201
8 216
8 255
8 273
8 312
8 330
8 340
8 364
8 412
8 419
8 425
8 427
8 429
8 459
8 475
8 493
8 495
9 18
9 41
9 68
9 84
9 110
9 133
9 136
9 199
9 203
9 211
9 232
9 244
9 248
9 256
9 262
9 266
9 268
9 271
9 291
9 298
9 304
9 309
9 344
9 369
9 395
9 403
9 414
9 420
9 422
9 484
9 488
9 493
10 12
10 22
10 68
10 78
10 100
10 123
10 138
10 155
10 167
10 174
10 190
10 197
10 201
10 202
10 213
10 227
10 256
10 278
10 280
10 294
10 302
10 305
10 312
10 315
10 316
10 336
10 337
10 373
10 389
10 418
10 455
10 457
10 474
10 480
11 19
11 28
11 29
11 30
11 79
11 85
11 89
11 112
11 159
11 166
11 178
11 187
11 199
11 202
11 219
11 279
11 281
11 296
11 330
11 331
11 338
11 350
11 351
11 360
11 361
11 391
11 426
11 445
11 456
11 457
11 468
11 488
12 52
12 64
12 65
12 83
12 85
12 87
12 93
12 94
12 100
12 104
12 106
12 124
12 128
12 175
12 194
12 261
12 289
12 291
12 308
12 335
12 357
12 361
12 373
12 409
12 423
12 483
13 29
13 40
13 42
13 69
13 109
13 111
13 125
13 152
13 153
13 157
13 170
13 177
13 179
13 189
13 205
13 209
13 212
13 218
13 219
13 232
13 257
13 260
13 271
13 272
13 277
13 281
13 300
13 305
13 307
13 348
13 366
13 407
13 418
13 423
13 425
13 428
13 455
13 477
13 481
13 484
13 497
14 38
14 65
14 99
14 123
14 127
14 128
14 138
14 142
14 185
14 198
14 207
14 209
14 252
14 261
14 309
14 333
14 339
14 348
14 378
14 383
14 390
14 391
14 410
14 427
14 435
15 63
15 147
15 186
15 189
15 201
15 206
15 228
15 235
15 267
15 269
15 287
15 318
15 334
15 337
15 339
15 373
15 383
15 411
15 419
15 441
15 458
15 463
15 465
15 499
16 42
16 56
16 58
16 64
16 70
16 80
16 84
16 86
16 91
16 97
16 130
16 163
16 168
16 175
16 181
16 200
16 212
16 230
16 232
16 234
16 236
16 247
16 249
16 252
16 254
16 257
16 277
16 284
16 290
16 294
16 296
16 309
16 313
16 321
16 334
16 337
16 338
16 379
16 389
16 417
16 452
16 467
16 484
17 19
17 30
17 59
17 80
17 96
17 105
17 113
17 125
17 128
17 135
17 155
17 186
17 193
17 194
17 196
17 208
17 209
17 211
17 214
17 234
17 235
17 237
17 249
17 278
17 292
17 295
17 334
17 347
17 357
17 381
17 389
17 404
17 438
17 449
17 452
17 469
18 26
18 29
18 38
18 82
18 104
18 109
18 127
18 131
18 137
18 149
18 204
18 232
18 245
18 249
18 273
18 274
18 282
18 291
18 301
18 305
18 327
18 380
18 385
18 427
18 431
18 437
18 448
18 476
19 24
19 48
19 60
19 80
19 90
19 95
19 97
19 112
19 132
19 134
19 165
19 172
19 200
19 208
19 211
19 213
19 215
19 220
19 261
19 265
19 272
19 294
19 303
19 305
19 306
19 315
19 318
19 319
19 348
19 351
19 356
19 358
19 371
19 388
19 398
19 433
19 436
19 445
19 470
20 36
20 62
20 93
20 114
20 158
20 162
20 184
20 209
20 224
20 237
20 241
20 244
20 264
20 267
20 279
20 281
20 294
20 302
20 311
20 315
20 325
20 328
20 335
20 353
20 380
20 384
20 389
20 392
20 407
20 420
20 464
20 496
21 24
21 36
21 46
21 49
21 148
21 153
21 160
21 213
21 237
21 254
21 261
21 285
21 289
21 316
21 317
21 322
21 379
21 412
21 413
21 422
21 446
21 467
22 48
22 73
22 83
22 98
22 109
22 125
22 148
22 152
22 178
22 189
22 199
22 200
22 210
22 238
22 248
22 257
22 259
22 285
22 290
22 291
22 307
22 329
22 350
22 374
22 380
22 396
22 401
22 409
22 421
22 431
22 435
22 442
22 457
22 458
22 464
22 467
22 473
22 480
23 28
23 35
23 49
23 71
23 89
23 101
23 104
23 152
23 160
23 182
23 192
23 205
23 236
23 245
23 264
23 268
23 293
23 309
23 322
23 336
23 341
23 365
23 372
23 414
23 434
23 470
24 39
24 42
24 52
24 92
24 95
24 97
24 102
24 143
24 165
24 167
24 193
24 246
24 309
24 317
24 326
24 340
24 356
24 360
24 450
24 463
24 477
24 486
25 91
25 100
25 123
25 139
25 152
25 156
25 161
25 162
25 177
25 186
25 196
25 202
25 204
25 233
25 239
25 249
25 284
25 330
25 360
25 412
25 418
25 419
25 453
25 469
25 482
25 484
25 491
26 62
26 71
26 73
26 81
26 82
26 83
26 92
26 128
26 159
26 201
26 220
26 232
26 258
26 260
26 263
26 268
26 291
26 296
26 303
26 306
26 317
26 329
26 340
26 353
26 363
26 378
26 401
26 436
26 438
26 455
27 31
27 32
27 47
27 55
27 102
27 157
27 164
27 178
27 203
27 219
27 232
27 247
27 256
27 258
27 285
27 289
27 298
27 327
27 351
27 392
27 397
27 398
27 420
27 430
27 432
27 462
27 473
27 497
28 35
28 44
28 59
28 60
28 61
28 67
28 115
28 129
28 130
28 142
28 149
28 150
28 181
28 190
28 247
28 283
28 292
28 309
28 311
28 343
28 356
28 363
28 396
28 399
28 400
28 404
28 408
28 416
28 436
28 441
28 478
28 479
28 496
29 33
29 43
29 47
29 68
29 111
29 116
29 136
29 141
29 149
29 158
29 171
29 172
29 242
29 245
29 272
29 278
29 295
29 305
29 306
29 328
29 337
29 338
29 343
29 363
29 371
29 382
29 400
29 404
29 429
29 435
29 454
29 467
29 488
30 46
30 66
30 82
30 118
30 121
30 154
30 167
30 179
30 190
30 207
30 228
30 261
30 266
30 275
30 278
30 289
30 326
30 337
30 353
30 377
30 378
30 382
30 415
30 426
30 427
30 431
30 442
30 453
30 473
31 34
31 46
31 49
31 66
31 70
31 85
31 97
31 107
31 111
31 140
31 142
31 161
31 162
31 172
31 185
31 192
31 194
31 204
31 226
31 242
31 258
31 266
31 310
31 313
31 320
31 335
31 336
31 380
31 407
31 409
31 420
31 453
31 484
32 55
32 56
32 57
32 81
32 89
32 111
32 122
32 196
32 210
32 231
32 258
32 267
32 271
32 280
32 329
32 343
32 349
32 352
32 370
32 374
32 428
32 441
32 442
32 448
32 458
32 459
32 470
32 471
33 34
33 54
33 67
33 69
33 70
33 71
33 92
33 93
33 106
33 116
33 117
33 136
33 154
33 186
33 190
33 227
33 239
33 266
33 283
33 284
33 286
33 288
33 299
33 319
33 337
33 338
33 367
33 376
33 381
33 390
33 441
33 454
33 498
34 46
34 89
34 128
34 146
34 152
34 154
34 173
34 184
34 187
34 211
34 216
34 228
34 230
34 236
34 256
34 260
34 276
34 286
34 306
34 315
34 336
34 342
34 357
34 371
34 377
34 379
34 386
34 414
34 433
34 436
34 459
34 468
34 490
34 491
34 493
34 496
35 44
35 52
35 54
35 56
35 70
35 78
35 82
35 83
35 99
35 111
35 190
35 191
35 208
35 238
35 246
35 252
35 272
35 283
35 320
35 364
35 367
35 381
35 383
35 395
35 402
35 414
35 431
35 456
35 491
36 40
36 47
36 57
36 77
36 85
36 89
36 94
36 108
36 119
36 126
36 135
36 140
36 166
36 168
36 187
36 193
36 226
36 234
36 243
36 250
36 255
36 269
36 278
36 292
36 310
36 313
36 316
36 325
36 329
36 333
36 338
36 364
36 371
36 376
36 386
36 391
36 404
36 414
36 438
36 492
36 494
36 499
37 40
37 45
37 51
37 57
37 63
37 78
37 91
37 109
37 131
37 138
37 170
37 181
37 216
37 223
37 245
37 277
37 316
37 319
37 338
37 351
37 359
37 360
37 383
37 415
37 429
37 456
37 458
37 474
37 482
37 491
37 498
38 45
38 48
38 69
38 75
38 87
38 91
38 130
38 151
38 157
38 164
38 168
38 170
38 178
38 180
38 194
38 197
38 204
38 231
38 250
38 252
38 253
38 256
38 263
38 270
38 273
38 277
38 280
38 288
38 300
38 338
38 356
38 375
38 377
38 398
38 417
38 423
38 436
38 457
39 49
39 67
39 90
39 105
39 115
39 118
39 129
39 142
39 175
39 180
39 181
39 183
39 186
39 188
39 193
39 201
39 204
39 213
39 228
39 241
39 249
39 253
39 284
39 294
39 337
39 343
39 352
39 353
39 362
39 364
39 369
39 380
39 391
39 424
39 434
39 469
39 480
39 488
39 497
40 46
40 48
40 51
40 53
40 59
40 66
40 85
40 89
40 137
40 155
40 186
40 188
40 195
40 200
40 220
40 226
40 239
40 262
40 273
40 290
40 291
40 308
40 310
40 319
40 325
40 347
40 358
40 372
40 448
40 452
40 458
40 473
40 484
40 498
41 59
41 78
41 87
41 90
41 95
41 138
41 163
41 176
41 198
41 211
41 244
41 258
41 263
41 282
41 299
41 318
41 324
41 364
41 367
41 369
41 453
41 454
41 458
41 486
41 496
42 46
42 56
42 130
42 140
42 147
42 153
42 154
42 168
42 180
42 181
42 184
42 202
42 205
42 213
42 240
42 257
42 261
42 265
42 286
42 288
42 302
42 347
42 348
42 365
42 390
42 421
42 436
42 447
42 465
42 478
42 488
42 494
43 44
43 49
43 56
43 72
43 84
43 85
43 104
43 113
43 114
43 119
43 129
43 131
43 142
43 148
43 155
43 163
43 200
43 209
43 212
43 218
43 219
43 221
43 237
43 283
43 287
43 300
43 311
43 337
43 365
43 383
43 395
43 424
43 440
43 461
43 474
43 486
43 487
43 493
44 46
44 52
44 56
44 67
44 71
44 77
44 78
44 79
44 87
44 106
44 110
44 125
44 130
44 132
44 142
44 146
44 170
44 173
44 202
44 211
44 216
44 226
44 261
44 262
44 271
44 304
44 332
44 337
44 341
44 350
44 385
44 391
44 395
44 446
44 463
44 470
44 481
44 489
45 88
45 106
45 161
45 163
45 189
45 209
45 210
45 255
45 266
45 271
45 288
45 304
45 314
45 369
45 380
45 402
45 424
45 458
45 466
45 476
45 489
45 495
46 57
46 62
46 68
46 93
46 95
46 99
46 154
46 159
46 183
46 197
46 232
46 254
46 268
46 283
46 285
46 296
46 310
46 335
46 352
46 373
46 374
46 384
46 389
46 391
46 395
46 415
46 441
46 478
47 56
47 64
47 81
47 103
47 105
47 114
47 128
47 133
47 141
47 156
47 171
47 191
47 193
47 210
47 216
47 228
47 237
47 253
47 280
47 291
47 293
47 315
47 317
47 319
47 339
47 372
47 374
47 382
47 385
47 389
47 394
47 447
47 456
47 499
48 53
48 64
48 85
48 129
48 142
48 162
48 165
48 181
48 215
48 262
48 265
48 271
48 281
48 287
48 324
48 333
48 339
48 341
48 347
48 365
48 432
48 439
48 444
48 472
48 487
48 494
49 57
49 90
49 91
49 144
49 155
49 201
49 213
49 232
49 253
49 256
49 282
49 309
49 335
49 346
49 359
49 394
49 428
49 430
49 448
49 454
49 461
49 463
49 483
49 498
50 55
50 84
50 91
50 108
50 111
50 129
50 154
50 158
50 215
50 221
50 232
50 259
50 283
50 308
50 317
50 352
50 363
50 379
50 395
50 413
50 414
50 430
50 474
50 487
51 88
51 95
51 97
51 112
51 114
51 116
51 152
51 204
51 214
51 224
51 252
51 273
51 279
51 290
51 293
51 298
51 318
51 320
51 339
51 344
51 367
51 369
51 370
51 397
51 398
51 405
51 415
51 421
51 453
51 480
51 487
52 66
52 104
52 123
52 128
52 136
52 154
52 156
52 164
52 165
52 166
52 170
52 174
52 191
52 206
52 212
52 219
52 220
52 237
52 239
52 253
52 254
52 281
52 306
52 312
52 320
52 328
52 333
52 360
52 369
52 378
52 384
52 393
52 428
52 438
52 446
52 466
52 490
53 65
53 70
53 86
53 91
53 99
53 135
53 146
53 161
53 180
53 182
53 184
53 211
53 257
53 286
53 333
53 340
53 346
53 348
53 349
53 371
53 379
53 384
53 403
53 413
53 448
53 455
53 475
53 480
53 483
53 484
53 495
53 497
54 73
54 81
54 86
54 108
54 158
54 193
54 202
54 218
54 231
54 314
54 336
54 342
54 354
54 364
54 379
54 400
54 422
54 435
54 445
54 449
54 457
54 458
54 460
54 463
54 472
54 477
54 478
54 485
54 486
55 79
55 91
55 100
55 103
55 131
55 136
55 150
55 175
55 177
55 181
55 187
55 188
55 195
55 229
55 244
55 299
55 306
55 321
55 323
55 332
55 338
55 341
55 343
55 361
55 366
55 368
55 404
55 417
55 436
55 460
56 84
56 98
56 104
56 132
56 134
56 138
56 200
56 248
56 251
56 261
56 263
56 272
56 341
56 355
56 360
56 366
56 402
56 419
56 420
56 441
56 468
56 484
56 486
57 67
57 73
57 85
57 88
57 110
57 113
57 117
57 146
57 173
57 176
57 202
57 230
57 235
57 245
57 252
57 258
57 264
57 265
57 277
57 292
57 312
57 338
57 351
57 355
57 374
57 395
57 449
57 472
57 478
57 479
58 72
58 84
58 98
58 106
58 122
58 132
58 134
58 141
58 144
58 161
58 187
58 200
58 208
58 217
58 218
58 234
58 240
58 247
58 262
58 266
58 286
58 289
58 294
58 295
58 299
58 374
58 379
58 385
58 402
58 418
58 419
58 428
58 465
58 477
58 481
59 74
59 78
59 89
59 110
59 138
59 150
59 162
59 191
59 216
59 217
59 221
59 236
59 240
59 258
59 300
59 302
59 308
59 329
59 342
59 362
59 374
59 389
59 417
59 427
59 434
59 448
59 463
59 468
60 62
60 74
60 77
60 79
60 96
60 103
60 108
60 125
60 167
60 189
60 191
60 206
60 208
60 218
60 219
60 223
60 283
60 308
60 318
60 320
60 323
60 355
60 381
60 441
60 442
60 457
60 463
60 483
60 489
60 494
61 62
61 78
61 99
61 154
61 157
61 174
61 230
61 252
61 284
61 290
61 316
61 329
61 338
61 353
61 416
61 422
61 449
61 483
61 493
62 72
62 83
62 90
62 92
62 98
62 127
62 150
62 159
62 198
62 207
62 222
62 280
62 294
62 313
62 328
62 331
62 335
62 357
62 370
62 389
62 395
62 415
62 429
63 72
63 118
63 138
63 176
63 188
63 208
63 215
63 221
63 223
63 234
63 235
63 251
63 254
63 257
63 264
63 270
63 287
63 294
63 295
63 297
63 304
63 305
63 310
63 364
63 376
63 389
63 397
63 415
63 442
63 474
63 482
63 488
63 499
64 77
64 90
64 99
64 105
64 107
64 133
64 141
64 170
64 186
64 201
64 225
64 226
64 245
64 264
64 272
64 284
64 285
64 292
64 298
64 320
64 358
64 366
64 383
64 384
64 392
64 402
64 427
64 444
64 449
64 466
64 477
64 481
65 76
65 97
65 109
65 126
65 133
65 162
65 174
65 203
65 214
65 218
65 229
65 247
65 253
65 261
65 270
65 271
65 289
65 294
65 296
65 311
65 329
65 330
65 336
65 340
65 363
65 365
65 376
65 384
65 398
65 411
65 412
65 465
65 467
65 474
65 483
66 124
66 126
66 148
66 158
66 162
66 163
66 173
66 177
66 179
66 187
66 200
66 201
66 217
66 231
66 236
66 243
66 250
66 255
66 256
66 271
66 281
66 303
66 329
66 347
66 360
66 382
66 393
66 399
66 405
66 430
66 434
66 465
66 480
67 101
67 103
67 119
67 131
67 135
67 141
67 142
67 146
67 178
67 180
67 193
67 233
67 252
67 265
67 273
67 281
67 285
67 295
67 298
67 333
67 346
67 348
67 357
67 359
67 362
67 368
67 389
67 393
67 396
67 413
67 434
67 439
67 444
67 454
67 457
68 81
68 84
68 85
68 87
68 111
68 149
68 157
68 165
68 173
68 181
68 204
68 222
68 241
68 244
68 248
68 257
68 262
68 263
68 307
68 308
68 351
68 352
68 361
68 367
68 385
68 408
68 468
69 167
69 185
69 217
69 219
69 225
69 252
69 255
69 267
69 274
69 277
69 293
69 296
69 309
69 335
69 346
69 357
69 367
69 376
69 432
69 450
69 456
69 457
69 459
69 460
69 472
69 486
69 495
70 76
70 93
70 117
70 122
70 141
70 146
70 158
70 160
70 175
70 180
70 223
70 228
70 248
70 252
70 261
70 266
70 278
70 283
70 299
70 301
70 333
70 391
70 398
70 399
70 402
70 404
70 414
70 436
70 442
70 448
70 465
70 475
71 81
71 91
71 112
71 117
71 121
71 127
71 150
71 159
71 164
71 165
71 166
71 187
71 216
71 235
71 276
71 290
71 330
71 333
71 334
71 356
71 369
71 374
71 385
71 387
71 442
71 445
71 452
71 481
71 494
71 498
72 75
72 79
72 98
72 101
72 128
72 162
72 198
72 203
72 232
72 257
72 262
72 265
72 271
72 276
72 280
72 287
72 292
72 293
72 296
72 319
72 327
72 357
72 374
72 392
72 399
72 422
72 446
72 453
72 464
72 473
72 482
72 488
73 86
73 108
73 152
73 176
73 182
73 195
73 196
73 213
73 214
73 220
73 235
73 236
73 241
73 251
73 255
73 271
73 273
73 282
73 293
73 304
73 316
73 329
73 346
73 375
73 397
73 406
73 451
73 491
74 87
74 104
74 136
74 152
74 171
74 232
74 238
74 239
74 249
74 252
74 265
74 269
74 272
74 276
74 294
74 297
74 328
74 330
74 331
74 352
74 355
74 360
74 372
74 434
74 458
74 468
74 473
74 484
74 499
75 111
75 113
75 122
75 126
75 127
75 139
75 147
75 168
75 173
75 179
75 198
75 203
75 205
75 212
75 230
75 285
75 289
75 293
75 360
75 364
75 377
75 395
75 422
75 424
75 426
75 439
75 454
75 476
75 489
76 83
76 89
76 122
76 131
76 135
76 136
76 144
76 162
76 181
76 192
76 207
76 219
76 235
76 245
76 254
76 297
76 305
76 332
76 359
76 369
76 382
76 384
76 415
76 417
76 421
76 423
76 429
76 433
76 448
76 455
76 472
76 486
76 489
76 494
77 93
77 126
77 141
77 175
77 195
77 201
77 203
77 210
77 237
77 238
77 266
77 270
77 309
77 347
77 359
77 360
77 364
77 407
77 408
77 436
77 448
77 462
77 476
77 495
77 499
78 81
78 93
78 98
78 109
78 154
78 181
78 189
78 202
78 222
78 231
78 232
78 253
78 259
78 284
78 293
78 314
78 327
78 334
78 387
78 407
78 409
78 443
78 449
78 467
78 469
78 470
78 473
78 480
79 106
79 107
79 112
79 116
79 123
79 128
79 148
79 162
79 179
79 194
79 203
79 229
79 231
79 243
79 259
79 264
79 266
79 271
79 290
79 298
79 371
79 395
79 409
79 414
79 419
79 434
79 454
79 460
79 469
79 474
79 478
80 89
80 94
80 110
80 142
80 157
80 166
80 180
80 207
80 213
80 227
80 270
80 292
80 325
80 345
80 368
80 397
80 398
80 411
80 430
80 445
80 463
80 493
81 83
81 98
81 104
81 105
81 129
81 136
81 144
81 149
81 153
81 166
81 207
81 213
81 234
81 237
81 246
81 253
81 270
81 278
81 290
81 306
81 320
81 333
81 339
81 347
81 348
81 364
81 373
81 387
81 394
81 433
81 439
81 443
81 462
81 467
81 478
81 485
81 491
82 89
82 99
82 101
82 137
82 138
82 182
82 183
82 187
82 198
82 203
82 242
82 249
82 265
82 266
82 285
82 287
82 298
82 313
82 325
82 380
82 382
82 385
82 389
82 408
82 411
82 466
82 475
82 477
82 487
83 88
83 94
83 127
83 130
83 136
83 140
83 149
83 151
83 161
83 166
83 169
83 172
83 176
83 213
83 217
83 244
83 255
83 265
83 281
83 286
83 301
83 305
83 307
83 308
83 314
83 329
83 334
83 390
83 404
83 449
83 458
83 464
83 471
83 484
83 486
84 87
84 107
84 124
84 152
84 167
84 180
84 184
84 196
84 210
84 226
84 230
84 242
84 249
84 265
84 348
84 360
84 361
84 376
84 399
84 410
84 420
84 423
84 448
84 456
84 480
84 486
84 490
85 114
85 121
85 133
85 148
85 166
85 172
85 255
85 257
85 309
85 314
85 321
85 329
85 353
85 362
85 385
85 409
85 411
85 438
85 445
85 448
85 449
85 460
85 466
85 475
85 483
85 484
85 489
86 120
86 121
86 125
86 156
86 205
86 213
86 255
86 257
86 286
86 304
86 314
86 316
86 322
86 334
86 335
86 366
86 425
86 436
86 458
86 476
86 481
86 484
86 493
87 95
87 97
87 100
87 143
87 147
87 156
87 175
87 211
87 212
87 217
87 227
87 241
87 242
87 258
87 264
87 282
87 298
87 304
87 310
87 313
87 352
87 368
87 376
87 412
87 414
87 428
87 441
87 455
87 465
87 480
88 89
88 122
88 130
88 143
88 144
88 145
88 150
88 175
88 181
88 184
88 197
88 204
88 208
88 209
88 250
88 262
88 281
88 283
88 301
88 343
88 363
88 371
88 388
88 412
88 425
88 446
88 461
88 490
89 99
89 121
89 125
89 133
89 175
89 180
89 203
89 226
89 259
89 262
89 283
89 287
89 290
89 342
89 346
89 358
89 384
89 385
89 386
89 398
89 410
89 419
89 422
89 448
89 456
89 457
89 464
89 478
89 479
89 490
90 116
90 121
90 130
90 154
90 182
90 185
90 204
90 251
90 252
90 308
90 315
90 339
90 346
90 351
90 354
90 369
90 371
90 387
90 412
90 421
90 442
90 447
90 451
90 458
90 492
91 127
91 139
91 150
91 151
91 190
91 205
91 214
91 218
91 220
91 230
91 238
91 240
91 254
91 281
91 282
91 285
91 286
91 307
91 317
91 319
91 335
91 337
91 344
91 372
91 386
91 393
91 417
91 433
91 466
91 467
92 108
92 133
92 138
92 153
92 159
92 176
92 203
92 216
92 219
92 222
92 225
92 273
92 291
92 295
92 305
92 307
92 312
92 321
92 322
92 350
92 361
92 363
92 377
92 379
92 392
92 393
92 398
92 419
92 421
92 430
92 434
92 438
92 448
92 467
92 469
93 95
93 144
93 147
93 154
93 162
93 165
93 185
93 192
93 221
93 222
93 235
93 261
93 284
93 288
93 289
93 290
93 316
93 317
93 339
93 346
93 350
93 362
93 367
93 370
93 389
93 390
93 410
93 425
93 440
93 483
93 499
94 104
94 106
94 112
94 125
94 151
94 181
94 239
94 263
94 267
94 268
94 269
94 277
94 288
94 305
94 306
94 307
94 336
94 350
94 353
94 369
94 370
94 408
94 451
94 452
94 455
94 460
94 471
94 497
95 108
95 121
95 127
95 135
95 149
95 150
95 157
95 158
95 162
95 168
95 173
95 183
95 187
95 210
95 221
95 245
95 246
95 273
95 281
95 283
95 298
95 309
95 313
95 334
95 336
95 337
95 347
95 368
95 375
95 391
95 405
95 406
95 415
95 460
95 462
95 470
95 482
95 485
95 486
95 492
95 496
95 497
96 105
96 110
96 126
96 161
96 176
96 177
96 198
96 204
96 218
96 220
96 224
96 231
96 232
96 233
96 254
96 256
96 262
96 285
96 305
96 382
96 412
96 425
96 427
96 429
96 434
96 444
96 451
96 458
96 459
96 473
96 483
96 497
97 108
97 117
97 123
97 129
97 152
97 166
97 186
97 221
97 245
97 248
97 252
97 257
97 264
97 296
97 315
97 320
97 321
97 324
97 330
97 331
97 332
97 339
97 363
97 379
97 383
97 394
97 404
97 416
97 456
97 457
97 482
98 115
98 121
98 130
98 136
98 140
98 144
98 152
98 175
98 184
98 244
98 256
98 264
98 306
98 334
98 339
98 344
98 360
98 361
98 370
98 386
98 387
98 399
98 424
98 427
98 431
98 449
98 484
98 486
98 499
99 107
99 132
99 149
99 168
99 175
99 180
99 185
99 227
99 242
99 243
99 249
99 254
99 262
99 273
99 339
99 348
99 353
99 407
99 409
99 439
99 442
99 475
99 485
100 120
100 133
100 138
100 154
100 162
100 217
100 236
100 238
100 246
100 259
100 315
100 327
100 333
100 337
100 350
100 361
100 366
100 408
100 415
100 416
100 434
100 455
100 492
101 109
101 117
101 131
101 132
101 149
101 181
101 186
101 197
101 199
101 222
101 240
101 243
101 292
101 305
101 318
101 320
101 342
101 355
101 370
101 374
101 376
101 377
101 379
101 386
101 404
101 427
101 435
101 437
101 450
101 451
101 458
101 479
101 487
101 499
102 114
102 115
102 133
102 135
102 144
102 147
102 150
102 151
102 152
102 168
102 170
102 177
102 190
102 202
102 215
102 226
102 227
102 237
102 239
102 243
102 265
102 270
102 271
102 275
102 278
102 293
102 305
102 320
102 322
102 347
102 356
102 365
102 372
102 395
102 455
102 475
102 478
102 488
102 495
103 107
103 123
103 125
103 132
103 136
103 163
103 172
103 189
103 228
103 235
103 253
103 279
103 287
103 321
103 343
103 349
103 356
103 363
103 394
103 406
103 414
103 423
103 428
103 476
103 499
104 110
104 111
104 118
104 128
104 138
104 150
104 163
104 174
104 206
104 211
104 213
104 214
104 218
104 221
104 231
104 268
104 271
104 291
104 308
104 346
104 394
104 409
104 414
104 438
104 446
104 454
104 457
104 460
104 466
104 497
105 113
105 132
105 150
105 153
105 156
105 160
105 183
105 189
105 204
105 207
105 220
105 222
105 240
105 242
105 244
105 251
105 252
105 253
105 274
105 304
105 309
105 310
105 316
105 340
105 343
105 356
105 375
105 380
105 382
105 395
105 407
105 413
105 414
105 432
105 440
105 464
105 473
106 144
106 207
106 208
106 220
106 221
106 230
106 249
106 254
106 259
106 328
106 342
106 356
106 357
106 369
106 393
106 403
106 405
106 415
106 420
106 449
106 464
106 478
106 484
107 110
107 167
107 176
107 214
107 243
107 260
107 283
107 293
107 302
107 359
107 370
107 378
107 390
107 402
107 406
107 416
107 420
107 437
107 462
107 477
107 491
108 114
108 123
108 130
108 168
108 170
108 181
108 188
108 191
108 200
108 206
108 212
108 214
108 229
108 251
108 264
108 266
108 271
108 275
108 284
108 289
108 308
108 321
108 355
108 364
108 382
108 392
108 393
108 404
108 415
108 439
108 440
108 442
108 464
108 471
108 478
108 483
108 491
109 110
109 126
109 128
109 132
109 133
109 138
109 139
109 157
109 169
109 207
109 209
109 272
109 273
109 306
109 318
109 322
109 324
109 325
109 326
109 346
109 358
109 386
109 403
109 436
109 448
109 459
109 460
109 477
109 491
110 124
110 150
110 155
110 164
110 171
110 177
110 199
110 209
110 266
110 273
110 284
110 309
110 314
110 316
110 324
110 366
110 370
110 375
110 376
110 384
110 389
110 394
110 407
110 412
110 446
110 455
110 464
110 470
110 491
110 497
111 115
111 126
111 152
111 188
111 216
111 241
111 243
111 251
111 282
111 300
111 310
111 326
111 336
111 339
111 378
111 385
111 386
111 400
111 401
111 426
111 432
111 447
112 135
112 156
112 168
112 179
112 184
112 202
112 207
112 213
112 303
112 311
112 344
112 358
112 372
112 398
112 408
112 415
112 418
112 419
112 430
112 440
112 446
112 453
112 455
112 457
112 458
112 460
112 467
112 469
113 136
113 194
113 205
113 207
113 218
113 242
113 248
113 280
113 282
113 295
113 308
113 327
113 350
113 357
113 365
113 375
113 423
113 447
113 462
113 475
113 477
113 481
113 486
114 132
114 145
114 177
114 211
114 229
114 236
114 238
114 254
114 259
114 264
114 266
114 271
114 301
114 315
114 328
114 333
114 345
114 372
114 396
114 398
114 415
114 420
114 440
114 442
114 445
114 465
114 487
115 119
115 137
115 139
115 142
115 179
115 194
115 200
115 204
115 224
115 230
115 252
115 253
115 255
115 259
115 265
115 286
115 288
115 290
115 296
115 298
115 301
115 321
115 340
115 355
115 360
115 371
115 381
115 392
115 414
115 418
115 422
115 428
115 442
115 444
115 466
116 125
116 137
116 165
116 178
116 235
116 245
116 257
116 258
116 262
116 269
116 274
116 276
116 311
116 319
116 401
116 408
116 438
116 439
116 468
116 471
116 478
116 490
116 492
116 497
117 146
117 159
117 163
117 168
117 206
117 211
117 213
117 216
117 271
117 284
117 289
117 292
117 318
117 337
117 354
117 355
117 357
117 358
117 371
117 377
117 380
117 416
117 421
117 434
117 443
117 446
117 450
117 463
117 477
117 490
117 497
118 122
118 136
118 153
118 218
118 225
118 228
118 242
118 245
118 248
118 259
118 262
118 275
118 322
118 342
118 347
118 367
118 376
118 392
118 444
118 459
118 467
118 470
118 487
119 145
119 146
119 176
119 192
119 200
119 203
119 262
119 264
119 269
119 280
119 283
119 303
119 306
119 348
119 367
119 391
119 396
119 406
119 419
119 423
119 435
119 439
119 441
119 457
119 466
119 472
119 476
120 127
120 138
120 148
120 184
120 186
120 193
120 204
120 205
120 229
120 243
120 257
120 258
120 274
120 286
120 323
120 376
120 379
120 384
120 385
120 408
120 419
120 444
120 455
120 474
120 484
120 487
120 493
121 131
121 158
121 175
121 188
121 205
121 214
121 233
121 265
121 301
121 346
121 371
121 373
121 417
121 428
121 431
121 435
121 468
121 483
121 486
122 170
122 205
122 206
122 209
122 212
122 227
122 240
122 249
122 274
122 281
122 287
122 302
122 317
122 344
122 347
122 362
122 364
122 383
122 403
122 404
122 408
122 443
122 454
122 471
122 495
123 126
123 138
123 143
123 153
123 157
123 173
123 174
123 201
123 204
123 209
123 220
123 230
123 246
123 252
123 261
123 311
123 314
123 346
123 349
123 362
123 363
123 370
123 378
123 395
123 437
123 468
123 469
123 472
123 475
124 141
124 146
124 156
124 165
124 182
124 195
124 216
124 221
124 236
124 250
124 255
124 279
124 280
124 286
124 312
124 324
124 328
124 418
124 426
124 436
124 489
124 494
124 495
124 498
125 152
125 174
125 176
125 219
125 225
125 227
125 238
125 254
125 262
125 304
125 322
125 330
125 356
125 361
125 363
125 368
125 380
125 422
125 429
125 444
125 451
126 138
126 183
126 217
126 233
126 250
126 257
126 266
126 295
126 298
126 305
126 325
126 334
126 340
126 365
126 371
126 380
126 381
126 411
126 418
126 499
127 152
127 154
127 159
127 162
127 171
127 208
127 212
127 232
127 242
127 253
127 277
127 280
127 291
127 293
127 310
127 320
127 322
127 330
127 377
127 383
127 389
127 391
127 394
127 395
127 423
127 425
127 441
127 471
127 474
128 138
128 139
128 145
128 180
128 250
128 255
128 259
128 276
128 288
128 290
128 304
128 317
128 321
128 325
128 338
128 357
128 371
128 374
128 380
128 391
128 413
128 455
128 467
128 475
129 140
129 155
129 160
129 175
129 214
129 272
129 279
129 295
129 297
129 298
129 328
129 329
129 338
129 356
129 359
129 368
129 393
129 395
129 403
129 437
129 470
129 474
130 146
130 165
130 171
130 172
130 187
130 199
130 213
130 244
130 313
130 332
130 333
130 335
130 361
130 378
130 400
130 405
130 416
130 432
130 454
130 460
130 467
130 490
130 491
131 132
131 137
131 147
131 180
131 191
131 203
131 212
131 214
131 236
131 246
131 247
131 248
131 275
131 284
131 333
131 339
131 345
131 385
131 395
131 401
131 409
131 414
131 417
131 424
131 452
131 460
131 489
132 153
132 159
132 161
132 165
132 175
132 230
132 262
132 270
132 286
132 349
132 356
132 393
132 395
132 422
132 435
132 497
133 145
133 164
133 165
133 166
133 180
133 186
133 280
133 302
133 319
133 323
133 324
133 339
133 354
133 355
133 364
133 367
133 374
133 383
133 393
133 399
133 400
133 413
133 421
133 442
133 447
133 455
133 461
133 466
133 483
133 492
134 140
134 166
134 192
134 216
134 221
134 239
134 242
134 264
134 271
134 295
134 307
134 313
134 340
134 341
134 348
134 350
134 355
134 366
134 386
134 389
134 398
134 404
134 419
134 422
134 452
134 467
134 484
135 142
135 143
135 153
135 164
135 180
135 213
135 230
135 320
135 331
135 332
135 333
135 389
135 402
135 407
135 451
135 473
135 487
136 149
136 172
136 177
136 204
136 223
136 226
136 241
136 259
136 261
136 262
136 279
136 280
136 285
136 297
136 300
136 310
136 315
136 364
136 372
136 373
136 379
136 394
136 396
136 398
136 399
136 413
136 475
137 138
137 157
137 159
137 190
137 197
137 218
137 223
137 250
137 252
137 278
137 319
137 322
137 326
137 333
137 342
137 365
137 366
137 373
137 388
137 419
137 431
137 470
137 479
137 492
138 170
138 189
138 224
138 229
138 231
138 272
138 273
138 289
138 294
138 295
138 304
138 307
138 308
138 313
138 329
138 331
138 342
138 351
138 352
138 355
138 358
138 372
138 418
138 448
138 489
138 498
139 160
139 165
139 205
139 221
139 246
139 273
139 306
139 333
139 370
139 405
139 424
139 451
139 473
139 477
139 488
140 157
140 179
140 192
140 195
140 248
140 249
140 263
140 285
140 314
140 327
140 336
140 341
140 350
140 368
140 374
140 379
140 390
140 415
140 420
140 425
140 434
140 445
140 448
140 474
140 493
141 142
141 147
141 156
141 166
141 167
141 186
141 207
141 235
141 255
141 268
141 300
141 302
141 328
141 342
141 350
141 357
141 387
141 403
141 411
141 435
141 437
141 449
141 451
141 463
141 469
141 481
141 489
141 492
142 149
142 185
142 189
142 197
142 210
142 216
142 270
142 292
142 295
142 321
142 326
142 344
142 358
142 363
142 390
142 396
142 410
142 414
142 419
142 449
142 454
142 470
142 481
143 149
143 168
143 206
143 235
143 260
143 265
143 317
143 379
143 385
143 398
143 405
143 447
143 457
143 462
143 468
143 470
143 486
143 491
143 495
143 499
144 162
144 174
144 191
144 194
144 196
144 226
144 232
144 238
144 243
144 251
144 253
144 269
144 274
144 283
144 296
144 297
144 302
144 308
144 312
144 334
144 370
144 402
144 422
144 446
144 450
144 455
144 458
144 479
144 485
144 490
144 496
145 160
145 172
145 174
145 202
145 210
145 216
145 217
145 252
145 259
145 276
145 283
145 288
145 315
145 338
145 353
145 361
145 368
145 379
145 393
145 396
145 431
145 457
145 465
145 468
146 180
146 184
146 189
146 192
146 195
146 198
146 204
146 217
146 234
146 279
146 290
146 294
146 315
146 327
146 334
146 337
146 360
146 361
146 369
146 387
146 425
146 450
146 477
147 158
147 162
147 166
147 179
147 189
147 201
147 229
147 269
147 284
147 295
147 301
147 352
147 384
147 398
147 405
147 409
147 410
147 422
147 423
147 435
147 459
147 468
147 495
147 499
148 159
148 171
148 196
148 211
148 214
148 247
148 252
148 274
148 276
148 285
148 296
148 300
148 316
148 342
148 348
148 362
148 388
148 435
148 449
148 455
148 457
148 464
149 155
149 169
149 191
149 193
149 197
149 203
149 205
149 216
149 221
149 225
149 230
149 250
149 270
149 285
149 296
149 302
149 313
149 326
149 329
149 345
149 357
149 380
149 396
149 406
149 407
149 409
149 411
149 417
149 418
149 423
149 433
149 447
149 468
149 481
150 153
150 158
150 168
150 194
150 219
150 310
150 311
150 324
150 329
150 358
150 380
150 389
150 400
150 414
150 416
150 481
150 488
150 497
151 177
151 179
151 188
151 229
151 230
151 241
151 251
151 268
151 272
151 303
151 340
151 350
151 356
151 367
151 372
151 378
151 380
151 382
151 384
151 387
151 397
151 403
151 417
151 447
151 466
151 490
152 159
152 170
152 200
152 212
152 224
152 233
152 241
152 242
152 252
152 254
152 273
152 282
152 289
152 292
152 335
152 351
152 378
152 384
152 391
152 408
152 432
152 472
152 487
152 491
153 155
153 167
153 172
153 219
153 224
153 238
153 245
153 257
153 258
153 277
153 282
153 296
153 300
153 303
153 322
153 340
153 401
153 432
153 436
153 445
153 463
153 469
153 471
153 475
153 483
153 485
153 496
154 155
154 172
154 175
154 193
154 207
154 225
154 242
154 252
154 265
154 279
154 300
154 318
154 320
154 331
154 359
154 382
154 401
154 405
154 412
154 422
154 426
154 442
154 449
154 461
154 467
154 474
154 484
154 486
155 207
155 215
155 216
155 218
155 226
155 251
155 270
155 275
155 300
155 319
155 324
155 331
155 335
155 337
155 356
155 400
155 460
155 478
155 494
156 157
156 158
156 193
156 240
156 245
156 249
156 275
156 295
156 304
156 310
156 319
156 323
156 341
156 347
156 353
156 357
156 383
156 392
156 393
156 409
156 412
156 418
156 427
156 439
156 443
156 499
157 158
157 161
157 181
157 188
157 190
157 205
157 212
157 239
157 240
157 256
157 270
157 273
157 299
157 303
157 318
157 334
157 340
157 346
157 362
157 369
157 380
157 398
157 421
157 433
157 476
158 166
158 167
158 187
158 192
158 210
158 244
158 250
158 254
158 272
158 274
158 278
158 287
158 288
158 299
158 320
158 340
158 344
158 401
158 411
158 417
158 420
158 437
158 451
158 454
158 458
158 465
158 483
158 496
159 165
159 170
159 174
159 182
159 210
159 252
159 260
159 283
159 292
159 296
159 313
159 337
159 345
159 389
159 407
159 417
159 424
159 431
159 432
159 451
159 476
160 164
160 180
160 221
160 242
160 256
160 258
160 264
160 289
160 330
160 337
160 373
160 379
160 386
160 389
160 400
160 418
160 422
160 423
160 439
160 442
160 451
160 456
160 463
160 471
160 472
160 475
160 493
161 167
161 172
161 208
161 220
161 238
161 250
161 254
161 255
161 256
161 257
161 280
161 281
161 290
161 311
161 316
161 320
161 327
161 328
161 335
161 360
161 362
161 368
161 377
161 387
161 402
161 407
161 430
161 449
161 460
161 469
161 476
162 166
162 169
162 181
162 209
162 211
162 217
162 224
162 239
162 242
162 256
162 269
162 286
162 292
162 293
162 320
162 349
162 365
162 372
162 395
162 406
162 407
162 410
162 413
162 419
162 437
162 449
163 168
163 218
163 232
163 271
163 272
163 289
163 297
163 313
163 326
163 348
163 392
163 403
163 428
163 429
163 436
163 437
163 447
163 450
163 452
163 495
164 167
164 179
164 191
164 204
164 214
164 246
164 250
164 271
164 273
164 279
164 298
164 305
164 306
164 325
164 328
164 334
164 383
164 389
164 415
164 420
164 467
164 484
164 491
165 191
165 199
165 222
165 223
165 240
165 268
165 273
165 277
165 295
165 318
165 320
165 363
165 393
165 397
165 419
165 440
165 447
165 454
165 473
165 485
165 492
165 493
166 199
166 212
166 214
166 221
166 238
166 242
166 243
166 261
166 264
166 283
166 310
166 323
166 333
166 360
166 361
166 376
166 388
166 412
166 449
166 458
166 485
167 193
167 194
167 199
167 200
167 217
167 244
167 260
167 265
167 269
167 314
167 326
167 372
167 405
167 464
167 491
168 173
168 174
168 188
168 193
168 203
168 231
168 239
168 268
168 276
168 285
168 322
168 328
168 329
168 337
168 342
168 348
168 354
168 404
168 415
168 422
168 447
168 450
168 462
169 175
169 176
169 189
169 192
169 210
169 258
169 274
169 284
169 292
169 302
169 319
169 324
169 341
169 348
169 355
169 401
169 417
169 431
169 463
169 472
169 481
169 483
169 489
169 496
170 185
170 226
170 277
170 295
170 305
170 314
170 324
170 327
170 343
170 349
170 360
170 365
170 367
170 385
170 388
170 389
170 392
170 404
170 405
170 406
170 433
170 444
170 469
170 470
170 474
170 475
170 479
170 492
171 175
171 213
171 214
171 249
171 250
171 259
171 274
171 291
171 296
171 299
171 315
171 338
171 341
171 342
171 361
171 367
171 371
171 414
171 418
171 425
171 455
171 469
171 498
172 192
172 197
172 199
172 204
172 209
172 237
172 240
172 263
172 266
172 267
172 288
172 301
172 318
172 327
172 350
172 359
172 360
172 364
172 367
172 370
172 381
172 420
172 422
172 430
172 438
172 442
172 452
172 454
172 467
172 482
173 175
173 185
173 209
173 221
173 243
173 255
173 259
173 330
173 337
173 340
173 355
173 358
173 369
173 374
173 397
173 415
173 418
173 423
173 443
173 456
173 467
173 470
173 473
173 474
174 183
174 189
174 193
174 194
174 212
174 217
174 232
174 267
174 276
174 291
174 298
174 303
174 308
174 310
174 316
174 360
174 361
174 369
174 389
174 397
174 398
174 400
174 407
174 414
174 419
174 420
174 433
174 436
174 450
174 454
174 481
175 184
175 195
175 197
175 203
175 207
175 231
175 246
175 249
175 273
175 277
175 325
175 332
175 349
175 350
175 353
175 367
175 403
175 419
175 436
175 466
175 473
175 477
175 491
176 178
176 217
176 226
176 231
176 232
176 241
176 277
176 278
176 305
176 307
176 344
176 349
176 357
176 359
176 368
176 370
176 392
176 454
176 469
176 482
176 498
177 184
177 205
177 215
177 224
177 230
177 239
177 242
177 250
177 261
177 262
177 287
177 289
177 309
177 311
177 314
177 338
177 352
177 354
177 374
177 391
177 394
177 397
177 405
177 410
177 447
177 456
177 462
177 464
177 476
178 181
178 182
178 213
178 219
178 225
178 234
178 241
178 257
178 278
178 293
178 296
178 313
178 323
178 359
178 370
178 378
178 380
178 392
178 407
178 454
178 457
179 189
179 198
179 228
179 250
179 257
179 274
179 278
179 309
179 319
179 325
179 332
179 360
179 375
179 400
179 408
179 439
179 448
180 191
180 195
180 198
180 211
180 231
180 271
180 282
180 293
180 301
180 308
180 333
180 335
180 350
180 355
180 391
180 412
180 436
180 439
180 448
180 451
181 218
181 247
181 252
181 265
181 267
181 269
181 299
181 316
181 322
181 332
181 343
181 344
181 350
181 361
181 364
181 371
181 407
181 443
181 445
181 455
181 479
181 481
181 484
181 486
182 184
182 189
182 196
182 230
182 259
182 288
182 349
182 353
182 367
182 382
182 399
182 404
182 410
182 412
182 416
182 439
182 444
182 448
182 472
182 474
182 475
182 479
183 185
183 232
183 235
183 262
183 264
183 282
183 296
183 315
183 365
183 389
183 395
183 404
183 405
183 406
183 429
183 462
183 480
183 490
183 499
184 187
184 210
184 211
184 248
184 257
184 286
184 288
184 310
184 322
184 331
184 343
184 364
184 436
184 447
184 451
184 452
184 453
184 458
185 194
185 199
185 223
185 234
185 249
185 252
185 258
185 268
185 280
185 289
185 325
185 326
185 343
185 357
185 361
185 387
185 397
185 405
185 434
185 444
185 454
185 459
185 463
185 482
185 493
185 495
185 499
186 191
186 211
186 215
186 227
186 234
186 238
186 279
186 287
186 296
186 324
186 336
186 345
186 347
186 415
186 434
186 437
186 439
186 442
186 473
186 474
186 488
187 197
187 222
187 246
187 247
187 270
187 299
187 319
187 324
187 332
187 355
187 405
187 407
187 423
187 433
187 441
187 450
187 474
187 477
187 485
188 195
188 218
188 247
188 304
188 311
188 312
188 326
188 355
188 360
188 376
188 391
188 396
188 410
188 419
188 422
188 438
188 456
188 472
189 196
189 202
189 210
189 289
189 310
189 322
189 328
189 343
189 344
189 351
189 376
189 409
189 411
189 464
189 487
189 494
189 496
190 193
190 207
190 217
190 220
190 225
190 231
190 261
190 274
190 288
190 315
190 331
190 335
190 337
190 392
190 399
190 400
190 420
190 422
190 425
190 444
190 450
190 464
190 466
190 469
190 471
190 473
190 492
190 499
191 198
191 202
191 209
191 211
191 228
191 233
191 236
191 259
191 261
191 273
191 274
191 282
191 287
191 296
191 321
191 326
191 331
191 332
191 338
191 349
191 372
191 390
191 418
191 423
191 446
191 458
191 465
191 477
192 213
192 216
192 272
192 302
192 306
192 310
192 335
192 359
192 370
192 372
192 374
192 437
192 439
192 455
192 463
192 471
192 475
192 487
192 499
193 210
193 223
193 237
193 251
193 259
193 274
193 282
193 294
193 297
193 303
193 304
193 332
193 349
193 386
193 388
193 410
193 428
193 436
193 445
193 456
193 492
194 197
194 203
194 207
194 228
194 273
194 283
194 291
194 296
194 327
194 342
194 348
194 371
194 386
194 399
194 411
194 423
194 431
194 446
194 466
194 473
195 197
195 199
195 250
195 268
195 270
195 282
195 302
195 344
195 352
195 400
195 422
195 438
195 442
195 489
195 491
195 493
195 494
196 199
196 226
196 231
196 239
196 241
196 242
196 247
196 276
196 281
196 282
196 291
196 296
196 311
196 315
196 321
196 322
196 332
196 341
196 355
196 401
196 404
196 405
196 419
196 444
196 449
196 460
196 461
196 469
196 474
197 240
197 251
197 266
197 269
197 281
197 293
197 336
197 348
197 355
197 385
197 416
197 442
197 458
197 460
197 468
197 491
198 200
198 202
198 223
198 258
198 259
198 266
198 279
198 292
198 335
198 353
198 361
198 373
198 374
198 379
198 391
198 418
198 419
198 442
198 443
198 450
198 451
198 479
198 482
198 488
198 489
198 495
198 496
199 207
199 210
199 241
199 251
199 265
199 277
199 288
199 322
199 374
199 418
199 433
199 450
199 459
199 463
199 467
200 235
200 239
200 245
200 269
200 299
200 301
200 303
200 346
200 381
200 407
200 413
200 418
200 434
200 437
200 448
200 450
200 451
200 455
200 466
201 207
201 225
201 244
201 246
201 252
201 253
201 259
201 266
201 312
201 326
201 342
201 346
201 354
201 413
201 419
201 429
201 445
201 449
201 462
201 496
202 207
202 247
202 249
202 258
202 259
202 260
202 279
202 288
202 289
202 293
202 309
202 316
202 351
202 356
202 363
202 386
202 399
202 419
202 423
202 428
202 432
202 434
202 444
202 465
202 469
202 479
202 483
203 210
203 220
203 234
203 244
203 249
203 253
203 260
203 275
203 285
203 307
203 310
203 332
203 335
203 336
203 355
203 384
203 407
203 413
203 421
203 456
203 469
203 475
203 484
204 237
204 242
204 248
204 249
204 252
204 271
204 289
204 299
204 345
204 350
204 354
204 356
204 366
204 372
204 379
204 385
204 393
204 409
204 410
204 413
204 423
204 441
204 450
204 484
205 206
205 216
205 226
205 258
205 266
205 297
205 298
205 316
205 360
205 369
205 372
205 385
205 394
205 406
205 409
205 418
205 435
205 472
206 207
206 239
206 260
206 271
206 300
206 338
206 359
206 366
206 376
206 380
206 390
206 415
206 428
206 430
206 434
206 473
206 477
206 499
207 233
207 245
207 250
207 276
207 282
207 287
207 291
207 292
207 311
207 320
207 340
207 342
207 350
207 359
207 364
207 366
207 378
207 379
207 420
207 449
207 466
207 480
207 486
207 496
207 499
208 224
208 247
208 250
208 259
208 273
208 288
208 309
208 362
208 375
208 400
208 409
208 420
208 427
208 436
208 445
208 459
208 494
208 496
209 305
209 339
209 388
209 399
209 404
209 415
209 426
209 448
209 452
209 463
210 234
210 284
210 288
210 294
210 295
210 300
210 305
210 311
210 329
210 330
210 356
210 392
210 401
210 409
210 414
210 437
210 439
210 450
210 451
210 453
210 454
210 455
210 458
210 466
210 472
210 473
211 234
211 254
211 265
211 276
211 288
211 306
211 307
211 311
211 316
211 324
211 328
211 331
211 370
211 383
211 386
211 398
211 407
211 409
211 412
211 423
211 425
211 426
211 437
211 454
211 473
211 476
211 477
211 489
212 216
212 244
212 248
212 261
212 267
212 285
212 302
212 308
212 330
212 335
212 336
212 344
212 373
212 402
212 408
212 412
212 430
212 443
212 444
212 455
213 214
213 215
213 233
213 237
213 238
213 263
213 269
213 283
213 294
213 325
213 332
213 340
213 359
213 379
213 400
213 407
213 416
213 432
213 435
213 443
213 445
213 451
213 453
213 459
213 465
213 482
213 491
214 218
214 220
214 249
214 263
214 265
214 272
214 322
214 327
214 333
214 338
214 357
214 366
214 397
214 405
214 416
214 434
214 441
214 449
214 454
214 455
214 471
214 485
215 275
215 280
215 302
215 353
215 354
215 367
215 410
215 419
215 420
215 430
215 448
215 455
215 459
215 472
215 480
215 486
216 218
216 222
216 240
216 244
216 284
216 287
216 298
216 323
216 340
216 345
216 351
216 353
216 398
216 425
216 433
216 450
216 460
216 475
216 486
216 495
217 249
217 261
217 283
217 295
217 297
217 327
217 344
217 362
217 365
217 415
217 425
217 458
217 495
217 499
218 234
218 246
218 251
218 265
218 277
218 279
218 286
218 288
218 304
218 357
218 393
218 408
218 431
218 435
218 440
218 467
218 491
219 222
219 223
219 239
219 243
219 245
219 258
219 265
219 309
219 317
219 341
219 342
219 352
219 357
219 360
219 392
219 397
219 427
219 456
219 470
219 496
220 223
220 252
220 260
220 262
220 313
220 337
220 340
220 344
220 355
220 373
220 381
220 385
220 393
220 403
220 410
220 416
220 423
220 429
220 466
220 471
220 475
220 495
221 239
221 261
221 269
221 290
221 307
221 328
221 338
221 359
221 387
221 395
221 403
221 420
221 426
221 429
221 439
221 463
221 464
221 471
221 473
221 484
221 487
221 490
222 235
222 274
222 293
222 314
222 343
222 344
222 358
222 364
222 375
222 382
222 386
222 408
222 416
222 418
222 423
222 486
222 488
222 498
223 228
223 249
223 257
223 303
223 306
223 320
223 336
223 338
223 354
223 356
223 387
223 413
223 417
223 421
223 472
223 485
223 494
224 244
224 262
224 270
224 285
224 291
224 315
224 319
224 399
224 401
224 415
224 439
224 444
224 492
224 497
225 228
225 266
225 279
225 298
225 342
225 344
225 403
225 409
225 485
226 238
226 243
226 254
226 265
226 276
226 321
226 348
226 393
226 397
226 402
226 418
226 437
226 455
226 456
226 462
226 463
226 467
226 471
226 499
227 229
227 240
227 249
227 253
227 264
227 297
227 325
227 329
227 333
227 336
227 362
227 372
227 375
227 378
227 399
227 440
227 471
227 481
227 494
228 242
228 243
228 266
228 308
228 321
228 407
228 424
228 431
228 450
228 473
228 474
228 484
228 492
228 494
228 499
229 233
229 240
229 275
229 305
229 340
229 343
229 348
229 352
229 361
229 378
229 389
229 391
229 425
229 440
229 446
229 452
229 484
229 488
230 240
230 244
230 257
230 285
230 286
230 290
230 307
230 350
230 368
230 399
230 405
230 421
230 434
230 437
230 442
230 455
230 481
230 490
231 258
231 259
231 280
231 284
231 303
231 349
231 359
231 362
231 371
231 378
231 380
231 382
231 400
231 420
231 445
231 462
231 478
231 483
231 495
232 238
232 255
232 281
232 282
232 285
232 318
232 328
232 330
232 363
232 391
232 395
232 404
232 417
232 420
232 429
232 433
232 466
232 474
233 286
233 289
233 338
233 339
233 366
233 371
233 373
233 379
233 413
233 441
233 454
233 467
233 487
233 498
234 243
234 296
234 309
234 318
234 329
234 338
234 355
234 419
234 439
234 447
234 453
234 459
234 468
234 478
235 260
235 261
235 276
235 281
235 284
235 302
235 308
235 310
235 318
235 345
235 368
235 374
235 375
235 387
235 391
235 416
235 426
235 445
235 453
236 238
236 274
236 307
236 326
236 329
236 349
236 365
236 366
236 384
236 430
236 459
236 476
236 480
236 496
237 249
237 278
237 350
237 371
237 382
237 394
237 431
237 445
237 458
237 460
237 493
237 498
238 246
238 261
238 276
238 314
238 324
238 344
238 446
239 247
239 271
239 278
239 294
239 305
239 313
239 317
239 332
239 359
239 377
239 379
239 386
239 393
239 397
239 406
239 429
239 438
239 439
239 443
239 453
239 472
240 250
240 262
240 275
240 278
240 291
240 294
240 295
240 319
240 328
240 339
240 368
240 371
240 376
240 385
240 396
240 432
240 434
240 454
240 469
240 470
240 471
240 472
240 481
240 489
240 492
240 495
240 499
241 243
241 248
241 251
241 254
241 255
241 316
241 329
241 336
241 369
241 380
241 408
241 425
241 470
242 253
242 282
242 363
242 372
242 395
242 398
242 404
242 427
242 437
242 477
242 489
242 495
243 255
243 261
243 300
243 301
243 306
243 308
243 311
243 324
243 325
243 330
243 341
243 394
243 402
243 405
243 411
243 424
243 432
243 439
243 469
243 475
243 476
243 483
243 489
243 493
243 494
244 245
244 257
244 274
244 275
244 282
244 284
244 287
244 293
244 330
244 385
244 406
244 433
244 437
244 446
244 492
245 284
245 302
245 313
245 314
245 318
245 324
245 329
245 340
245 342
245 349
245 370
245 372
245 384
245 391
245 404
245 412
245 456
245 460
245 475
245 480
245 490
246 254
246 258
246 261
246 269
246 270
246 303
246 309
246 320
246 351
246 358
246 377
246 382
246 386
246 390
246 393
246 411
246 419
246 433
246 436
246 451
246 452
246 491
247 249
247 260
247 310
247 336
247 339
247 360
247 367
247 380
247 387
247 389
247 398
247 401
247 415
247 453
247 454
247 458
247 471
247 498
248 269
248 270
248 294
248 300
248 304
248 325
248 339
248 340
248 354
248 373
248 397
248 403
248 411
248 416
248 418
248 422
248 437
248 440
248 448
248 460
248 463
248 483
249 258
249 260
249 273
249 280
249 290
249 301
249 332
249 335
249 349
249 382
249 418
249 440
249 461
249 475
249 484
250 262
250 274
250 276
250 291
250 299
250 332
250 364
250 382
250 415
250 434
250 442
250 463
250 499
251 265
251 277
251 312
251 317
251 320
251 384
251 391
251 400
251 418
251 440
251 449
251 495
251 496
252 285
252 295
252 336
252 342
252 348
252 408
252 411
252 423
252 427
252 477
252 485
253 256
253 267
253 275
253 277
253 299
253 305
253 362
253 363
253 389
253 394
253 416
253 417
253 420
253 425
253 459
253 475
253 481
254 258
254 259
254 264
254 283
254 296
254 303
254 305
254 315
254 335
254 341
254 344
254 347
254 376
254 385
254 392
254 400
254 408
254 413
254 426
254 441
254 444
254 448
254 450
254 474
254 486
255 284
255 286
255 290
255 292
255 293
255 307
255 316
255 331
255 334
255 363
255 367
255 385
255 386
255 396
255 404
255 407
255 416
255 444
255 491
256 274
256 331
256 337
256 348
256 362
256 366
256 401
256 412
256 454
256 463
256 471
256 490
257 262
257 302
257 317
257 320
257 329
257 338
257 341
257 342
257 343
257 356
257 391
257 399
257 433
257 450
257 464
257 480
257 489
258 268
258 286
258 292
258 297
258 298
258 303
258 336
258 348
258 363
258 388
258 393
258 394
258 396
258 409
258 417
258 419
258 426
258 449
258 481
258 490
258 491
259 263
259 277
259 289
259 291
259 299
259 306
259 322
259 362
259 384
259 410
259 425
259 447
259 460
259 469
259 490
259 495
260 276
260 280
260 293
260 294
260 319
260 343
260 365
260 367
260 397
260 404
260 405
260 408
260 427
260 453
260 462
260 464
261 265
261 272
261 282
261 308
261 332
261 337
261 340
261 357
261 382
261 385
261 388
261 396
261 398
261 436
261 437
261 452
261 465
261 468
261 477
261 481
262 264
262 278
262 303
262 311
262 365
262 372
262 398
262 400
262 429
262 477
262 491
262 498
263 279
263 285
263 365
263 380
263 388
263 408
263 412
263 436
263 441
263 452
263 470
263 479
263 491
264 274
264 281
264 306
264 307
264 326
264 370
264 371
264 382
264 403
264 409
264 434
264 463
264 498
265 271
265 276
265 283
265 286
265 300
265 301
265 304
265 326
265 330
265 342
265 353
265 356
265 369
265 383
265 385
265 400
265 403
265 413
265 415
265 451
265 455
265 489
266 267
266 282
266 283
266 284
266 285
266 292
266 299
266 319
266 357
266 364
266 365
266 367
266 371
266 408
266 435
266 446
267 285
267 310
267 314
267 317
267 335
267 365
267 384
267 401
267 420
267 431
267 435
267 481
267 498
268 279
268 297
268 317
268 319
268 320
268 324
268 329
268 333
268 339
268 344
268 351
268 359
268 373
268 374
268 378
268 382
268 406
268 408
268 420
268 426
268 455
268 478
269 277
269 289
269 324
269 328
269 341
269 367
269 369
269 370
269 372
269 407
269 411
269 427
269 459
269 465
269 468
269 482
270 293
270 297
270 298
270 308
270 311
270 335
270 405
270 419
270 429
270 431
270 439
270 442
270 481
270 494
271 279
271 282
271 297
271 306
271 328
271 350
271 351
271 366
271 388
271 395
271 398
271 419
271 420
271 438
271 457
271 478
271 491
272 275
272 282
272 284
272 293
272 339
272 356
272 366
272 397
272 404
272 407
272 421
272 435
272 450
272 481
273 315
273 318
273 330
273 333
273 343
273 365
273 370
273 381
273 385
273 424
273 432
273 433
273 457
273 476
273 482
273 489
273 490
273 495
273 497
274 284
274 286
274 318
274 323
274 326
274 346
274 360
274 367
274 394
274 406
274 413
274 414
274 421
274 427
274 430
274 434
274 463
274 465
274 469
274 484
275 279
275 293
275 297
275 310
275 317
275 330
275 343
275 350
275 384
275 428
275 447
275 456
275 459
275 479
275 496
276 328
276 356
276 366
276 382
276 469
276 494
276 496
277 294
277 298
277 349
277 352
277 356
277 394
277 460
278 292
278 318
278 333
278 342
278 369
278 375
278 392
278 400
278 413
278 421
278 440
278 466
278 469
278 470
278 475
279 285
279 286
279 287
279 288
279 293
279 297
279 344
279 371
279 388
279 414
279 415
279 441
279 469
279 490
280 281
280 317
280 319
280 339
280 353
280 387
280 458
280 460
280 461
280 476
280 478
281 309
281 316
281 317
281 328
281 354
281 375
281 396
281 401
281 426
281 434
281 447
281 479
281 495
281 499
282 304
282 311
282 313
282 326
282 331
282 352
282 355
282 360
282 368
282 371
282 375
282 422
282 450
282 495
283 286
283 297
283 341
283 342
283 344
283 353
283 358
283 364
283 365
283 369
283 391
283 408
283 418
283 484
283 488
284 295
284 305
284 347
284 348
284 353
284 362
284 363
284 370
284 378
284 398
284 403
284 407
284 417
284 418
284 442
284 472
284 473
284 496
285 308
285 326
285 329
285 373
285 377
285 387
285 395
285 398
285 428
285 431
285 443
285 471
286 302
286 325
286 327
286 399
286 404
286 408
286 418
286 431
286 434
286 446
286 478
287 297
287 298
287 308
287 312
287 322
287 340
287 348
287 379
287 421
287 426
287 429
287 437
287 462
288 307
288 316
288 322
288 329
288 331
288 341
288 346
288 350
288 356
288 361
288 373
288 376
288 412
288 428
288 449
288 457
288 459
288 498
289 290
289 313
289 327
289 371
289 379
289 414
289 428
289 460
290 302
290 319
290 327
290 328
290 372
290 385
290 388
290 390
290 402
290 408
290 411
290 440
290 442
290 452
290 495
290 498
291 293
291 317
291 324
291 331
291 343
291 377
291 413
291 415
291 430
291 459
291 480
292 345
292 350
292 364
292 397
292 416
292 423
292 448
292 450
292 451
292 458
292 464
292 480
292 495
293 314
293 322
293 338
293 378
293 383
293 409
293 413
293 418
293 419
293 429
293 430
293 459
294 301
294 306
294 311
294 336
294 338
294 367
294 383
294 391
294 412
294 437
294 443
294 462
294 498
295 315
295 320
295 351
295 356
295 376
295 409
295 429
295 430
295 431
295 472
295 478
295 479
295 487
295 492
296 297
296 301
296 313
296 317
296 376
296 377
296 381
296 391
296 400
296 403
296 418
296 420
296 434
296 445
296 447
296 463
296 479
297 325
297 402
297 418
297 433
297 442
297 443
297 468
297 474
297 476
297 481
297 497
298 299
298 304
298 315
298 328
298 329
298 367
298 372
298 437
298 452
298 473
298 479
298 484
299 317
299 321
299 333
299 339
299 346
299 377
299 397
299 402
299 406
299 411
299 427
299 431
299 435
299 495
300 301
300 315
300 316
300 318
300 320
300 337
300 368
300 371
300 428
300 447
300 456
300 466
301 318
301 337
301 340
301 345
301 389
301 397
301 398
301 403
301 453
301 455
301 495
302 308
302 313
302 315
302 317
302 345
302 350
302 370
302 374
302 391
302 396
302 410
302 450
302 470
302 471
302 473
302 478
302 481
302 483
303 308
303 321
303 340
303 359
303 383
303 384
303 400
303 401
303 412
303 429
303 439
303 441
303 449
303 457
303 475
303 488
304 306
304 343
304 363
304 365
304 369
304 375
304 404
304 423
304 427
304 430
304 453
304 454
304 456
304 463
304 488
305 318
305 330
305 333
305 339
305 355
305 357
305 367
305 370
305 380
305 412
305 413
305 420
305 453
305 471
305 485
305 494
306 350
306 354
306 372
306 379
306 382
306 385
306 405
306 442
306 446
306 456
306 476
306 494
306 495
307 310
307 321
307 329
307 369
307 404
307 412
307 415
307 424
307 444
307 452
307 489
308 327
308 333
308 338
308 369
308 376
308 393
308 417
308 424
308 426
308 468
308 471
308 488
309 314
309 342
309 358
309 359
309 370
309 401
309 413
309 455
309 463
309 489
309 492
309 498
310 360
310 365
310 420
310 433
310 495
311 327
311 336
311 362
311 382
311 388
311 391
311 403
311 434
311 450
311 468
311 475
311 481
311 492
312 313
312 323
312 344
312 347
312 371
312 383
312 390
312 404
312 408
312 410
312 411
312 457
312 458
312 484
313 315
313 317
313 318
313 319
313 323
313 325
313 331
313 349
313 390
313 481
314 328
314 345
314 347
314 358
314 362
314 379
314 386
314 409
314 420
314 423
314 430
314 435
314 450
314 456
314 466
314 488
314 497
315 325
315 334
315 336
315 351
315 382
315 386
315 397
315 410
315 428
315 442
315 477
315 479
315 481
316 324
316 329
316 333
316 372
316 385
316 391
316 416
316 417
316 422
316 433
316 495
317 328
317 330
317 378
317 397
317 407
317 408
317 419
317 428
317 443
317 448
317 450
317 456
317 458
317 459
317 492
318 319
318 333
318 343
318 392
318 402
318 403
318 405
318 406
318 409
318 425
318 426
318 432
318 438
318 456
318 463
318 464
318 469
318 475
318 476
318 477
318 481
318 489
318 497
319 324
319 346
319 351
319 359
319 397
319 411
319 417
319 444
319 459
319 471
319 498
320 322
320 335
320 345
320 359
320 365
320 374
320 381
320 427
320 441
320 460
320 462
320 494
321 354
321 361
321 374
321 390
321 396
321 397
321 404
321 411
321 416
321 473
321 494
322 323
322 334
322 336
322 343
322 344
322 401
322 422
322 424
322 428
322 438
322 447
323 375
323 394
323 407
323 422
323 449
323 457
323 463
323 467
323 491
324 332
324 334
324 389
324 393
324 409
324 418
324 464
324 465
324 468
325 328
325 333
325 340
325 342
325 349
325 354
325 356
325 367
325 374
325 385
325 397
325 401
325 458
325 462
325 482
325 491
326 386
326 397
326 401
326 452
326 455
326 485
327 359
327 370
327 395
327 401
327 407
327 411
327 412
327 432
327 456
327 498
328 337
328 361
328 366
328 374
328 375
328 379
328 391
328 393
328 395
328 419
328 431
328 433
328 439
328 462
328 480
328 497
329 333
329 334
329 335
329 364
329 407
329 442
329 479
329 484
329 491
330 344
330 361
330 369
330 382
330 385
330 392
330 404
330 416
330 436
330 440
330 444
330 480
330 482
330 492
331 333
331 335
331 343
331 344
331 348
331 400
331 472
332 346
332 347
332 368
332 369
332 374
332 399
332 403
332 411
332 415
332 416
332 458
332 470
332 476
333 354
333 360
333 374
333 385
333 389
333 390
333 391
333 394
333 401
333 403
333 404
333 420
333 434
333 476
333 490
333 495
334 341
334 344
334 352
334 381
334 404
334 419
334 432
334 493
334 495
334 499
335 344
335 347
335 350
335 352
335 371
335 377
335 389
335 393
335 439
335 446
336 374
336 376
336 413
336 414
336 427
336 478
336 489
336 494
337 338
337 340
337 347
337 398
337 411
337 423
337 424
337 440
337 451
337 473
337 495
337 498
338 347
338 355
338 356
338 358
338 364
338 376
338 383
338 388
338 406
338 423
338 449
338 463
338 471
339 345
339 351
339 365
339 381
339 408
339 410
339 416
339 433
339 435
339 445
339 453
339 474
339 484
340 349
340 361
340 387
340 436
340 467
340 477
340 497
341 361
341 370
341 374
341 389
341 395
341 398
341 434
341 439
341 455
341 456
341 483
342 357
342 358
342 366
342 376
342 388
342 392
342 396
342 410
342 423
342 444
342 459
342 472
342 482
342 485
343 363
343 392
343 396
343 424
343 432
343 433
343 441
343 463
344 353
344 356
344 360
344 376
344 407
344 416
344 419
344 449
344 462
344 481
344 486
344 489
345 349
345 369
345 373
345 392
345 402
345 408
345 420
345 443
345 468
345 484
345 491
345 496
346 350
346 363
346 368
346 374
347 349
347 360
347 363
347 373
347 379
347 389
347 396
347 415
347 449
347 482
347 487
348 356
348 365
348 388
348 405
348 408
348 435
348 468
348 477
348 481
348 495
349 363
349 367
349 369
349 400
349 404
349 417
349 422
349 431
349 434
349 477
349 489
349 497
349 498
350 352
350 354
350 364
350 369
350 395
350 410
350 411
350 417
350 443
350 445
350 447
350 456
350 460
350 474
350 475
351 355
351 369
351 405
351 423
351 450
351 452
351 483
351 490
352 356
352 358
352 395
352 400
352 401
352 450
352 461
352 497
352 499
353 359
353 367
353 372
353 408
353 411
353 412
353 417
353 432
353 434
353 443
353 462
353 468
353 475
353 499
354 360
354 397
354 399
354 404
354 407
354 419
354 424
354 449
354 486
354 489
355 359
355 361
355 370
355 399
355 401
355 408
355 430
355 431
355 432
355 464
355 480
356 368
356 384
356 390
356 416
356 425
356 443
356 462
356 472
356 491
356 496
356 498
357 404
357 428
357 479
357 485
357 498
358 392
358 431
358 454
358 455
358 471
358 485
358 498
359 377
359 378
359 389
359 390
359 393
359 417
359 458
359 478
360 375
360 387
360 402
360 427
360 442
360 488
360 497
361 367
361 376
361 403
361 419
361 446
361 471
361 489
362 389
362 407
362 436
362 447
362 459
362 461
362 470
362 472
363 364
363 372
363 411
363 423
363 426
363 436
363 439
363 440
363 456
363 463
363 469
363 488
364 404
364 441
364 462
364 467
364 481
365 368
365 377
365 415
365 417
365 461
365 487
365 496
366 422
366 428
366 430
366 432
366 454
366 463
366 478
367 368
367 375
367 386
367 393
367 400
367 410
367 438
367 447
367 479
368 369
368 375
368 383
368 385
368 398
368 411
368 415
368 419
368 423
368 429
368 445
368 451
368 460
368 462
368 463
368 495
369 385
369 390
369 431
369 442
369 458
369 466
370 381
370 387
370 393
370 396
370 409
370 415
370 440
370 443
370 447
370 448
370 459
370 463
370 467
370 477
370 484
370 493
370 495
371 390
371 411
371 421
371 462
371 469
371 471
372 382
372 403
372 441
372 447
372 449
372 464
372 470
372 472
372 486
373 390
373 398
373 414
373 429
373 437
373 444
373 449
373 457
373 463
373 469
373 482
374 443
374 445
374 450
374 457
375 410
375 411
375 428
375 431
375 436
375 464
375 473
375 477
376 382
376 383
376 391
376 421
376 426
376 438
376 443
376 450
376 458
376 482
377 385
377 410
377 412
377 419
377 421
377 438
377 463
377 471
377 480
378 382
378 407
378 428
378 439
378 448
378 487
378 494
379 388
379 398
379 414
379 444
379 467
379 481
380 384
380 386
380 396
380 399
380 415
380 440
380 456
380 483
380 486
380 489
381 384
381 391
381 406
381 428
381 476
381 477
382 403
382 414
382 416
382 474
382 492
383 392
383 397
383 411
383 444
383 474
383 484
383 491
383 499
384 398
384 402
384 413
384 442
384 445
384 451
384 468
384 472
384 481
384 490
385 406
385 410
385 413
385 414
385 423
385 437
385 452
385 454
385 485
386 389
386 407
386 408
386 428
386 497
387 426
387 449
387 480
388 414
388 472
388 494
389 410
389 444
389 465
389 484
390 392
390 400
390 402
390 415
390 419
390 423
390 427
390 432
390 445
390 480
390 489
390 490
391 396
391 437
391 461
391 482
391 487
391 492
392 410
392 415
392 443
392 454
392 463
392 468
392 483
392 494
392 497
393 404
393 405
393 428
393 433
393 449
393 485
394 427
394 431
394 440
394 486
394 489
394 495
395 398
395 400
395 423
395 436
395 450
395 481
395 489
396 416
396 417
396 423
396 444
396 451
396 456
396 476
396 482
396 494
397 418
397 448
397 449
397 461
397 465
398 423
398 461
398 488
399 400
399 407
399 417
399 426
399 457
399 466
399 480
399 483
400 403
400 404
400 454
400 472
400 491
400 496
401 414
401 419
401 424
401 450
402 419
402 459
402 471
402 481
402 489
403 407
403 412
403 413
403 426
403 449
403 462
403 496
403 498
404 405
404 411
404 414
404 435
404 457
405 407
405 413
405 495
406 436
406 439
406 469
406 472
407 418
407 421
407 458
407 489
408 417
408 419
408 423
408 435
408 456
408 464
408 474
408 478
409 429
409 475
410 436
410 448
410 449
410 466
410 474
410 485
411 425
411 436
411 459
411 486
411 495
412 414
412 428
412 433
412 461
412 494
413 421
413 428
413 467
413 475
413 480
414 437
414 440
414 442
414 449
414 455
414 473
414 475
414 487
414 488
415 436
415 468
415 481
415 497
416 422
416 432
416 433
416 439
416 442
416 452
416 462
417 484
417 493
418 433
418 435
418 439
418 442
418 445
418 461
418 468
419 436
419 479
420 439
420 445
420 455
420 499
421 425
421 439
421 443
421 455
421 475
421 478
422 427
422 429
422 435
422 442
422 446
422 497
423 435
423 448
423 460
423 461
423 470
423 482
423 487
423 496
424 428
424 442
424 450
424 459
424 466
424 467
424 485
424 487
424 492
425 443
425 452
425 459
425 463
425 486
425 491
426 431
426 436
426 444
426 479
426 484
426 487
427 430
427 451
427 460
427 462
427 463
427 464
427 488
427 490
428 434
428 436
428 465
428 469
428 484
428 498
429 430
429 436
429 438
429 486
429 497
430 476
431 432
431 445
431 452
431 455
431 459
431 461
431 465
431 469
432 452
432 456
432 466
432 484
433 439
433 450
433 485
433 495
434 451
434 469
434 499
435 442
435 487
436 471
436 489
436 499
438 455
438 463
438 464
438 478
439 463
439 469
439 487
439 495
440 453
440 455
440 461
441 457
441 475
441 487
442 452
442 469
442 492
442 494
443 449
443 450
443 457
443 477
443 492
443 497
444 445
444 457
444 467
444 476
445 488
446 448
446 450
446 459
447 457
447 470
447 493
447 495
448 457
448 475
448 488
448 489
449 450
449 460
449 477
449 495
450 491
450 496
451 461
451 471
451 490
451 493
452 473
452 474
453 464
453 465
453 469
453 481
454 455
454 467
454 482
454 496
455 459
455 463
455 477
455 493
456 477
456 483
456 498
456 499
457 463
457 472
457 473
457 477
457 481
457 485
457 497
458 466
458 472
458 478
458 479
458 488
458 496
459 462
459 466
459 488
459 492
459 495
460 465
460 469
460 471
460 490
461 485
462 486
462 491
462 497
464 474
464 488
465 476
466 486
467 480
467 491
468 470
468 473
469 475
469 483
469 489
469 493
470 491
471 497
472 474
472 480
472 481
473 493
474 482
474 483
476 482
476 485
476 491
476 493
478 481
478 492
479 489
479 495
480 484
480 488
481 493
481 496
482 490
482 491
484 492
485 499
486 488
486 494
487 492
487 496
487 499
488 490
489 497
496 497
