500 11090 0.2
0 9
0 10
0 19
0 30
0 32
0 46
0 52
0 64
0 70
0 73
0 74
0 81
0 87
0 91
0 124
0 137
0 150
0 168
0 177
0 188
0 189
0 202
0 217
0 221
0 233
0 238
0 242
0 246
0 254
0 256
0 266
0 268
0 278
0 280
0 289
0 295
0 299
0 310
0 311
0 319
0 325
0 327
0 336
0 337
0 342
0 351
0 356
0 362
0 363
0 370
0 383
0 387
0 421
0 425
0 438
0 487
0 490
0 497
1 26
1 30
1 32
1 38
1 40
1 50
1 58
1 88
1 92
1 93
1 97
1 109
1 110
1 123
1 130
1 132
1 137
1 141
1 142
1 145
1 151
1 181
1 190
1 206
1 209
1 235
1 239
1 240
1 255
1 259
1 261
1 271
1 272
1 309
1 310
1 333
1 336
1 358
1 380
1 415
1 431
1 442
1 450
1 454
1 488
1 499
2 12
2 23
2 29
2 46
2 56
2 70
2 75
2 91
2 99
2 113
2 133
2 139
2 141
2 143
2 148
2 152
2 163
2 168
2 169
2 196
2 229
2 236
2 248
2 250
2 251
2 252
2 255
2 261
2 269
2 296
2 302
2 308
2 322
2 327
2 349
2 358
2 367
2 374
2 381
2 405
2 420
2 422
2 432
2 445
2 456
2 457
2 461
2 476
3 15
3 19
3 27
3 38
3 53
3 76
3 85
3 108
3 118
3 147
3 148
3 150
3 153
3 154
3 156
3 170
3 179
3 181
3 182
3 208
3 211
3 220
3 231
3 236
3 237
3 251
3 281
3 287
3 294
3 297
3 306
3 321
3 323
3 324
3 326
3 334
3 351
3 353
3 382
3 402
3 432
3 435
3 437
3 439
3 442
3 468
3 487
3 494
4 13
4 18
4 23
4 61
4 66
4 72
4 106
4 110
4 112
4 139
4 147
4 157
4 158
4 160
4 164
4 173
4 183
4 190
4 193
4 199
4 204
4 213
4 228
4 250
4 268
4 272
4 275
4 282
4 296
4 299
4 300
4 311
4 316
4 318
4 321
4 330
4 353
4 367
4 379
4 389
4 390
4 409
4 411
4 414
4 429
4 437
4 463
4 464
4 465
4 479
4 492
4 498
5 57
5 83
5 92
5 104
5 114
5 122
5 140
5 155
5 189
5 190
5 198
5 211
5 222
5 223
5 229
5 244
5 245
5 246
5 262
5 279
5 281
5 283
5 298
5 315
5 317
5 331
5 335
5 355
5 376
5 381
5 384
5 400
5 404
5 408
5 413
5 414
5 415
5 416
5 432
5 437
5 461
5 464
5 482
6 12
6 19
6 22
6 47
6 61
6 92
6 93
6 134
6 144
6 160
6 164
6 165
6 192
6 220
6 221
6 230
6 250
6 253
6 281
6 293
6 295
6 318
6 319
6 337
6 355
6 361
6 363
6 380
6 388
6 397
6 407
6 417
6 429
6 437
6 485
6 497
7 8
7 10
7 24
7 39
7 59
7 62
7 64
7 71
7 74
7 87
7 108
7 110
7 112
7 119
7 131
7 133
7 142
7 156
7 168
7 182
7 185
7 219
7 225
7 241
7 245
7 254
7 258
7 259
7 260
7 266
7 290
7 296
7 303
7 310
7 321
7 342
7 359
7 362
7 372
7 397
7 399
7 409
7 427
7 428
7 432
7 464
7 467
8 19
8 54
8 55
8 62
8 71
8 75
8 93
8 98
8 117
8 119
8 127
8 133
8 143
8 162
8 192
8 217
8 218
8 239
8 255
8 303
8 323
8 349
8 362
8 380
8 384
8 385
8 404
8 413
8 420
8 431
8 434
8 436
8 444
8 469
8 485
8 486
8 489
8 493
9 37
9 38
9 41
9 68
9 73
9 96
9 106
9 118
9 121
9 138
9 159
9 173
9 177
9 183
9 192
9 197
9 214
9 234
9 240
9 248
9 254
9 259
9 263
9 267
9 269
9 283
9 288
9 311
9 312
9 314
9 317
9 336
9 344
9 353
9 355
9 397
9 410
9 412
9 415
9 421
9 423
9 424
9 433
9 435
9 436
9 437
9 441
9 446
9 454
9 488
9 490
10 19
10 31
10 38
10 41
10 44
10 70
10 73
10 84
10 104
10 107
10 113
10 163
10 171
10 177
10 204
10 208
10 222
10 223
10 264
10 272
10 284
10 289
10 316
10 322
10 324
10 332
10 349
10 358
10 362
10 381
10 384
10 388
10 472
10 474
10 481
11 12
11 26
11 30
11 38
11 44
11 55
11 58
11 65
11 84
11 99
11 136
11 144
11 149
11 174
11 178
11 182
11 189
11 208
11 209
11 220
11 243
11 253
11 258
11 263
11 283
11 312
11 320
11 326
11 333
11 349
11 357
11 429
11 434
11 466
11 472
11 490
12 18
12 23
12 36
12 72
12 77
12 79
12 102
12 108
12 119
12 130
12 142
12 147
12 148
12 156
12 161
12 162
12 189
12 199
12 202
12 206
12 229
12 246
12 271
12 273
12 279
12 296
12 305
12 307
12 319
12 320
12 323
12 343
12 351
12 355
12 372
12 378
12 386
12 387
12 397
12 408
12 411
12 423
12 426
13 29
13 36
13 47
13 62
13 67
13 80
13 125
13 144
13 148
13 163
13 166
13 172
13 177
13 183
13 197
13 203
13 229
13 233
13 234
13 246
13 272
13 276
13 287
13 290
13 316
13 321
13 339
13 341
13 354
13 355
13 362
13 364
13 368
13 369
13 371
13 375
13 379
13 390
13 396
13 401
13 406
13 412
13 413
13 419
13 429
13 444
13 446
13 456
13 465
13 485
14 21
14 26
14 33
14 44
14 47
14 54
14 101
14 109
14 116
14 122
14 124
14 130
14 141
14 156
14 159
14 164
14 165
14 170
14 186
14 194
14 211
14 222
14 230
14 257
14 265
14 267
14 331
14 344
14 357
14 373
14 376
14 428
14 444
14 452
14 462
14 469
15 26
15 30
15 36
15 38
15 69
15 70
15 91
15 97
15 117
15 139
15 166
15 179
15 183
15 189
15 191
15 226
15 230
15 246
15 251
15 259
15 264
15 282
15 292
15 305
15 311
15 342
15 354
15 356
15 361
15 367
15 371
15 385
15 399
15 404
15 414
15 447
15 458
15 482
15 486
15 493
16 27
16 28
16 40
16 70
16 72
16 88
16 98
16 135
16 139
16 159
16 161
16 164
16 176
16 194
16 195
16 205
16 214
16 240
16 259
16 268
16 269
16 282
16 288
16 289
16 292
16 300
16 311
16 319
16 326
16 337
16 347
16 362
16 370
16 384
16 394
16 395
16 405
16 409
16 429
16 431
16 432
16 446
16 447
16 482
16 484
17 37
17 38
17 53
17 56
17 62
17 63
17 67
17 72
17 85
17 96
17 101
17 121
17 122
17 125
17 134
17 154
17 171
17 180
17 187
17 190
17 194
17 205
17 217
17 249
17 254
17 257
17 263
17 286
17 293
17 328
17 330
17 339
17 345
17 356
17 382
17 385
17 386
17 394
17 406
17 413
17 426
17 427
17 429
17 456
17 463
17 465
17 467
17 468
17 479
17 486
17 493
18 33
18 42
18 43
18 75
18 82
18 105
18 147
18 153
18 217
18 223
18 225
18 239
18 243
18 260
18 297
18 305
18 306
18 323
18 328
18 344
18 359
18 368
18 376
18 386
18 408
18 421
18 424
18 428
18 432
18 441
18 449
18 465
18 472
18 473
18 475
18 496
18 499
19 24
19 41
19 57
19 60
19 68
19 79
19 87
19 101
19 110
19 114
19 115
19 123
19 127
19 129
19 181
19 188
19 189
19 218
19 277
19 286
19 304
19 314
19 318
19 321
19 329
19 343
19 364
19 366
19 370
19 404
19 410
19 435
19 437
19 453
19 465
19 466
19 471
20 50
20 115
20 116
20 123
20 134
20 142
20 186
20 191
20 206
20 221
20 224
20 229
20 230
20 237
20 259
20 306
20 319
20 325
20 336
20 379
20 381
20 392
20 409
20 412
20 414
20 415
20 437
20 448
20 450
20 458
20 465
20 466
20 469
20 481
20 486
20 492
21 41
21 48
21 49
21 55
21 71
21 85
21 86
21 88
21 92
21 93
21 95
21 158
21 179
21 182
21 188
21 190
21 198
21 199
21 205
21 256
21 268
21 272
21 283
21 289
21 292
21 296
21 302
21 312
21 313
21 318
21 319
21 340
21 345
21 353
21 365
21 372
21 386
21 388
21 431
21 434
21 435
21 492
21 493
21 494
21 495
21 498
22 31
22 43
22 49
22 63
22 66
22 85
22 87
22 96
22 99
22 102
22 105
22 111
22 145
22 148
22 173
22 177
22 189
22 193
22 207
22 223
22 248
22 251
22 263
22 264
22 282
22 296
22 302
22 307
22 311
22 331
22 332
22 342
22 367
22 385
22 409
22 424
22 428
22 439
22 441
22 447
22 460
22 463
22 479
23 33
23 39
23 43
23 51
23 65
23 68
23 76
23 81
23 83
23 104
23 120
23 135
23 138
23 152
23 167
23 173
23 178
23 185
23 198
23 214
23 215
23 241
23 248
23 257
23 262
23 277
23 300
23 307
23 309
23 312
23 337
23 349
23 355
23 357
23 384
23 394
23 412
23 416
23 422
23 429
23 434
23 455
23 492
23 497
24 26
24 47
24 73
24 76
24 83
24 97
24 99
24 101
24 104
24 128
24 132
24 136
24 169
24 171
24 175
24 178
24 184
24 186
24 188
24 194
24 197
24 221
24 226
24 243
24 254
24 258
24 276
24 278
24 280
24 295
24 304
24 334
24 343
24 346
24 357
24 374
24 377
24 405
24 410
24 413
24 419
24 435
25 38
25 49
25 50
25 53
25 62
25 73
25 84
25 88
25 101
25 111
25 115
25 118
25 123
25 147
25 161
25 199
25 213
25 224
25 232
25 236
25 242
25 257
25 258
25 282
25 286
25 314
25 316
25 385
25 436
25 449
25 465
25 482
25 484
26 28
26 32
26 34
26 44
26 47
26 56
26 64
26 83
26 85
26 113
26 148
26 156
26 158
26 186
26 190
26 191
26 199
26 202
26 205
26 211
26 220
26 233
26 245
26 248
26 261
26 281
26 290
26 294
26 307
26 309
26 330
26 352
26 364
26 370
26 419
26 420
26 427
26 442
26 445
26 456
26 464
26 478
26 494
26 497
27 39
27 50
27 55
27 83
27 84
27 102
27 106
27 111
27 114
27 126
27 127
27 128
27 144
27 146
27 151
27 154
27 175
27 179
27 189
27 192
27 197
27 211
27 221
27 268
27 296
27 308
27 314
27 332
27 343
27 361
27 384
27 413
27 416
27 417
27 436
27 463
27 472
27 482
27 494
28 42
28 43
28 64
28 89
28 93
28 95
28 101
28 103
28 122
28 127
28 133
28 142
28 144
28 145
28 176
28 191
28 228
28 238
28 254
28 257
28 259
28 260
28 270
28 282
28 286
28 291
28 312
28 314
28 317
28 342
28 350
28 377
28 402
28 428
28 442
28 452
28 485
29 41
29 47
29 58
29 69
29 90
29 101
29 102
29 104
29 123
29 146
29 162
29 179
29 180
29 184
29 203
29 206
29 213
29 226
29 234
29 247
29 302
29 305
29 328
29 339
29 355
29 360
29 361
29 371
29 373
29 383
29 400
29 424
29 441
29 443
29 449
29 450
29 470
29 478
30 38
30 54
30 71
30 75
30 94
30 110
30 112
30 118
30 132
30 164
30 181
30 184
30 189
30 192
30 231
30 251
30 280
30 282
30 284
30 286
30 293
30 296
30 297
30 305
30 314
30 318
30 320
30 322
30 345
30 349
30 360
30 377
30 388
30 389
30 415
30 442
30 457
30 460
30 463
30 472
30 476
30 482
30 488
31 35
31 67
31 72
31 89
31 93
31 109
31 130
31 205
31 206
31 231
31 239
31 246
31 254
31 264
31 274
31 278
31 287
31 292
31 295
31 303
31 306
31 309
31 318
31 319
31 322
31 359
31 366
31 367
31 370
31 372
31 376
31 401
31 424
31 470
31 490
31 498
32 34
32 41
32 68
32 72
32 91
32 95
32 97
32 110
32 165
32 167
32 180
32 192
32 206
32 210
32 215
32 220
32 225
32 239
32 246
32 256
32 257
32 267
32 290
32 312
32 313
32 315
32 320
32 327
32 330
32 354
32 360
32 375
32 378
32 382
32 391
32 472
32 473
32 477
32 480
33 34
33 60
33 64
33 76
33 77
33 94
33 101
33 132
33 133
33 151
33 152
33 154
33 183
33 186
33 188
33 235
33 242
33 249
33 263
33 273
33 285
33 305
33 317
33 330
33 352
33 354
33 360
33 375
33 387
33 392
33 420
33 432
33 446
33 454
33 463
33 464
33 465
33 472
33 474
33 487
33 499
34 37
34 67
34 80
34 121
34 122
34 157
34 163
34 171
34 184
34 185
34 187
34 188
34 195
34 200
34 227
34 245
34 296
34 306
34 318
34 339
34 349
34 351
34 361
34 403
34 407
34 430
34 477
34 480
34 482
34 490
35 40
35 42
35 56
35 63
35 65
35 68
35 80
35 83
35 88
35 100
35 107
35 116
35 137
35 144
35 190
35 222
35 228
35 230
35 244
35 247
35 249
35 269
35 276
35 289
35 309
35 316
35 339
35 351
35 382
35 394
35 395
35 396
35 397
35 410
35 418
35 422
35 439
35 442
35 464
35 493
36 43
36 57
36 68
36 80
36 98
36 110
36 112
36 136
36 139
36 166
36 185
36 220
36 267
36 268
36 274
36 288
36 290
36 301
36 313
36 321
36 322
36 327
36 334
36 341
36 350
36 371
36 388
36 401
36 403
36 414
36 420
36 426
36 449
36 453
36 476
36 489
37 61
37 80
37 106
37 121
37 128
37 130
37 134
37 151
37 162
37 173
37 186
37 197
37 206
37 211
37 213
37 216
37 220
37 226
37 230
37 240
37 241
37 243
37 252
37 264
37 278
37 286
37 300
37 301
37 305
37 306
37 308
37 313
37 322
37 334
37 342
37 357
37 383
37 403
37 418
37 420
37 428
37 451
37 467
37 480
38 42
38 43
38 44
38 50
38 54
38 57
38 71
38 79
38 83
38 109
38 121
38 134
38 154
38 156
38 161
38 188
38 192
38 213
38 215
38 219
38 225
38 231
38 233
38 244
38 252
38 274
38 280
38 288
38 310
38 328
38 329
38 333
38 342
38 360
38 369
38 396
38 408
38 415
38 417
38 420
38 427
38 432
38 437
38 443
38 468
38 469
38 472
38 479
38 482
38 489
38 493
38 497
38 499
39 65
39 68
39 73
39 76
39 81
39 90
39 106
39 108
39 131
39 141
39 143
39 155
39 164
39 169
39 189
39 194
39 205
39 208
39 212
39 225
39 229
39 250
39 251
39 252
39 277
39 285
39 298
39 318
39 371
39 389
39 402
39 407
39 432
39 449
39 464
39 465
39 467
39 471
39 479
39 480
39 485
39 499
40 60
40 75
40 82
40 83
40 95
40 101
40 107
40 112
40 123
40 157
40 187
40 217
40 224
40 231
40 233
40 249
40 253
40 273
40 276
40 281
40 293
40 301
40 303
40 321
40 324
40 333
40 354
40 365
40 373
40 381
40 385
40 388
40 396
40 403
40 405
40 406
40 416
40 422
40 435
40 450
40 455
40 462
40 477
40 479
40 484
40 492
41 43
41 49
41 52
41 57
41 61
41 67
41 79
41 81
41 82
41 117
41 143
41 153
41 162
41 165
41 166
41 186
41 190
41 191
41 204
41 233
41 248
41 258
41 260
41 299
41 318
41 327
41 331
41 341
41 356
41 368
41 371
41 386
41 387
41 395
41 405
41 421
41 423
41 429
41 432
41 470
41 474
42 52
42 57
42 64
42 66
42 68
42 92
42 96
42 103
42 123
42 126
42 148
42 169
42 171
42 178
42 204
42 221
42 239
42 254
42 262
42 279
42 282
42 285
42 290
42 294
42 308
42 309
42 352
42 361
42 382
42 410
42 414
42 430
42 442
42 452
42 453
42 464
42 467
42 469
42 484
42 488
42 492
43 57
43 59
43 71
43 76
43 79
43 85
43 113
43 118
43 135
43 137
43 164
43 170
43 207
43 250
43 260
43 273
43 276
43 278
43 280
43 317
43 356
43 361
43 362
43 366
43 382
43 383
43 403
43 410
43 435
43 442
43 443
43 448
43 469
43 479
43 481
43 484
43 490
44 46
44 49
44 67
44 82
44 89
44 168
44 173
44 192
44 193
44 226
44 242
44 261
44 263
44 270
44 275
44 279
44 291
44 294
44 299
44 304
44 311
44 316
44 342
44 351
44 352
44 379
44 392
44 393
44 415
44 441
44 448
44 496
45 53
45 60
45 84
45 85
45 92
45 95
45 100
45 112
45 113
45 146
45 149
45 162
45 175
45 183
45 192
45 197
45 204
45 242
45 246
45 247
45 255
45 260
45 261
45 283
45 287
45 301
45 310
45 320
45 332
45 347
45 355
45 360
45 365
45 370
45 375
45 381
45 389
45 393
45 406
45 414
45 418
45 420
45 430
45 446
45 453
45 462
45 463
45 468
45 487
45 492
46 58
46 64
46 67
46 78
46 99
46 112
46 113
46 117
46 120
46 128
46 146
46 175
46 181
46 192
46 195
46 199
46 215
46 233
46 255
46 259
46 260
46 264
46 265
46 280
46 286
46 287
46 308
46 309
46 321
46 339
46 349
46 371
46 389
46 392
46 393
46 400
46 402
46 417
46 427
46 449
46 450
46 456
46 472
46 496
47 50
47 62
47 69
47 81
47 82
47 91
47 102
47 116
47 118
47 127
47 131
47 174
47 175
47 188
47 195
47 201
47 241
47 255
47 258
47 269
47 275
47 281
47 285
47 293
47 301
47 341
47 358
47 366
47 375
47 387
47 397
47 419
47 447
47 459
47 482
47 494
47 497
47 498
48 62
48 88
48 99
48 114
48 118
48 124
48 130
48 143
48 147
48 169
48 181
48 183
48 189
48 205
48 212
48 251
48 253
48 260
48 264
48 266
48 268
48 287
48 313
48 329
48 346
48 347
48 357
48 359
48 382
48 394
48 404
48 409
48 416
48 429
48 474
49 78
49 87
49 106
49 118
49 126
49 158
49 163
49 166
49 171
49 174
49 187
49 197
49 204
49 210
49 216
49 224
49 226
49 227
49 234
49 243
49 249
49 269
49 271
49 282
49 290
49 293
49 306
49 311
49 333
49 336
49 343
49 377
49 394
49 400
49 431
49 439
49 443
49 475
49 481
49 484
49 487
49 496
50 59
50 63
50 75
50 120
50 121
50 122
50 130
50 139
50 149
50 186
50 194
50 218
50 219
50 232
50 248
50 262
50 271
50 272
50 276
50 280
50 281
50 284
50 335
50 343
50 362
50 366
50 378
50 379
50 391
50 398
50 399
50 409
50 416
50 427
51 53
51 59
51 62
51 63
51 66
51 71
51 78
51 110
51 117
51 122
51 141
51 160
51 179
51 190
51 197
51 209
51 220
51 229
51 253
51 265
51 268
51 276
51 291
51 296
51 305
51 341
51 357
51 359
51 376
51 388
51 441
51 443
51 463
51 466
51 492
51 495
51 498
52 54
52 57
52 66
52 69
52 73
52 74
52 79
52 83
52 88
52 109
52 114
52 118
52 131
52 132
52 176
52 177
52 182
52 195
52 199
52 200
52 213
52 214
52 222
52 224
52 237
52 238
52 240
52 248
52 255
52 259
52 264
52 281
52 286
52 289
52 292
52 296
52 318
52 330
52 331
52 341
52 357
52 371
52 397
52 406
52 411
52 412
52 461
52 463
52 496
52 497
53 58
53 66
53 74
53 83
53 129
53 156
53 163
53 165
53 189
53 192
53 202
53 220
53 223
53 236
53 244
53 247
53 250
53 280
53 291
53 294
53 305
53 340
53 341
53 343
53 348
53 363
53 377
53 379
53 384
53 395
53 401
53 408
53 418
53 421
53 425
53 436
53 441
53 442
53 456
53 457
53 462
53 464
53 474
53 477
53 489
54 86
54 90
54 102
54 103
54 121
54 143
54 156
54 158
54 164
54 181
54 199
54 221
54 227
54 230
54 237
54 248
54 254
54 260
54 262
54 315
54 354
54 368
54 370
54 409
54 422
54 424
54 447
54 449
54 459
54 467
54 468
54 473
55 57
55 59
55 64
55 68
55 70
55 71
55 74
55 94
55 102
55 147
55 153
55 156
55 176
55 179
55 191
55 218
55 222
55 225
55 234
55 262
55 271
55 274
55 294
55 300
55 304
55 319
55 329
55 342
55 358
55 369
55 370
55 374
55 389
55 393
55 394
55 406
55 411
55 413
55 414
55 421
55 427
55 436
55 437
55 442
55 465
55 466
55 469
55 475
55 480
55 498
55 499
56 80
56 96
56 108
56 110
56 112
56 126
56 143
56 145
56 150
56 177
56 184
56 199
56 244
56 245
56 263
56 266
56 275
56 288
56 293
56 305
56 307
56 311
56 312
56 319
56 325
56 327
56 343
56 357
56 362
56 379
56 381
56 406
56 446
56 460
56 471
56 498
57 64
57 68
57 79
57 82
57 89
57 97
57 120
57 146
57 156
57 162
57 165
57 171
57 178
57 183
57 202
57 209
57 210
57 222
57 267
57 277
57 286
57 293
57 307
57 310
57 312
57 314
57 315
57 316
57 329
57 337
57 360
57 367
57 393
57 397
57 405
57 407
57 414
57 418
57 419
57 453
57 465
57 473
57 483
58 63
58 65
58 95
58 97
58 108
58 123
58 142
58 154
58 161
58 189
58 196
58 212
58 217
58 221
58 237
58 240
58 253
58 258
58 271
58 277
58 278
58 287
58 296
58 298
58 300
58 311
58 316
58 335
58 337
58 355
58 366
58 392
58 414
58 417
58 428
58 429
58 440
58 459
58 472
58 499
59 74
59 79
59 94
59 113
59 176
59 180
59 191
59 220
59 238
59 243
59 247
59 248
59 256
59 279
59 295
59 309
59 315
59 336
59 342
59 354
59 365
59 371
59 377
59 383
59 391
59 405
59 414
59 418
59 424
59 425
59 439
59 449
59 460
59 461
59 497
60 74
60 81
60 89
60 94
60 98
60 102
60 103
60 108
60 126
60 144
60 145
60 154
60 157
60 176
60 189
60 207
60 212
60 228
60 229
60 237
60 245
60 247
60 278
60 280
60 331
60 337
60 343
60 344
60 353
60 365
60 367
60 376
60 391
60 414
60 424
60 432
60 440
60 443
60 444
60 469
60 484
60 485
61 76
61 92
61 93
61 94
61 97
61 101
61 105
61 106
61 111
61 123
61 212
61 222
61 249
61 256
61 261
61 266
61 272
61 273
61 278
61 282
61 285
61 287
61 307
61 309
61 318
61 333
61 340
61 363
61 373
61 401
61 404
61 414
61 426
61 439
61 444
62 83
62 85
62 86
62 92
62 101
62 105
62 130
62 136
62 137
62 140
62 147
62 151
62 170
62 184
62 187
62 192
62 196
62 206
62 215
62 246
62 251
62 255
62 266
62 285
62 297
62 303
62 313
62 315
62 320
62 321
62 326
62 328
62 330
62 332
62 344
62 348
62 355
62 366
62 401
62 408
62 447
62 450
62 463
62 482
62 488
62 489
63 66
63 85
63 124
63 126
63 131
63 155
63 156
63 173
63 177
63 194
63 195
63 198
63 202
63 218
63 228
63 236
63 249
63 251
63 278
63 280
63 282
63 301
63 309
63 320
63 323
63 335
63 337
63 343
63 357
63 360
63 364
63 380
63 391
63 419
63 425
63 431
63 440
63 454
63 458
63 459
63 487
63 498
63 499
64 65
64 73
64 95
64 103
64 119
64 140
64 157
64 162
64 169
64 176
64 196
64 198
64 201
64 214
64 242
64 292
64 294
64 299
64 302
64 309
64 310
64 316
64 340
64 345
64 356
64 363
64 377
64 388
64 394
64 396
64 399
64 427
64 466
64 469
64 485
64 491
64 494
64 497
65 112
65 115
65 126
65 135
65 149
65 164
65 166
65 171
65 209
65 212
65 214
65 237
65 290
65 309
65 331
65 336
65 343
65 367
65 379
65 393
65 413
65 432
65 437
65 444
65 457
65 460
65 487
65 498
66 72
66 74
66 78
66 108
66 130
66 135
66 140
66 194
66 223
66 225
66 235
66 240
66 247
66 254
66 255
66 259
66 260
66 270
66 293
66 300
66 303
66 319
66 325
66 367
66 396
66 401
66 402
66 412
66 428
66 431
66 433
66 448
66 449
66 454
66 476
67 68
67 79
67 91
67 106
67 110
67 120
67 130
67 136
67 151
67 159
67 177
67 190
67 203
67 227
67 235
67 238
67 268
67 280
67 285
67 289
67 291
67 319
67 332
67 340
67 341
67 343
67 349
67 351
67 357
67 369
67 375
67 379
67 382
67 386
67 408
67 423
67 424
67 430
67 442
67 446
67 448
67 449
67 461
67 474
67 477
67 488
67 491
67 496
68 103
68 108
68 109
68 111
68 123
68 133
68 167
68 172
68 184
68 189
68 197
68 219
68 224
68 248
68 285
68 300
68 316
68 321
68 326
68 333
68 349
68 357
68 410
68 418
68 422
68 423
68 429
68 440
68 444
68 450
68 470
68 488
68 489
68 491
68 493
68 497
69 70
69 78
69 91
69 94
69 96
69 110
69 114
69 117
69 124
69 134
69 141
69 163
69 197
69 202
69 207
69 211
69 212
69 219
69 221
69 222
69 233
69 269
69 274
69 277
69 278
69 299
69 304
69 316
69 326
69 329
69 334
69 350
69 354
69 357
69 366
69 370
69 381
69 385
69 390
69 394
69 395
69 436
69 444
69 487
69 490
69 491
69 492
69 499
70 86
70 87
70 109
70 122
70 124
70 131
70 135
70 157
70 160
70 165
70 166
70 178
70 187
70 211
70 239
70 256
70 285
70 287
70 297
70 310
70 312
70 319
70 322
70 377
70 387
70 389
70 401
70 402
70 405
70 406
70 409
70 412
70 427
70 435
70 436
70 439
70 445
70 459
70 463
70 469
70 470
70 474
70 477
70 483
70 498
71 74
71 84
71 110
71 121
71 125
71 132
71 158
71 170
71 188
71 212
71 213
71 230
71 267
71 280
71 297
71 312
71 315
71 317
71 326
71 336
71 344
71 380
71 386
71 430
71 441
71 451
71 457
71 473
71 478
71 481
71 482
71 488
72 88
72 94
72 101
72 124
72 125
72 128
72 145
72 160
72 161
72 177
72 185
72 195
72 200
72 215
72 219
72 220
72 221
72 251
72 260
72 278
72 289
72 314
72 322
72 323
72 329
72 332
72 372
72 410
72 411
72 412
72 425
72 441
72 455
72 475
72 482
72 484
72 485
72 493
73 78
73 93
73 95
73 106
73 121
73 124
73 134
73 137
73 140
73 153
73 154
73 160
73 170
73 188
73 206
73 217
73 243
73 248
73 251
73 259
73 299
73 324
73 368
73 386
73 387
73 393
73 395
73 397
73 410
73 419
73 450
73 460
73 480
73 483
73 490
73 494
74 80
74 82
74 86
74 103
74 110
74 135
74 143
74 160
74 184
74 188
74 191
74 206
74 209
74 214
74 227
74 250
74 271
74 287
74 300
74 324
74 343
74 371
74 376
74 383
74 390
74 391
74 438
74 458
74 465
74 471
74 477
74 485
74 494
75 89
75 114
75 154
75 162
75 183
75 187
75 205
75 207
75 213
75 214
75 224
75 233
75 237
75 244
75 246
75 249
75 258
75 261
75 279
75 302
75 333
75 343
75 374
75 386
75 396
75 413
75 447
75 453
75 455
75 475
75 483
75 485
76 131
76 169
76 191
76 205
76 220
76 230
76 243
76 245
76 254
76 268
76 287
76 299
76 327
76 334
76 340
76 350
76 351
76 367
76 373
76 384
76 413
76 419
76 456
76 465
76 466
76 472
76 476
76 481
77 123
77 140
77 146
77 147
77 148
77 152
77 157
77 181
77 193
77 227
77 241
77 248
77 250
77 284
77 292
77 302
77 311
77 315
77 342
77 346
77 348
77 363
77 382
77 387
77 397
77 398
77 399
77 419
77 425
77 451
77 458
77 484
77 486
77 497
78 85
78 130
78 133
78 138
78 142
78 152
78 184
78 186
78 191
78 225
78 255
78 256
78 264
78 284
78 290
78 296
78 304
78 332
78 333
78 346
78 350
78 359
78 362
78 371
78 376
78 390
78 409
78 412
78 414
78 417
78 434
78 446
78 465
78 468
79 101
79 103
79 113
79 126
79 131
79 161
79 177
79 183
79 195
79 211
79 254
79 283
79 296
79 316
79 317
79 324
79 334
79 337
79 347
79 356
79 367
79 371
79 387
79 398
79 404
79 407
79 412
79 426
79 438
79 439
79 445
79 484
79 486
79 491
79 493
80 84
80 96
80 114
80 115
80 127
80 163
80 164
80 173
80 216
80 222
80 233
80 236
80 244
80 245
80 254
80 257
80 269
80 273
80 283
80 286
80 288
80 300
80 315
80 322
80 326
80 328
80 333
80 338
80 354
80 393
80 398
80 412
80 419
80 456
80 474
80 494
81 103
81 105
81 116
81 118
81 127
81 144
81 150
81 156
81 170
81 198
81 206
81 218
81 246
81 252
81 269
81 271
81 298
81 301
81 315
81 320
81 321
81 324
81 328
81 353
81 376
81 380
81 396
81 403
81 418
81 438
81 440
81 443
81 449
81 465
81 478
82 88
82 89
82 133
82 161
82 173
82 179
82 191
82 192
82 214
82 218
82 224
82 247
82 267
82 298
82 300
82 301
82 325
82 334
82 352
82 363
82 376
82 387
82 388
82 390
82 417
82 418
82 434
82 452
82 478
83 85
83 108
83 116
83 180
83 222
83 226
83 250
83 251
83 253
83 319
83 324
83 328
83 331
83 337
83 343
83 352
83 354
83 358
83 360
83 372
83 399
83 404
83 408
83 426
83 427
83 435
83 436
83 451
83 467
83 468
83 471
83 475
83 477
83 479
83 489
83 497
84 85
84 91
84 92
84 94
84 103
84 108
84 114
84 127
84 141
84 143
84 146
84 148
84 182
84 197
84 204
84 211
84 213
84 216
84 254
84 265
84 272
84 281
84 285
84 297
84 298
84 320
84 330
84 334
84 340
84 352
84 354
84 363
84 374
84 386
84 388
84 389
84 397
84 404
84 414
84 428
84 430
84 438
84 441
84 444
84 452
84 479
84 487
84 496
85 87
85 106
85 115
85 120
85 127
85 141
85 173
85 174
85 190
85 191
85 196
85 203
85 210
85 211
85 214
85 221
85 231
85 232
85 241
85 268
85 270
85 299
85 301
85 307
85 325
85 331
85 336
85 338
85 342
85 350
85 369
85 375
85 381
85 399
85 437
85 460
85 473
85 477
85 485
85 490
85 496
86 92
86 96
86 113
86 119
86 125
86 144
86 160
86 169
86 176
86 179
86 189
86 195
86 233
86 240
86 261
86 269
86 271
86 283
86 304
86 307
86 308
86 318
86 324
86 335
86 346
86 349
86 373
86 390
86 393
86 395
86 398
86 400
86 456
86 471
86 487
87 103
87 107
87 117
87 130
87 138
87 139
87 144
87 155
87 163
87 164
87 170
87 197
87 206
87 221
87 274
87 294
87 302
87 350
87 358
87 400
87 409
87 420
87 431
87 435
87 439
87 448
87 459
87 479
88 91
88 102
88 109
88 112
88 119
88 163
88 191
88 193
88 197
88 198
88 203
88 205
88 217
88 229
88 233
88 254
88 257
88 261
88 262
88 271
88 294
88 305
88 314
88 333
88 339
88 345
88 347
88 376
88 384
88 414
88 415
88 422
88 440
88 444
88 450
88 459
88 463
88 477
88 482
88 491
88 494
89 94
89 109
89 110
89 118
89 125
89 142
89 147
89 155
89 186
89 196
89 197
89 204
89 239
89 242
89 257
89 259
89 265
89 266
89 276
89 284
89 318
89 321
89 341
89 342
89 343
89 349
89 354
89 360
89 367
89 391
89 400
89 434
89 441
89 468
89 474
89 483
89 491
90 91
90 92
90 113
90 129
90 135
90 141
90 145
90 149
90 150
90 159
90 166
90 184
90 191
90 194
90 221
90 240
90 242
90 244
90 249
90 252
90 257
90 268
90 285
90 302
90 311
90 315
90 317
90 318
90 330
90 353
90 356
90 358
90 363
90 374
90 386
90 395
90 400
90 434
90 436
90 439
90 448
90 469
90 478
90 482
90 483
91 102
91 120
91 137
91 148
91 156
91 168
91 183
91 187
91 201
91 210
91 226
91 241
91 242
91 259
91 260
91 289
91 300
91 311
91 314
91 321
91 332
91 339
91 372
91 377
91 384
91 403
91 406
91 420
91 431
91 433
91 437
91 449
91 462
91 463
91 477
91 478
91 479
91 485
92 97
92 101
92 103
92 109
92 110
92 113
92 153
92 155
92 200
92 202
92 219
92 238
92 262
92 268
92 270
92 295
92 303
92 318
92 321
92 324
92 325
92 327
92 332
92 356
92 363
92 373
92 378
92 445
92 451
92 454
92 455
92 462
92 476
92 489
93 94
93 102
93 107
93 114
93 119
93 135
93 138
93 167
93 180
93 186
93 198
93 209
93 230
93 236
93 248
93 265
93 279
93 284
93 299
93 302
93 316
93 359
93 424
93 427
93 428
93 456
93 457
93 487
94 95
94 116
94 125
94 152
94 175
94 176
94 192
94 209
94 221
94 262
94 268
94 273
94 279
94 285
94 303
94 308
94 316
94 317
94 362
94 364
94 366
94 384
94 387
94 394
94 402
94 412
94 452
94 476
94 485
94 488
95 96
95 97
95 105
95 134
95 145
95 150
95 181
95 183
95 189
95 195
95 213
95 219
95 220
95 232
95 257
95 265
95 274
95 295
95 299
95 301
95 317
95 334
95 337
95 338
95 339
95 349
95 357
95 363
95 377
95 399
95 417
95 418
95 435
95 455
95 476
95 477
95 492
95 496
96 98
96 114
96 115
96 123
96 129
96 130
96 147
96 154
96 156
96 169
96 170
96 171
96 187
96 189
96 191
96 198
96 237
96 240
96 259
96 262
96 270
96 274
96 275
96 278
96 289
96 300
96 306
96 326
96 337
96 340
96 348
96 370
96 382
96 417
96 419
96 426
96 429
96 438
96 460
96 461
96 462
96 465
96 470
96 477
96 482
96 483
96 492
97 105
97 106
97 107
97 114
97 122
97 140
97 155
97 158
97 163
97 173
97 176
97 197
97 198
97 205
97 222
97 229
97 250
97 251
97 289
97 292
97 305
97 310
97 313
97 319
97 340
97 342
97 344
97 357
97 360
97 361
97 365
97 366
97 377
97 398
97 416
97 419
97 422
97 426
97 432
97 436
97 463
97 472
97 497
98 100
98 138
98 170
98 173
98 194
98 224
98 249
98 255
98 259
98 275
98 281
98 294
98 316
98 337
98 344
98 381
98 395
98 428
98 442
98 445
98 461
98 463
99 114
99 119
99 130
99 140
99 141
99 170
99 174
99 179
99 184
99 202
99 215
99 223
99 237
99 257
99 269
99 280
99 281
99 283
99 313
99 319
99 324
99 330
99 338
99 339
99 350
99 367
99 378
99 401
99 402
99 413
99 423
99 433
99 434
99 443
99 455
99 460
99 469
99 471
99 480
99 482
99 495
100 128
100 129
100 136
100 149
100 150
100 161
100 194
100 214
100 229
100 239
100 240
100 242
100 247
100 256
100 272
100 298
100 301
100 302
100 307
100 311
100 321
100 325
100 336
100 359
100 370
100 380
100 387
100 400
100 415
100 461
100 463
100 471
100 475
100 486
100 499
101 112
101 118
101 122
101 133
101 145
101 151
101 160
101 162
101 178
101 181
101 185
101 188
101 204
101 205
101 211
101 212
101 221
101 229
101 233
101 253
101 265
101 275
101 287
101 299
101 300
101 305
101 317
101 324
101 327
101 331
101 347
101 349
101 354
101 361
101 363
101 385
101 392
101 393
101 396
101 398
101 411
101 417
101 429
101 433
101 450
101 472
101 477
102 110
102 111
102 122
102 130
102 138
102 139
102 143
102 171
102 173
102 179
102 191
102 212
102 216
102 234
102 236
102 237
102 252
102 262
102 265
102 267
102 278
102 282
102 283
102 290
102 297
102 301
102 336
102 339
102 351
102 352
102 356
102 359
102 360
102 363
102 382
102 406
102 417
102 458
102 465
102 473
102 476
102 484
102 485
102 497
103 108
103 116
103 122
103 123
103 154
103 157
103 158
103 168
103 170
103 179
103 206
103 216
103 219
103 223
103 239
103 281
103 302
103 309
103 326
103 329
103 350
103 382
103 383
103 386
103 411
103 412
103 422
103 431
103 461
103 462
103 465
103 470
103 477
103 479
103 480
103 484
103 487
103 490
104 115
104 128
104 137
104 159
104 172
104 188
104 192
104 197
104 208
104 214
104 221
104 227
104 234
104 237
104 253
104 276
104 281
104 282
104 317
104 322
104 327
104 332
104 333
104 378
104 386
104 428
104 432
104 440
104 443
104 454
104 456
104 469
104 490
105 117
105 121
105 126
105 146
105 149
105 157
105 160
105 165
105 198
105 203
105 216
105 230
105 241
105 249
105 261
105 262
105 264
105 301
105 302
105 307
105 343
105 348
105 379
105 388
105 393
105 394
105 429
105 432
105 438
105 442
105 466
105 467
105 468
105 480
106 108
106 115
106 144
106 154
106 166
106 167
106 170
106 172
106 212
106 218
106 235
106 246
106 259
106 267
106 275
106 276
106 279
106 281
106 305
106 313
106 318
106 321
106 328
106 332
106 363
106 373
106 375
106 382
106 392
106 396
106 416
106 425
106 431
106 449
106 456
106 476
106 480
106 481
106 489
107 125
107 130
107 139
107 144
107 146
107 152
107 157
107 158
107 174
107 191
107 192
107 195
107 201
107 210
107 214
107 224
107 225
107 240
107 247
107 257
107 270
107 275
107 282
107 295
107 299
107 310
107 312
107 313
107 317
107 318
107 324
107 342
107 362
107 377
107 380
107 387
107 398
107 399
107 421
107 431
107 438
107 452
107 469
107 475
107 496
108 115
108 116
108 117
108 130
108 140
108 146
108 171
108 189
108 204
108 214
108 239
108 240
108 283
108 284
108 301
108 315
108 335
108 338
108 347
108 373
108 374
108 404
108 409
108 424
108 426
108 441
108 456
108 460
108 466
108 486
109 132
109 135
109 159
109 218
109 241
109 255
109 284
109 285
109 289
109 290
109 296
109 324
109 329
109 337
109 350
109 354
109 355
109 379
109 380
109 383
109 386
109 397
109 399
109 407
109 421
109 434
109 446
110 124
110 128
110 129
110 133
110 156
110 182
110 188
110 190
110 200
110 201
110 204
110 211
110 214
110 246
110 254
110 257
110 266
110 269
110 276
110 281
110 287
110 289
110 291
110 297
110 302
110 310
110 339
110 343
110 355
110 365
110 375
110 397
110 403
110 413
110 414
110 422
110 427
110 428
110 457
110 459
110 460
110 470
111 118
111 126
111 134
111 142
111 176
111 181
111 219
111 229
111 231
111 254
111 261
111 282
111 309
111 321
111 327
111 333
111 334
111 339
111 349
111 360
111 369
111 392
111 393
111 418
111 425
111 452
111 467
111 471
112 120
112 157
112 158
112 165
112 173
112 186
112 189
112 190
112 215
112 219
112 221
112 229
112 244
112 245
112 264
112 272
112 279
112 286
112 298
112 299
112 306
112 326
112 330
112 334
112 337
112 343
112 361
112 362
112 386
112 388
112 396
112 399
112 416
112 430
112 450
112 456
112 461
112 466
112 467
112 474
112 481
112 496
113 119
113 123
113 124
113 127
113 157
113 158
113 180
113 199
113 204
113 247
113 309
113 314
113 319
113 322
113 325
113 338
113 361
113 375
113 406
113 420
113 443
113 448
113 454
113 466
113 473
113 480
113 494
114 120
114 160
114 177
114 181
114 186
114 201
114 252
114 259
114 301
114 319
114 333
114 345
114 348
114 371
114 377
114 402
114 407
114 411
114 417
114 423
114 435
114 446
114 474
114 480
114 497
114 499
115 144
115 161
115 163
115 170
115 180
115 186
115 205
115 207
115 217
115 230
115 245
115 249
115 263
115 274
115 283
115 285
115 307
115 313
115 316
115 320
115 326
115 349
115 357
115 372
115 374
115 382
115 390
115 394
115 432
115 437
115 438
115 457
115 459
115 469
115 494
116 134
116 140
116 159
116 163
116 173
116 174
116 186
116 193
116 196
116 206
116 209
116 214
116 237
116 245
116 249
116 262
116 269
116 279
116 282
116 316
116 345
116 350
116 354
116 360
116 363
116 364
116 379
116 390
116 396
116 397
116 407
116 408
116 424
116 449
116 450
116 455
117 127
117 167
117 220
117 232
117 242
117 245
117 250
117 251
117 264
117 274
117 288
117 301
117 332
117 341
117 352
117 355
117 359
117 387
117 452
117 456
117 472
117 490
118 120
118 129
118 133
118 141
118 147
118 158
118 172
118 180
118 198
118 218
118 219
118 235
118 236
118 255
118 263
118 264
118 282
118 283
118 308
118 312
118 313
118 346
118 350
118 365
118 366
118 389
118 391
118 396
118 404
118 411
118 437
118 458
118 460
119 129
119 141
119 147
119 162
119 184
119 190
119 192
119 210
119 212
119 219
119 232
119 234
119 238
119 240
119 241
119 244
119 250
119 251
119 257
119 267
119 268
119 279
119 282
119 351
119 359
119 377
119 394
119 395
119 403
119 410
119 419
119 429
119 441
119 444
119 453
119 457
119 460
119 465
119 481
119 482
119 490
119 494
120 125
120 130
120 133
120 146
120 160
120 164
120 182
120 187
120 197
120 199
120 225
120 227
120 236
120 237
120 238
120 241
120 245
120 250
120 253
120 258
120 266
120 278
120 293
120 310
120 318
120 349
120 355
120 372
120 380
120 389
120 416
120 423
120 425
120 431
120 435
120 437
120 438
120 441
120 445
120 446
120 454
120 468
120 474
120 481
121 126
121 132
121 136
121 140
121 156
121 161
121 162
121 166
121 181
121 183
121 196
121 200
121 202
121 209
121 232
121 245
121 252
121 257
121 261
121 356
121 362
121 381
121 390
121 394
121 395
121 399
121 404
121 429
121 432
121 439
121 442
121 461
121 475
121 476
121 483
121 487
122 133
122 160
122 166
122 173
122 178
122 189
122 201
122 205
122 220
122 227
122 260
122 263
122 265
122 272
122 278
122 286
122 288
122 293
122 299
122 302
122 306
122 315
122 330
122 331
122 338
122 364
122 379
122 387
122 417
122 428
122 433
122 434
122 447
122 454
122 463
122 464
122 468
122 470
122 490
123 132
123 154
123 167
123 178
123 183
123 186
123 199
123 205
123 206
123 211
123 213
123 226
123 240
123 286
123 325
123 351
123 356
123 382
123 390
123 396
123 400
123 404
123 420
123 431
123 440
123 462
123 476
123 482
123 494
124 141
124 142
124 184
124 207
124 213
124 219
124 221
124 235
124 250
124 253
124 269
124 272
124 274
124 302
124 328
124 329
124 331
124 336
124 341
124 348
124 360
124 375
124 382
124 383
124 385
124 389
124 390
124 398
124 410
124 422
124 425
124 439
124 452
124 465
124 477
124 497
125 143
125 152
125 156
125 183
125 194
125 196
125 200
125 201
125 223
125 229
125 245
125 267
125 274
125 290
125 292
125 318
125 335
125 341
125 367
125 374
125 375
125 403
125 420
125 458
125 461
125 462
125 467
125 484
126 136
126 143
126 168
126 169
126 172
126 189
126 205
126 215
126 216
126 234
126 244
126 247
126 260
126 264
126 272
126 288
126 294
126 300
126 306
126 308
126 316
126 319
126 338
126 343
126 357
126 382
126 395
126 397
126 404
126 414
126 419
126 423
126 431
126 442
126 443
126 447
126 455
126 471
126 483
127 128
127 130
127 155
127 157
127 166
127 179
127 198
127 201
127 202
127 212
127 218
127 228
127 248
127 270
127 300
127 305
127 311
127 316
127 319
127 321
127 325
127 349
127 352
127 368
127 369
127 375
127 388
127 418
127 422
127 429
127 434
127 437
127 450
127 453
127 460
127 479
127 499
128 134
128 135
128 143
128 177
128 200
128 207
128 233
128 238
128 247
128 257
128 267
128 279
128 282
128 283
128 287
128 294
128 302
128 305
128 307
128 311
128 315
128 322
128 324
128 327
128 329
128 335
128 351
128 355
128 381
128 424
128 437
128 443
128 452
128 474
128 492
129 137
129 148
129 149
129 156
129 162
129 168
129 170
129 198
129 231
129 233
129 237
129 238
129 240
129 247
129 249
129 284
129 287
129 294
129 301
129 317
129 325
129 356
129 366
129 368
129 389
129 401
129 402
129 408
129 410
129 436
129 454
129 455
129 456
129 458
129 459
129 461
129 477
129 480
130 141
130 168
130 181
130 199
130 213
130 250
130 263
130 270
130 275
130 288
130 344
130 345
130 356
130 357
130 391
130 395
130 399
130 400
130 407
130 418
130 424
130 438
130 440
130 449
130 460
130 468
130 469
130 494
131 132
131 135
131 141
131 176
131 190
131 192
131 210
131 211
131 219
131 224
131 257
131 277
131 283
131 296
131 314
131 333
131 341
131 374
131 397
131 426
131 449
131 451
131 464
131 465
131 477
131 498
132 153
132 195
132 227
132 228
132 243
132 254
132 263
132 266
132 283
132 294
132 303
132 306
132 308
132 321
132 324
132 334
132 337
132 340
132 389
132 417
132 418
132 429
132 430
132 431
132 493
133 145
133 158
133 159
133 177
133 181
133 183
133 195
133 200
133 203
133 228
133 231
133 238
133 254
133 255
133 266
133 274
133 284
133 285
133 305
133 309
133 317
133 348
133 354
133 361
133 363
133 373
133 406
133 424
133 441
133 442
133 448
133 451
133 456
133 465
133 468
133 476
133 477
133 486
133 488
133 494
133 495
134 160
134 168
134 192
134 206
134 212
134 217
134 220
134 228
134 258
134 261
134 271
134 284
134 289
134 290
134 339
134 352
134 358
134 378
134 402
134 408
134 425
134 426
134 450
134 468
134 484
134 486
134 489
135 138
135 167
135 183
135 190
135 194
135 195
135 199
135 208
135 234
135 249
135 259
135 260
135 266
135 288
135 309
135 314
135 343
135 350
135 386
135 392
135 395
135 410
135 428
135 437
135 442
135 457
135 476
136 152
136 159
136 160
136 167
136 198
136 199
136 202
136 210
136 213
136 220
136 229
136 232
136 250
136 280
136 286
136 297
136 338
136 362
136 366
136 378
136 400
136 412
136 439
136 443
136 448
136 457
136 461
136 465
136 477
136 483
136 490
136 496
136 497
137 138
137 140
137 142
137 153
137 172
137 180
137 218
137 219
137 240
137 242
137 249
137 251
137 254
137 259
137 272
137 276
137 280
137 306
137 310
137 330
137 349
137 353
137 358
137 360
137 363
137 370
137 391
137 395
137 403
137 425
137 429
137 451
137 460
137 480
137 483
137 492
138 140
138 152
138 166
138 168
138 205
138 209
138 230
138 252
138 291
138 294
138 296
138 298
138 308
138 309
138 313
138 329
138 335
138 357
138 358
138 359
138 364
138 368
138 377
138 392
138 417
138 425
138 433
138 436
138 448
138 450
138 458
138 467
138 481
139 148
139 153
139 155
139 159
139 165
139 168
139 176
139 201
139 205
139 211
139 212
139 241
139 242
139 245
139 248
139 256
139 275
139 279
139 281
139 283
139 288
139 315
139 323
139 325
139 332
139 350
139 360
139 374
139 400
139 412
139 414
139 421
139 424
139 440
139 464
139 468
139 470
139 471
139 472
139 476
139 479
139 483
139 489
140 145
140 151
140 157
140 168
140 176
140 177
140 190
140 207
140 234
140 238
140 242
140 257
140 261
140 270
140 288
140 295
140 303
140 311
140 319
140 324
140 345
140 355
140 378
140 394
140 407
140 413
140 414
140 419
140 421
140 430
140 440
140 441
140 473
140 484
141 146
141 161
141 166
141 167
141 171
141 181
141 191
141 200
141 219
141 222
141 223
141 227
141 230
141 237
141 242
141 254
141 255
141 256
141 310
141 312
141 322
141 327
141 328
141 334
141 359
141 364
141 368
141 376
141 377
141 388
141 416
141 427
141 432
141 434
141 449
141 450
141 456
142 154
142 175
142 177
142 186
142 201
142 222
142 235
142 248
142 258
142 260
142 276
142 327
142 336
142 346
142 351
142 362
142 372
142 376
142 389
142 394
142 397
142 400
142 407
142 418
142 419
142 427
142 429
142 435
142 440
142 468
142 469
142 470
142 480
142 485
142 487
142 496
143 146
143 152
143 168
143 189
143 203
143 204
143 209
143 219
143 220
143 237
143 242
143 273
143 286
143 329
143 346
143 349
143 365
143 378
143 432
143 460
144 149
144 176
144 182
144 205
144 240
144 257
144 279
144 288
144 295
144 297
144 324
144 338
144 347
144 348
144 357
144 359
144 398
144 402
144 408
144 409
144 448
144 455
144 467
144 471
144 498
145 171
145 192
145 201
145 202
145 232
145 242
145 245
145 246
145 266
145 281
145 285
145 289
145 292
145 295
145 308
145 318
145 319
145 329
145 356
145 368
145 379
145 380
145 390
145 402
145 403
145 433
145 446
145 457
145 464
145 477
145 478
145 485
145 490
145 494
145 496
145 498
146 147
146 182
146 199
146 200
146 215
146 224
146 242
146 243
146 260
146 272
146 286
146 289
146 304
146 322
146 338
146 341
146 350
146 362
146 365
146 368
146 374
146 387
146 388
146 418
146 422
146 430
146 458
146 497
147 164
147 174
147 177
147 198
147 214
147 243
147 255
147 260
147 267
147 268
147 288
147 311
147 318
147 322
147 337
147 338
147 339
147 354
147 370
147 373
147 400
147 416
147 419
147 432
147 438
147 441
147 448
147 458
147 472
147 497
148 151
148 153
148 156
148 168
148 197
148 209
148 217
148 220
148 234
148 251
148 254
148 256
148 270
148 273
148 279
148 281
148 294
148 297
148 303
148 306
148 318
148 337
148 351
148 353
148 370
148 373
148 375
148 399
148 400
148 403
148 404
148 407
148 425
148 442
148 472
148 478
148 480
148 486
148 487
148 489
148 492
149 178
149 184
149 186
149 188
149 218
149 223
149 227
149 235
149 237
149 240
149 246
149 258
149 265
149 267
149 291
149 292
149 293
149 300
149 315
149 320
149 342
149 345
149 358
149 391
149 392
149 400
149 428
149 432
149 441
149 446
149 451
149 453
149 454
149 495
150 163
150 166
150 171
150 177
150 181
150 193
150 205
150 213
150 219
150 224
150 226
150 231
150 236
150 243
150 251
150 253
150 257
150 260
150 270
150 284
150 310
150 332
150 334
150 341
150 371
150 382
150 387
150 396
150 398
150 407
150 411
150 414
150 419
150 420
150 426
150 430
150 437
150 439
150 443
150 444
150 452
150 461
150 466
150 471
150 477
150 478
150 481
151 154
151 159
151 167
151 169
151 172
151 175
151 183
151 239
151 257
151 262
151 264
151 287
151 290
151 318
151 334
151 347
151 351
151 364
151 365
151 368
151 385
151 392
151 419
151 421
151 435
151 453
151 460
151 466
151 477
151 487
151 489
152 155
152 157
152 159
152 180
152 185
152 213
152 227
152 232
152 239
152 251
152 259
152 271
152 292
152 308
152 313
152 315
152 330
152 334
152 343
152 379
152 381
152 386
152 395
152 410
152 411
152 417
152 436
152 447
152 460
153 155
153 161
153 163
153 172
153 176
153 182
153 183
153 195
153 196
153 201
153 208
153 211
153 214
153 219
153 224
153 225
153 226
153 233
153 242
153 261
153 276
153 279
153 280
153 298
153 325
153 328
153 344
153 360
153 373
153 379
153 387
153 398
153 411
153 414
153 417
153 437
153 445
153 451
153 473
153 480
153 499
154 155
154 162
154 163
154 184
154 193
154 199
154 243
154 250
154 253
154 254
154 262
154 263
154 280
154 283
154 292
154 295
154 300
154 306
154 315
154 317
154 345
154 359
154 370
154 416
154 427
154 443
154 462
154 478
154 488
154 491
154 494
155 176
155 180
155 204
155 234
155 239
155 261
155 265
155 272
155 278
155 282
155 285
155 294
155 297
155 306
155 341
155 354
155 357
155 375
155 393
155 395
155 417
155 430
155 446
155 447
155 454
155 459
155 462
155 485
155 490
156 172
156 199
156 214
156 246
156 248
156 252
156 260
156 274
156 290
156 306
156 312
156 316
156 321
156 347
156 353
156 356
156 359
156 381
156 403
156 411
156 415
156 428
156 433
156 463
156 482
157 162
157 163
157 186
157 193
157 197
157 222
157 229
157 238
157 245
157 259
157 262
157 264
157 267
157 278
157 284
157 288
157 289
157 299
157 306
157 312
157 359
157 368
157 423
157 436
157 447
157 448
157 452
157 494
157 498
158 211
158 220
158 227
158 230
158 231
158 233
158 234
158 246
158 253
158 254
158 255
158 258
158 264
158 287
158 296
158 307
158 311
158 340
158 344
158 355
158 368
158 376
158 379
158 410
158 419
158 428
158 439
158 463
158 491
158 495
159 163
159 173
159 176
159 179
159 183
159 190
159 199
159 204
159 216
159 217
159 219
159 228
159 233
159 242
159 266
159 275
159 285
159 296
159 300
159 301
159 337
159 339
159 353
159 360
159 374
159 379
159 387
159 405
159 420
159 472
159 473
160 162
160 172
160 180
160 182
160 183
160 186
160 194
160 196
160 198
160 200
160 209
160 214
160 215
160 218
160 238
160 248
160 253
160 258
160 262
160 275
160 296
160 309
160 339
160 350
160 352
160 373
160 375
160 410
160 443
160 476
160 480
161 165
161 171
161 176
161 184
161 210
161 212
161 218
161 221
161 232
161 248
161 259
161 283
161 291
161 295
161 309
161 316
161 336
161 348
161 374
161 384
161 386
161 406
161 424
161 432
161 435
161 438
161 450
161 452
161 458
161 468
161 479
161 483
161 496
161 497
162 242
162 267
162 284
162 295
162 310
162 313
162 343
162 354
162 357
162 366
162 368
162 388
162 391
162 402
162 424
162 429
162 431
162 435
162 463
162 484
163 169
163 180
163 231
163 234
163 242
163 254
163 259
163 274
163 285
163 288
163 289
163 298
163 307
163 311
163 316
163 326
163 327
163 336
163 345
163 362
163 392
163 401
163 419
163 421
163 441
163 450
163 459
163 468
164 180
164 184
164 190
164 192
164 195
164 208
164 216
164 236
164 251
164 277
164 279
164 313
164 317
164 323
164 341
164 358
164 364
164 369
164 397
164 414
164 439
164 442
164 443
164 452
164 467
164 493
164 494
165 167
165 172
165 175
165 178
165 190
165 215
165 220
165 231
165 254
165 255
165 257
165 267
165 276
165 279
165 283
165 290
165 315
165 336
165 338
165 342
165 356
165 362
165 365
165 373
165 380
165 388
165 390
165 397
165 406
165 407
165 430
165 432
165 442
165 444
165 458
165 475
165 477
165 488
166 172
166 184
166 188
166 198
166 214
166 223
166 238
166 240
166 246
166 258
166 282
166 286
166 287
166 298
166 339
166 394
166 406
166 418
166 433
166 436
166 437
166 441
166 452
166 462
166 463
166 484
166 489
167 178
167 189
167 194
167 211
167 216
167 226
167 265
167 267
167 275
167 278
167 286
167 290
167 300
167 311
167 322
167 339
167 345
167 351
167 363
167 376
167 392
167 409
167 418
167 422
167 447
167 461
167 481
167 493
168 179
168 195
168 209
168 218
168 240
168 249
168 258
168 278
168 279
168 305
168 338
168 345
168 349
168 351
168 357
168 363
168 370
168 371
168 406
168 415
168 424
168 441
168 447
168 452
168 467
168 473
168 478
168 481
168 488
168 489
168 494
169 179
169 201
169 207
169 219
169 258
169 268
169 272
169 281
169 286
169 293
169 304
169 306
169 322
169 327
169 335
169 341
169 350
169 353
169 389
169 400
169 410
169 419
169 425
169 427
169 443
169 451
169 458
170 186
170 197
170 212
170 224
170 231
170 239
170 256
170 268
170 283
170 295
170 307
170 311
170 319
170 323
170 330
170 342
170 357
170 371
170 396
170 403
170 411
170 414
170 422
170 427
170 439
170 441
170 452
170 460
170 475
170 485
171 175
171 181
171 198
171 200
171 205
171 214
171 225
171 229
171 246
171 247
171 274
171 278
171 306
171 357
171 366
171 397
171 402
171 404
171 409
171 426
171 432
171 434
171 461
171 470
171 485
172 178
172 186
172 209
172 210
172 218
172 230
172 233
172 242
172 259
172 261
172 288
172 338
172 350
172 352
172 370
172 374
172 391
172 394
172 399
172 410
172 416
172 427
172 436
172 438
172 449
172 453
172 459
173 182
173 185
173 205
173 210
173 221
173 235
173 246
173 251
173 278
173 299
173 307
173 313
173 319
173 323
173 332
173 341
173 390
173 409
173 428
173 429
173 443
173 449
173 472
173 497
174 199
174 222
174 224
174 227
174 230
174 241
174 244
174 249
174 280
174 291
174 300
174 302
174 306
174 310
174 314
174 315
174 322
174 329
174 335
174 352
174 390
174 391
174 397
174 413
174 416
174 437
174 458
174 461
174 477
174 487
174 488
175 178
175 203
175 206
175 208
175 216
175 230
175 234
175 241
175 248
175 261
175 276
175 289
175 290
175 292
175 305
175 308
175 310
175 313
175 338
175 340
175 357
175 371
175 379
175 385
175 386
175 391
175 404
175 424
175 430
175 437
175 461
175 473
175 475
175 485
175 486
176 188
176 189
176 193
176 198
176 199
176 208
176 223
176 262
176 263
176 286
176 287
176 288
176 290
176 293
176 299
176 306
176 312
176 316
176 390
176 395
176 403
176 405
176 406
176 416
176 428
176 435
176 438
176 442
176 444
176 467
176 468
176 472
176 478
176 492
176 494
177 183
177 184
177 194
177 205
177 213
177 224
177 225
177 226
177 231
177 271
177 272
177 298
177 308
177 310
177 311
177 313
177 319
177 329
177 333
177 337
177 346
177 347
177 354
177 357
177 364
177 369
177 374
177 378
177 409
177 437
177 444
177 449
177 457
177 485
177 498
178 181
178 198
178 199
178 208
178 211
178 215
178 218
178 224
178 228
178 238
178 253
178 257
178 264
178 266
178 271
178 273
178 295
178 300
178 318
178 354
178 372
178 378
178 384
178 385
178 390
178 393
178 401
178 406
178 408
178 448
178 449
178 450
178 451
178 467
178 469
178 470
178 477
178 478
178 488
178 490
178 495
179 183
179 186
179 192
179 194
179 209
179 214
179 215
179 221
179 227
179 230
179 244
179 253
179 264
179 280
179 284
179 286
179 306
179 321
179 332
179 335
179 340
179 345
179 357
179 360
179 363
179 370
179 390
179 397
179 408
179 420
179 429
179 441
179 443
179 449
179 473
179 477
179 481
180 181
180 186
180 188
180 192
180 195
180 201
180 229
180 263
180 264
180 269
180 273
180 281
180 289
180 309
180 311
180 332
180 334
180 361
180 387
180 393
180 401
180 412
180 414
180 416
180 430
180 473
180 477
180 486
180 497
181 201
181 202
181 247
181 258
181 262
181 267
181 275
181 292
181 307
181 308
181 312
181 323
181 341
181 346
181 363
181 371
181 372
181 373
181 376
181 379
181 381
181 383
181 400
181 401
181 404
181 410
181 414
181 460
181 468
181 473
181 474
181 477
181 478
181 489
182 185
182 186
182 219
182 222
182 230
182 232
182 240
182 246
182 253
182 270
182 278
182 279
182 283
182 288
182 312
182 345
182 362
182 371
182 382
182 394
182 411
182 420
182 429
182 431
182 433
182 437
182 459
182 495
182 498
183 184
183 185
183 212
183 228
183 244
183 247
183 250
183 260
183 263
183 264
183 268
183 280
183 292
183 293
183 308
183 319
183 321
183 325
183 346
183 355
183 371
183 373
183 375
183 391
183 401
183 406
183 419
183 425
183 443
183 448
183 454
183 458
183 464
183 483
183 491
184 189
184 196
184 202
184 205
184 213
184 217
184 228
184 241
184 248
184 260
184 278
184 286
184 328
184 329
184 336
184 344
184 347
184 355
184 388
184 399
184 409
184 413
184 415
184 421
184 431
184 445
184 446
184 451
184 454
184 491
184 497
185 192
185 207
185 279
185 280
185 287
185 358
185 361
185 364
185 367
185 426
185 432
185 449
185 462
185 480
185 482
185 498
186 191
186 197
186 200
186 206
186 221
186 224
186 236
186 246
186 253
186 261
186 267
186 268
186 277
186 282
186 294
186 301
186 319
186 327
186 333
186 338
186 343
186 358
186 359
186 406
186 409
186 429
186 440
186 446
186 449
186 459
186 467
186 469
186 470
186 473
186 474
186 492
187 212
187 213
187 214
187 223
187 238
187 253
187 335
187 336
187 342
187 399
187 407
187 485
187 494
188 198
188 203
188 209
188 214
188 219
188 249
188 255
188 267
188 300
188 329
188 330
188 341
188 346
188 356
188 361
188 376
188 401
188 405
188 412
188 442
188 453
188 485
188 488
188 493
189 221
189 249
189 262
189 271
189 273
189 290
189 298
189 314
189 326
189 337
189 341
189 347
189 349
189 351
189 359
189 421
189 427
189 429
189 451
189 456
189 460
189 475
189 477
189 483
189 492
190 202
190 210
190 216
190 230
190 232
190 242
190 244
190 266
190 288
190 307
190 320
190 331
190 349
190 351
190 374
190 408
190 411
190 427
190 429
190 465
190 469
190 486
190 492
191 196
191 224
191 243
191 250
191 262
191 289
191 292
191 313
191 325
191 327
191 336
191 338
191 369
191 377
191 402
191 407
191 418
191 434
191 443
191 454
191 461
192 207
192 208
192 231
192 249
192 259
192 266
192 305
192 308
192 341
192 366
192 406
192 412
192 414
192 421
192 433
192 434
192 457
192 465
192 474
192 481
192 499
193 199
193 202
193 227
193 247
193 248
193 270
193 274
193 278
193 281
193 296
193 319
193 377
193 378
193 379
193 382
193 385
193 386
193 389
193 394
193 403
193 414
193 426
193 434
193 438
193 442
193 448
193 457
193 465
193 467
193 474
193 475
194 216
194 262
194 277
194 288
194 298
194 302
194 304
194 319
194 323
194 326
194 332
194 363
194 379
194 388
194 417
194 420
194 465
194 482
194 486
194 488
194 490
195 224
195 226
195 227
195 236
195 253
195 271
195 279
195 281
195 284
195 295
195 332
195 341
195 342
195 393
195 400
195 403
195 406
195 415
195 418
195 423
195 426
195 445
195 450
195 471
195 473
196 203
196 209
196 232
196 236
196 248
196 254
196 262
196 269
196 287
196 289
196 293
196 298
196 309
196 317
196 334
196 343
196 361
196 367
196 373
196 376
196 394
196 395
196 400
196 417
196 423
196 435
196 438
196 472
196 474
196 476
196 486
196 495
197 204
197 224
197 234
197 236
197 238
197 242
197 246
197 272
197 289
197 293
197 299
197 315
197 321
197 327
197 350
197 355
197 356
197 357
197 358
197 372
197 387
197 398
197 410
197 420
197 430
197 481
197 495
198 228
198 236
198 243
198 250
198 259
198 274
198 279
198 284
198 303
198 313
198 333
198 346
198 363
198 372
198 375
198 377
198 380
198 381
198 382
198 385
198 403
198 416
198 423
198 442
198 448
198 462
198 468
198 484
198 489
199 236
199 252
199 259
199 270
199 277
199 304
199 307
199 308
199 316
199 321
199 322
199 339
199 358
199 371
199 375
199 379
199 384
199 387
199 391
199 392
199 396
199 415
199 417
199 421
199 437
199 490
200 203
200 206
200 210
200 211
200 225
200 226
200 259
200 271
200 289
200 295
200 305
200 322
200 327
200 338
200 364
200 365
200 368
200 381
200 392
200 421
200 437
200 442
200 444
200 467
200 474
200 481
201 206
201 230
201 231
201 242
201 244
201 246
201 253
201 268
201 276
201 277
201 279
201 287
201 288
201 308
201 317
201 322
201 342
201 424
201 425
201 429
201 430
201 439
201 440
201 445
201 446
201 472
201 474
202 206
202 224
202 245
202 247
202 251
202 252
202 253
202 259
202 261
202 278
202 282
202 292
202 305
202 316
202 325
202 333
202 338
202 347
202 369
202 381
202 392
202 397
202 400
202 405
202 426
202 427
202 448
202 454
202 477
203 208
203 212
203 233
203 241
203 260
203 267
203 274
203 277
203 284
203 289
203 293
203 297
203 314
203 316
203 317
203 324
203 326
203 327
203 332
203 333
203 335
203 354
203 374
203 401
203 434
203 452
203 485
204 205
204 208
204 211
204 226
204 269
204 288
204 305
204 312
204 343
204 350
204 357
204 359
204 362
204 365
204 372
204 386
204 424
204 441
204 448
204 456
204 479
204 481
205 209
205 231
205 242
205 245
205 250
205 251
205 254
205 263
205 287
205 289
205 296
205 306
205 308
205 324
205 326
205 334
205 342
205 345
205 357
205 361
205 365
205 377
205 378
205 379
205 386
205 394
205 414
205 420
205 423
205 433
205 434
205 439
205 447
205 448
205 496
206 258
206 260
206 266
206 271
206 282
206 288
206 289
206 293
206 308
206 318
206 332
206 342
206 347
206 378
206 389
206 397
206 419
206 422
206 428
206 441
206 447
206 453
206 457
206 464
206 485
207 208
207 211
207 215
207 229
207 250
207 263
207 266
207 277
207 280
207 283
207 302
207 326
207 333
207 334
207 337
207 348
207 358
207 359
207 364
207 378
207 386
207 387
207 424
207 431
207 435
207 449
207 450
207 461
207 485
207 489
208 215
208 224
208 238
208 242
208 243
208 245
208 258
208 264
208 278
208 286
208 295
208 322
208 330
208 351
208 353
208 395
208 400
208 415
208 421
208 433
208 460
208 468
208 472
208 473
208 487
208 493
209 217
209 226
209 229
209 231
209 232
209 243
209 250
209 253
209 263
209 267
209 286
209 288
209 294
209 297
209 312
209 314
209 333
209 335
209 341
209 347
209 348
209 350
209 351
209 358
209 360
209 364
209 366
209 386
209 390
209 413
209 414
209 416
209 420
209 426
209 427
209 451
209 466
209 469
209 470
209 475
210 241
210 244
210 252
210 259
210 264
210 269
210 272
210 276
210 278
210 281
210 285
210 292
210 308
210 330
210 333
210 340
210 367
210 382
210 396
210 404
210 405
210 425
210 429
210 445
210 460
210 465
210 482
210 484
210 499
211 233
211 261
211 289
211 294
211 301
211 305
211 341
211 350
211 369
211 373
211 386
211 388
211 395
211 426
211 441
211 443
211 452
211 460
211 482
211 485
211 490
212 213
212 227
212 261
212 300
212 301
212 309
212 310
212 315
212 317
212 327
212 336
212 363
212 372
212 389
212 391
212 419
212 420
212 444
212 456
212 458
212 459
212 470
212 475
213 214
213 218
213 256
213 259
213 261
213 264
213 276
213 281
213 284
213 316
213 328
213 335
213 346
213 354
213 367
213 375
213 392
213 417
213 421
213 438
213 454
213 480
213 485
213 499
214 224
214 235
214 236
214 245
214 251
214 262
214 267
214 310
214 327
214 330
214 347
214 349
214 354
214 367
214 393
214 413
214 422
214 429
214 430
214 454
214 487
214 495
214 497
214 499
215 263
215 275
215 286
215 306
215 329
215 336
215 357
215 359
215 362
215 367
215 381
215 384
215 386
215 396
215 397
215 407
215 409
215 411
215 428
215 433
215 444
215 445
215 456
215 466
215 493
215 495
216 222
216 225
216 232
216 237
216 246
216 260
216 276
216 281
216 285
216 297
216 314
216 342
216 347
216 378
216 387
216 388
216 395
216 396
216 422
216 427
216 429
216 441
216 446
216 448
216 458
216 462
217 221
217 234
217 239
217 240
217 259
217 262
217 286
217 287
217 305
217 308
217 309
217 332
217 334
217 336
217 347
217 352
217 362
217 367
217 380
217 382
217 398
217 404
217 411
217 431
217 435
217 442
217 453
217 454
217 463
217 472
217 485
217 498
218 233
218 261
218 266
218 270
218 272
218 286
218 296
218 308
218 312
218 345
218 350
218 354
218 367
218 369
218 378
218 397
218 402
218 404
218 412
218 427
218 428
218 439
218 440
218 460
218 463
218 465
218 469
218 498
219 230
219 246
219 271
219 282
219 287
219 300
219 302
219 306
219 315
219 318
219 339
219 343
219 347
219 356
219 357
219 359
219 370
219 378
219 408
219 422
219 462
219 480
219 484
219 485
219 490
220 224
220 226
220 259
220 262
220 273
220 280
220 294
220 369
220 372
220 373
220 403
220 406
220 423
220 432
220 436
220 447
220 478
220 490
220 493
221 234
221 236
221 237
221 243
221 245
221 251
221 260
221 263
221 291
221 296
221 305
221 309
221 310
221 324
221 338
221 366
221 374
221 381
221 389
221 395
221 418
221 424
221 430
221 443
221 473
221 486
221 494
222 224
222 225
222 250
222 276
222 288
222 289
222 294
222 300
222 313
222 317
222 334
222 343
222 347
222 352
222 356
222 357
222 380
222 389
222 391
222 399
222 409
222 416
222 426
222 445
222 450
222 453
222 457
222 461
222 476
222 493
222 494
223 239
223 247
223 256
223 259
223 277
223 368
223 370
223 380
223 403
223 409
223 423
223 440
223 448
223 455
223 471
223 475
223 478
223 491
224 227
224 230
224 273
224 301
224 303
224 330
224 331
224 348
224 350
224 351
224 352
224 355
224 393
224 405
224 412
224 433
224 435
224 451
224 460
224 463
224 470
224 475
224 480
224 492
224 494
225 231
225 233
225 234
225 254
225 257
225 261
225 262
225 267
225 273
225 277
225 323
225 327
225 329
225 343
225 346
225 361
225 365
225 378
225 379
225 392
225 394
225 395
225 414
225 415
225 424
225 441
225 446
225 452
225 472
226 232
226 299
226 303
226 304
226 312
226 316
226 317
226 323
226 329
226 330
226 334
226 339
226 346
226 361
226 399
226 409
226 418
226 421
226 431
226 447
226 460
226 479
226 482
226 487
226 490
226 497
227 231
227 240
227 243
227 261
227 263
227 265
227 270
227 277
227 301
227 305
227 325
227 332
227 333
227 345
227 360
227 366
227 380
227 384
227 389
227 416
227 425
227 427
227 429
227 435
227 438
227 463
227 480
227 493
227 496
228 244
228 261
228 293
228 295
228 297
228 347
228 363
228 385
228 388
228 394
228 449
228 456
228 467
228 478
228 483
228 489
228 492
228 495
229 234
229 235
229 255
229 258
229 262
229 278
229 304
229 308
229 339
229 385
229 399
229 406
229 410
229 419
229 421
229 423
229 430
229 433
229 450
229 457
229 472
229 497
230 237
230 254
230 261
230 279
230 310
230 343
230 368
230 375
230 378
230 382
230 384
230 386
230 392
230 429
230 433
230 473
230 489
230 499
231 240
231 259
231 266
231 280
231 307
231 308
231 313
231 322
231 335
231 344
231 354
231 355
231 358
231 384
231 394
231 411
231 420
231 435
231 440
231 458
231 464
231 475
231 481
231 482
231 483
231 496
232 253
232 331
232 350
232 364
232 371
232 383
232 395
232 397
232 419
232 423
232 426
232 450
232 470
232 475
232 493
232 494
232 497
232 499
233 242
233 296
233 321
233 331
233 332
233 346
233 357
233 362
233 377
233 392
233 403
233 424
233 440
233 460
233 471
233 480
233 483
233 485
234 240
234 246
234 256
234 280
234 282
234 290
234 311
234 312
234 322
234 331
234 344
234 388
234 395
234 397
234 401
234 405
234 454
234 458
234 461
234 472
234 480
234 497
234 499
235 291
235 301
235 306
235 313
235 315
235 323
235 333
235 358
235 367
235 385
235 399
235 402
235 415
235 424
235 442
235 456
235 470
235 472
235 498
235 499
236 246
236 250
236 253
236 264
236 287
236 293
236 295
236 304
236 307
236 325
236 327
236 344
236 359
236 366
236 367
236 370
236 377
236 384
236 393
236 400
236 405
236 442
236 446
236 477
236 485
236 486
237 245
237 247
237 248
237 254
237 257
237 261
237 272
237 285
237 296
237 311
237 313
237 318
237 323
237 341
237 353
237 362
237 366
237 368
237 371
237 374
237 391
237 393
237 401
237 402
237 411
237 444
237 447
237 449
237 479
237 489
237 490
237 492
238 251
238 255
238 282
238 287
238 306
238 313
238 326
238 328
238 338
238 342
238 347
238 357
238 375
238 384
238 401
238 407
238 408
238 423
238 424
238 428
238 443
238 472
238 476
238 486
238 488
238 496
239 242
239 249
239 254
239 255
239 261
239 270
239 274
239 275
239 278
239 282
239 298
239 308
239 326
239 336
239 340
239 345
239 362
239 365
239 368
239 370
239 375
239 376
239 392
239 397
239 399
239 405
239 407
239 411
239 419
239 436
239 440
239 444
239 459
239 461
239 468
239 475
239 483
240 272
240 283
240 339
240 344
240 371
240 372
240 382
240 385
240 390
240 403
240 414
240 425
240 432
240 458
240 459
240 464
240 483
240 491
240 497
241 269
241 296
241 323
241 332
241 334
241 420
241 455
241 465
241 466
241 490
242 245
242 249
242 253
242 256
242 259
242 260
242 266
242 278
242 280
242 295
242 315
242 324
242 365
242 396
242 399
242 403
242 408
242 409
242 410
242 417
242 430
242 439
242 469
242 492
242 496
242 497
243 271
243 304
243 306
243 312
243 326
243 355
243 358
243 360
243 365
243 366
243 370
243 373
243 391
243 409
243 424
243 446
243 469
243 493
243 494
244 253
244 258
244 269
244 289
244 320
244 329
244 332
244 333
244 336
244 341
244 374
244 387
244 403
244 486
244 487
244 490
245 268
245 276
245 280
245 286
245 330
245 331
245 345
245 353
245 377
245 383
245 401
245 413
245 429
245 435
245 470
245 482
245 486
245 493
245 497
246 258
246 276
246 282
246 299
246 335
246 361
246 369
246 379
246 386
246 389
246 397
246 435
246 436
246 442
246 449
246 478
246 482
246 486
247 250
247 257
247 265
247 294
247 306
247 310
247 312
247 316
247 326
247 366
247 374
247 403
247 433
247 455
247 461
248 249
248 273
248 274
248 294
248 295
248 298
248 313
248 318
248 330
248 340
248 347
248 368
248 381
248 390
248 392
248 398
248 402
248 403
248 409
248 415
248 429
248 444
248 471
248 473
248 477
248 492
249 263
249 269
249 283
249 299
249 371
249 382
249 396
249 453
249 470
249 474
249 494
250 261
250 289
250 291
250 303
250 307
250 308
250 322
250 338
250 349
250 351
250 357
250 359
250 364
250 374
250 377
250 380
250 422
250 424
250 426
250 436
250 442
250 453
250 456
250 461
250 466
250 497
251 254
251 269
251 299
251 301
251 306
251 314
251 329
251 371
251 397
251 447
251 459
251 462
251 466
252 260
252 265
252 272
252 283
252 287
252 292
252 294
252 297
252 301
252 304
252 306
252 316
252 319
252 321
252 325
252 339
252 361
252 365
252 368
252 380
252 389
252 406
252 424
252 445
252 449
252 466
252 475
253 263
253 279
253 284
253 324
253 330
253 335
253 346
253 349
253 355
253 365
253 381
253 404
253 427
253 429
253 432
253 435
253 467
253 469
253 478
253 479
253 483
254 256
254 270
254 303
254 308
254 316
254 327
254 328
254 349
254 371
254 374
254 422
254 430
254 433
254 460
254 465
254 466
254 474
254 486
254 494
255 261
255 267
255 319
255 338
255 339
255 372
255 378
255 380
255 428
255 434
255 462
255 470
255 480
255 487
255 495
256 259
256 260
256 308
256 310
256 312
256 313
256 339
256 349
256 350
256 355
256 360
256 363
256 368
256 391
256 393
256 401
256 416
256 421
256 451
256 452
256 454
256 461
256 466
256 471
256 474
256 478
256 481
257 270
257 273
257 276
257 287
257 298
257 307
257 326
257 330
257 332
257 342
257 343
257 358
257 388
257 390
257 403
257 411
257 419
257 423
257 429
257 435
257 493
258 270
258 289
258 310
258 326
258 327
258 331
258 334
258 346
258 347
258 353
258 401
258 410
258 418
258 433
258 442
258 458
258 460
258 497
259 285
259 286
259 290
259 293
259 296
259 298
259 300
259 304
259 307
259 308
259 312
259 313
259 323
259 324
259 334
259 353
259 362
259 364
259 369
259 376
259 407
259 411
259 418
259 423
259 450
259 489
260 264
260 280
260 298
260 300
260 319
260 323
260 330
260 332
260 333
260 352
260 354
260 355
260 368
260 384
260 390
260 391
260 415
260 434
260 438
260 452
260 455
260 461
260 482
260 486
261 276
261 280
261 300
261 308
261 309
261 326
261 329
261 330
261 344
261 348
261 351
261 355
261 358
261 364
261 380
261 400
261 421
261 422
261 461
261 465
261 467
261 485
261 494
262 272
262 282
262 288
262 311
262 314
262 318
262 319
262 325
262 335
262 347
262 374
262 400
262 410
262 418
262 432
262 433
262 445
262 449
262 453
262 465
262 473
262 475
262 482
262 484
262 489
262 497
263 271
263 275
263 276
263 279
263 282
263 291
263 295
263 299
263 318
263 320
263 335
263 353
263 359
263 365
263 372
263 389
263 402
263 411
263 431
263 439
263 460
263 475
263 477
263 486
263 498
264 283
264 290
264 318
264 345
264 347
264 351
264 362
264 375
264 379
264 387
264 389
264 400
264 405
264 414
264 430
264 458
264 465
264 471
264 472
264 480
265 270
265 275
265 295
265 307
265 313
265 362
265 383
265 387
265 425
265 426
265 467
265 482
265 483
265 489
266 268
266 273
266 280
266 285
266 290
266 291
266 293
266 297
266 299
266 300
266 307
266 315
266 326
266 341
266 370
266 377
266 408
266 410
266 421
266 429
266 458
266 469
266 473
266 476
266 494
267 279
267 283
267 293
267 294
267 298
267 305
267 316
267 355
267 360
267 368
267 393
267 399
267 419
267 428
267 434
267 444
267 460
267 461
267 473
267 485
267 499
268 292
268 293
268 301
268 313
268 329
268 345
268 346
268 372
268 385
268 393
268 408
268 421
268 433
268 435
268 439
268 442
268 458
268 469
268 483
268 486
268 493
268 495
268 498
269 280
269 303
269 315
269 325
269 346
269 368
269 383
269 384
269 402
269 411
269 437
269 443
269 445
269 461
269 463
269 482
269 495
269 499
270 278
270 283
270 294
270 296
270 298
270 300
270 307
270 321
270 325
270 344
270 346
270 351
270 382
270 413
270 423
270 426
270 434
270 458
270 471
270 478
270 481
270 484
271 278
271 279
271 280
271 298
271 299
271 315
271 319
271 342
271 361
271 365
271 368
271 372
271 389
271 398
271 406
271 409
271 417
271 420
271 425
271 428
271 429
271 432
271 437
271 457
271 463
271 467
271 472
271 477
272 277
272 294
272 302
272 313
272 325
272 327
272 335
272 346
272 350
272 374
272 380
272 382
272 409
272 418
272 446
272 473
272 481
272 488
273 277
273 283
273 305
273 320
273 324
273 334
273 338
273 347
273 360
273 362
273 367
273 384
273 411
273 412
273 428
273 449
273 456
273 477
273 495
274 277
274 285
274 291
274 295
274 303
274 333
274 339
274 341
274 348
274 356
274 364
274 376
274 378
274 385
274 396
274 403
274 418
274 428
274 442
275 276
275 280
275 300
275 301
275 303
275 320
275 327
275 348
275 376
275 379
275 411
275 423
275 468
275 488
276 282
276 287
276 288
276 289
276 296
276 300
276 312
276 335
276 364
276 368
276 386
276 400
276 404
276 410
276 425
276 426
276 436
276 437
276 450
276 494
277 282
277 286
277 300
277 309
277 324
277 325
277 337
277 348
277 369
277 372
277 389
277 416
277 432
277 449
277 451
277 458
277 463
277 486
277 492
277 499
278 279
278 324
278 339
278 347
278 353
278 362
278 365
278 376
278 391
278 405
278 407
278 411
278 455
278 457
278 492
279 300
279 306
279 329
279 330
279 343
279 347
279 350
279 359
279 365
279 378
279 381
279 403
279 406
279 411
279 416
279 419
279 421
279 435
279 438
279 448
279 456
279 463
279 465
279 479
279 490
279 492
280 283
280 297
280 325
280 327
280 331
280 369
280 401
280 404
280 414
280 418
280 419
280 430
280 459
280 479
280 489
281 283
281 301
281 307
281 315
281 317
281 318
281 321
281 344
281 391
281 399
281 404
281 425
281 428
281 445
281 467
281 469
281 471
281 482
281 488
281 498
282 290
282 308
282 313
282 322
282 334
282 335
282 343
282 348
282 383
282 407
282 423
282 430
282 437
282 449
282 455
282 460
282 490
282 492
283 291
283 301
283 312
283 313
283 339
283 343
283 366
283 377
283 381
283 391
283 394
283 409
283 421
283 425
283 433
283 438
283 457
283 483
283 494
284 290
284 294
284 300
284 301
284 302
284 303
284 312
284 315
284 320
284 339
284 342
284 346
284 354
284 366
284 382
284 403
284 406
284 438
284 440
284 457
284 460
284 475
285 292
285 295
285 301
285 304
285 305
285 306
285 309
285 319
285 339
285 346
285 363
285 369
285 371
285 373
285 379
285 384
285 386
285 391
285 409
285 420
285 426
285 440
285 445
285 455
285 468
285 479
285 480
285 487
285 498
286 295
286 300
286 303
286 307
286 308
286 318
286 323
286 336
286 340
286 346
286 348
286 355
286 357
286 363
286 369
286 378
286 389
286 421
286 470
286 478
286 490
286 497
287 290
287 313
287 314
287 320
287 325
287 357
287 381
287 383
287 388
287 399
287 409
287 437
288 301
288 329
288 330
288 333
288 340
288 346
288 359
288 367
288 386
288 387
288 395
288 431
288 469
288 474
288 475
288 490
288 495
289 290
289 312
289 315
289 325
289 328
289 338
289 367
289 369
289 374
289 392
289 408
289 411
289 419
289 439
289 440
289 455
289 457
289 460
289 487
290 312
290 315
290 333
290 336
290 340
290 345
290 357
290 372
290 398
290 399
290 400
290 405
290 414
290 419
290 422
290 431
290 437
290 438
290 445
290 472
290 492
291 312
291 323
291 327
291 330
291 337
291 372
291 375
291 378
291 382
291 387
291 398
291 402
291 411
291 431
291 435
291 441
291 444
291 490
292 302
292 310
292 327
292 328
292 336
292 346
292 347
292 367
292 371
292 376
292 381
292 389
292 391
292 397
292 434
292 454
292 461
292 469
292 485
292 488
293 310
293 312
293 316
293 330
293 336
293 340
293 344
293 360
293 383
293 396
293 406
293 411
293 422
294 311
294 312
294 336
294 369
294 374
294 379
294 389
294 398
294 404
294 410
294 414
294 447
294 450
294 458
294 462
294 470
294 485
295 304
295 308
295 340
295 361
295 369
295 373
295 384
295 412
295 416
295 423
295 432
295 442
295 450
295 464
295 478
295 483
295 490
295 494
295 496
295 498
296 307
296 308
296 329
296 331
296 340
296 372
296 380
296 388
296 400
296 447
296 465
296 476
297 311
297 338
297 364
297 368
297 380
297 392
297 405
297 406
297 415
297 424
297 428
297 429
297 453
297 467
297 477
297 496
298 302
298 303
298 308
298 317
298 335
298 336
298 351
298 354
298 361
298 391
298 435
298 446
298 458
298 497
299 303
299 309
299 341
299 342
299 395
299 400
299 411
299 418
299 428
299 429
299 476
299 482
299 487
300 317
300 335
300 344
300 349
300 354
300 362
300 376
300 380
300 382
300 384
300 398
300 403
300 417
300 424
300 452
300 456
300 465
300 471
301 327
301 334
301 340
301 358
301 359
301 373
301 379
301 388
301 401
301 402
301 407
301 419
301 429
301 442
301 461
301 464
301 466
301 467
301 471
301 499
302 307
302 308
302 309
302 323
302 325
302 326
302 331
302 336
302 363
302 370
302 383
302 408
302 414
302 418
302 427
302 460
302 464
302 470
302 472
302 492
302 499
303 304
303 320
303 322
303 341
303 350
303 355
303 359
303 360
303 377
303 402
303 403
303 406
303 410
303 436
303 448
303 455
303 458
303 462
303 464
303 492
303 499
304 308
304 318
304 334
304 336
304 395
304 410
304 421
304 431
304 433
304 445
304 456
304 464
304 476
304 479
305 324
305 325
305 338
305 344
305 363
305 372
305 397
305 404
305 409
305 417
305 418
305 457
305 461
305 465
305 484
305 485
305 486
305 499
306 322
306 330
306 331
306 338
306 345
306 353
306 355
306 357
306 377
306 399
306 407
306 409
306 415
306 422
306 428
306 431
306 449
306 452
306 460
306 464
306 466
306 479
306 490
307 317
307 363
307 368
307 406
307 422
307 451
307 457
307 458
307 460
307 461
307 483
308 319
308 330
308 339
308 390
308 397
308 420
308 453
308 454
308 476
308 479
308 492
309 323
309 327
309 349
309 356
309 359
309 369
309 372
309 379
309 384
309 387
309 412
309 420
309 432
309 440
309 468
309 471
309 487
309 489
310 350
310 363
310 371
310 373
310 378
310 385
310 398
310 400
310 405
310 411
310 412
310 415
310 422
310 443
310 447
310 460
310 468
310 475
310 477
311 312
311 314
311 336
311 351
311 360
311 364
311 366
311 367
311 380
311 395
311 403
311 409
311 416
311 425
311 435
311 439
311 455
311 461
311 466
311 486
312 315
312 342
312 365
312 374
312 383
312 420
312 436
312 438
312 441
312 454
312 466
312 472
312 479
312 486
312 488
313 316
313 326
313 328
313 329
313 332
313 365
313 386
313 399
313 402
313 429
313 437
313 442
313 457
313 478
313 490
314 334
314 352
314 360
314 364
314 396
314 399
314 402
314 410
314 451
314 467
314 474
314 478
314 479
315 317
315 324
315 330
315 366
315 387
315 404
315 406
315 409
315 413
315 418
315 422
315 433
315 439
315 442
315 445
315 459
315 482
315 487
315 495
316 319
316 341
316 355
316 365
316 369
316 377
316 383
316 386
316 390
316 414
316 419
316 421
316 423
316 456
316 489
316 490
316 493
316 494
317 328
317 342
317 357
317 359
317 369
317 378
317 380
317 383
317 428
317 468
317 474
317 487
318 322
318 343
318 354
318 356
318 362
318 374
318 375
318 410
318 417
318 430
318 438
318 456
318 461
318 466
318 467
318 473
318 474
318 481
319 352
319 380
319 391
319 394
319 400
319 409
319 412
319 431
319 440
319 441
319 442
319 454
319 460
319 480
319 483
319 499
320 341
320 354
320 357
320 363
320 378
320 382
320 395
320 407
320 414
320 429
320 446
320 452
320 471
320 497
320 498
321 340
321 341
321 360
321 362
321 403
321 408
321 409
321 423
321 428
321 434
321 437
321 440
321 457
321 462
321 475
321 488
321 489
321 495
322 324
322 344
322 345
322 346
322 363
322 370
322 378
322 392
322 404
322 431
322 445
322 464
322 487
322 489
322 490
322 492
322 497
322 499
323 351
323 364
323 392
323 393
323 428
323 440
323 442
323 444
323 447
323 470
323 477
323 478
323 480
323 481
323 492
323 494
323 498
324 325
324 333
324 362
324 364
324 375
324 392
324 398
324 399
324 407
324 410
324 437
324 458
324 461
324 468
325 365
325 376
325 414
325 416
325 445
325 450
325 467
325 489
325 490
325 491
325 499
326 328
326 333
326 344
326 392
326 402
326 406
326 442
326 444
326 482
326 483
326 484
326 486
326 490
326 499
327 343
327 350
327 369
327 372
327 378
327 392
327 395
327 406
327 423
327 433
327 435
327 438
327 447
327 477
327 481
328 345
328 357
328 358
328 380
328 396
328 413
328 416
328 425
328 458
328 484
329 339
329 365
329 381
329 461
329 463
329 494
330 337
330 341
330 349
330 359
330 373
330 425
330 452
330 489
330 490
330 495
331 344
331 365
331 366
331 376
331 383
331 395
331 398
331 403
331 415
331 425
331 452
331 464
331 467
331 472
331 499
332 336
332 338
332 365
332 374
332 375
332 389
332 430
332 449
332 455
332 456
332 458
332 461
332 470
332 479
332 481
333 343
333 360
333 362
333 398
333 410
333 418
333 434
333 435
333 461
333 470
333 471
333 483
333 487
334 337
334 363
334 377
334 385
334 387
334 398
334 401
334 412
334 438
334 446
334 450
334 454
334 455
334 462
334 463
334 478
334 480
334 482
334 484
334 487
335 337
335 338
335 357
335 373
335 376
335 383
335 396
335 423
335 455
335 479
335 481
335 483
335 486
336 339
336 368
336 381
336 399
336 403
336 412
336 413
336 420
336 425
336 426
336 458
336 461
336 497
337 342
337 379
337 384
337 412
337 415
337 431
337 448
337 450
337 467
337 468
337 469
337 478
337 479
338 342
338 345
338 354
338 360
338 371
338 382
338 383
338 388
338 394
338 401
338 403
338 406
338 415
338 427
338 445
338 470
338 471
338 478
338 497
339 360
339 363
339 372
339 390
339 392
339 404
339 427
339 432
339 433
339 435
339 445
339 453
339 475
339 478
339 489
339 491
339 498
340 353
340 354
340 355
340 370
340 417
340 440
340 468
340 469
340 478
340 497
341 345
341 363
341 372
341 380
341 384
341 401
341 406
341 414
341 448
341 449
341 460
341 462
341 468
341 470
341 476
342 351
342 372
342 374
342 395
342 398
342 412
342 413
342 424
342 434
342 460
342 489
343 356
343 357
343 358
343 381
343 403
343 420
343 439
343 441
343 450
343 460
343 466
343 468
344 346
344 349
344 362
344 381
344 386
344 392
344 407
344 461
344 467
344 479
344 487
345 348
345 374
345 383
345 393
345 394
345 420
345 431
345 435
345 440
345 465
345 488
345 498
345 499
346 347
346 358
346 373
346 384
346 390
346 427
346 442
346 448
346 462
346 463
346 478
346 480
346 499
347 352
347 356
347 359
347 360
347 365
347 373
347 406
347 408
347 409
347 422
347 431
347 432
347 467
347 482
347 497
348 350
348 351
348 360
348 366
348 384
348 412
348 420
348 425
348 427
348 442
348 448
348 477
348 481
348 489
348 498
349 360
349 366
349 374
349 389
349 396
349 429
349 434
349 445
349 454
349 470
349 479
350 359
350 365
350 371
350 385
350 389
350 420
350 431
350 435
351 353
351 361
351 385
351 394
351 419
351 441
351 443
351 447
351 448
351 450
351 451
351 473
352 363
352 383
352 389
352 403
352 425
352 427
352 434
352 448
352 459
352 469
352 495
353 355
353 374
353 388
353 393
353 403
353 428
353 430
353 431
353 451
353 461
353 471
353 472
353 477
353 480
354 360
354 363
354 371
354 375
354 380
354 384
354 389
354 435
354 437
354 445
354 451
354 469
354 481
354 489
355 361
355 392
355 396
355 397
355 400
355 429
355 436
355 455
355 461
355 490
355 495
355 499
356 357
356 383
356 387
356 390
356 398
356 408
356 409
356 422
356 443
356 448
356 461
357 366
357 369
357 385
357 396
357 431
357 445
357 448
357 464
357 479
357 481
357 488
358 368
358 383
358 384
358 389
358 400
358 402
358 410
358 419
358 427
358 442
358 454
358 467
358 468
358 497
359 378
359 395
359 402
359 410
359 416
359 465
359 499
360 365
360 368
360 371
360 388
360 396
360 399
360 403
360 447
360 460
360 474
360 478
360 482
360 489
361 362
361 398
361 406
361 432
361 458
361 462
361 473
361 477
361 485
362 391
362 392
362 409
362 412
362 415
362 425
362 435
362 442
362 443
362 450
362 473
362 475
362 480
362 492
363 368
363 373
363 378
363 385
363 405
363 416
363 425
363 436
363 441
363 442
363 445
363 459
363 463
363 466
363 490
363 492
364 392
364 404
364 407
364 427
364 438
364 446
364 476
364 478
365 381
365 386
365 397
365 420
365 433
365 438
365 469
365 472
366 377
366 395
366 402
366 415
366 416
366 454
366 468
366 470
366 488
367 383
367 384
367 407
367 421
367 432
367 437
367 463
367 467
367 469
367 472
367 473
367 482
367 496
368 400
368 413
368 422
368 431
368 435
368 439
368 441
368 443
368 447
368 452
368 459
368 468
368 480
368 488
368 490
369 374
369 377
369 394
369 401
369 403
369 407
369 423
369 452
369 471
369 476
370 378
370 384
370 389
370 391
370 402
370 403
370 408
370 409
370 428
370 434
370 440
370 445
370 449
370 459
370 461
370 465
370 474
371 389
371 409
371 424
371 448
371 455
371 481
371 484
371 488
371 494
372 399
372 403
372 425
372 434
372 452
372 455
372 458
372 468
372 469
372 477
372 479
372 483
373 381
373 395
373 405
373 425
373 436
373 441
373 454
373 462
373 494
373 495
374 379
374 424
374 451
374 456
374 458
374 459
374 463
374 478
374 480
374 494
374 497
375 382
375 393
375 440
375 447
375 460
375 461
375 472
375 475
375 487
375 488
375 493
376 387
376 393
376 412
376 420
376 425
376 443
376 445
376 449
376 472
376 490
376 492
377 398
377 403
377 415
377 417
377 418
377 419
377 420
377 421
377 424
377 429
377 434
377 436
377 457
377 462
377 467
377 486
377 492
378 381
378 396
378 398
378 455
378 459
378 461
378 467
378 469
378 493
378 497
379 383
379 401
379 402
379 405
379 427
379 428
379 431
379 484
379 486
379 490
379 499
380 382
380 384
380 386
380 407
380 416
380 418
380 424
380 435
380 450
380 453
380 466
380 473
380 476
380 488
380 491
380 496
380 499
381 387
381 390
381 398
381 406
381 411
381 423
381 427
381 444
381 447
381 462
381 468
381 481
381 484
381 489
382 389
382 409
382 413
382 421
382 441
382 449
382 460
382 463
382 475
383 396
383 413
383 422
383 442
383 449
383 458
383 461
383 462
383 467
383 476
383 486
383 499
384 391
384 393
384 409
384 411
384 412
384 431
384 442
384 444
384 469
384 471
384 485
384 486
384 495
385 392
385 397
385 400
385 409
385 417
385 450
385 454
385 466
385 467
385 480
385 498
385 499
386 396
386 407
386 419
386 431
386 465
386 466
386 478
386 483
386 495
386 497
387 404
387 411
387 420
387 454
387 456
387 461
387 472
387 494
388 398
388 399
388 420
388 426
388 427
388 435
388 439
388 444
388 467
388 499
389 399
389 405
389 414
389 420
389 425
389 426
389 437
389 449
389 454
389 468
389 472
389 476
389 488
389 490
390 404
390 413
390 415
390 420
390 427
390 431
390 449
390 462
390 466
390 468
390 475
390 481
390 487
391 394
391 397
391 405
391 406
391 407
391 440
391 473
391 475
392 398
392 403
392 424
392 427
392 431
392 449
392 451
392 456
392 471
392 479
392 481
393 401
393 404
393 407
393 412
393 445
393 454
393 474
393 484
393 485
393 490
394 403
394 439
394 452
394 462
395 401
395 418
395 442
395 469
395 474
395 488
396 408
396 409
396 416
396 422
396 460
396 478
397 399
397 427
397 435
397 442
397 446
397 455
397 475
397 483
397 484
397 492
398 414
398 452
398 456
398 473
398 496
399 420
399 434
399 451
399 467
399 476
399 477
399 480
399 491
400 429
400 446
400 458
400 473
400 480
400 498
401 420
401 449
401 454
401 460
401 482
401 485
401 487
401 488
401 489
402 410
402 424
402 425
402 433
402 434
402 435
402 442
402 450
402 465
402 471
402 477
402 480
402 497
402 498
403 405
403 410
403 423
403 424
403 429
403 442
403 455
403 457
403 465
403 485
403 498
404 413
404 415
404 420
404 436
404 442
404 452
404 456
404 459
404 479
404 481
404 493
404 496
405 409
405 416
405 422
405 436
405 469
405 478
405 482
405 488
405 492
406 414
406 425
406 437
406 444
406 446
406 455
406 456
406 458
406 466
406 473
406 490
406 493
406 495
407 435
407 466
407 467
407 470
407 491
407 499
408 410
408 425
408 469
408 495
408 496
409 411
409 414
409 422
409 423
409 435
409 437
409 449
409 457
409 475
410 432
410 449
410 453
411 413
411 422
411 436
411 442
411 469
411 478
411 479
411 489
411 494
411 497
412 419
412 421
412 434
412 450
412 453
412 484
413 417
413 422
413 427
413 429
413 444
413 447
413 475
413 495
414 417
414 425
414 442
414 463
414 465
414 469
414 471
414 473
414 485
415 429
415 431
415 432
415 433
415 447
415 455
415 457
415 486
416 429
416 436
416 451
416 463
416 464
416 472
416 482
417 423
417 436
417 439
417 440
417 446
417 448
417 472
417 474
417 477
417 496
418 421
418 424
418 451
418 457
418 470
418 480
418 498
419 420
419 423
419 445
419 446
419 462
419 485
419 486
419 487
419 490
419 497
419 498
420 456
420 478
420 499
421 439
421 449
421 453
421 454
421 470
421 471
421 483
421 495
422 425
422 434
422 439
422 446
422 448
422 454
422 461
422 478
423 425
423 445
423 478
423 479
423 480
423 486
424 430
424 445
424 446
424 450
424 456
424 465
424 469
424 470
424 489
424 492
425 448
425 455
425 477
425 491
425 495
425 497
426 450
426 471
426 473
426 474
426 476
426 484
426 488
426 494
427 440
427 448
428 466
428 469
428 475
428 490
429 436
429 452
429 457
429 464
429 472
429 486
430 444
430 452
430 457
430 476
431 439
431 442
431 447
431 456
431 469
431 474
431 481
431 495
431 497
432 459
432 461
432 482
432 485
432 492
433 434
433 447
433 454
433 459
433 494
434 435
434 440
434 447
434 450
434 453
434 455
434 467
434 481
434 499
435 443
435 445
435 463
435 468
435 480
435 481
435 483
436 449
436 463
436 467
436 480
436 488
436 494
437 442
437 443
437 451
437 463
438 440
438 475
438 489
439 445
439 466
439 467
439 472
440 445
440 499
441 451
441 459
441 460
441 467
441 478
441 481
441 483
441 492
442 458
442 487
443 444
443 446
443 455
443 468
443 475
443 498
444 445
444 446
444 463
444 465
445 457
445 464
445 473
445 476
445 480
445 492
445 494
445 496
446 457
446 458
446 483
446 484
446 496
446 498
447 459
447 471
447 474
447 493
447 494
448 450
448 457
448 464
448 495
449 451
449 452
449 453
449 459
449 485
449 499
450 458
450 480
451 464
451 473
451 483
451 498
452 464
452 467
453 456
453 461
453 465
453 466
453 478
453 479
453 493
453 494
454 476
454 479
454 483
454 491
454 499
455 458
455 495
456 461
456 472
456 491
457 459
457 470
457 483
457 492
458 482
458 486
459 476
459 478
459 489
459 493
460 463
460 476
460 482
460 491
460 492
460 495
461 463
461 464
461 473
461 497
462 466
462 484
462 490
462 492
463 465
463 478
463 480
464 469
464 476
464 480
464 485
465 471
465 481
465 482
465 490
466 468
466 474
466 475
466 480
466 492
467 475
467 488
468 492
469 482
470 479
470 488
470 492
471 473
471 475
471 483
471 485
472 474
472 489
473 474
473 484
473 486
474 481
474 482
475 480
475 488
475 493
476 480
476 483
476 493
477 488
478 488
478 498
479 496
481 485
481 488
482 484
483 489
483 493
483 499
484 497
485 497
486 490
486 493
486 497
488 494
490 496
490 497
492 499
