300 3538 0.5
0 44
0 51
0 62
0 75
0 78
0 82
0 85
0 120
0 122
0 123
0 161
0 178
0 181
0 212
0 214
0 217
0 227
0 228
0 246
0 247
0 254
0 262
0 264
0 266
0 267
0 285
0 288
1 16
1 22
1 34
1 50
1 51
1 53
1 67
1 113
1 122
1 133
1 134
1 136
1 149
1 156
1 170
1 208
1 217
1 219
1 244
1 266
1 280
1 295
1 299
2 11
2 35
2 38
2 43
2 65
2 67
2 70
2 73
2 75
2 84
2 135
2 136
2 138
2 151
2 169
2 203
2 220
2 240
2 255
2 277
2 280
2 284
2 295
2 298
3 9
3 14
3 73
3 74
3 84
3 86
3 197
3 210
3 212
3 221
3 226
3 230
3 249
3 251
3 259
3 272
3 281
3 284
3 287
3 293
3 296
3 299
4 8
4 20
4 25
4 33
4 57
4 86
4 97
4 123
4 143
4 145
4 165
4 176
4 179
4 185
4 186
4 189
4 209
4 217
4 226
4 238
4 243
4 251
4 260
4 261
4 264
4 265
4 275
4 276
4 284
4 285
5 12
5 34
5 39
5 40
5 49
5 72
5 91
5 93
5 96
5 101
5 122
5 127
5 157
5 166
5 170
5 171
5 196
5 197
5 222
5 224
5 230
5 232
5 261
5 267
5 279
6 9
6 11
6 31
6 49
6 88
6 92
6 95
6 107
6 127
6 129
6 135
6 149
6 178
6 181
6 209
6 222
6 224
6 237
6 290
7 11
7 18
7 26
7 40
7 64
7 82
7 99
7 101
7 112
7 117
7 125
7 134
7 144
7 148
7 158
7 172
7 174
7 183
7 184
7 201
7 205
7 210
7 214
7 256
7 258
7 289
7 291
8 9
8 13
8 19
8 39
8 44
8 56
8 67
8 69
8 90
8 91
8 92
8 114
8 124
8 138
8 147
8 149
8 153
8 159
8 162
8 176
8 179
8 212
8 223
8 226
8 230
8 233
8 255
8 270
8 272
8 275
8 277
8 280
9 56
9 65
9 77
9 83
9 113
9 117
9 120
9 132
9 154
9 184
9 200
9 207
9 212
9 214
9 223
9 228
9 229
9 232
9 242
9 255
9 256
9 259
9 271
9 273
9 287
10 17
10 44
10 46
10 55
10 57
10 61
10 68
10 83
10 84
10 85
10 87
10 103
10 108
10 109
10 116
10 129
10 130
10 132
10 145
10 178
10 208
10 219
10 222
10 228
10 240
10 269
10 273
10 274
11 12
11 20
11 28
11 47
11 53
11 58
11 60
11 62
11 86
11 104
11 105
11 119
11 121
11 127
11 136
11 137
11 141
11 146
11 149
11 150
11 151
11 159
11 176
11 183
11 201
11 203
11 247
11 258
11 260
11 262
11 265
11 271
11 276
11 298
12 21
12 41
12 43
12 50
12 60
12 62
12 64
12 65
12 77
12 123
12 133
12 135
12 142
12 143
12 151
12 154
12 161
12 164
12 170
12 173
12 186
12 188
12 205
12 207
12 215
12 220
12 226
12 265
13 52
13 65
13 76
13 109
13 113
13 139
13 144
13 153
13 155
13 158
13 163
13 165
13 169
13 170
13 193
13 199
13 207
13 222
13 224
13 239
13 244
13 275
13 283
13 299
14 16
14 21
14 32
14 42
14 55
14 58
14 120
14 123
14 124
14 148
14 173
14 174
14 192
14 194
14 216
14 230
14 247
14 258
14 262
14 272
14 295
14 299
15 39
15 63
15 79
15 104
15 126
15 130
15 136
15 157
15 164
15 178
15 191
15 199
15 206
15 207
15 210
15 211
15 258
15 266
15 270
15 274
15 288
15 292
16 25
16 34
16 43
16 56
16 64
16 81
16 104
16 113
16 116
16 156
16 159
16 181
16 222
16 229
16 232
16 233
16 269
16 273
16 274
16 288
16 296
17 19
17 26
17 37
17 51
17 54
17 66
17 67
17 86
17 89
17 103
17 122
17 127
17 133
17 168
17 207
17 233
17 239
17 256
17 278
17 279
18 20
18 46
18 57
18 94
18 98
18 115
18 122
18 157
18 161
18 167
18 178
18 231
18 236
18 237
18 244
18 286
18 287
18 293
19 22
19 34
19 63
19 64
19 73
19 74
19 101
19 132
19 134
19 157
19 158
19 174
19 212
19 226
19 228
19 259
19 266
19 273
19 288
20 33
20 73
20 83
20 90
20 91
20 120
20 137
20 146
20 168
20 177
20 192
20 194
20 241
20 243
20 247
20 275
20 282
20 286
20 299
21 33
21 61
21 77
21 79
21 85
21 104
21 110
21 112
21 134
21 145
21 146
21 171
21 183
21 190
21 194
21 203
21 204
21 211
21 215
21 224
21 227
21 283
21 288
22 27
22 31
22 48
22 67
22 72
22 73
22 74
22 87
22 92
22 130
22 134
22 135
22 139
22 143
22 145
22 168
22 173
22 184
22 190
22 215
22 230
22 232
22 252
22 254
22 267
22 271
22 286
22 296
23 32
23 34
23 36
23 38
23 44
23 48
23 51
23 64
23 66
23 78
23 87
23 143
23 166
23 186
23 188
23 203
23 206
23 236
23 237
23 249
23 253
23 258
23 262
23 277
23 280
24 36
24 49
24 62
24 73
24 92
24 100
24 107
24 118
24 119
24 129
24 132
24 137
24 166
24 207
24 215
24 222
24 240
24 242
24 254
24 270
24 271
25 48
25 67
25 78
25 82
25 83
25 99
25 106
25 126
25 133
25 137
25 139
25 146
25 157
25 160
25 200
25 209
25 213
25 240
25 254
25 261
25 279
26 32
26 37
26 43
26 56
26 57
26 75
26 78
26 91
26 95
26 108
26 140
26 141
26 149
26 173
26 183
26 193
26 216
26 231
26 250
26 253
26 264
26 275
26 284
26 293
26 296
27 34
27 35
27 38
27 42
27 60
27 123
27 148
27 187
27 203
27 206
27 211
27 232
27 293
28 37
28 47
28 71
28 73
28 79
28 87
28 93
28 98
28 133
28 136
28 155
28 188
28 196
28 210
28 211
28 220
28 232
28 234
28 238
28 239
28 240
28 246
28 247
28 252
28 299
29 32
29 38
29 48
29 64
29 67
29 68
29 71
29 81
29 87
29 103
29 117
29 120
29 134
29 155
29 185
29 187
29 195
29 201
29 203
29 221
29 252
29 277
29 290
29 294
29 297
30 31
30 64
30 68
30 74
30 96
30 105
30 124
30 138
30 156
30 165
30 167
30 169
30 179
30 185
30 191
30 200
30 204
30 207
30 227
30 241
30 259
30 266
30 277
30 282
30 288
30 296
31 38
31 88
31 102
31 105
31 119
31 125
31 148
31 151
31 161
31 162
31 188
31 208
31 213
31 234
31 256
31 271
31 275
32 79
32 88
32 92
32 104
32 115
32 129
32 132
32 138
32 139
32 151
32 174
32 187
32 192
32 199
32 222
32 225
32 234
32 276
32 286
32 299
33 35
33 37
33 39
33 40
33 58
33 98
33 101
33 108
33 113
33 136
33 144
33 188
33 191
33 241
33 243
33 292
34 40
34 65
34 70
34 75
34 99
34 108
34 142
34 151
34 152
34 176
34 181
34 183
34 192
34 196
34 201
34 202
34 206
34 208
34 212
34 218
34 226
34 233
34 235
34 242
34 246
34 276
34 280
35 55
35 77
35 80
35 115
35 117
35 131
35 132
35 142
35 143
35 147
35 153
35 162
35 174
35 181
35 202
35 220
35 233
35 234
35 236
35 251
35 260
35 265
35 294
35 298
35 299
36 49
36 51
36 52
36 55
36 61
36 66
36 98
36 135
36 161
36 186
36 192
36 201
36 222
36 228
36 236
36 238
36 244
36 293
37 40
37 41
37 87
37 116
37 128
37 129
37 133
37 158
37 175
37 199
37 227
37 229
37 244
37 249
37 269
37 271
37 278
37 292
37 294
38 43
38 54
38 59
38 61
38 63
38 85
38 92
38 99
38 110
38 123
38 125
38 135
38 151
38 154
38 164
38 172
38 180
38 186
38 196
38 197
38 226
38 239
38 255
38 261
38 268
38 274
38 296
39 42
39 52
39 54
39 58
39 68
39 97
39 102
39 107
39 124
39 132
39 146
39 153
39 156
39 161
39 163
39 164
39 167
39 176
39 177
39 178
39 188
39 191
39 219
39 233
39 244
39 249
39 255
39 258
39 270
39 278
39 282
40 50
40 72
40 83
40 89
40 96
40 122
40 155
40 166
40 184
40 250
40 253
40 291
41 63
41 64
41 82
41 92
41 121
41 130
41 159
41 171
41 173
41 186
41 188
41 195
41 205
41 229
41 237
41 245
41 265
41 267
41 268
41 271
41 287
42 47
42 70
42 77
42 85
42 98
42 99
42 103
42 113
42 128
42 139
42 152
42 191
42 211
42 234
42 241
42 251
42 252
42 275
42 286
42 287
42 296
43 57
43 61
43 77
43 91
43 98
43 107
43 110
43 119
43 122
43 142
43 148
43 164
43 171
43 172
43 184
43 217
43 218
43 236
43 239
43 261
43 262
43 281
43 284
43 288
43 291
44 63
44 89
44 110
44 111
44 129
44 133
44 185
44 199
44 200
44 209
44 229
44 247
44 249
44 263
44 265
44 276
44 285
44 287
44 298
45 46
45 59
45 61
45 65
45 66
45 72
45 88
45 92
45 94
45 153
45 173
45 205
45 222
45 226
45 235
45 293
46 48
46 57
46 118
46 136
46 142
46 154
46 160
46 205
46 208
46 211
46 217
46 233
46 237
46 248
46 268
46 274
46 275
46 287
46 288
46 299
47 50
47 77
47 124
47 146
47 159
47 162
47 171
47 177
47 187
47 191
47 222
47 224
47 240
47 272
47 282
47 285
47 289
47 294
47 295
48 50
48 55
48 65
48 66
48 89
48 112
48 184
48 186
48 213
48 220
48 221
48 223
48 226
48 235
48 237
48 246
48 262
48 273
48 280
48 299
49 77
49 107
49 127
49 139
49 144
49 150
49 165
49 180
49 181
49 182
49 207
49 239
49 249
49 276
49 289
49 294
49 295
50 54
50 70
50 120
50 140
50 142
50 149
50 200
50 203
50 204
50 212
50 216
50 223
50 261
50 266
51 72
51 78
51 116
51 117
51 121
51 128
51 143
51 147
51 164
51 169
51 172
51 198
51 216
51 221
51 223
51 224
51 232
51 237
51 250
51 279
52 61
52 68
52 77
52 91
52 93
52 101
52 117
52 137
52 138
52 171
52 173
52 177
52 189
52 199
52 200
52 202
52 208
52 225
52 234
52 237
52 246
52 274
52 296
52 298
53 55
53 69
53 100
53 106
53 109
53 110
53 115
53 144
53 148
53 153
53 156
53 160
53 167
53 186
53 189
53 192
53 204
53 229
53 243
53 246
53 269
53 270
53 275
53 276
53 281
54 69
54 79
54 110
54 125
54 136
54 160
54 163
54 190
54 202
54 230
54 237
54 275
54 278
54 289
54 293
54 295
55 60
55 68
55 70
55 72
55 86
55 108
55 113
55 150
55 156
55 172
55 173
55 183
55 238
55 274
55 287
55 299
56 60
56 64
56 69
56 76
56 83
56 94
56 111
56 115
56 136
56 150
56 184
56 197
56 214
56 236
56 239
56 240
56 249
56 279
56 282
56 285
56 288
57 64
57 77
57 105
57 130
57 140
57 144
57 145
57 191
57 195
57 197
57 199
57 234
57 238
57 278
57 282
58 60
58 77
58 84
58 86
58 145
58 178
58 181
58 185
58 186
58 201
58 247
58 275
58 297
59 64
59 119
59 145
59 175
59 178
59 179
59 220
59 224
59 230
59 256
59 294
60 67
60 76
60 90
60 123
60 138
60 152
60 153
60 181
60 200
60 208
60 209
60 217
60 243
60 280
60 290
60 291
60 297
60 298
61 64
61 85
61 111
61 120
61 153
61 179
61 187
61 192
61 195
61 208
61 209
61 283
61 290
62 68
62 79
62 82
62 85
62 93
62 102
62 107
62 109
62 112
62 134
62 161
62 194
62 198
62 199
62 202
62 239
62 247
62 250
62 253
62 266
62 270
62 284
62 295
63 71
63 79
63 86
63 98
63 103
63 107
63 108
63 141
63 149
63 152
63 189
63 192
63 194
63 202
63 217
63 229
63 231
63 234
63 275
63 278
63 287
63 292
64 71
64 82
64 85
64 90
64 102
64 119
64 170
64 181
64 184
64 209
64 210
64 245
64 247
64 253
64 285
64 294
64 295
65 78
65 79
65 90
65 104
65 117
65 124
65 141
65 149
65 154
65 155
65 165
65 172
65 184
65 190
65 210
65 218
65 236
65 247
65 263
65 272
65 276
66 72
66 87
66 92
66 96
66 103
66 120
66 125
66 128
66 156
66 163
66 165
66 171
66 188
66 193
66 195
66 199
66 221
66 232
66 243
66 253
66 278
66 292
67 110
67 137
67 140
67 148
67 208
67 217
67 219
67 240
67 267
67 274
67 286
68 71
68 83
68 108
68 109
68 168
68 172
68 178
68 193
68 201
68 225
68 231
68 282
68 297
69 115
69 161
69 167
69 186
69 192
69 205
69 211
69 212
69 217
69 237
69 239
69 262
69 265
69 275
69 292
70 84
70 93
70 115
70 133
70 138
70 139
70 140
70 148
70 149
70 157
70 164
70 233
70 243
70 260
70 267
70 269
70 271
70 273
70 278
71 109
71 121
71 130
71 137
71 151
71 154
71 162
71 164
71 182
71 214
71 216
71 219
71 220
71 226
71 241
71 256
71 257
71 266
71 267
71 268
71 274
71 278
71 281
71 286
71 289
71 294
72 94
72 106
72 115
72 121
72 130
72 139
72 162
72 163
72 165
72 211
72 238
72 241
72 244
72 251
72 252
72 269
72 270
72 279
72 281
72 284
72 296
73 74
73 96
73 99
73 105
73 135
73 149
73 156
73 178
73 203
73 210
73 239
73 273
73 295
73 299
74 85
74 86
74 103
74 107
74 111
74 116
74 122
74 124
74 125
74 132
74 139
74 140
74 181
74 229
74 245
74 249
74 263
74 270
74 284
74 288
74 299
75 99
75 107
75 131
75 161
75 165
75 170
75 178
75 180
75 184
75 192
75 195
75 215
75 222
75 225
75 234
75 239
75 245
75 249
75 274
75 285
75 294
75 297
76 78
76 94
76 96
76 97
76 126
76 135
76 152
76 156
76 167
76 173
76 176
76 181
76 186
76 190
76 195
76 196
76 202
76 214
76 216
76 230
76 239
76 277
77 88
77 93
77 98
77 139
77 164
77 177
77 178
77 180
77 187
77 196
77 203
77 211
77 246
77 247
77 252
77 272
77 286
78 82
78 85
78 87
78 88
78 89
78 97
78 104
78 106
78 109
78 111
78 119
78 120
78 128
78 154
78 178
78 209
78 216
78 220
78 230
78 283
78 293
79 106
79 134
79 151
79 156
79 166
79 183
79 206
79 214
79 220
79 233
79 253
79 266
79 285
79 286
79 287
79 288
79 296
80 85
80 99
80 100
80 118
80 123
80 140
80 151
80 174
80 179
80 201
80 209
80 223
80 232
80 244
80 248
80 251
80 263
80 275
80 291
80 297
81 100
81 157
81 160
81 174
81 194
81 199
81 209
81 211
81 229
81 247
81 299
82 104
82 110
82 135
82 147
82 169
82 174
82 182
82 183
82 198
82 208
82 214
82 215
82 230
82 239
82 240
82 272
82 273
82 289
82 296
83 88
83 99
83 100
83 119
83 125
83 138
83 150
83 151
83 164
83 172
83 175
83 176
83 180
83 190
83 193
83 196
83 218
83 233
83 269
83 284
83 285
83 286
83 291
83 294
84 95
84 103
84 133
84 166
84 186
84 195
84 204
84 222
84 259
84 270
84 284
85 91
85 106
85 125
85 159
85 160
85 164
85 170
85 202
85 206
85 213
85 236
85 257
85 268
85 271
85 273
85 293
86 124
86 155
86 157
86 176
86 187
86 208
86 218
86 220
86 221
86 225
86 232
86 237
86 243
86 253
86 257
86 265
86 271
86 273
86 288
87 126
87 128
87 134
87 137
87 161
87 197
87 200
87 204
87 235
87 237
87 253
87 255
87 276
87 290
88 103
88 107
88 111
88 123
88 145
88 181
88 200
88 212
88 213
88 223
88 232
88 239
88 247
88 285
88 289
89 108
89 124
89 154
89 157
89 160
89 162
89 179
89 188
89 214
89 215
89 218
89 220
89 232
89 280
89 284
89 287
90 94
90 107
90 135
90 142
90 165
90 196
90 212
90 224
90 242
90 247
90 254
90 261
90 266
90 280
91 115
91 120
91 142
91 154
91 156
91 164
91 175
91 179
91 188
91 190
91 191
91 199
91 219
91 222
91 226
91 248
91 271
91 287
91 298
92 107
92 115
92 127
92 131
92 133
92 153
92 155
92 165
92 177
92 179
92 188
92 221
92 253
92 260
92 262
92 269
92 292
93 94
93 101
93 126
93 138
93 140
93 144
93 146
93 152
93 166
93 189
93 195
93 236
93 238
93 244
93 250
93 259
93 281
93 289
94 155
94 160
94 162
94 172
94 203
94 210
94 235
94 248
94 258
94 279
94 292
94 297
95 121
95 160
95 176
95 197
95 202
95 250
95 251
95 261
95 274
96 103
96 110
96 113
96 131
96 136
96 142
96 170
96 174
96 202
96 205
96 217
96 220
96 224
96 231
96 240
96 245
96 278
96 294
97 127
97 150
97 152
97 160
97 161
97 163
97 165
97 166
97 196
97 232
97 245
97 246
97 259
97 276
97 298
98 103
98 106
98 148
98 152
98 157
98 176
98 183
98 192
98 207
98 215
98 224
98 246
98 247
98 255
98 284
99 127
99 128
99 133
99 171
99 204
99 224
99 238
99 239
99 251
99 257
99 258
99 259
99 277
99 285
99 299
100 115
100 134
100 136
100 146
100 161
100 164
100 185
100 189
100 194
100 215
100 220
100 251
100 252
100 254
100 262
100 274
100 285
101 114
101 121
101 127
101 132
101 140
101 150
101 160
101 203
101 232
101 234
101 275
101 283
102 109
102 110
102 122
102 125
102 148
102 149
102 152
102 177
102 183
102 238
102 249
102 267
102 279
102 291
102 297
103 150
103 177
103 182
103 191
103 225
103 228
103 232
103 237
103 249
103 276
103 282
103 287
103 289
103 292
104 111
104 117
104 119
104 128
104 134
104 141
104 159
104 161
104 164
104 198
104 211
104 225
104 226
104 272
104 280
104 299
105 113
105 117
105 129
105 159
105 162
105 164
105 167
105 171
105 178
105 194
105 195
105 212
105 219
105 224
105 241
105 247
105 249
105 285
105 293
106 110
106 121
106 127
106 128
106 187
106 198
106 219
106 232
106 258
106 275
106 282
106 295
107 108
107 111
107 124
107 134
107 137
107 154
107 159
107 212
107 214
107 223
107 240
107 246
107 250
107 268
107 277
107 280
107 291
108 112
108 122
108 128
108 134
108 139
108 152
108 162
108 163
108 164
108 169
108 188
108 195
108 204
108 252
108 256
108 270
108 286
108 288
108 293
108 297
109 115
109 126
109 142
109 154
109 165
109 197
109 221
109 233
109 247
109 278
109 292
109 298
110 137
110 139
110 145
110 149
110 162
110 163
110 167
110 168
110 174
110 188
110 192
110 199
110 214
110 216
110 224
110 236
110 240
110 246
110 254
110 293
110 299
111 117
111 144
111 149
111 152
111 183
111 213
111 217
111 232
111 241
111 295
112 115
112 136
112 164
112 175
112 181
112 186
112 228
112 230
112 244
112 250
112 253
112 260
113 118
113 124
113 131
113 156
113 200
113 213
113 214
113 220
113 230
113 242
113 246
113 248
113 272
113 288
114 117
114 119
114 131
114 132
114 134
114 137
114 142
114 156
114 169
114 197
114 257
114 273
114 298
115 128
115 131
115 138
115 195
115 224
115 237
115 241
116 121
116 128
116 132
116 148
116 155
116 160
116 163
116 167
116 169
116 176
116 187
116 202
116 206
116 210
116 211
116 225
116 236
116 245
116 259
116 271
116 283
117 118
117 128
117 159
117 167
117 180
117 204
117 231
117 241
117 250
117 265
117 270
117 272
117 277
117 283
117 299
118 124
118 139
118 150
118 155
118 158
118 161
118 162
118 167
118 175
118 185
118 209
118 220
118 230
118 233
118 242
118 262
118 263
118 266
118 282
119 134
119 147
119 151
119 154
119 156
119 168
119 186
119 189
119 197
119 200
119 201
119 203
119 224
119 246
119 263
119 264
119 289
119 290
120 121
120 123
120 128
120 165
120 168
120 183
120 195
120 209
120 232
120 250
120 255
120 277
121 148
121 157
121 165
121 180
121 183
121 194
121 200
121 208
121 253
121 254
121 257
122 127
122 184
122 188
122 190
122 191
122 196
122 223
122 226
122 232
122 237
122 263
122 279
122 280
123 125
123 147
123 148
123 171
123 177
123 182
123 188
123 196
123 201
123 213
123 218
123 230
123 248
123 264
123 284
124 190
124 210
124 220
124 252
124 274
124 279
124 288
124 293
125 165
125 166
125 168
125 190
125 196
125 206
125 212
125 213
125 219
125 221
125 230
125 251
125 253
125 283
126 131
126 134
126 140
126 157
126 160
126 168
126 211
126 237
126 244
126 253
126 274
126 277
126 279
126 291
127 146
127 152
127 156
127 177
127 209
127 249
127 258
127 293
127 296
128 144
128 153
128 156
128 167
128 173
128 196
128 222
128 239
128 248
128 293
129 157
129 173
129 179
129 187
129 198
129 202
129 219
129 240
129 251
129 269
129 290
129 296
130 140
130 159
130 179
130 182
130 185
130 196
130 197
130 200
130 214
130 255
130 274
130 277
131 151
131 156
131 158
131 161
131 192
131 207
131 221
131 224
131 230
131 241
131 264
131 278
131 283
131 284
131 291
132 138
132 162
132 169
132 200
132 206
132 217
132 259
132 265
132 266
132 269
132 272
132 276
132 283
132 285
133 154
133 162
133 172
133 188
133 199
133 228
133 232
133 241
133 274
133 290
133 295
134 140
134 147
134 166
134 168
134 169
134 208
134 215
134 216
134 222
134 229
134 247
134 258
134 265
134 276
134 277
134 279
134 297
135 138
135 149
135 171
135 194
135 214
135 220
135 225
135 228
135 232
135 236
135 240
135 241
135 266
135 270
135 278
135 293
136 176
136 218
136 229
136 246
136 249
136 256
136 263
136 271
136 283
136 294
136 297
137 140
137 147
137 151
137 158
137 164
137 166
137 173
137 175
137 183
137 191
137 204
137 217
137 225
137 254
137 285
138 140
138 141
138 143
138 149
138 159
138 162
138 168
138 169
138 171
138 180
138 189
138 202
138 227
138 231
138 234
138 245
138 271
138 292
138 294
139 150
139 205
139 221
139 256
139 297
140 142
140 178
140 180
140 181
140 195
140 196
140 199
140 200
140 203
140 217
140 226
140 233
140 268
140 277
140 281
140 297
141 178
141 179
141 230
141 261
141 263
141 264
141 269
141 275
142 153
142 211
142 212
142 220
142 231
142 234
142 246
142 249
142 256
142 258
142 260
142 277
142 286
142 293
142 298
143 211
143 215
143 225
143 241
143 250
143 252
143 287
144 159
144 170
144 183
144 188
144 198
144 235
144 242
144 248
144 249
144 255
144 271
144 287
144 292
145 189
145 204
145 219
145 220
145 226
145 243
145 281
145 298
146 153
146 156
146 159
146 161
146 167
146 176
146 178
146 181
146 205
146 211
146 223
146 252
146 259
147 162
147 185
147 221
147 246
147 249
147 263
147 264
147 274
147 276
147 281
148 176
148 203
148 212
148 229
148 244
148 257
148 291
148 292
149 179
149 199
149 212
149 215
149 222
149 229
149 236
149 250
149 271
149 275
149 291
149 294
150 200
150 204
150 206
150 231
150 235
150 247
150 252
150 264
150 288
150 293
151 155
151 163
151 170
151 187
151 188
151 226
151 234
151 235
151 245
151 247
151 275
151 276
151 278
151 281
152 158
152 163
152 171
152 175
152 198
152 200
152 205
152 214
152 242
152 266
152 273
152 274
152 280
153 158
153 189
153 191
153 196
153 198
153 220
153 225
153 229
153 240
153 242
153 255
154 166
154 177
154 178
154 180
154 187
154 191
154 201
154 213
154 217
154 249
154 264
154 266
154 267
154 273
155 161
155 163
155 168
155 180
155 183
155 204
155 213
155 219
155 227
155 234
155 237
155 241
155 248
155 269
155 287
155 299
156 173
156 210
156 230
156 232
156 244
156 287
156 297
156 299
157 182
157 183
157 203
157 205
157 228
157 241
157 258
157 263
157 269
157 275
157 294
157 298
158 164
158 183
158 196
158 200
158 209
158 223
158 243
158 276
158 284
158 291
158 297
159 192
159 197
159 227
159 234
159 253
159 260
159 264
159 276
159 277
159 279
159 282
159 285
160 187
160 226
160 239
160 240
160 248
160 249
160 259
160 270
160 281
160 295
161 181
161 184
161 188
161 196
161 207
161 229
161 254
161 262
161 263
161 280
161 299
162 184
162 194
162 204
162 208
162 225
162 231
162 237
162 243
162 256
162 278
162 282
163 180
163 184
163 186
163 190
163 208
163 209
163 215
163 246
163 258
163 269
163 276
164 208
164 218
164 248
164 272
164 286
164 288
165 175
165 198
165 201
165 202
165 208
165 250
165 251
165 264
165 266
165 286
166 167
166 183
166 205
166 209
166 210
166 218
166 229
166 250
166 282
167 232
167 244
167 253
167 259
167 262
167 274
167 282
167 285
167 288
167 289
167 294
168 179
168 192
168 199
168 209
168 224
168 257
168 259
168 267
168 269
168 282
168 299
169 173
169 182
169 192
169 207
169 226
169 228
169 230
169 268
169 287
169 298
170 174
170 187
170 202
170 214
170 216
170 238
170 239
170 245
170 251
170 255
170 261
170 266
170 285
170 291
170 296
171 172
171 174
171 186
171 191
171 213
171 220
171 226
171 230
171 257
171 296
172 223
172 233
172 259
172 261
172 282
173 177
173 216
173 220
173 242
173 263
173 269
173 278
173 287
173 288
174 175
174 180
174 191
174 195
174 200
174 206
174 245
174 247
175 178
175 211
175 231
175 234
175 260
175 265
175 283
176 225
176 262
176 274
176 281
177 181
177 209
177 234
177 252
177 255
177 260
177 264
177 267
177 270
177 277
178 195
178 221
178 225
178 231
178 235
178 243
179 194
179 229
179 238
179 245
179 255
179 284
180 195
180 196
180 199
180 204
180 225
180 228
180 230
180 278
180 295
181 183
181 224
181 243
181 245
181 258
181 261
181 265
181 273
181 289
181 291
181 295
182 187
182 191
182 210
182 221
182 225
182 243
182 244
182 258
182 261
182 288
183 189
183 201
183 210
183 235
183 236
183 240
183 248
183 251
183 269
183 298
184 211
184 212
184 223
184 235
184 247
184 249
184 256
184 262
184 289
185 221
185 235
185 237
185 272
186 192
186 208
186 211
186 215
186 231
186 233
186 236
186 240
186 265
186 280
186 290
186 291
186 298
187 209
187 210
187 243
187 251
187 261
187 264
187 288
188 211
188 225
188 227
188 234
188 244
188 245
188 246
188 274
188 284
188 289
188 295
188 298
189 192
189 199
189 201
189 211
189 219
189 246
189 264
189 266
189 270
189 273
189 280
189 281
189 287
189 294
190 192
190 194
190 249
190 257
190 262
190 281
190 290
190 291
191 192
191 232
191 239
191 264
191 265
191 269
191 271
191 292
191 293
192 194
192 203
192 205
192 208
192 216
192 218
192 220
192 245
192 251
192 256
192 260
192 262
192 270
192 281
192 285
192 295
192 297
193 209
193 215
193 254
193 266
193 267
193 293
193 299
194 219
194 224
194 252
194 272
194 289
194 292
194 294
194 297
195 224
195 254
195 265
195 277
195 287
195 298
196 211
196 250
196 257
196 262
196 263
196 271
196 278
196 286
197 198
197 218
197 231
197 243
197 277
197 290
197 294
197 299
198 213
198 221
198 242
198 258
198 281
198 284
198 295
198 298
199 200
199 201
199 212
199 269
199 290
200 204
200 216
200 264
200 270
200 274
200 277
200 281
200 284
200 290
201 208
201 218
201 228
201 247
201 260
201 266
201 277
201 298
202 223
202 239
202 240
202 246
202 247
202 260
202 262
203 205
203 210
203 230
203 245
203 247
203 250
203 262
203 273
204 225
204 234
204 241
204 245
204 252
204 280
204 296
205 206
205 214
205 223
205 227
205 234
205 261
205 273
205 284
205 291
205 294
206 226
206 231
206 237
206 290
207 208
207 211
207 214
207 233
207 242
207 252
207 255
207 257
207 268
207 273
207 275
208 215
208 222
208 288
208 294
209 223
209 238
209 248
209 249
209 277
209 288
210 226
210 233
210 243
210 251
210 264
210 290
210 293
210 294
211 214
211 233
211 278
211 291
211 294
211 298
212 261
212 271
212 286
213 219
213 220
213 235
213 251
213 275
213 291
214 215
214 219
214 221
214 240
214 269
214 274
214 281
214 292
215 219
215 243
215 254
215 271
215 286
216 229
216 234
216 235
216 238
216 271
216 273
216 283
217 218
217 255
217 262
217 269
217 277
217 285
218 259
218 263
218 264
218 267
218 272
218 292
218 297
219 236
219 259
219 276
219 277
219 281
219 297
220 224
220 238
220 266
220 287
220 289
221 223
221 261
221 274
221 286
222 231
222 236
222 250
222 252
222 263
222 278
222 281
222 292
222 297
223 226
223 252
223 264
223 265
223 276
223 288
223 290
223 291
223 299
224 232
224 235
224 249
224 251
224 257
224 264
224 292
224 296
224 298
225 246
225 260
225 272
226 254
226 266
226 292
226 296
227 238
227 274
227 275
227 278
227 289
227 295
228 247
228 274
228 275
228 278
228 285
229 241
229 248
229 251
229 253
229 262
229 264
229 279
229 291
230 248
230 252
230 276
230 277
230 289
231 299
232 234
232 236
232 237
232 256
232 262
233 256
233 299
234 235
234 253
234 299
236 249
236 251
236 275
236 279
236 293
237 252
237 263
237 268
237 274
237 281
238 259
238 295
239 244
239 247
239 250
239 263
239 270
239 271
239 289
240 247
240 258
240 260
240 266
240 270
240 278
241 261
241 281
241 284
241 298
242 260
242 262
242 277
242 282
243 248
243 254
243 255
243 288
243 294
243 298
244 246
244 270
244 273
244 285
244 296
245 246
245 247
245 271
245 285
245 299
246 248
246 271
247 257
247 272
247 276
247 284
247 294
248 275
249 250
249 264
249 274
249 297
250 255
250 260
250 261
250 270
250 282
250 286
251 267
251 296
252 254
252 271
252 280
252 284
253 257
253 264
253 274
253 291
253 292
253 296
254 279
254 290
254 292
255 275
255 287
255 294
256 257
256 265
256 266
256 268
256 277
256 291
257 284
257 285
257 290
257 291
258 264
258 265
258 271
258 282
258 286
259 270
259 273
259 279
259 290
260 269
260 270
260 273
260 279
260 291
260 295
261 274
261 293
262 280
262 283
263 265
263 272
263 278
263 281
263 282
263 286
264 280
265 266
265 269
266 288
267 269
267 279
267 281
267 283
267 284
268 270
269 273
269 281
270 274
270 290
270 294
270 295
271 282
271 286
271 296
271 299
272 292
273 286
273 295
273 298
274 298
275 282
275 284
276 284
276 289
276 295
276 297
277 278
277 297
278 289
278 298
279 290
279 295
279 299
280 288
281 283
281 286
281 289
282 293
282 297
282 298
283 291
284 289
285 288
285 295
288 289
288 299
289 298
292 294
293 297
295 298
