400 6375 0.5
0 11
0 31
0 51
0 53
0 57
0 65
0 67
0 69
0 104
0 111
0 114
0 145
0 152
0 173
0 176
0 206
0 207
0 213
0 220
0 291
0 322
0 338
0 341
0 359
0 366
0 368
0 383
0 388
0 399
1 3
1 4
1 7
1 15
1 38
1 52
1 75
1 118
1 129
1 158
1 180
1 191
1 209
1 210
1 224
1 229
1 249
1 266
1 268
1 284
1 291
1 318
1 334
1 353
1 356
1 372
2 7
2 14
2 18
2 29
2 36
2 39
2 71
2 74
2 76
2 78
2 112
2 115
2 156
2 157
2 160
2 183
2 208
2 211
2 235
2 237
2 257
2 267
2 269
2 293
2 320
2 325
2 332
2 342
2 352
2 356
2 394
3 29
3 32
3 34
3 36
3 43
3 54
3 63
3 96
3 97
3 99
3 125
3 134
3 144
3 147
3 168
3 176
3 185
3 199
3 251
3 254
3 256
3 278
3 281
3 286
3 292
3 293
3 296
3 301
3 302
3 316
3 336
3 342
3 348
3 351
3 370
3 380
3 394
4 37
4 46
4 54
4 65
4 116
4 126
4 148
4 174
4 180
4 211
4 216
4 222
4 234
4 236
4 240
4 273
4 294
4 319
4 350
4 355
4 374
4 379
4 396
5 24
5 30
5 51
5 57
5 76
5 78
5 80
5 90
5 110
5 112
5 128
5 163
5 167
5 177
5 179
5 181
5 190
5 218
5 223
5 226
5 233
5 236
5 240
5 241
5 265
5 277
5 293
5 294
5 302
5 306
5 309
5 315
5 324
5 337
5 348
5 354
5 359
5 376
5 395
5 399
6 64
6 73
6 74
6 76
6 125
6 132
6 151
6 152
6 153
6 158
6 161
6 164
6 207
6 211
6 223
6 228
6 239
6 256
6 285
6 302
6 305
6 320
6 333
6 351
6 352
6 358
6 365
6 394
6 399
7 8
7 29
7 60
7 62
7 69
7 76
7 105
7 109
7 112
7 121
7 123
7 129
7 145
7 150
7 154
7 164
7 182
7 217
7 229
7 237
7 246
7 250
7 267
7 284
7 308
7 310
7 315
7 323
7 334
7 348
7 365
7 394
8 15
8 19
8 25
8 74
8 79
8 99
8 112
8 113
8 114
8 123
8 128
8 130
8 136
8 137
8 155
8 163
8 179
8 188
8 198
8 212
8 232
8 273
8 274
8 299
8 337
8 341
8 361
8 370
8 372
8 378
8 391
8 392
9 45
9 67
9 75
9 89
9 102
9 115
9 120
9 136
9 138
9 143
9 160
9 164
9 191
9 205
9 228
9 229
9 239
9 244
9 282
9 283
9 287
9 298
9 314
9 317
9 334
9 337
9 361
9 365
9 374
10 11
10 30
10 43
10 60
10 71
10 78
10 79
10 85
10 144
10 162
10 178
10 192
10 242
10 249
10 265
10 301
10 329
10 360
10 362
10 364
10 387
11 16
11 21
11 28
11 29
11 31
11 33
11 43
11 59
11 63
11 90
11 91
11 114
11 121
11 137
11 143
11 148
11 149
11 155
11 162
11 173
11 204
11 210
11 224
11 252
11 255
11 275
11 277
11 287
11 295
11 301
11 305
11 310
11 321
11 323
11 332
11 334
11 335
11 342
11 372
11 379
11 388
12 27
12 31
12 38
12 40
12 48
12 50
12 57
12 89
12 128
12 137
12 148
12 150
12 153
12 157
12 201
12 214
12 237
12 250
12 272
12 327
12 365
12 374
12 397
13 53
13 69
13 93
13 95
13 96
13 101
13 139
13 180
13 186
13 210
13 221
13 225
13 226
13 249
13 271
13 281
13 284
13 290
13 297
13 321
13 333
13 337
13 340
13 353
13 370
13 379
13 385
14 44
14 60
14 66
14 74
14 88
14 112
14 138
14 165
14 173
14 176
14 192
14 193
14 211
14 219
14 238
14 239
14 242
14 249
14 256
14 259
14 273
14 287
14 290
14 294
14 309
14 337
14 347
14 361
14 369
14 391
14 394
14 399
15 36
15 37
15 44
15 49
15 68
15 71
15 87
15 88
15 89
15 101
15 106
15 107
15 117
15 121
15 123
15 141
15 143
15 151
15 156
15 167
15 180
15 187
15 189
15 226
15 234
15 235
15 238
15 267
15 271
15 285
15 300
15 303
15 321
15 323
15 360
15 364
15 367
15 368
15 374
15 383
15 389
15 391
16 26
16 27
16 32
16 33
16 34
16 50
16 51
16 53
16 57
16 62
16 69
16 98
16 168
16 183
16 190
16 221
16 245
16 256
16 258
16 268
16 272
16 273
16 290
16 311
16 338
16 341
16 345
16 348
16 351
16 357
16 365
16 375
16 376
16 382
17 22
17 50
17 53
17 84
17 93
17 94
17 105
17 164
17 167
17 181
17 184
17 194
17 212
17 213
17 215
17 221
17 226
17 230
17 237
17 252
17 261
17 283
17 285
17 287
17 289
17 290
17 302
17 307
17 312
17 318
17 335
17 338
17 352
17 356
17 368
17 372
17 382
17 387
18 48
18 53
18 58
18 86
18 101
18 121
18 160
18 163
18 172
18 179
18 184
18 186
18 206
18 221
18 227
18 251
18 255
18 256
18 258
18 260
18 262
18 279
18 286
18 297
18 303
18 332
18 338
18 348
18 365
18 381
19 31
19 43
19 48
19 56
19 78
19 93
19 95
19 109
19 110
19 125
19 155
19 156
19 158
19 192
19 209
19 226
19 245
19 255
19 273
19 277
19 290
19 317
19 322
19 323
19 329
19 339
19 346
19 347
19 349
19 353
19 362
19 392
19 393
20 25
20 35
20 41
20 48
20 50
20 51
20 65
20 68
20 125
20 130
20 137
20 143
20 157
20 164
20 175
20 198
20 204
20 207
20 211
20 242
20 246
20 251
20 256
20 263
20 272
20 295
20 300
20 308
20 310
20 333
20 335
20 337
20 339
20 347
20 360
20 383
20 390
21 26
21 35
21 41
21 44
21 77
21 95
21 100
21 106
21 107
21 108
21 136
21 184
21 198
21 202
21 210
21 220
21 224
21 234
21 237
21 258
21 267
21 268
21 270
21 308
21 330
21 344
21 357
21 359
21 378
21 380
21 399
22 23
22 32
22 39
22 70
22 72
22 95
22 98
22 106
22 114
22 116
22 133
22 140
22 170
22 187
22 192
22 206
22 216
22 233
22 242
22 253
22 324
22 326
22 344
22 353
22 354
22 356
22 359
22 367
22 391
22 397
23 41
23 56
23 65
23 72
23 76
23 90
23 94
23 99
23 107
23 143
23 182
23 218
23 224
23 244
23 258
23 262
23 271
23 272
23 277
23 313
23 319
23 322
23 330
23 345
23 348
23 360
23 371
23 379
23 389
23 393
24 27
24 31
24 45
24 48
24 54
24 55
24 87
24 102
24 116
24 120
24 132
24 156
24 160
24 205
24 241
24 257
24 258
24 261
24 264
24 267
24 274
24 296
24 314
24 319
24 328
24 363
24 371
25 40
25 42
25 54
25 69
25 83
25 102
25 112
25 123
25 128
25 129
25 143
25 187
25 205
25 238
25 253
25 255
25 267
25 277
25 294
25 326
25 376
26 39
26 57
26 59
26 69
26 71
26 74
26 75
26 94
26 98
26 103
26 104
26 114
26 136
26 137
26 153
26 157
26 175
26 178
26 179
26 191
26 198
26 208
26 212
26 222
26 237
26 238
26 243
26 260
26 270
26 303
26 318
26 325
26 334
26 339
26 352
26 370
26 371
26 381
26 390
27 49
27 52
27 70
27 75
27 81
27 92
27 100
27 112
27 124
27 134
27 142
27 146
27 148
27 172
27 179
27 188
27 237
27 247
27 260
27 261
27 271
27 285
27 296
27 299
27 302
27 304
27 308
27 309
27 311
27 315
27 333
27 336
27 350
27 357
27 362
27 377
27 385
27 396
28 47
28 55
28 66
28 90
28 112
28 115
28 117
28 143
28 145
28 168
28 181
28 188
28 212
28 222
28 223
28 271
28 276
28 311
28 318
28 322
28 359
28 364
28 372
28 378
28 381
28 399
29 55
29 67
29 73
29 75
29 86
29 91
29 94
29 102
29 109
29 152
29 163
29 166
29 167
29 171
29 172
29 174
29 180
29 186
29 204
29 214
29 219
29 226
29 233
29 241
29 253
29 265
29 268
29 291
29 307
29 332
29 334
29 342
29 369
29 387
29 392
30 32
30 47
30 126
30 143
30 145
30 150
30 166
30 168
30 175
30 188
30 189
30 193
30 202
30 211
30 217
30 227
30 231
30 236
30 241
30 244
30 284
30 312
30 313
30 334
30 341
30 347
30 363
30 364
30 365
30 372
30 379
30 382
31 38
31 41
31 74
31 76
31 88
31 105
31 114
31 115
31 123
31 148
31 151
31 152
31 176
31 208
31 222
31 225
31 234
31 262
31 268
31 274
31 281
31 321
31 328
31 346
31 352
31 379
31 389
32 47
32 48
32 83
32 95
32 99
32 107
32 113
32 120
32 136
32 157
32 160
32 174
32 185
32 205
32 213
32 228
32 239
32 261
32 266
32 275
32 324
32 337
32 364
32 388
32 392
33 34
33 37
33 46
33 51
33 54
33 63
33 74
33 77
33 99
33 104
33 129
33 137
33 151
33 175
33 193
33 196
33 199
33 202
33 219
33 220
33 228
33 243
33 263
33 270
33 306
33 314
33 318
33 334
33 335
33 342
33 344
33 371
33 372
33 397
34 60
34 65
34 80
34 82
34 85
34 92
34 97
34 99
34 111
34 112
34 118
34 119
34 162
34 191
34 209
34 216
34 218
34 255
34 273
34 275
34 278
34 280
34 294
34 313
34 318
34 319
34 320
34 343
34 356
34 362
34 374
35 47
35 64
35 76
35 77
35 87
35 117
35 127
35 129
35 164
35 166
35 172
35 186
35 201
35 249
35 277
35 301
35 302
35 308
35 312
35 338
35 359
35 364
36 38
36 43
36 55
36 74
36 75
36 89
36 95
36 97
36 111
36 127
36 132
36 151
36 159
36 166
36 183
36 200
36 207
36 208
36 216
36 221
36 224
36 229
36 233
36 243
36 276
36 307
36 310
36 314
36 315
36 342
36 358
36 363
36 370
36 377
37 38
37 53
37 55
37 66
37 88
37 107
37 116
37 123
37 129
37 131
37 147
37 158
37 167
37 189
37 190
37 206
37 251
37 252
37 263
37 277
37 285
37 291
37 295
37 299
37 327
37 341
37 355
37 370
37 384
37 387
37 388
38 45
38 53
38 59
38 72
38 76
38 79
38 108
38 113
38 151
38 153
38 163
38 166
38 218
38 225
38 230
38 232
38 252
38 290
38 297
38 299
38 305
38 353
38 355
38 362
38 392
39 43
39 44
39 46
39 67
39 89
39 110
39 116
39 124
39 153
39 169
39 181
39 195
39 196
39 212
39 218
39 224
39 225
39 226
39 231
39 236
39 252
39 279
39 286
39 300
39 304
39 306
39 311
39 328
39 348
39 370
39 372
39 381
39 384
40 46
40 50
40 60
40 104
40 107
40 124
40 135
40 143
40 151
40 160
40 178
40 195
40 209
40 218
40 252
40 258
40 281
40 307
40 314
40 322
40 323
40 329
40 334
40 354
40 373
40 374
40 379
40 395
41 47
41 49
41 56
41 82
41 85
41 86
41 87
41 100
41 140
41 162
41 163
41 165
41 176
41 189
41 209
41 210
41 240
41 241
41 257
41 299
41 311
41 323
41 329
41 334
41 335
41 343
41 351
41 358
41 372
41 381
41 387
41 389
41 396
41 398
42 47
42 49
42 54
42 65
42 85
42 100
42 113
42 117
42 173
42 178
42 186
42 224
42 243
42 244
42 246
42 249
42 258
42 267
42 274
42 286
42 289
42 308
42 310
42 316
42 353
42 355
42 358
42 361
43 44
43 45
43 50
43 68
43 74
43 98
43 111
43 160
43 184
43 197
43 208
43 229
43 231
43 244
43 251
43 256
43 273
43 304
43 320
43 322
43 327
43 343
43 347
43 374
43 398
44 48
44 70
44 97
44 118
44 146
44 170
44 175
44 187
44 191
44 197
44 202
44 222
44 245
44 250
44 256
44 257
44 264
44 272
44 296
44 306
44 352
44 357
44 359
44 368
44 387
45 60
45 68
45 76
45 77
45 86
45 87
45 90
45 113
45 145
45 155
45 171
45 204
45 206
45 219
45 231
45 232
45 257
45 269
45 282
45 286
45 296
45 329
45 331
45 332
45 338
45 356
45 368
45 373
45 375
46 66
46 69
46 93
46 100
46 105
46 123
46 146
46 149
46 150
46 164
46 173
46 185
46 194
46 203
46 236
46 246
46 251
46 252
46 254
46 267
46 273
46 275
46 279
46 281
46 309
46 312
46 330
46 353
46 363
46 366
46 370
46 371
46 392
47 48
47 53
47 75
47 93
47 151
47 159
47 165
47 166
47 170
47 179
47 181
47 183
47 240
47 243
47 255
47 266
47 269
47 272
47 284
47 286
47 300
47 304
47 311
47 331
47 332
47 343
47 362
47 364
47 365
47 376
47 380
48 57
48 66
48 69
48 110
48 112
48 115
48 123
48 135
48 138
48 146
48 151
48 158
48 166
48 174
48 187
48 213
48 299
48 302
48 313
48 327
48 328
48 329
48 343
48 348
48 358
48 364
48 371
48 376
48 377
48 398
49 66
49 80
49 84
49 86
49 125
49 130
49 132
49 141
49 144
49 155
49 162
49 196
49 216
49 220
49 250
49 256
49 261
49 275
49 284
49 306
49 317
49 325
49 359
49 362
49 364
49 366
49 367
49 374
49 383
50 56
50 74
50 93
50 113
50 131
50 154
50 166
50 169
50 175
50 184
50 210
50 234
50 238
50 265
50 273
50 312
50 321
50 363
50 377
50 389
50 390
50 394
51 71
51 81
51 100
51 103
51 104
51 122
51 125
51 128
51 130
51 132
51 143
51 153
51 161
51 170
51 179
51 189
51 207
51 213
51 214
51 222
51 227
51 233
51 238
51 255
51 279
51 283
51 285
51 287
51 299
51 346
51 347
51 349
51 356
51 375
51 377
52 58
52 79
52 92
52 106
52 128
52 137
52 138
52 141
52 163
52 178
52 194
52 196
52 202
52 207
52 212
52 215
52 233
52 234
52 237
52 276
52 282
52 292
52 301
52 322
52 332
52 345
52 356
52 359
52 369
52 375
52 380
52 385
52 390
52 393
52 399
53 68
53 72
53 84
53 90
53 96
53 97
53 107
53 108
53 110
53 134
53 162
53 176
53 202
53 205
53 217
53 218
53 223
53 224
53 231
53 244
53 248
53 257
53 264
53 272
53 277
53 317
53 321
53 323
53 329
53 330
53 353
53 360
53 362
53 367
53 380
53 381
53 387
54 59
54 64
54 66
54 68
54 77
54 95
54 116
54 125
54 135
54 138
54 141
54 183
54 191
54 210
54 222
54 223
54 230
54 237
54 274
54 286
54 315
54 321
54 341
54 351
55 73
55 79
55 87
55 92
55 99
55 116
55 124
55 126
55 132
55 135
55 144
55 151
55 167
55 173
55 188
55 190
55 194
55 232
55 242
55 245
55 252
55 261
55 265
55 269
55 276
55 299
55 303
55 314
55 316
55 317
55 326
55 328
55 368
55 377
55 395
56 61
56 69
56 92
56 93
56 99
56 102
56 120
56 128
56 141
56 161
56 163
56 179
56 186
56 209
56 214
56 277
56 303
56 309
56 319
56 334
56 338
56 344
56 352
56 376
56 381
57 63
57 73
57 76
57 77
57 79
57 94
57 95
57 109
57 142
57 192
57 196
57 199
57 210
57 212
57 216
57 226
57 227
57 297
57 298
57 321
57 329
57 332
57 343
57 360
57 365
57 377
57 384
57 393
57 397
57 398
58 70
58 71
58 75
58 76
58 79
58 123
58 132
58 136
58 137
58 143
58 160
58 165
58 168
58 179
58 200
58 202
58 271
58 279
58 301
58 333
58 337
58 356
58 369
58 371
58 378
58 398
59 80
59 112
59 134
59 161
59 174
59 181
59 190
59 198
59 231
59 237
59 243
59 253
59 293
59 322
59 336
59 389
60 89
60 129
60 136
60 142
60 170
60 176
60 185
60 187
60 229
60 238
60 243
60 251
60 257
60 284
60 302
60 323
60 336
60 347
60 348
60 352
61 63
61 72
61 83
61 87
61 88
61 134
61 141
61 152
61 159
61 166
61 205
61 209
61 210
61 214
61 228
61 231
61 233
61 239
61 264
61 265
61 267
61 291
61 297
61 307
61 333
61 353
61 372
61 396
61 399
62 63
62 71
62 84
62 86
62 108
62 112
62 120
62 128
62 130
62 135
62 147
62 172
62 175
62 177
62 179
62 182
62 198
62 211
62 224
62 242
62 267
62 325
62 326
62 342
62 365
62 374
62 385
62 390
63 74
63 76
63 80
63 89
63 95
63 123
63 161
63 189
63 195
63 199
63 208
63 232
63 234
63 248
63 252
63 257
63 260
63 266
63 268
63 275
63 306
63 342
63 372
63 384
63 391
63 393
64 86
64 91
64 111
64 114
64 143
64 157
64 184
64 190
64 192
64 203
64 211
64 224
64 227
64 239
64 244
64 263
64 276
64 278
64 279
64 283
64 313
64 319
64 324
64 326
64 357
64 362
64 379
64 382
64 388
64 396
64 397
65 71
65 83
65 103
65 129
65 130
65 142
65 147
65 149
65 203
65 208
65 228
65 241
65 245
65 247
65 270
65 288
65 291
65 307
65 315
65 320
65 332
65 360
65 384
65 385
65 387
66 79
66 116
66 135
66 137
66 142
66 147
66 181
66 201
66 210
66 217
66 228
66 231
66 252
66 263
66 280
66 285
66 293
66 304
66 350
66 357
66 366
66 386
67 77
67 87
67 101
67 114
67 118
67 123
67 138
67 151
67 168
67 169
67 180
67 193
67 203
67 213
67 225
67 238
67 242
67 258
67 306
67 373
67 374
67 383
67 384
67 389
67 392
67 398
68 74
68 75
68 104
68 121
68 148
68 170
68 181
68 192
68 206
68 243
68 248
68 303
68 314
68 343
68 354
68 357
68 362
68 367
68 376
68 384
68 394
68 397
69 73
69 91
69 115
69 151
69 161
69 164
69 188
69 197
69 207
69 220
69 223
69 231
69 236
69 243
69 249
69 252
69 258
69 272
69 280
69 307
69 336
69 356
69 357
69 361
69 371
69 373
69 397
70 75
70 77
70 81
70 95
70 96
70 105
70 114
70 132
70 136
70 145
70 171
70 174
70 183
70 207
70 216
70 221
70 229
70 236
70 252
70 269
70 281
70 318
70 328
70 349
70 382
70 388
71 73
71 77
71 78
71 79
71 94
71 95
71 102
71 105
71 114
71 118
71 126
71 129
71 132
71 136
71 140
71 174
71 178
71 194
71 204
71 205
71 206
71 209
71 214
71 247
71 256
71 269
71 273
71 289
71 323
71 346
71 377
71 380
71 388
71 390
72 78
72 87
72 102
72 111
72 118
72 143
72 150
72 151
72 157
72 162
72 164
72 172
72 186
72 191
72 199
72 209
72 238
72 245
72 262
72 263
72 324
72 327
72 334
72 335
73 106
73 107
73 113
73 118
73 128
73 134
73 141
73 143
73 156
73 163
73 165
73 179
73 198
73 219
73 222
73 223
73 225
73 236
73 242
73 257
73 265
73 285
73 286
73 288
73 289
73 296
73 348
73 355
73 360
73 369
73 379
73 380
73 386
74 79
74 92
74 113
74 129
74 153
74 159
74 163
74 166
74 176
74 233
74 250
74 270
74 272
74 304
74 313
74 347
74 348
74 369
74 390
74 394
75 81
75 114
75 123
75 127
75 131
75 148
75 168
75 183
75 195
75 215
75 241
75 247
75 248
75 262
75 275
75 284
75 308
75 311
75 315
75 323
75 327
75 341
75 353
75 355
75 370
75 374
75 383
75 384
75 385
75 396
75 399
76 96
76 99
76 112
76 113
76 133
76 148
76 155
76 162
76 166
76 172
76 173
76 186
76 209
76 251
76 257
76 263
76 280
76 308
76 310
76 314
76 317
76 333
76 346
76 349
76 355
76 365
76 382
76 388
76 390
77 84
77 88
77 94
77 100
77 113
77 143
77 163
77 177
77 182
77 193
77 226
77 230
77 245
77 251
77 258
77 280
77 283
77 289
77 298
77 304
77 308
77 317
77 321
77 328
77 333
77 347
77 358
77 373
77 379
77 393
78 82
78 84
78 89
78 99
78 105
78 120
78 125
78 129
78 130
78 142
78 150
78 157
78 162
78 168
78 179
78 181
78 182
78 183
78 187
78 191
78 208
78 230
78 231
78 236
78 237
78 242
78 282
78 288
78 336
78 341
78 350
78 375
79 88
79 96
79 101
79 107
79 114
79 127
79 137
79 143
79 181
79 182
79 200
79 217
79 235
79 242
79 244
79 253
79 273
79 279
79 286
79 298
79 304
79 313
79 327
79 331
79 377
79 386
79 393
80 88
80 90
80 92
80 137
80 148
80 171
80 192
80 207
80 229
80 258
80 312
80 318
80 336
80 376
81 86
81 115
81 124
81 141
81 164
81 182
81 204
81 215
81 225
81 241
81 257
81 266
81 275
81 277
81 291
81 303
81 321
81 330
81 374
81 377
81 384
81 394
82 127
82 132
82 146
82 154
82 174
82 175
82 183
82 184
82 194
82 196
82 197
82 227
82 230
82 232
82 240
82 245
82 247
82 249
82 251
82 300
82 321
82 323
82 331
82 345
82 349
82 355
82 358
82 360
82 365
82 388
82 389
83 86
83 89
83 96
83 97
83 98
83 99
83 124
83 145
83 146
83 148
83 150
83 153
83 155
83 180
83 196
83 216
83 237
83 280
83 282
83 293
83 304
83 373
84 108
84 111
84 164
84 172
84 180
84 192
84 233
84 236
84 241
84 270
84 290
84 318
84 322
84 325
84 331
84 347
84 360
84 364
84 388
84 399
85 102
85 106
85 109
85 111
85 136
85 138
85 143
85 147
85 150
85 151
85 155
85 187
85 191
85 222
85 229
85 236
85 247
85 265
85 266
85 289
85 313
85 318
85 329
85 336
85 360
85 366
85 368
86 136
86 158
86 162
86 164
86 175
86 185
86 187
86 194
86 215
86 216
86 218
86 222
86 223
86 249
86 273
86 279
86 282
86 283
86 292
86 298
86 302
86 311
86 332
86 345
86 363
86 375
86 399
87 94
87 95
87 96
87 150
87 171
87 179
87 184
87 208
87 209
87 226
87 241
87 244
87 261
87 262
87 267
87 274
87 275
87 279
87 282
87 293
87 295
87 304
87 312
87 323
87 332
87 334
87 339
87 376
88 103
88 108
88 132
88 162
88 176
88 199
88 202
88 213
88 247
88 250
88 251
88 269
88 283
88 291
88 311
88 324
88 326
88 328
88 330
88 334
88 340
88 346
88 355
88 358
88 386
88 398
89 95
89 98
89 111
89 149
89 168
89 170
89 176
89 185
89 187
89 188
89 203
89 209
89 242
89 244
89 247
89 257
89 277
89 286
89 302
89 306
89 321
89 338
89 339
89 360
89 364
89 365
89 369
89 384
89 391
89 392
89 398
90 95
90 103
90 116
90 124
90 140
90 178
90 183
90 215
90 217
90 220
90 246
90 251
90 254
90 259
90 273
90 301
90 304
90 359
90 360
90 362
90 382
91 97
91 103
91 106
91 153
91 169
91 176
91 204
91 218
91 258
91 262
91 268
91 282
91 291
91 306
91 311
91 316
91 317
91 330
91 340
91 342
91 375
91 390
92 97
92 103
92 117
92 118
92 131
92 140
92 159
92 170
92 199
92 212
92 216
92 234
92 235
92 275
92 280
92 289
92 302
92 303
92 305
92 308
92 317
92 357
92 374
92 381
93 124
93 132
93 183
93 213
93 227
93 232
93 248
93 255
93 296
93 306
93 314
93 316
93 329
93 330
93 346
93 355
93 362
93 369
93 372
93 378
93 382
93 388
93 389
93 396
94 101
94 180
94 182
94 190
94 225
94 240
94 244
94 275
94 276
94 278
94 285
94 286
94 288
94 294
94 295
94 306
94 308
94 310
94 330
94 337
94 347
94 388
94 389
95 110
95 121
95 128
95 147
95 149
95 151
95 167
95 201
95 202
95 240
95 242
95 250
95 251
95 273
95 320
95 325
95 359
95 365
95 366
95 367
95 386
96 98
96 141
96 148
96 161
96 184
96 186
96 187
96 197
96 213
96 219
96 222
96 242
96 267
96 309
96 313
96 321
96 333
96 337
96 343
96 361
96 366
96 383
96 386
97 98
97 103
97 121
97 127
97 138
97 147
97 160
97 161
97 166
97 171
97 201
97 207
97 212
97 220
97 230
97 239
97 240
97 262
97 263
97 264
97 271
97 282
97 294
97 300
97 316
97 326
97 336
97 348
97 352
97 365
98 103
98 114
98 132
98 145
98 163
98 166
98 187
98 204
98 218
98 228
98 229
98 256
98 264
98 266
98 291
98 311
98 318
98 328
98 351
98 352
98 369
99 139
99 153
99 170
99 176
99 186
99 189
99 193
99 215
99 225
99 235
99 238
99 243
99 246
99 254
99 261
99 267
99 269
99 277
99 280
99 290
99 305
99 317
99 330
99 332
99 333
99 336
99 354
99 379
99 382
99 390
100 108
100 118
100 121
100 123
100 128
100 131
100 169
100 177
100 195
100 216
100 217
100 226
100 262
100 268
100 276
100 279
100 281
100 295
100 296
100 319
100 343
100 346
100 364
100 368
100 373
100 396
100 397
101 110
101 127
101 130
101 171
101 177
101 197
101 199
101 204
101 205
101 231
101 246
101 263
101 286
101 303
101 332
101 377
101 384
101 393
101 396
102 111
102 128
102 134
102 156
102 170
102 172
102 213
102 236
102 255
102 256
102 262
102 270
102 275
102 279
102 283
102 322
102 335
102 343
102 352
102 362
102 368
102 386
102 393
103 107
103 116
103 117
103 123
103 129
103 134
103 135
103 145
103 151
103 167
103 169
103 181
103 204
103 223
103 226
103 237
103 238
103 242
103 243
103 260
103 263
103 290
103 291
103 331
103 341
103 351
103 360
103 369
103 371
103 376
103 394
104 129
104 132
104 153
104 192
104 207
104 215
104 216
104 222
104 232
104 247
104 252
104 261
104 264
104 274
104 285
104 288
104 299
104 319
104 322
104 327
104 330
104 345
104 363
104 381
104 388
104 393
104 395
104 399
105 107
105 109
105 114
105 131
105 138
105 159
105 161
105 169
105 181
105 191
105 194
105 213
105 217
105 260
105 274
105 304
105 314
105 324
105 325
105 343
105 353
105 354
105 363
105 371
105 379
106 107
106 113
106 122
106 145
106 163
106 164
106 173
106 181
106 210
106 230
106 237
106 249
106 257
106 263
106 286
106 289
106 291
106 315
106 321
106 345
106 361
106 367
106 377
106 394
107 112
107 121
107 139
107 182
107 200
107 210
107 215
107 219
107 226
107 239
107 244
107 268
107 279
107 324
107 337
107 339
107 362
107 366
108 110
108 123
108 127
108 129
108 131
108 137
108 154
108 164
108 208
108 240
108 244
108 249
108 267
108 275
108 278
108 301
108 309
108 333
108 347
108 378
108 389
108 398
109 111
109 112
109 126
109 132
109 139
109 141
109 145
109 152
109 154
109 165
109 171
109 220
109 247
109 276
109 293
109 296
109 312
109 316
109 333
109 339
109 356
109 368
109 377
109 380
110 135
110 137
110 150
110 151
110 152
110 156
110 161
110 188
110 224
110 236
110 269
110 272
110 284
110 291
110 295
110 302
110 317
110 324
110 328
110 333
110 342
110 393
111 112
111 126
111 159
111 162
111 169
111 177
111 188
111 198
111 225
111 228
111 253
111 259
111 266
111 277
111 303
111 308
111 310
111 318
111 322
111 327
111 345
111 346
111 347
111 353
112 128
112 140
112 144
112 147
112 150
112 152
112 173
112 181
112 186
112 194
112 195
112 205
112 219
112 231
112 240
112 249
112 250
112 257
112 283
112 286
112 313
112 322
112 333
112 383
112 392
112 394
113 116
113 129
113 145
113 169
113 210
113 216
113 231
113 273
113 276
113 286
113 288
113 295
113 317
113 368
113 374
113 386
113 397
114 131
114 141
114 142
114 174
114 178
114 183
114 208
114 210
114 230
114 233
114 248
114 262
114 274
114 278
114 300
114 303
114 304
114 310
114 328
114 330
114 344
114 362
114 379
114 385
114 396
115 121
115 125
115 148
115 177
115 179
115 180
115 192
115 204
115 209
115 220
115 256
115 258
115 288
115 321
115 323
115 324
115 350
115 356
115 375
115 390
116 120
116 121
116 135
116 181
116 197
116 224
116 226
116 241
116 269
116 297
116 298
116 334
116 340
116 347
116 350
116 358
116 396
117 123
117 152
117 170
117 176
117 190
117 193
117 194
117 195
117 215
117 222
117 226
117 238
117 239
117 241
117 244
117 249
117 273
117 286
117 291
117 318
117 326
117 334
117 344
117 353
117 357
117 382
117 387
117 392
117 394
118 131
118 141
118 145
118 157
118 162
118 168
118 174
118 186
118 191
118 211
118 222
118 228
118 230
118 234
118 236
118 248
118 257
118 280
118 298
118 300
118 303
118 308
118 323
118 333
118 348
118 350
118 356
118 360
118 385
118 395
119 120
119 123
119 132
119 140
119 155
119 156
119 157
119 162
119 192
119 206
119 233
119 234
119 266
119 279
119 316
119 342
119 344
119 346
119 356
119 362
119 370
119 371
119 372
119 381
120 127
120 140
120 146
120 153
120 156
120 160
120 178
120 191
120 225
120 230
120 245
120 264
120 269
120 281
120 285
120 286
120 289
120 291
120 336
120 349
120 364
121 127
121 168
121 176
121 185
121 190
121 197
121 203
121 213
121 235
121 239
121 243
121 264
121 276
121 284
121 288
121 295
121 311
121 328
121 329
121 332
121 339
121 350
121 359
121 364
121 367
121 376
121 391
122 133
122 137
122 149
122 161
122 205
122 220
122 221
122 228
122 229
122 230
122 236
122 254
122 258
122 266
122 270
122 292
122 296
122 304
122 307
122 352
122 394
123 125
123 133
123 143
123 155
123 168
123 197
123 201
123 215
123 216
123 234
123 239
123 244
123 255
123 268
123 280
123 293
123 332
123 356
123 377
123 391
124 126
124 151
124 179
124 184
124 200
124 214
124 234
124 237
124 250
124 255
124 257
124 259
124 276
124 292
124 304
124 320
124 326
124 328
124 346
124 353
124 362
124 371
124 385
125 149
125 164
125 183
125 202
125 211
125 258
125 274
125 288
125 293
125 294
125 313
125 314
125 317
125 322
125 329
125 338
125 342
125 343
125 354
125 361
125 369
126 135
126 136
126 144
126 145
126 171
126 174
126 176
126 182
126 205
126 212
126 213
126 217
126 219
126 222
126 231
126 243
126 244
126 247
126 253
126 271
126 277
126 285
126 288
126 294
126 296
126 306
126 319
126 336
126 337
126 345
126 347
126 375
126 392
126 396
126 398
127 140
127 142
127 167
127 202
127 203
127 211
127 215
127 227
127 258
127 271
127 290
127 312
127 316
127 318
127 335
127 344
127 378
127 385
127 387
128 132
128 134
128 146
128 150
128 164
128 181
128 206
128 226
128 235
128 244
128 292
128 295
128 302
128 351
128 364
128 383
128 395
129 132
129 137
129 169
129 178
129 180
129 182
129 190
129 203
129 204
129 210
129 240
129 277
129 306
129 321
129 327
129 328
129 334
129 346
129 352
129 368
129 380
129 383
129 390
130 145
130 150
130 207
130 214
130 230
130 237
130 260
130 262
130 263
130 269
130 276
130 302
130 312
130 317
130 326
130 339
130 340
130 342
130 344
130 364
130 365
130 368
130 373
130 378
130 391
130 392
130 397
131 145
131 151
131 154
131 156
131 170
131 186
131 199
131 201
131 206
131 211
131 219
131 233
131 251
131 257
131 263
131 271
131 277
131 283
131 289
131 293
131 302
131 306
131 340
131 361
131 362
131 364
131 373
131 374
131 378
131 383
131 386
131 396
132 155
132 165
132 178
132 179
132 196
132 293
132 302
132 333
132 342
132 347
132 365
132 370
132 394
133 165
133 167
133 172
133 219
133 232
133 238
133 264
133 288
133 315
133 320
133 326
133 347
133 377
133 397
134 135
134 140
134 142
134 145
134 162
134 167
134 182
134 188
134 191
134 206
134 289
134 300
134 304
134 329
134 338
134 354
134 359
134 365
134 368
134 389
135 137
135 191
135 203
135 216
135 220
135 228
135 238
135 247
135 268
135 269
135 270
135 296
135 300
135 303
135 312
135 313
135 323
135 333
135 344
135 355
135 371
135 391
135 395
135 396
136 170
136 175
136 183
136 216
136 244
136 246
136 256
136 306
136 311
136 342
136 348
136 353
136 372
136 375
136 396
137 138
137 141
137 176
137 187
137 188
137 212
137 222
137 225
137 246
137 253
137 283
137 289
137 290
137 295
137 312
137 314
137 353
137 365
137 376
137 385
138 173
138 185
138 189
138 208
138 209
138 221
138 231
138 259
138 261
138 285
138 290
138 297
138 309
138 315
138 333
138 345
138 349
138 364
138 388
139 155
139 194
139 197
139 216
139 219
139 225
139 241
139 267
139 270
139 271
139 292
139 296
139 325
139 334
139 341
139 356
139 373
140 146
140 160
140 181
140 187
140 193
140 194
140 215
140 219
140 220
140 233
140 259
140 295
140 301
140 310
140 320
140 342
140 355
140 370
140 398
141 159
141 171
141 187
141 192
141 198
141 215
141 220
141 232
141 236
141 246
141 260
141 262
141 285
141 292
141 295
141 309
141 311
141 314
141 317
141 325
141 327
141 338
141 370
141 382
141 390
141 391
142 179
142 186
142 215
142 251
142 273
142 280
142 284
142 317
142 326
142 333
142 335
142 363
142 375
142 376
142 395
143 162
143 171
143 174
143 180
143 186
143 202
143 217
143 221
143 227
143 239
143 271
143 304
143 305
143 313
143 335
143 336
143 364
143 368
143 392
143 399
144 150
144 168
144 169
144 184
144 205
144 206
144 210
144 214
144 234
144 238
144 254
144 255
144 275
144 293
144 302
144 312
144 315
144 322
144 366
144 378
144 387
144 389
145 147
145 167
145 203
145 211
145 221
145 268
145 272
145 273
145 317
145 318
145 325
145 342
145 371
145 383
145 388
145 390
145 391
145 398
146 147
146 148
146 175
146 184
146 192
146 193
146 194
146 200
146 205
146 216
146 238
146 239
146 268
146 279
146 284
146 300
146 312
146 323
146 333
146 343
146 354
146 361
146 368
146 390
146 393
147 153
147 164
147 175
147 191
147 218
147 223
147 231
147 259
147 267
147 280
147 282
147 341
147 353
147 355
147 371
147 385
148 166
148 186
148 187
148 202
148 247
148 267
148 268
148 282
148 298
148 303
148 332
148 344
148 350
148 352
148 357
148 374
148 377
148 384
148 389
148 393
148 395
148 398
149 182
149 184
149 217
149 219
149 221
149 237
149 247
149 255
149 267
149 283
149 284
149 287
149 295
149 308
149 309
149 320
149 333
149 343
149 372
149 385
149 399
150 177
150 184
150 188
150 190
150 216
150 222
150 227
150 235
150 245
150 269
150 297
150 298
150 319
150 355
150 372
150 399
151 166
151 167
151 196
151 246
151 252
151 261
151 270
151 287
151 296
151 297
151 306
151 316
151 341
151 357
151 361
151 373
151 380
151 382
151 383
151 399
152 156
152 176
152 180
152 182
152 236
152 247
152 256
152 274
152 287
152 298
152 302
152 322
152 327
152 329
152 341
152 352
152 378
152 385
152 396
153 181
153 209
153 219
153 220
153 224
153 233
153 244
153 280
153 289
153 293
153 319
153 331
153 338
153 340
153 344
153 345
153 360
153 367
153 375
153 378
153 380
153 383
154 197
154 202
154 230
154 238
154 241
154 294
154 305
154 316
154 318
154 356
154 374
155 176
155 183
155 193
155 203
155 238
155 239
155 243
155 255
155 258
155 264
155 265
155 280
155 305
155 311
155 318
155 340
155 360
155 364
155 368
156 158
156 175
156 177
156 178
156 193
156 237
156 243
156 253
156 256
156 259
156 262
156 278
156 286
156 305
156 323
156 333
156 345
156 354
156 357
156 362
156 374
156 377
156 389
157 160
157 172
157 174
157 196
157 203
157 224
157 225
157 235
157 262
157 305
157 329
157 337
157 365
157 377
157 395
158 175
158 180
158 195
158 202
158 207
158 213
158 215
158 240
158 247
158 253
158 272
158 297
158 315
158 334
158 342
158 344
158 368
158 392
158 395
159 166
159 168
159 171
159 186
159 199
159 201
159 205
159 214
159 215
159 228
159 236
159 253
159 259
159 263
159 266
159 267
159 280
159 296
159 301
159 344
159 384
159 387
160 184
160 187
160 212
160 251
160 252
160 263
160 266
160 306
160 343
160 355
160 365
160 386
160 397
160 399
161 184
161 196
161 247
161 249
161 260
161 261
161 320
161 328
161 330
161 335
161 339
161 343
161 394
162 166
162 182
162 189
162 199
162 200
162 216
162 218
162 239
162 243
162 276
162 292
162 294
162 303
162 321
162 344
162 386
162 388
162 395
162 398
163 177
163 183
163 221
163 232
163 252
163 253
163 257
163 299
163 317
163 324
163 339
163 340
163 350
163 371
164 192
164 238
164 249
164 261
164 271
164 307
164 311
164 323
164 344
164 361
164 384
164 388
164 389
164 390
165 183
165 189
165 216
165 226
165 252
165 265
165 273
165 292
165 306
165 321
165 385
166 205
166 209
166 213
166 220
166 223
166 260
166 263
166 269
166 289
166 290
166 301
166 307
166 346
166 396
167 171
167 213
167 217
167 223
167 236
167 245
167 265
167 283
167 285
167 320
167 325
167 334
167 338
167 349
167 370
167 381
167 383
167 385
168 220
168 230
168 260
168 264
168 275
168 296
168 300
168 339
168 352
168 354
168 362
168 384
169 174
169 193
169 214
169 221
169 239
169 241
169 248
169 259
169 267
169 360
169 363
169 364
169 386
170 179
170 198
170 234
170 268
170 284
170 287
170 292
170 293
170 336
170 339
170 356
170 358
170 379
171 173
171 178
171 185
171 197
171 198
171 230
171 236
171 248
171 258
171 282
171 283
171 290
171 304
171 306
171 316
171 333
171 341
171 365
172 177
172 196
172 202
172 209
172 221
172 230
172 231
172 257
172 263
172 264
172 269
172 281
172 288
172 309
172 312
172 318
172 323
172 326
172 331
172 334
172 336
172 345
172 348
172 370
173 201
173 206
173 213
173 217
173 224
173 226
173 253
173 276
173 278
173 288
173 306
173 311
173 316
173 320
173 364
173 378
174 223
174 227
174 237
174 245
174 274
174 291
174 333
174 339
174 343
174 363
174 390
175 184
175 193
175 218
175 223
175 264
175 269
175 273
175 275
175 301
175 314
175 324
175 326
175 328
175 355
175 356
175 365
175 371
175 378
175 399
176 189
176 236
176 258
176 266
176 273
176 287
176 292
176 310
176 311
176 315
176 321
176 333
176 348
176 358
176 377
177 181
177 201
177 218
177 221
177 224
177 226
177 227
177 234
177 238
177 251
177 269
177 285
177 291
177 298
177 329
177 335
177 346
177 379
178 183
178 198
178 205
178 210
178 212
178 227
178 231
178 236
178 251
178 258
178 261
178 264
178 275
178 284
178 288
178 290
178 303
178 314
178 324
178 325
178 348
178 360
178 366
178 383
178 390
178 392
179 188
179 192
179 194
179 198
179 208
179 218
179 237
179 262
179 273
179 276
179 280
179 311
179 330
179 337
179 359
179 363
180 183
180 191
180 195
180 207
180 214
180 220
180 240
180 256
180 261
180 272
180 279
180 306
180 312
180 313
180 336
180 343
180 349
180 353
180 357
180 390
181 185
181 201
181 209
181 216
181 221
181 222
181 237
181 244
181 248
181 252
181 254
181 265
181 275
181 301
181 317
181 323
181 341
181 363
181 372
181 373
181 391
181 397
182 230
182 232
182 233
182 240
182 241
182 251
182 252
182 255
182 257
182 264
182 279
182 285
182 291
182 299
182 305
182 311
182 342
182 344
182 367
182 371
182 376
182 378
182 392
182 397
183 186
183 187
183 201
183 203
183 216
183 217
183 224
183 243
183 257
183 264
183 273
183 292
183 324
183 336
183 340
183 341
183 363
183 365
183 374
183 375
183 386
183 390
183 391
183 393
184 203
184 205
184 208
184 219
184 224
184 252
184 293
184 324
184 347
184 362
184 385
185 190
185 193
185 202
185 208
185 230
185 241
185 244
185 259
185 261
185 265
185 274
185 280
185 301
185 313
185 324
185 330
185 354
185 361
185 364
186 203
186 208
186 209
186 212
186 221
186 243
186 276
186 297
186 299
186 315
186 324
186 327
186 356
186 358
186 360
186 367
187 194
187 195
187 218
187 226
187 228
187 242
187 255
187 258
187 263
187 264
187 271
187 289
187 293
187 295
187 334
187 344
187 350
187 356
187 367
187 374
187 395
188 212
188 224
188 252
188 257
188 285
188 288
188 298
188 301
188 324
188 332
188 337
188 343
188 354
188 362
188 365
188 368
188 370
188 382
189 209
189 218
189 225
189 233
189 244
189 279
189 282
189 291
189 295
189 326
190 210
190 232
190 248
190 271
190 276
190 278
190 304
190 313
190 316
190 323
190 324
190 351
190 353
190 363
190 364
190 372
190 374
190 389
191 203
191 211
191 218
191 221
191 222
191 240
191 250
191 258
191 274
191 281
191 285
191 300
191 302
191 314
191 344
191 370
191 378
191 389
192 194
192 203
192 204
192 218
192 243
192 251
192 252
192 265
192 276
192 295
192 303
192 335
192 339
192 353
192 371
193 201
193 250
193 252
193 263
193 271
193 275
193 279
193 287
193 293
193 299
193 310
193 315
193 324
193 331
193 353
193 365
193 387
194 201
194 214
194 218
194 224
194 234
194 237
194 252
194 287
194 312
194 322
194 340
194 360
194 369
194 378
194 398
195 200
195 218
195 228
195 231
195 232
195 233
195 256
195 259
195 271
195 276
195 277
195 282
195 307
195 313
195 328
195 336
195 362
195 376
195 391
195 398
196 202
196 229
196 242
196 264
196 279
196 284
196 296
196 304
196 321
196 323
196 343
196 360
196 386
197 216
197 219
197 244
197 252
197 260
197 270
197 276
197 303
197 315
197 321
197 332
197 366
197 370
197 373
197 397
197 398
198 207
198 211
198 224
198 250
198 255
198 258
198 260
198 278
198 300
198 312
198 342
198 345
198 353
198 364
198 367
198 369
198 379
199 211
199 216
199 218
199 245
199 252
199 271
199 272
199 297
199 308
199 376
199 383
199 386
200 217
200 230
200 235
200 239
200 251
200 252
200 254
200 289
200 297
200 298
200 309
200 319
200 360
200 389
200 396
201 208
201 229
201 270
201 272
201 309
201 311
201 316
201 328
201 329
201 345
201 352
201 363
201 370
201 385
201 388
201 393
202 209
202 212
202 219
202 227
202 229
202 231
202 263
202 276
202 281
202 285
202 287
202 295
202 297
202 303
202 316
202 327
202 331
202 335
202 366
202 372
202 389
202 395
203 207
203 236
203 241
203 260
203 306
203 313
203 328
203 350
203 366
203 381
203 386
203 392
203 399
204 209
204 221
204 266
204 284
204 292
204 331
204 364
205 208
205 214
205 217
205 255
205 258
205 265
205 296
205 299
205 331
205 336
205 370
206 211
206 229
206 250
206 255
206 258
206 264
206 266
206 269
206 270
206 280
206 293
206 295
206 317
206 319
206 323
206 332
206 337
206 345
206 370
206 380
206 395
207 225
207 230
207 261
207 270
207 281
207 287
207 322
207 335
207 336
207 353
207 360
207 379
207 381
207 382
207 388
207 396
208 209
208 230
208 231
208 241
208 259
208 264
208 292
208 301
208 322
208 339
208 342
208 343
208 363
208 371
208 377
209 212
209 219
209 263
209 274
209 287
209 295
209 308
209 313
209 323
209 368
209 385
209 398
210 227
210 238
210 246
210 250
210 260
210 263
210 278
210 296
210 303
210 309
210 320
210 352
210 365
210 370
210 375
210 381
211 250
211 268
211 287
211 314
211 315
211 342
211 348
211 360
211 371
211 396
212 236
212 245
212 254
212 257
212 269
212 277
212 295
212 298
212 308
212 315
212 319
212 351
212 368
213 215
213 228
213 229
213 240
213 267
213 281
213 288
213 291
213 312
213 341
213 376
213 386
214 231
214 246
214 257
214 267
214 290
214 297
214 305
214 311
214 315
214 350
214 355
214 362
214 370
215 246
215 259
215 266
215 278
215 304
215 305
215 317
215 319
215 331
215 348
215 364
215 377
215 380
215 381
215 392
216 235
216 241
216 279
216 333
216 362
216 380
216 385
216 386
217 237
217 238
217 256
217 303
217 312
217 318
217 321
217 328
217 341
217 371
217 376
217 383
217 387
218 235
218 269
218 277
218 310
218 340
218 342
218 356
218 362
218 365
218 382
218 395
219 225
219 231
219 232
219 242
219 246
219 252
219 349
219 361
219 370
219 384
219 387
220 227
220 237
220 259
220 268
220 271
220 287
220 295
220 308
220 313
220 347
220 364
220 372
220 376
220 382
220 398
221 223
221 227
221 228
221 230
221 275
221 277
221 312
221 319
221 330
221 339
221 361
221 364
221 368
221 372
221 383
221 386
221 389
222 230
222 234
222 244
222 254
222 256
222 287
222 298
222 304
222 305
222 321
222 325
222 327
222 339
222 350
222 390
223 267
223 277
223 282
223 295
223 300
223 318
223 353
223 366
223 369
223 373
223 378
223 383
223 396
224 226
224 254
224 257
224 262
224 288
224 307
224 322
224 356
224 383
224 399
225 233
225 254
225 255
225 273
225 284
225 295
225 297
225 302
225 305
225 312
225 314
225 319
225 320
225 329
225 336
225 355
225 360
225 361
225 371
225 375
225 379
226 283
226 305
226 328
226 332
226 349
226 365
226 398
227 232
227 234
227 263
227 277
227 292
227 296
227 302
227 313
227 365
228 241
228 248
228 269
228 287
228 301
228 312
228 325
228 326
228 373
228 379
228 381
228 382
228 389
228 397
228 399
229 231
229 266
229 272
229 288
229 312
229 314
229 350
229 376
229 391
229 392
230 239
230 244
230 246
230 268
230 299
230 321
230 342
230 345
230 361
230 380
230 385
230 390
231 233
231 245
231 251
231 262
231 263
231 283
231 284
231 290
231 304
231 311
231 352
231 374
231 393
232 242
232 248
232 265
232 266
232 267
232 279
232 286
232 289
232 298
232 303
232 321
232 325
232 328
232 360
232 362
232 394
232 399
233 257
233 262
233 275
233 307
233 319
233 325
233 329
233 331
233 340
233 349
233 352
233 365
233 367
233 368
233 370
233 372
233 382
234 238
234 240
234 245
234 281
234 295
234 296
234 299
234 300
234 356
234 395
235 239
235 245
235 254
235 264
235 266
235 276
235 279
235 303
235 320
235 347
235 362
235 384
235 397
235 398
236 252
236 271
236 274
236 276
236 304
236 306
236 319
236 336
236 340
236 352
236 353
236 378
236 382
237 255
237 267
237 271
237 279
237 287
237 293
237 301
237 302
237 322
237 323
237 333
237 351
237 352
237 357
238 248
238 253
238 263
238 265
238 274
238 300
238 316
238 319
238 329
238 342
238 347
238 357
238 369
238 374
238 381
239 243
239 258
239 276
239 294
239 295
239 318
239 319
239 373
239 381
239 396
240 250
240 251
240 266
240 271
240 300
240 320
240 325
240 342
240 348
240 377
240 383
240 384
240 398
241 244
241 283
241 293
241 309
241 358
241 364
241 384
242 245
242 256
242 258
242 263
242 287
242 290
242 323
242 357
242 362
242 363
242 380
243 271
243 272
243 278
243 279
243 292
243 302
243 304
243 309
243 312
243 336
243 344
243 346
243 356
243 365
243 375
243 385
243 386
244 259
244 270
244 273
244 282
244 301
244 308
244 311
244 313
244 314
244 316
244 325
244 333
244 334
244 349
244 357
244 366
244 373
245 252
245 275
245 282
245 291
245 306
245 308
245 314
245 328
245 334
245 339
245 354
245 383
245 385
245 388
245 390
245 396
245 397
246 253
246 257
246 263
246 277
246 290
246 297
246 323
246 340
246 376
246 379
246 389
247 267
247 300
247 332
247 336
247 339
247 340
247 355
247 368
247 370
247 372
247 373
247 376
247 378
247 397
248 265
248 273
248 284
248 308
248 314
248 370
248 375
248 383
248 391
249 264
249 277
249 288
249 304
249 306
249 318
249 323
249 355
249 356
249 361
249 394
250 268
250 270
250 277
250 280
250 309
250 313
250 314
250 317
250 325
250 336
250 344
250 346
250 347
250 349
250 373
250 380
250 391
251 276
251 289
251 304
251 325
251 328
251 335
251 338
251 355
251 369
251 381
251 389
251 394
252 263
252 276
252 280
252 285
252 290
252 301
252 302
252 324
252 347
252 353
252 358
252 360
252 362
252 370
252 372
252 389
253 267
253 281
253 291
253 297
253 322
253 344
253 346
253 347
253 372
253 374
253 376
253 385
253 399
254 258
254 264
254 283
254 300
254 307
254 309
254 316
254 345
254 353
254 357
254 359
254 364
254 367
254 377
254 380
254 382
254 390
254 396
254 397
255 286
255 305
255 340
255 348
255 375
255 399
256 262
256 263
256 267
256 289
256 292
256 306
256 333
256 342
256 355
256 356
256 388
256 397
257 283
257 325
257 340
257 343
257 360
257 361
257 363
257 377
257 384
257 394
258 266
258 268
258 275
258 289
258 300
258 305
258 358
258 364
258 365
258 375
258 389
259 275
259 281
259 283
259 284
259 313
259 320
259 323
259 328
259 344
259 345
259 364
259 382
260 262
260 267
260 270
260 277
260 279
260 294
260 296
260 324
260 338
260 342
260 348
260 357
260 365
260 369
261 263
261 279
261 294
261 311
261 325
261 329
261 344
261 351
261 361
261 362
261 367
261 382
261 391
262 271
262 272
262 273
262 293
262 305
262 306
262 312
262 374
262 375
262 390
262 398
263 265
263 273
263 276
263 295
263 308
263 314
263 339
263 348
263 350
263 358
263 370
263 391
263 397
264 277
264 286
264 293
264 307
264 316
264 319
264 321
264 332
264 341
264 348
264 354
264 360
264 364
264 367
265 275
265 308
265 319
265 339
265 344
265 366
265 367
265 376
265 384
266 271
266 272
266 285
266 294
266 321
266 352
266 391
266 395
267 276
267 277
267 279
267 280
267 317
267 353
267 358
267 368
267 378
267 384
267 394
268 283
268 284
268 306
268 313
268 328
268 340
268 351
268 352
269 289
269 299
269 321
269 323
269 342
269 373
269 386
270 275
270 302
270 308
270 314
270 330
270 338
270 349
270 358
270 363
270 368
270 376
270 384
270 393
271 293
271 300
271 305
271 339
271 364
271 380
271 382
271 393
271 396
272 296
272 308
272 312
272 323
272 336
272 344
272 360
272 390
273 276
273 286
273 298
273 324
273 331
273 337
273 352
273 356
273 372
273 377
273 379
273 380
273 383
273 384
273 393
274 311
274 352
274 355
274 369
274 379
274 380
274 384
274 395
274 398
275 283
275 289
275 295
275 363
275 365
275 368
275 383
275 399
276 285
276 289
276 303
276 316
276 335
276 397
277 285
277 327
277 328
277 330
277 339
277 353
277 380
278 282
278 290
278 328
278 341
278 372
278 386
278 390
278 391
278 398
279 291
279 300
279 307
279 339
279 345
279 352
279 361
279 373
279 392
279 393
280 282
280 298
280 319
280 350
280 370
280 371
280 388
281 300
281 301
281 318
281 334
281 340
281 355
281 359
281 380
281 394
282 291
282 295
282 315
282 317
282 329
282 343
282 344
282 352
282 374
282 380
282 382
283 285
283 300
283 310
283 316
283 324
283 337
283 338
283 357
283 370
284 307
284 324
284 335
284 336
284 339
284 342
284 359
285 306
285 310
285 313
285 323
285 329
286 303
286 308
286 318
286 330
286 343
286 370
286 380
286 390
287 289
287 295
287 323
287 356
287 369
287 382
288 292
288 297
288 300
288 329
288 333
288 336
288 349
288 355
288 364
288 369
288 393
289 292
289 313
289 330
289 362
289 377
289 379
289 391
290 294
290 297
290 319
290 326
290 334
290 338
290 341
290 343
290 350
290 382
290 389
290 390
290 396
291 292
291 302
291 306
291 309
291 326
291 329
291 332
291 338
291 340
291 353
291 366
291 378
291 384
291 388
292 322
292 340
292 355
292 378
293 311
293 317
293 319
293 323
293 334
293 349
293 350
293 376
294 300
294 328
294 329
294 349
294 352
294 380
294 382
294 392
294 396
295 297
295 305
295 311
295 356
295 365
295 394
296 308
296 328
296 329
296 336
296 386
296 387
296 393
296 399
297 338
297 339
297 341
297 344
297 376
297 391
297 394
298 311
298 322
298 346
298 347
298 361
298 364
298 366
298 389
299 304
299 307
299 311
299 316
299 317
299 322
299 329
299 355
299 366
299 373
299 388
300 303
300 316
300 342
300 349
300 359
300 366
300 373
300 382
300 383
300 384
300 386
301 319
301 321
301 322
301 331
301 358
301 370
301 375
301 378
301 379
301 382
302 326
302 328
302 342
302 347
302 364
302 368
302 393
302 397
303 307
303 310
303 349
303 366
303 369
303 370
303 374
303 393
303 395
304 319
304 333
304 336
304 346
304 350
304 357
304 368
304 378
304 390
304 393
305 309
305 313
305 335
305 349
305 367
305 398
306 310
306 330
306 334
306 339
306 340
306 360
306 372
306 374
307 332
307 342
307 347
307 370
307 391
308 311
308 339
308 342
308 351
308 354
308 362
308 364
308 374
308 377
308 383
308 398
309 312
309 316
309 320
309 324
309 373
309 379
309 390
310 314
310 315
310 319
310 334
310 363
310 365
310 372
310 380
310 397
310 398
311 313
311 338
311 340
311 347
311 349
311 351
311 364
311 376
312 329
312 331
312 363
312 378
312 397
313 316
313 335
313 344
313 357
314 320
314 350
314 356
314 361
314 363
314 370
314 383
315 316
315 328
315 337
315 339
315 345
315 364
315 367
315 388
315 396
316 320
316 328
316 338
316 369
316 385
317 339
317 348
317 363
317 369
317 372
317 377
317 388
317 389
317 392
318 345
318 361
318 373
318 387
318 393
318 395
319 326
319 327
319 359
319 384
319 395
320 322
320 329
320 332
320 347
320 354
320 379
320 389
321 362
321 365
321 370
321 372
321 392
322 324
322 330
322 353
322 365
322 367
322 380
322 383
322 392
323 326
323 328
323 335
323 336
323 346
323 355
324 341
324 343
324 345
324 351
324 353
324 356
324 379
325 330
325 334
325 373
325 377
325 388
326 329
326 338
326 340
326 345
326 360
326 379
326 381
327 342
327 348
327 357
327 367
327 368
327 370
327 381
327 382
328 330
328 334
328 345
328 360
328 380
328 388
328 391
329 379
329 396
330 359
330 370
330 377
330 385
331 332
331 370
331 393
331 395
332 335
332 342
332 347
332 348
332 370
332 387
333 339
333 347
333 373
333 398
334 341
334 344
334 351
334 353
334 359
334 367
334 393
335 340
336 340
336 341
336 375
336 389
337 349
337 364
337 369
337 372
337 374
337 388
338 339
338 347
338 361
338 364
338 369
338 372
339 345
339 361
339 372
339 397
340 345
340 349
340 365
340 368
340 387
340 389
341 372
341 379
341 390
341 394
341 396
342 350
342 354
342 369
343 345
343 347
343 358
343 367
343 373
343 374
343 376
343 377
344 356
344 370
344 376
344 392
344 395
345 362
345 377
345 378
345 383
345 398
346 360
346 373
346 382
347 349
347 356
347 359
347 368
347 376
348 359
348 362
348 381
348 383
348 386
348 390
348 391
348 393
348 398
349 377
350 362
350 374
350 398
351 360
351 370
351 371
351 383
351 392
352 355
352 365
352 375
352 385
352 389
352 396
353 358
353 374
353 375
353 389
353 394
354 355
354 377
354 395
354 399
355 386
355 398
356 375
357 359
357 366
357 397
358 399
359 367
359 393
359 395
360 380
360 381
360 382
360 394
360 397
361 370
361 378
361 395
362 369
363 365
363 381
363 390
363 394
364 382
364 386
364 387
364 397
365 374
365 384
365 386
365 396
366 369
366 373
366 382
366 387
366 390
367 370
367 389
368 377
368 378
368 389
369 370
369 371
369 379
369 386
369 387
369 390
371 378
371 396
371 399
372 394
372 395
373 376
373 396
373 397
374 397
375 397
376 383
377 390
377 393
377 396
379 381
379 383
379 389
380 381
380 383
380 386
380 387
382 387
383 391
383 395
383 398
384 389
387 389
388 389
391 395
393 395
394 397
396 398
