500 11161 0.5
0 28
0 35
0 56
0 82
0 83
0 99
0 103
0 109
0 110
0 121
0 125
0 126
0 135
0 163
0 164
0 173
0 180
0 183
0 195
0 205
0 222
0 228
0 251
0 252
0 263
0 272
0 280
0 291
0 293
0 297
0 307
0 333
0 343
0 349
0 354
0 367
0 380
0 384
0 419
0 423
0 430
0 440
0 441
0 443
0 444
0 445
0 450
0 466
0 468
0 472
1 27
1 33
1 47
1 54
1 58
1 65
1 80
1 109
1 154
1 159
1 163
1 174
1 179
1 182
1 188
1 195
1 198
1 203
1 220
1 276
1 291
1 308
1 349
1 352
1 358
1 376
1 379
1 425
1 431
1 442
1 444
1 452
1 465
1 469
1 489
2 18
2 26
2 34
2 84
2 104
2 106
2 114
2 117
2 119
2 135
2 151
2 153
2 161
2 185
2 205
2 208
2 242
2 255
2 277
2 290
2 297
2 329
2 336
2 358
2 393
2 404
2 423
2 446
2 471
2 487
2 498
2 499
3 4
3 8
3 12
3 23
3 27
3 46
3 66
3 94
3 96
3 100
3 108
3 120
3 133
3 159
3 161
3 171
3 181
3 188
3 189
3 206
3 210
3 229
3 269
3 275
3 296
3 320
3 323
3 324
3 333
3 354
3 359
3 374
3 378
3 388
3 398
3 407
3 410
3 416
3 422
3 431
3 448
3 460
3 478
3 490
3 497
4 10
4 34
4 37
4 53
4 80
4 84
4 96
4 100
4 104
4 112
4 117
4 118
4 120
4 123
4 143
4 148
4 149
4 153
4 165
4 204
4 248
4 253
4 257
4 294
4 299
4 309
4 321
4 333
4 357
4 367
4 397
4 420
4 428
4 444
4 476
4 480
4 485
5 7
5 27
5 30
5 36
5 67
5 84
5 96
5 105
5 109
5 124
5 137
5 138
5 153
5 176
5 185
5 191
5 195
5 196
5 216
5 218
5 233
5 237
5 239
5 249
5 258
5 263
5 273
5 296
5 324
5 325
5 344
5 350
5 378
5 407
5 430
5 442
5 464
5 477
5 485
5 497
6 10
6 18
6 23
6 27
6 28
6 50
6 72
6 77
6 79
6 89
6 93
6 95
6 96
6 110
6 130
6 138
6 176
6 177
6 180
6 185
6 186
6 190
6 197
6 208
6 218
6 228
6 233
6 242
6 269
6 272
6 280
6 311
6 330
6 336
6 339
6 344
6 346
6 353
6 359
6 361
6 381
6 397
6 399
6 432
6 437
6 440
6 442
6 446
6 447
6 494
7 10
7 27
7 29
7 34
7 35
7 39
7 51
7 65
7 74
7 83
7 100
7 111
7 144
7 147
7 151
7 187
7 192
7 216
7 234
7 248
7 281
7 283
7 302
7 324
7 328
7 367
7 369
7 376
7 377
7 417
7 418
7 432
7 434
7 457
7 458
7 466
7 481
7 482
8 12
8 20
8 40
8 46
8 52
8 57
8 59
8 70
8 73
8 95
8 97
8 102
8 110
8 112
8 116
8 119
8 121
8 123
8 133
8 145
8 167
8 170
8 173
8 184
8 187
8 196
8 229
8 253
8 257
8 279
8 290
8 291
8 292
8 294
8 298
8 302
8 320
8 349
8 356
8 435
8 439
8 446
8 469
8 471
8 475
8 480
8 482
8 498
8 499
9 15
9 42
9 43
9 50
9 64
9 85
9 105
9 112
9 124
9 166
9 196
9 237
9 239
9 258
9 274
9 283
9 299
9 319
9 321
9 336
9 359
9 364
9 372
9 377
9 392
9 396
9 408
9 423
9 440
9 456
9 457
9 491
10 22
10 35
10 42
10 70
10 76
10 87
10 99
10 132
10 137
10 138
10 145
10 167
10 177
10 180
10 186
10 187
10 191
10 192
10 218
10 230
10 241
10 247
10 252
10 253
10 256
10 268
10 273
10 298
10 301
10 302
10 320
10 354
10 358
10 375
10 378
10 395
10 400
10 403
10 407
10 416
10 442
10 445
10 465
10 484
11 13
11 21
11 26
11 74
11 83
11 90
11 92
11 93
11 97
11 99
11 101
11 107
11 112
11 117
11 122
11 156
11 171
11 204
11 206
11 222
11 236
11 244
11 251
11 253
11 261
11 263
11 288
11 295
11 296
11 314
11 319
11 342
11 347
11 391
11 399
11 407
11 410
11 411
11 427
11 439
11 470
11 473
11 483
11 494
12 29
12 34
12 73
12 88
12 96
12 101
12 123
12 129
12 131
12 134
12 154
12 157
12 160
12 165
12 169
12 177
12 185
12 200
12 201
12 203
12 214
12 221
12 225
12 227
12 231
12 234
12 235
12 237
12 243
12 262
12 266
12 282
12 288
12 296
12 315
12 328
12 339
12 359
12 371
12 380
12 393
12 397
12 401
12 407
12 427
12 429
12 459
12 464
12 466
12 470
12 474
12 491
12 495
13 18
13 21
13 37
13 65
13 79
13 81
13 101
13 108
13 112
13 120
13 134
13 146
13 150
13 155
13 167
13 176
13 203
13 222
13 223
13 224
13 252
13 254
13 273
13 286
13 301
13 310
13 314
13 322
13 328
13 366
13 369
13 388
13 398
13 407
13 435
13 436
13 457
13 472
13 488
14 23
14 27
14 57
14 59
14 63
14 115
14 125
14 140
14 169
14 174
14 194
14 200
14 236
14 248
14 260
14 324
14 331
14 332
14 341
14 361
14 376
14 398
14 401
14 425
14 442
14 446
14 448
14 450
14 457
14 477
14 496
15 16
15 17
15 27
15 42
15 52
15 61
15 62
15 79
15 91
15 106
15 119
15 123
15 124
15 129
15 144
15 162
15 165
15 167
15 180
15 182
15 198
15 244
15 247
15 258
15 289
15 292
15 371
15 372
15 394
15 424
15 470
15 487
16 21
16 28
16 35
16 47
16 48
16 98
16 100
16 104
16 163
16 166
16 199
16 202
16 225
16 231
16 246
16 254
16 277
16 285
16 302
16 304
16 305
16 314
16 319
16 333
16 349
16 351
16 354
16 366
16 372
16 398
16 404
16 406
16 410
16 412
16 421
16 425
16 436
16 442
16 443
16 454
16 481
16 486
17 32
17 33
17 36
17 41
17 45
17 71
17 76
17 92
17 94
17 119
17 140
17 153
17 154
17 161
17 164
17 167
17 194
17 231
17 243
17 245
17 246
17 247
17 251
17 273
17 275
17 279
17 285
17 301
17 307
17 308
17 309
17 323
17 327
17 337
17 346
17 360
17 389
17 393
17 395
17 405
17 407
17 424
17 435
17 443
17 449
17 468
17 473
17 488
18 19
18 45
18 47
18 66
18 72
18 86
18 88
18 92
18 99
18 101
18 105
18 107
18 127
18 129
18 141
18 157
18 184
18 187
18 201
18 210
18 212
18 218
18 236
18 249
18 252
18 254
18 261
18 324
18 341
18 347
18 355
18 369
18 375
18 397
18 400
18 419
18 426
18 438
18 467
18 471
18 490
18 493
18 494
18 499
19 40
19 42
19 49
19 58
19 59
19 75
19 77
19 104
19 105
19 128
19 135
19 149
19 163
19 192
19 204
19 208
19 239
19 241
19 247
19 253
19 254
19 260
19 265
19 274
19 282
19 283
19 284
19 295
19 305
19 314
19 324
19 351
19 354
19 360
19 361
19 387
19 390
19 433
19 449
19 450
19 455
19 464
19 471
19 484
19 485
19 487
19 495
20 34
20 47
20 51
20 57
20 63
20 72
20 93
20 109
20 118
20 119
20 135
20 139
20 140
20 149
20 152
20 185
20 188
20 193
20 199
20 212
20 214
20 217
20 231
20 232
20 241
20 257
20 258
20 268
20 284
20 293
20 309
20 318
20 331
20 332
20 351
20 353
20 356
20 358
20 359
20 366
20 384
20 407
20 415
20 431
20 479
20 496
21 27
21 42
21 51
21 82
21 98
21 112
21 138
21 144
21 149
21 163
21 171
21 172
21 176
21 188
21 214
21 230
21 243
21 268
21 272
21 274
21 296
21 304
21 307
21 319
21 331
21 332
21 337
21 346
21 352
21 367
21 374
21 375
21 389
21 429
21 441
21 449
21 480
21 493
22 32
22 41
22 49
22 59
22 83
22 102
22 110
22 118
22 173
22 175
22 181
22 197
22 220
22 235
22 244
22 247
22 266
22 268
22 287
22 294
22 295
22 300
22 306
22 311
22 319
22 320
22 324
22 328
22 335
22 345
22 346
22 349
22 351
22 360
22 364
22 375
22 378
22 387
22 407
22 412
22 420
22 423
22 432
22 454
22 466
22 467
22 476
22 490
23 26
23 27
23 36
23 57
23 78
23 82
23 102
23 114
23 122
23 130
23 133
23 136
23 148
23 150
23 156
23 168
23 174
23 175
23 206
23 207
23 221
23 232
23 245
23 247
23 274
23 297
23 299
23 302
23 306
23 310
23 324
23 335
23 348
23 374
23 386
23 391
23 397
23 428
23 430
23 453
23 459
23 463
23 470
23 472
23 481
24 28
24 37
24 39
24 59
24 60
24 77
24 78
24 88
24 105
24 108
24 117
24 127
24 141
24 156
24 187
24 199
24 207
24 229
24 230
24 247
24 255
24 259
24 263
24 271
24 272
24 278
24 292
24 302
24 316
24 339
24 347
24 351
24 352
24 379
24 381
24 382
24 385
24 391
24 403
24 415
24 428
24 447
24 451
24 460
24 477
24 490
25 50
25 62
25 67
25 77
25 78
25 116
25 119
25 130
25 143
25 160
25 165
25 177
25 179
25 188
25 211
25 225
25 235
25 260
25 285
25 293
25 323
25 347
25 384
25 390
25 393
25 414
25 415
25 430
25 439
25 447
25 456
25 457
25 468
26 35
26 40
26 51
26 72
26 76
26 77
26 83
26 84
26 85
26 87
26 90
26 103
26 137
26 141
26 144
26 152
26 153
26 157
26 160
26 165
26 176
26 202
26 217
26 224
26 241
26 248
26 250
26 265
26 278
26 291
26 321
26 333
26 340
26 355
26 358
26 386
26 393
26 420
26 434
26 447
26 454
26 458
26 466
26 469
26 480
26 482
26 490
27 45
27 68
27 74
27 121
27 127
27 153
27 155
27 172
27 176
27 201
27 229
27 254
27 261
27 269
27 285
27 298
27 301
27 306
27 312
27 335
27 345
27 373
27 376
27 412
27 419
27 425
27 427
27 433
27 448
27 452
27 464
27 479
27 488
28 34
28 38
28 69
28 70
28 76
28 81
28 88
28 93
28 102
28 107
28 134
28 161
28 163
28 169
28 179
28 187
28 193
28 197
28 199
28 204
28 215
28 226
28 227
28 240
28 249
28 251
28 270
28 272
28 289
28 326
28 349
28 353
28 360
28 370
28 378
28 385
28 390
28 405
28 424
28 429
28 433
28 451
28 464
28 493
29 31
29 32
29 51
29 54
29 95
29 131
29 133
29 139
29 148
29 149
29 167
29 171
29 174
29 188
29 213
29 220
29 224
29 226
29 235
29 239
29 247
29 249
29 253
29 262
29 314
29 319
29 320
29 337
29 340
29 365
29 366
29 388
29 390
29 394
29 405
29 428
29 432
29 433
29 448
29 452
29 462
29 477
29 488
30 32
30 54
30 71
30 112
30 116
30 129
30 134
30 137
30 143
30 157
30 162
30 166
30 169
30 174
30 175
30 179
30 183
30 206
30 231
30 239
30 243
30 244
30 247
30 253
30 262
30 271
30 279
30 281
30 284
30 292
30 325
30 326
30 342
30 349
30 358
30 387
30 421
30 427
30 449
30 450
30 463
30 473
30 498
31 36
31 55
31 58
31 76
31 82
31 100
31 127
31 130
31 136
31 139
31 148
31 161
31 175
31 181
31 182
31 214
31 218
31 259
31 270
31 281
31 296
31 324
31 331
31 336
31 339
31 350
31 356
31 361
31 362
31 377
31 379
31 393
31 401
31 423
31 427
31 434
31 442
31 446
31 464
31 465
32 42
32 55
32 57
32 68
32 96
32 112
32 114
32 128
32 133
32 145
32 159
32 164
32 174
32 196
32 206
32 211
32 212
32 256
32 278
32 281
32 290
32 292
32 295
32 306
32 309
32 325
32 342
32 356
32 374
32 385
32 387
32 394
32 414
32 436
32 437
32 449
32 452
32 458
32 462
32 474
32 476
32 489
33 38
33 43
33 63
33 82
33 90
33 146
33 152
33 155
33 156
33 158
33 174
33 176
33 189
33 206
33 218
33 224
33 236
33 244
33 263
33 282
33 299
33 306
33 318
33 355
33 369
33 370
33 392
33 414
33 415
33 420
33 421
33 437
33 440
33 447
33 458
33 475
33 482
33 490
33 492
34 35
34 39
34 59
34 87
34 109
34 112
34 114
34 142
34 150
34 184
34 202
34 204
34 213
34 220
34 226
34 235
34 258
34 287
34 288
34 289
34 296
34 304
34 306
34 323
34 333
34 341
34 354
34 362
34 368
34 371
34 373
34 378
34 387
34 390
34 394
34 406
34 410
34 412
34 419
34 421
34 442
34 477
34 480
34 491
34 495
35 37
35 41
35 44
35 49
35 56
35 57
35 67
35 73
35 76
35 92
35 105
35 114
35 129
35 131
35 135
35 136
35 145
35 153
35 184
35 197
35 215
35 230
35 251
35 283
35 291
35 296
35 297
35 299
35 310
35 321
35 323
35 366
35 367
35 392
35 397
35 399
35 403
35 404
35 413
35 423
35 426
35 428
35 432
35 438
35 481
35 484
35 485
35 491
36 48
36 58
36 64
36 65
36 77
36 81
36 84
36 85
36 87
36 89
36 97
36 120
36 124
36 126
36 135
36 140
36 143
36 146
36 154
36 186
36 228
36 250
36 259
36 267
36 281
36 282
36 285
36 287
36 290
36 293
36 314
36 329
36 331
36 341
36 362
36 393
36 396
36 399
36 410
36 426
36 470
36 491
36 492
36 495
36 497
36 498
37 45
37 48
37 61
37 64
37 82
37 88
37 121
37 137
37 138
37 140
37 155
37 161
37 175
37 177
37 192
37 214
37 238
37 243
37 244
37 256
37 258
37 267
37 271
37 272
37 274
37 280
37 296
37 301
37 331
37 350
37 358
37 367
37 378
37 380
37 382
37 389
37 412
37 415
37 424
37 427
37 437
37 444
37 468
37 469
37 480
37 487
37 491
37 499
38 42
38 52
38 61
38 95
38 99
38 111
38 125
38 167
38 185
38 193
38 201
38 228
38 238
38 252
38 265
38 294
38 300
38 317
38 324
38 337
38 340
38 341
38 353
38 372
38 381
38 392
38 400
38 413
38 429
38 431
38 435
38 443
38 471
38 493
39 70
39 89
39 93
39 94
39 101
39 102
39 120
39 133
39 150
39 153
39 159
39 167
39 170
39 185
39 186
39 197
39 235
39 244
39 246
39 262
39 283
39 284
39 286
39 292
39 297
39 323
39 330
39 333
39 334
39 347
39 356
39 358
39 378
39 382
39 393
39 423
39 429
39 434
39 440
39 444
39 446
39 469
39 472
39 478
39 485
39 497
40 53
40 106
40 135
40 139
40 143
40 154
40 155
40 203
40 214
40 222
40 226
40 264
40 283
40 317
40 343
40 345
40 355
40 368
40 384
40 390
40 400
40 402
40 404
40 409
40 418
40 440
40 441
40 451
40 453
40 464
40 471
40 474
40 476
40 477
41 58
41 72
41 74
41 83
41 89
41 102
41 110
41 133
41 141
41 165
41 168
41 170
41 171
41 176
41 189
41 190
41 204
41 214
41 217
41 236
41 258
41 272
41 273
41 324
41 340
41 352
41 362
41 370
41 379
41 386
41 389
41 394
41 395
41 403
41 432
41 434
41 435
41 441
41 447
41 460
41 468
41 480
41 495
42 43
42 56
42 61
42 106
42 108
42 114
42 126
42 129
42 164
42 173
42 202
42 205
42 222
42 224
42 228
42 262
42 280
42 284
42 305
42 311
42 323
42 341
42 357
42 358
42 377
42 407
42 408
42 427
42 430
42 443
42 454
42 472
42 494
43 68
43 89
43 116
43 129
43 130
43 146
43 159
43 180
43 186
43 190
43 193
43 212
43 213
43 231
43 242
43 244
43 255
43 260
43 284
43 287
43 336
43 338
43 340
43 343
43 359
43 361
43 362
43 404
43 410
43 418
43 452
43 468
43 481
43 482
44 57
44 62
44 80
44 91
44 116
44 129
44 138
44 145
44 180
44 187
44 198
44 206
44 215
44 221
44 243
44 248
44 255
44 256
44 258
44 274
44 283
44 296
44 328
44 329
44 333
44 361
44 374
44 379
44 394
44 398
44 402
44 410
44 419
44 439
44 472
44 492
44 494
45 46
45 51
45 52
45 64
45 89
45 94
45 96
45 103
45 107
45 113
45 115
45 116
45 119
45 129
45 136
45 168
45 184
45 202
45 214
45 222
45 224
45 235
45 242
45 249
45 261
45 270
45 278
45 279
45 313
45 315
45 347
45 351
45 361
45 369
45 378
45 379
45 400
45 402
45 414
45 416
45 430
45 435
45 464
45 472
45 496
46 48
46 50
46 53
46 100
46 127
46 136
46 138
46 142
46 166
46 180
46 185
46 271
46 277
46 304
46 305
46 340
46 350
46 363
46 370
46 371
46 373
46 377
46 394
46 397
46 409
46 415
46 458
46 461
46 471
46 479
46 493
46 497
47 59
47 85
47 88
47 129
47 167
47 190
47 196
47 204
47 216
47 231
47 237
47 239
47 240
47 243
47 282
47 294
47 296
47 314
47 319
47 321
47 342
47 347
47 369
47 373
47 436
47 465
47 468
47 471
47 481
47 482
47 498
48 56
48 68
48 80
48 98
48 103
48 111
48 114
48 117
48 119
48 131
48 137
48 140
48 147
48 167
48 180
48 188
48 198
48 210
48 231
48 250
48 260
48 261
48 273
48 280
48 295
48 314
48 319
48 332
48 333
48 338
48 348
48 353
48 410
48 412
48 417
48 427
48 454
48 465
48 481
48 487
48 495
49 56
49 107
49 115
49 116
49 118
49 125
49 135
49 136
49 155
49 171
49 175
49 182
49 186
49 194
49 195
49 201
49 207
49 220
49 227
49 229
49 250
49 258
49 262
49 279
49 284
49 286
49 301
49 332
49 353
49 362
49 376
49 383
49 389
49 405
49 412
49 430
49 449
49 451
49 488
49 496
50 51
50 68
50 78
50 88
50 90
50 91
50 108
50 117
50 136
50 144
50 148
50 170
50 171
50 190
50 193
50 199
50 225
50 228
50 232
50 237
50 243
50 291
50 297
50 304
50 309
50 313
50 316
50 320
50 328
50 354
50 359
50 363
50 396
50 417
50 419
50 426
50 455
50 460
50 469
50 486
50 488
50 494
51 67
51 86
51 112
51 129
51 140
51 166
51 175
51 183
51 207
51 225
51 241
51 255
51 257
51 259
51 275
51 278
51 279
51 308
51 329
51 358
51 362
51 367
51 390
51 397
51 403
51 416
51 424
51 428
51 433
51 440
51 464
51 472
51 479
51 486
51 487
51 490
51 494
51 498
52 62
52 63
52 71
52 93
52 95
52 106
52 117
52 128
52 152
52 156
52 160
52 161
52 164
52 185
52 222
52 226
52 239
52 245
52 246
52 265
52 268
52 270
52 280
52 303
52 316
52 319
52 337
52 342
52 357
52 373
52 410
52 460
52 472
52 485
52 487
53 77
53 102
53 127
53 129
53 183
53 185
53 208
53 220
53 243
53 254
53 268
53 278
53 284
53 299
53 300
53 316
53 341
53 355
53 361
53 379
53 380
53 383
53 389
53 397
53 418
53 484
53 496
53 499
54 70
54 74
54 88
54 95
54 124
54 132
54 133
54 134
54 138
54 143
54 180
54 195
54 214
54 219
54 227
54 231
54 232
54 235
54 242
54 246
54 257
54 262
54 268
54 273
54 275
54 278
54 279
54 284
54 289
54 306
54 307
54 319
54 359
54 360
54 378
54 385
54 420
54 423
54 436
54 438
54 445
54 448
54 452
54 454
54 462
54 463
54 464
54 482
54 493
54 495
55 65
55 73
55 125
55 134
55 142
55 147
55 170
55 216
55 229
55 230
55 241
55 249
55 258
55 269
55 272
55 288
55 294
55 295
55 304
55 307
55 329
55 346
55 357
55 371
55 374
55 375
55 380
55 383
55 385
55 405
55 408
55 411
55 444
55 449
55 454
55 455
55 456
55 459
55 460
55 469
55 474
56 91
56 100
56 114
56 174
56 216
56 235
56 238
56 289
56 303
56 309
56 312
56 321
56 327
56 348
56 350
56 374
56 383
56 388
56 410
56 415
56 419
56 438
56 484
56 497
57 71
57 75
57 102
57 104
57 129
57 150
57 165
57 173
57 189
57 212
57 245
57 265
57 267
57 296
57 308
57 310
57 317
57 318
57 326
57 329
57 335
57 336
57 339
57 341
57 350
57 366
57 381
57 398
57 410
57 453
57 459
57 482
57 484
57 495
57 499
58 59
58 67
58 75
58 77
58 79
58 81
58 83
58 89
58 92
58 125
58 133
58 138
58 140
58 149
58 152
58 174
58 178
58 181
58 199
58 215
58 233
58 248
58 254
58 257
58 259
58 262
58 266
58 281
58 298
58 308
58 309
58 310
58 327
58 371
58 382
58 390
58 400
58 406
58 412
58 422
58 458
58 477
58 480
58 485
58 486
59 66
59 69
59 71
59 83
59 96
59 110
59 119
59 122
59 128
59 130
59 133
59 156
59 162
59 172
59 175
59 179
59 184
59 213
59 227
59 248
59 251
59 275
59 284
59 286
59 302
59 368
59 418
59 436
59 443
59 468
59 495
60 61
60 62
60 65
60 67
60 84
60 91
60 101
60 123
60 125
60 130
60 147
60 148
60 149
60 166
60 167
60 186
60 194
60 203
60 209
60 238
60 247
60 262
60 269
60 282
60 285
60 288
60 290
60 292
60 308
60 319
60 330
60 334
60 337
60 342
60 345
60 357
60 376
60 384
60 398
60 400
60 412
60 413
60 420
60 433
60 454
60 476
60 483
60 489
61 64
61 70
61 84
61 89
61 97
61 99
61 102
61 128
61 141
61 152
61 156
61 161
61 166
61 170
61 179
61 191
61 285
61 314
61 317
61 334
61 356
61 365
61 366
61 377
61 381
61 392
61 403
61 424
61 434
61 465
61 476
61 485
61 486
61 497
62 91
62 100
62 107
62 145
62 154
62 160
62 177
62 197
62 198
62 200
62 208
62 210
62 241
62 246
62 250
62 252
62 253
62 254
62 255
62 266
62 274
62 282
62 304
62 312
62 316
62 324
62 338
62 353
62 356
62 365
62 376
62 380
62 394
62 427
62 432
62 453
62 456
62 457
62 475
62 485
62 490
63 66
63 68
63 78
63 90
63 95
63 124
63 132
63 134
63 140
63 159
63 183
63 187
63 192
63 197
63 203
63 213
63 218
63 220
63 231
63 239
63 243
63 246
63 253
63 261
63 265
63 266
63 268
63 269
63 282
63 283
63 307
63 315
63 366
63 385
63 418
63 419
63 422
63 438
63 476
63 479
63 481
64 65
64 66
64 67
64 69
64 78
64 79
64 80
64 126
64 136
64 144
64 147
64 154
64 155
64 158
64 161
64 166
64 167
64 168
64 169
64 183
64 187
64 192
64 194
64 217
64 219
64 221
64 230
64 234
64 235
64 242
64 258
64 265
64 290
64 292
64 302
64 317
64 318
64 322
64 344
64 350
64 351
64 362
64 389
64 400
64 420
64 422
64 424
64 428
64 430
64 444
64 454
64 468
64 493
65 83
65 84
65 112
65 114
65 117
65 126
65 131
65 135
65 163
65 169
65 172
65 184
65 229
65 247
65 250
65 251
65 274
65 286
65 305
65 307
65 337
65 369
65 377
65 379
65 395
65 412
65 428
65 437
65 443
65 447
65 448
65 449
65 473
65 481
65 488
65 491
66 85
66 96
66 122
66 124
66 133
66 174
66 182
66 185
66 200
66 216
66 237
66 240
66 246
66 254
66 274
66 277
66 298
66 302
66 312
66 321
66 322
66 336
66 348
66 367
66 377
66 378
66 381
66 395
66 400
66 410
66 420
66 435
66 439
66 446
66 478
66 479
66 484
67 73
67 76
67 102
67 108
67 112
67 142
67 147
67 158
67 162
67 164
67 165
67 181
67 189
67 194
67 203
67 208
67 258
67 260
67 266
67 272
67 274
67 290
67 291
67 293
67 308
67 330
67 333
67 348
67 350
67 355
67 358
67 382
67 385
67 389
67 415
67 416
67 418
67 438
67 443
67 447
67 496
68 81
68 141
68 146
68 151
68 154
68 157
68 184
68 185
68 192
68 195
68 208
68 223
68 254
68 259
68 260
68 265
68 275
68 281
68 285
68 293
68 315
68 322
68 326
68 327
68 332
68 341
68 344
68 364
68 369
68 375
68 377
68 385
68 390
68 427
68 428
68 430
68 439
68 468
68 472
68 474
68 481
69 74
69 77
69 94
69 100
69 120
69 121
69 132
69 163
69 177
69 194
69 215
69 220
69 223
69 224
69 225
69 229
69 232
69 246
69 266
69 273
69 283
69 290
69 297
69 300
69 306
69 312
69 318
69 334
69 363
69 374
69 378
69 380
69 386
69 408
69 435
69 444
69 448
69 449
69 471
69 478
69 482
70 74
70 90
70 107
70 122
70 151
70 153
70 171
70 177
70 194
70 207
70 209
70 215
70 221
70 244
70 279
70 281
70 304
70 308
70 328
70 388
70 405
70 407
70 434
70 441
70 442
70 468
70 493
71 87
71 124
71 151
71 163
71 172
71 176
71 215
71 220
71 222
71 227
71 249
71 265
71 266
71 301
71 338
71 359
71 363
71 370
71 388
71 394
71 404
71 422
71 424
71 425
71 429
71 440
71 473
71 478
72 74
72 88
72 97
72 100
72 110
72 133
72 137
72 152
72 164
72 196
72 197
72 199
72 215
72 225
72 227
72 232
72 234
72 238
72 253
72 259
72 260
72 268
72 275
72 285
72 305
72 329
72 354
72 365
72 368
72 380
72 396
72 398
72 402
72 403
72 418
72 421
72 436
72 451
72 454
72 484
72 496
72 498
73 74
73 76
73 84
73 96
73 97
73 98
73 100
73 138
73 140
73 144
73 154
73 189
73 204
73 225
73 241
73 255
73 257
73 264
73 269
73 278
73 306
73 346
73 366
73 386
73 396
73 414
73 418
73 427
73 441
73 452
73 470
73 479
73 491
74 93
74 107
74 113
74 121
74 122
74 126
74 136
74 143
74 145
74 154
74 164
74 179
74 181
74 184
74 195
74 207
74 208
74 221
74 230
74 236
74 242
74 248
74 268
74 279
74 285
74 293
74 301
74 316
74 330
74 335
74 337
74 350
74 353
74 354
74 366
74 371
74 374
74 389
74 431
74 438
74 452
74 459
74 478
74 480
74 484
74 492
75 77
75 79
75 84
75 86
75 90
75 91
75 112
75 130
75 133
75 141
75 143
75 147
75 172
75 204
75 210
75 211
75 217
75 227
75 266
75 270
75 283
75 285
75 289
75 294
75 303
75 306
75 324
75 399
75 402
75 406
75 423
75 433
75 478
75 486
75 487
76 79
76 92
76 100
76 113
76 143
76 151
76 155
76 159
76 193
76 195
76 204
76 221
76 223
76 228
76 237
76 247
76 256
76 258
76 265
76 271
76 301
76 309
76 319
76 321
76 337
76 342
76 358
76 414
76 426
76 462
76 478
76 483
76 485
77 90
77 92
77 102
77 125
77 134
77 136
77 154
77 157
77 159
77 173
77 180
77 196
77 199
77 208
77 212
77 284
77 289
77 311
77 313
77 330
77 355
77 388
77 393
77 396
77 399
77 403
77 408
77 417
77 432
77 437
77 439
77 445
77 449
77 469
77 484
77 487
77 498
78 99
78 110
78 120
78 159
78 173
78 175
78 191
78 192
78 221
78 233
78 235
78 242
78 252
78 270
78 291
78 304
78 308
78 316
78 323
78 362
78 377
78 387
78 397
78 405
78 426
78 445
78 472
78 473
78 492
78 495
79 88
79 90
79 122
79 124
79 140
79 143
79 165
79 175
79 184
79 192
79 195
79 198
79 217
79 219
79 220
79 231
79 250
79 258
79 271
79 280
79 300
79 314
79 315
79 316
79 317
79 323
79 329
79 368
79 369
79 372
79 409
79 416
79 421
79 445
79 462
79 465
79 471
79 496
80 86
80 122
80 124
80 128
80 134
80 149
80 152
80 155
80 188
80 201
80 203
80 212
80 223
80 225
80 244
80 253
80 260
80 265
80 281
80 290
80 292
80 308
80 311
80 325
80 327
80 340
80 343
80 348
80 354
80 377
80 396
80 436
80 439
80 449
80 463
80 466
80 473
80 475
80 479
80 487
80 489
81 83
81 87
81 92
81 94
81 95
81 119
81 130
81 138
81 141
81 153
81 164
81 175
81 196
81 203
81 247
81 257
81 258
81 262
81 284
81 285
81 291
81 310
81 338
81 351
81 360
81 361
81 362
81 376
81 380
81 414
81 420
81 430
81 437
81 448
81 455
81 461
81 462
81 472
81 487
81 490
82 87
82 96
82 101
82 107
82 130
82 131
82 135
82 138
82 163
82 166
82 177
82 184
82 196
82 234
82 268
82 272
82 301
82 313
82 318
82 327
82 329
82 352
82 375
82 386
82 407
82 416
82 430
82 433
82 436
82 482
82 483
82 487
82 489
82 490
83 84
83 90
83 94
83 96
83 119
83 120
83 122
83 130
83 156
83 169
83 176
83 177
83 181
83 182
83 189
83 205
83 213
83 214
83 215
83 231
83 242
83 249
83 262
83 263
83 278
83 283
83 286
83 291
83 296
83 314
83 316
83 322
83 331
83 346
83 349
83 361
83 367
83 370
83 376
83 381
83 425
83 440
83 448
83 458
83 461
83 482
83 485
84 103
84 118
84 119
84 142
84 147
84 192
84 222
84 238
84 240
84 246
84 263
84 270
84 281
84 290
84 296
84 302
84 303
84 319
84 331
84 351
84 358
84 371
84 373
84 456
84 457
84 472
84 476
84 480
84 492
84 493
85 100
85 128
85 154
85 201
85 202
85 204
85 217
85 226
85 251
85 255
85 265
85 272
85 276
85 282
85 296
85 307
85 312
85 325
85 326
85 331
85 344
85 351
85 356
85 362
85 368
85 371
85 379
85 384
85 389
85 393
85 402
85 420
85 422
85 425
85 436
85 448
85 451
85 453
85 458
85 475
85 488
85 497
86 92
86 102
86 112
86 115
86 128
86 131
86 137
86 185
86 186
86 192
86 240
86 262
86 278
86 287
86 326
86 337
86 362
86 365
86 369
86 371
86 380
86 383
86 391
86 398
86 408
86 423
86 449
86 472
86 475
86 478
86 479
86 487
86 491
87 94
87 95
87 113
87 115
87 117
87 119
87 139
87 163
87 182
87 183
87 193
87 206
87 229
87 239
87 271
87 273
87 282
87 283
87 288
87 289
87 305
87 308
87 310
87 320
87 323
87 334
87 351
87 357
87 363
87 396
87 400
87 418
87 439
87 447
87 451
87 455
87 469
87 483
87 497
88 95
88 107
88 127
88 160
88 183
88 190
88 196
88 198
88 202
88 203
88 211
88 212
88 217
88 221
88 227
88 240
88 262
88 267
88 274
88 291
88 294
88 310
88 317
88 326
88 348
88 367
88 374
88 388
88 396
88 424
88 453
88 469
88 484
88 496
89 92
89 108
89 114
89 117
89 135
89 154
89 173
89 193
89 206
89 210
89 232
89 234
89 257
89 258
89 267
89 274
89 282
89 284
89 314
89 322
89 328
89 338
89 341
89 366
89 426
89 427
89 435
89 442
89 451
89 472
89 479
90 94
90 118
90 121
90 124
90 134
90 136
90 166
90 177
90 183
90 227
90 230
90 254
90 269
90 278
90 279
90 284
90 317
90 326
90 338
90 342
90 383
90 408
90 425
90 444
90 446
90 448
90 449
90 462
90 466
90 477
90 478
91 98
91 102
91 103
91 122
91 126
91 141
91 157
91 158
91 178
91 185
91 190
91 202
91 206
91 209
91 243
91 254
91 275
91 277
91 283
91 287
91 292
91 295
91 300
91 322
91 337
91 338
91 339
91 341
91 353
91 363
91 369
91 380
91 394
91 397
91 401
91 421
91 430
91 441
91 448
91 465
91 472
91 476
91 483
91 494
92 95
92 119
92 123
92 127
92 129
92 132
92 141
92 143
92 156
92 189
92 200
92 201
92 223
92 230
92 233
92 242
92 260
92 269
92 286
92 294
92 307
92 309
92 311
92 328
92 329
92 336
92 344
92 347
92 358
92 371
92 377
92 395
92 398
92 412
92 427
92 440
92 445
92 449
92 455
92 464
92 465
92 493
92 497
93 105
93 111
93 116
93 143
93 152
93 155
93 168
93 179
93 185
93 205
93 208
93 213
93 220
93 235
93 251
93 253
93 258
93 262
93 273
93 284
93 290
93 308
93 316
93 317
93 334
93 369
93 372
93 375
93 385
93 398
93 403
93 413
93 414
93 432
93 438
93 443
93 455
93 457
93 489
93 491
93 493
94 116
94 120
94 124
94 126
94 132
94 179
94 181
94 206
94 210
94 217
94 233
94 237
94 244
94 246
94 255
94 275
94 279
94 298
94 299
94 328
94 330
94 343
94 359
94 360
94 365
94 366
94 369
94 372
94 398
94 399
94 431
94 433
94 442
94 445
94 449
94 470
94 473
94 474
94 477
94 490
94 494
94 495
95 110
95 126
95 128
95 132
95 135
95 186
95 192
95 219
95 221
95 253
95 261
95 265
95 267
95 269
95 273
95 276
95 297
95 309
95 317
95 331
95 340
95 365
95 373
95 378
95 403
95 405
95 408
95 417
95 423
95 438
95 453
95 458
95 467
95 468
95 481
95 483
96 109
96 125
96 135
96 149
96 155
96 160
96 165
96 214
96 215
96 235
96 242
96 245
96 258
96 267
96 279
96 299
96 308
96 319
96 324
96 327
96 330
96 334
96 343
96 344
96 349
96 350
96 363
96 367
96 368
96 370
96 397
96 408
96 418
97 102
97 104
97 124
97 136
97 149
97 155
97 165
97 171
97 178
97 184
97 188
97 201
97 206
97 227
97 253
97 259
97 261
97 265
97 273
97 279
97 293
97 296
97 341
97 345
97 351
97 358
97 384
97 385
97 413
97 444
97 458
97 459
97 463
97 466
97 477
97 479
97 491
97 499
98 100
98 133
98 142
98 157
98 170
98 184
98 189
98 201
98 222
98 229
98 237
98 248
98 250
98 254
98 265
98 273
98 285
98 295
98 296
98 297
98 305
98 329
98 332
98 356
98 366
98 372
98 386
98 396
98 402
98 413
98 432
98 434
98 442
98 461
98 488
99 109
99 122
99 141
99 178
99 190
99 194
99 198
99 199
99 202
99 203
99 207
99 214
99 230
99 251
99 267
99 271
99 284
99 287
99 289
99 295
99 299
99 306
99 316
99 348
99 358
99 381
99 387
99 392
99 414
99 420
99 421
99 433
99 469
99 475
99 494
100 113
100 115
100 145
100 146
100 154
100 170
100 184
100 188
100 192
100 208
100 213
100 227
100 233
100 238
100 248
100 275
100 292
100 294
100 316
100 319
100 324
100 330
100 336
100 340
100 350
100 371
100 388
100 394
100 403
100 410
100 442
100 456
100 461
100 475
100 479
100 481
100 485
100 492
100 494
101 103
101 109
101 191
101 204
101 246
101 255
101 283
101 286
101 287
101 312
101 319
101 339
101 343
101 361
101 369
101 372
101 379
101 381
101 383
101 393
101 407
101 408
101 414
101 421
101 423
101 436
101 440
101 468
101 472
101 478
101 481
101 487
101 489
101 490
102 114
102 127
102 129
102 142
102 159
102 179
102 181
102 184
102 201
102 208
102 222
102 232
102 235
102 243
102 265
102 272
102 279
102 321
102 326
102 332
102 380
102 385
102 393
102 394
102 403
102 405
102 406
102 416
102 421
102 430
102 432
102 447
102 459
102 468
102 471
102 472
102 495
103 111
103 123
103 125
103 126
103 136
103 153
103 156
103 181
103 196
103 205
103 226
103 228
103 243
103 248
103 251
103 275
103 291
103 301
103 310
103 333
103 348
103 352
103 407
103 409
103 456
103 459
103 465
103 476
103 477
103 491
104 120
104 121
104 122
104 136
104 149
104 158
104 168
104 169
104 183
104 202
104 207
104 229
104 236
104 245
104 246
104 255
104 267
104 277
104 311
104 351
104 369
104 383
104 386
104 452
104 454
104 475
104 485
104 497
105 109
105 114
105 136
105 149
105 152
105 185
105 200
105 201
105 229
105 242
105 256
105 263
105 266
105 303
105 340
105 342
105 345
105 357
105 369
105 388
105 396
105 397
105 420
105 462
105 473
105 480
105 482
105 493
106 119
106 120
106 136
106 149
106 152
106 159
106 166
106 168
106 172
106 175
106 179
106 190
106 205
106 235
106 243
106 249
106 270
106 295
106 305
106 306
106 313
106 338
106 344
106 361
106 363
106 372
106 382
106 390
106 418
106 423
106 436
106 455
106 459
106 488
106 491
106 497
107 122
107 153
107 158
107 165
107 168
107 180
107 189
107 201
107 203
107 205
107 215
107 246
107 252
107 254
107 273
107 278
107 284
107 288
107 295
107 297
107 309
107 332
107 334
107 335
107 363
107 369
107 390
107 393
107 398
107 407
107 431
107 434
107 436
107 440
107 479
107 482
107 485
107 497
108 109
108 110
108 111
108 122
108 134
108 145
108 155
108 156
108 170
108 172
108 173
108 189
108 192
108 201
108 205
108 207
108 208
108 217
108 225
108 247
108 252
108 256
108 295
108 298
108 313
108 324
108 343
108 345
108 353
108 357
108 359
108 371
108 381
108 385
108 416
108 419
108 421
108 424
108 444
108 459
108 464
108 483
108 486
108 492
109 120
109 127
109 130
109 134
109 135
109 136
109 145
109 159
109 165
109 174
109 180
109 188
109 195
109 199
109 200
109 203
109 214
109 220
109 230
109 240
109 243
109 246
109 258
109 268
109 290
109 306
109 337
109 348
109 357
109 366
109 373
109 376
109 424
109 438
109 440
109 441
109 449
109 483
109 484
109 490
109 492
109 493
110 112
110 120
110 144
110 149
110 151
110 190
110 201
110 211
110 214
110 237
110 254
110 259
110 264
110 278
110 285
110 297
110 322
110 324
110 345
110 346
110 357
110 360
110 367
110 369
110 388
110 397
110 403
110 414
110 417
110 448
110 460
110 486
110 487
110 491
110 494
111 116
111 120
111 128
111 131
111 132
111 134
111 137
111 142
111 167
111 200
111 219
111 229
111 243
111 247
111 258
111 277
111 297
111 319
111 333
111 334
111 335
111 340
111 350
111 361
111 362
111 365
111 375
111 383
111 405
111 412
111 415
111 416
111 432
111 471
111 472
111 492
112 118
112 134
112 155
112 159
112 162
112 186
112 193
112 197
112 205
112 228
112 230
112 231
112 233
112 238
112 252
112 253
112 259
112 267
112 286
112 287
112 289
112 321
112 325
112 337
112 338
112 353
112 354
112 365
112 379
112 406
112 409
112 415
112 418
112 422
112 435
112 445
112 448
112 453
112 457
112 471
112 484
112 494
113 130
113 143
113 150
113 160
113 176
113 194
113 202
113 216
113 219
113 222
113 239
113 249
113 250
113 256
113 271
113 273
113 300
113 309
113 331
113 359
113 362
113 366
113 375
113 385
113 395
113 402
113 403
113 407
113 410
113 435
113 445
113 457
113 463
113 466
113 478
113 483
113 499
114 122
114 126
114 133
114 134
114 186
114 204
114 208
114 232
114 250
114 285
114 292
114 293
114 300
114 317
114 319
114 337
114 340
114 356
114 360
114 376
114 383
114 392
114 406
114 409
114 416
114 420
114 424
114 440
114 443
114 480
114 483
114 486
114 492
115 125
115 149
115 152
115 155
115 180
115 186
115 190
115 192
115 196
115 200
115 206
115 216
115 224
115 227
115 254
115 260
115 271
115 291
115 298
115 304
115 311
115 322
115 327
115 331
115 346
115 355
115 356
115 367
115 388
115 389
115 416
115 437
115 441
115 443
115 444
115 449
115 475
115 487
115 497
116 126
116 138
116 143
116 148
116 154
116 172
116 178
116 180
116 207
116 210
116 221
116 223
116 231
116 269
116 300
116 311
116 316
116 317
116 340
116 343
116 346
116 360
116 371
116 372
116 377
116 396
116 414
116 451
116 453
116 454
116 459
116 466
117 128
117 145
117 147
117 151
117 161
117 163
117 171
117 178
117 195
117 201
117 203
117 218
117 233
117 237
117 250
117 267
117 273
117 301
117 304
117 313
117 322
117 324
117 328
117 332
117 338
117 353
117 356
117 368
117 374
117 378
117 386
117 406
117 411
117 412
117 419
117 420
117 430
117 434
118 120
118 130
118 135
118 143
118 149
118 156
118 167
118 179
118 185
118 189
118 194
118 207
118 230
118 243
118 246
118 270
118 284
118 297
118 310
118 312
118 328
118 329
118 336
118 358
118 360
118 371
118 376
118 383
118 389
118 394
118 435
118 470
118 475
118 477
118 488
118 499
119 127
119 131
119 151
119 161
119 172
119 179
119 180
119 189
119 198
119 204
119 209
119 210
119 228
119 242
119 247
119 252
119 265
119 274
119 278
119 279
119 280
119 281
119 285
119 290
119 293
119 297
119 298
119 330
119 332
119 347
119 363
119 374
119 385
119 387
119 402
119 406
119 409
119 414
119 419
119 444
119 445
119 447
119 496
120 135
120 136
120 157
120 178
120 199
120 200
120 205
120 215
120 230
120 244
120 250
120 263
120 279
120 313
120 332
120 346
120 373
120 398
120 426
120 430
120 459
120 468
120 471
120 480
120 484
120 491
120 493
121 122
121 124
121 134
121 147
121 157
121 176
121 190
121 205
121 207
121 211
121 212
121 235
121 276
121 279
121 360
121 365
121 402
121 406
121 416
121 422
121 432
121 433
121 435
121 467
121 472
121 476
121 483
121 484
121 485
122 131
122 143
122 150
122 160
122 179
122 187
122 202
122 205
122 210
122 220
122 226
122 235
122 246
122 249
122 274
122 294
122 296
122 298
122 313
122 316
122 327
122 328
122 333
122 358
122 367
122 382
122 383
122 384
122 437
122 454
122 458
122 460
122 472
122 477
122 481
122 487
122 488
122 489
122 492
122 493
123 130
123 133
123 148
123 161
123 162
123 167
123 181
123 187
123 194
123 213
123 227
123 237
123 243
123 273
123 284
123 288
123 294
123 300
123 318
123 354
123 356
123 360
123 369
123 373
123 374
123 383
123 400
123 402
123 425
123 431
123 469
123 484
123 485
123 492
124 138
124 140
124 148
124 149
124 176
124 184
124 189
124 190
124 192
124 196
124 207
124 219
124 246
124 268
124 299
124 300
124 304
124 314
124 325
124 328
124 330
124 342
124 351
124 354
124 361
124 378
124 387
124 407
124 426
124 439
124 474
124 482
124 483
124 487
124 488
124 489
124 493
125 126
125 129
125 139
125 140
125 147
125 148
125 151
125 159
125 168
125 170
125 211
125 215
125 221
125 226
125 231
125 243
125 264
125 278
125 297
125 308
125 344
125 351
125 352
125 357
125 364
125 366
125 379
125 387
125 393
125 409
125 414
125 469
125 479
125 486
125 494
125 495
126 127
126 130
126 138
126 146
126 168
126 176
126 181
126 182
126 187
126 204
126 217
126 218
126 225
126 232
126 235
126 236
126 237
126 240
126 241
126 242
126 250
126 259
126 260
126 268
126 289
126 290
126 297
126 298
126 307
126 308
126 331
126 339
126 346
126 353
126 355
126 359
126 361
126 369
126 377
126 381
126 389
126 409
126 421
126 423
126 429
126 460
126 468
126 476
126 491
126 496
127 134
127 139
127 145
127 149
127 151
127 156
127 163
127 164
127 166
127 185
127 194
127 220
127 223
127 229
127 253
127 275
127 290
127 294
127 295
127 313
127 317
127 335
127 346
127 368
127 389
127 393
127 420
127 441
127 474
127 478
127 489
127 494
128 145
128 154
128 157
128 159
128 161
128 175
128 243
128 269
128 271
128 279
128 283
128 296
128 314
128 329
128 335
128 359
128 368
128 383
128 391
128 404
128 424
128 432
128 434
128 457
128 461
128 463
128 489
128 498
129 138
129 149
129 157
129 162
129 167
129 203
129 206
129 211
129 221
129 237
129 241
129 242
129 243
129 248
129 254
129 274
129 277
129 287
129 320
129 324
129 340
129 362
129 368
129 369
129 370
129 371
129 375
129 388
129 398
129 403
129 407
129 419
129 430
129 459
129 463
129 475
129 490
130 143
130 157
130 161
130 162
130 165
130 173
130 205
130 267
130 270
130 275
130 313
130 316
130 317
130 324
130 330
130 338
130 351
130 372
130 384
130 391
130 397
130 412
130 414
130 417
130 423
130 437
130 447
130 457
130 471
130 483
130 492
130 495
131 168
131 173
131 200
131 208
131 210
131 217
131 226
131 230
131 236
131 241
131 248
131 269
131 280
131 306
131 325
131 336
131 354
131 377
131 386
131 387
131 397
131 398
131 399
131 413
131 425
131 426
131 428
131 439
131 440
131 447
131 451
131 459
131 460
131 464
131 465
131 468
131 470
131 473
131 477
131 480
131 496
132 136
132 141
132 146
132 148
132 154
132 176
132 182
132 185
132 190
132 200
132 209
132 214
132 220
132 232
132 235
132 245
132 251
132 261
132 264
132 270
132 275
132 278
132 281
132 292
132 318
132 319
132 334
132 368
132 379
132 408
132 424
132 449
132 454
132 468
132 473
132 475
132 479
132 492
133 139
133 148
133 176
133 182
133 186
133 206
133 210
133 213
133 239
133 278
133 284
133 322
133 323
133 352
133 369
133 375
133 383
133 388
133 424
133 445
133 472
133 474
133 476
133 480
134 135
134 160
134 165
134 180
134 185
134 196
134 204
134 211
134 229
134 233
134 236
134 249
134 259
134 270
134 272
134 285
134 291
134 321
134 330
134 331
134 343
134 347
134 349
134 353
134 371
134 392
134 401
134 419
134 420
134 429
134 439
134 445
134 457
134 459
134 462
134 476
135 158
135 189
135 192
135 200
135 207
135 264
135 287
135 294
135 297
135 315
135 335
135 354
135 356
135 385
135 386
135 391
135 394
135 398
135 410
135 415
135 434
135 437
135 451
135 469
135 477
135 478
136 159
136 165
136 168
136 201
136 209
136 213
136 220
136 226
136 254
136 264
136 269
136 278
136 281
136 292
136 308
136 314
136 316
136 318
136 379
136 381
136 384
136 388
136 393
136 396
136 406
136 410
136 417
136 443
136 471
137 141
137 149
137 164
137 171
137 191
137 197
137 202
137 204
137 207
137 216
137 227
137 232
137 252
137 256
137 264
137 273
137 275
137 276
137 294
137 296
137 305
137 369
137 374
137 386
137 387
137 392
137 410
137 435
137 446
137 447
137 454
137 476
137 496
138 146
138 154
138 162
138 168
138 183
138 186
138 212
138 222
138 269
138 291
138 314
138 343
138 361
138 369
138 383
138 386
138 405
138 408
138 413
138 418
138 459
138 465
138 475
138 492
138 495
138 498
139 157
139 204
139 221
139 225
139 233
139 250
139 277
139 278
139 310
139 317
139 330
139 333
139 337
139 344
139 367
139 411
139 412
139 413
139 419
139 420
139 427
139 453
139 463
139 470
139 475
139 479
139 494
140 149
140 167
140 174
140 177
140 181
140 198
140 213
140 218
140 225
140 232
140 233
140 247
140 252
140 265
140 274
140 284
140 296
140 307
140 313
140 315
140 319
140 329
140 335
140 342
140 364
140 390
140 396
140 426
140 429
140 434
140 463
140 479
140 485
141 152
141 176
141 177
141 211
141 223
141 227
141 228
141 237
141 253
141 277
141 294
141 313
141 316
141 322
141 328
141 329
141 331
141 333
141 348
141 379
141 380
141 389
141 412
141 416
141 434
141 436
141 437
141 460
141 461
141 479
141 486
142 193
142 211
142 223
142 233
142 264
142 268
142 272
142 273
142 281
142 286
142 305
142 306
142 314
142 332
142 339
142 344
142 347
142 349
142 357
142 380
142 390
142 393
142 403
142 412
142 458
142 472
142 478
142 486
143 155
143 168
143 179
143 192
143 219
143 238
143 239
143 246
143 279
143 290
143 296
143 307
143 310
143 346
143 348
143 369
143 384
143 385
143 389
143 397
143 436
143 442
143 447
143 471
143 488
143 499
144 146
144 157
144 166
144 173
144 174
144 214
144 217
144 234
144 237
144 238
144 245
144 246
144 250
144 261
144 266
144 311
144 319
144 330
144 335
144 348
144 372
144 386
144 389
144 398
144 399
144 407
144 426
144 438
144 440
144 441
144 444
144 458
144 465
144 468
144 486
144 490
145 146
145 149
145 155
145 173
145 182
145 208
145 211
145 219
145 232
145 242
145 244
145 272
145 286
145 307
145 315
145 322
145 325
145 335
145 341
145 358
145 360
145 373
145 387
145 405
145 406
145 408
145 462
145 468
146 150
146 160
146 163
146 186
146 197
146 223
146 225
146 226
146 228
146 248
146 251
146 253
146 256
146 267
146 268
146 269
146 274
146 291
146 307
146 310
146 316
146 320
146 321
146 354
146 377
146 382
146 383
146 389
146 427
146 444
146 445
146 454
146 457
146 465
146 467
146 492
147 151
147 156
147 175
147 176
147 200
147 206
147 207
147 264
147 268
147 277
147 293
147 300
147 314
147 315
147 321
147 327
147 370
147 384
147 411
147 413
147 420
147 446
147 448
147 470
147 472
147 477
148 159
148 175
148 189
148 190
148 198
148 246
148 258
148 281
148 285
148 291
148 314
148 323
148 327
148 338
148 356
148 366
148 367
148 371
148 386
148 431
148 452
148 458
148 459
148 484
149 157
149 164
149 181
149 182
149 187
149 200
149 227
149 230
149 253
149 267
149 283
149 324
149 329
149 337
149 338
149 347
149 348
149 356
149 380
149 381
149 388
149 402
149 407
149 435
149 437
149 447
149 459
149 461
149 466
149 468
149 471
149 472
149 481
149 486
150 153
150 169
150 177
150 202
150 208
150 217
150 224
150 228
150 234
150 240
150 245
150 254
150 255
150 275
150 291
150 295
150 298
150 309
150 310
150 311
150 313
150 323
150 333
150 339
150 344
150 346
150 349
150 354
150 382
150 388
150 404
150 405
150 406
150 411
150 416
150 431
150 447
150 495
151 172
151 185
151 188
151 189
151 205
151 219
151 223
151 226
151 243
151 245
151 254
151 255
151 262
151 273
151 288
151 300
151 329
151 357
151 367
151 374
151 383
151 402
151 403
151 405
151 407
151 418
151 424
151 433
151 449
151 450
151 454
151 455
151 489
151 495
151 499
152 154
152 165
152 176
152 177
152 181
152 187
152 192
152 216
152 234
152 247
152 257
152 273
152 277
152 293
152 297
152 310
152 313
152 333
152 337
152 338
152 360
152 362
152 414
152 417
152 461
152 464
152 474
152 483
152 493
153 171
153 177
153 178
153 183
153 203
153 254
153 255
153 268
153 273
153 278
153 280
153 281
153 286
153 289
153 310
153 335
153 338
153 339
153 359
153 371
153 381
153 407
153 413
153 419
153 433
153 439
153 443
153 457
153 463
153 487
153 494
153 497
154 162
154 166
154 173
154 180
154 188
154 191
154 203
154 204
154 217
154 224
154 226
154 228
154 232
154 252
154 260
154 270
154 281
154 314
154 324
154 351
154 408
154 411
154 445
154 491
155 173
155 181
155 208
155 209
155 225
155 232
155 233
155 279
155 288
155 292
155 299
155 303
155 332
155 352
155 361
155 368
155 385
155 399
155 401
155 428
155 436
155 452
155 453
155 456
155 463
155 469
155 487
155 489
155 493
156 159
156 166
156 173
156 179
156 186
156 188
156 196
156 229
156 232
156 252
156 259
156 264
156 266
156 269
156 295
156 299
156 301
156 330
156 334
156 345
156 367
156 371
156 397
156 400
156 401
156 405
156 427
156 436
156 442
156 447
156 458
156 459
156 462
156 466
156 473
156 482
156 491
157 194
157 196
157 202
157 209
157 226
157 244
157 248
157 262
157 270
157 279
157 287
157 289
157 300
157 301
157 310
157 313
157 315
157 321
157 349
157 351
157 357
157 372
157 394
157 404
157 406
157 415
157 419
157 421
157 427
157 437
157 444
157 452
157 456
157 477
157 482
158 164
158 168
158 180
158 181
158 187
158 189
158 191
158 192
158 218
158 242
158 247
158 250
158 261
158 264
158 267
158 294
158 296
158 317
158 319
158 326
158 330
158 367
158 378
158 421
158 444
158 446
158 451
158 455
158 474
159 168
159 172
159 177
159 185
159 188
159 204
159 218
159 223
159 225
159 226
159 230
159 235
159 278
159 287
159 289
159 297
159 301
159 306
159 318
159 319
159 330
159 354
159 368
159 374
159 379
159 384
159 390
159 413
159 419
159 433
159 442
159 449
159 458
159 462
159 465
159 477
159 480
159 487
159 493
160 181
160 188
160 195
160 202
160 203
160 208
160 209
160 211
160 219
160 222
160 265
160 277
160 278
160 282
160 290
160 309
160 322
160 344
160 354
160 356
160 381
160 384
160 390
160 404
160 412
160 415
160 429
160 444
160 445
160 456
160 462
160 472
160 475
160 477
160 484
160 490
161 199
161 206
161 210
161 219
161 241
161 250
161 273
161 295
161 304
161 325
161 345
161 371
161 381
161 387
161 391
161 413
161 416
161 418
161 426
161 441
161 443
161 449
161 473
161 491
162 165
162 172
162 181
162 194
162 195
162 197
162 229
162 259
162 260
162 291
162 305
162 344
162 352
162 367
162 373
162 379
162 408
162 423
162 427
162 431
162 455
162 460
162 468
162 483
162 499
163 182
163 183
163 218
163 256
163 257
163 269
163 276
163 283
163 308
163 310
163 314
163 340
163 341
163 344
163 346
163 377
163 430
163 432
163 463
163 470
163 487
163 492
164 167
164 169
164 176
164 257
164 260
164 268
164 298
164 305
164 320
164 329
164 336
164 340
164 357
164 366
164 371
164 372
164 383
164 391
164 401
164 405
164 416
164 432
164 434
164 435
164 436
164 438
164 459
164 485
164 496
165 167
165 168
165 181
165 221
165 222
165 234
165 264
165 271
165 273
165 285
165 299
165 323
165 334
165 340
165 343
165 350
165 353
165 362
165 374
165 386
165 391
165 400
165 429
165 454
165 460
165 470
165 478
165 488
165 498
166 177
166 196
166 199
166 202
166 207
166 209
166 221
166 231
166 247
166 257
166 265
166 270
166 285
166 286
166 303
166 317
166 321
166 324
166 358
166 360
166 370
166 393
166 395
166 420
166 437
166 441
166 451
166 452
166 461
166 491
166 493
166 497
167 194
167 225
167 240
167 242
167 244
167 253
167 255
167 259
167 260
167 281
167 291
167 307
167 332
167 337
167 339
167 369
167 380
167 386
167 407
167 417
167 421
167 427
167 436
167 449
167 457
167 460
167 467
167 481
167 498
168 179
168 183
168 184
168 195
168 196
168 220
168 224
168 239
168 251
168 270
168 276
168 308
168 315
168 316
168 319
168 356
168 364
168 366
168 370
168 372
168 373
168 385
168 426
168 456
168 496
168 499
169 210
169 219
169 244
169 254
169 262
169 283
169 305
169 317
169 335
169 340
169 345
169 347
169 355
169 356
169 360
169 376
169 395
169 396
169 414
169 418
169 420
169 421
169 424
169 432
169 440
169 454
169 455
169 461
169 472
169 481
169 498
170 174
170 197
170 209
170 220
170 223
170 240
170 261
170 273
170 285
170 292
170 300
170 315
170 366
170 368
170 370
170 376
170 398
170 413
170 431
170 449
170 460
170 466
170 473
170 481
170 488
170 491
170 493
171 183
171 192
171 202
171 214
171 222
171 226
171 247
171 251
171 256
171 280
171 283
171 287
171 314
171 317
171 318
171 322
171 331
171 332
171 335
171 348
171 351
171 394
171 399
171 400
171 401
171 433
171 435
171 447
171 460
171 484
171 486
171 498
172 173
172 186
172 198
172 199
172 202
172 203
172 207
172 212
172 218
172 220
172 221
172 229
172 232
172 249
172 251
172 257
172 266
172 271
172 272
172 287
172 295
172 311
172 349
172 359
172 367
172 368
172 383
172 394
172 417
172 424
172 438
172 439
172 450
172 459
172 465
172 468
172 472
172 483
172 488
172 493
173 175
173 197
173 201
173 202
173 214
173 247
173 302
173 303
173 310
173 319
173 330
173 332
173 339
173 350
173 386
173 388
173 399
173 414
173 418
173 432
173 434
173 452
173 463
173 485
173 491
173 492
173 494
174 182
174 188
174 191
174 196
174 197
174 203
174 240
174 252
174 254
174 263
174 265
174 273
174 274
174 285
174 305
174 315
174 323
174 350
174 351
174 377
174 380
174 410
174 421
174 431
174 444
174 464
174 476
175 186
175 253
175 254
175 265
175 278
175 282
175 285
175 286
175 288
175 296
175 316
175 323
175 324
175 330
175 341
175 357
175 374
175 375
175 382
175 402
175 410
175 422
175 424
175 430
175 431
175 434
175 437
175 440
175 478
175 494
176 178
176 198
176 219
176 229
176 263
176 269
176 271
176 285
176 292
176 308
176 310
176 319
176 320
176 333
176 339
176 343
176 357
176 360
176 370
176 389
176 391
176 409
176 419
176 425
176 430
176 446
176 468
176 471
176 496
176 499
177 180
177 191
177 215
177 218
177 222
177 231
177 234
177 243
177 246
177 270
177 274
177 280
177 284
177 295
177 301
177 305
177 313
177 332
177 370
177 375
177 389
177 406
177 416
177 417
177 430
177 437
177 438
177 450
177 452
177 455
177 470
177 471
177 481
177 484
177 489
177 497
178 181
178 183
178 198
178 207
178 208
178 211
178 217
178 224
178 226
178 240
178 263
178 268
178 288
178 290
178 292
178 304
178 321
178 361
178 371
178 387
178 400
178 409
178 413
178 421
178 427
178 436
178 454
178 476
178 485
178 492
178 499
179 182
179 184
179 185
179 188
179 195
179 213
179 214
179 228
179 231
179 263
179 282
179 304
179 317
179 332
179 339
179 370
179 393
179 399
179 402
179 410
179 412
179 420
179 426
179 440
179 441
179 444
179 462
179 480
180 193
180 197
180 206
180 213
180 217
180 219
180 228
180 234
180 244
180 258
180 262
180 268
180 281
180 287
180 292
180 307
180 315
180 322
180 334
180 336
180 353
180 371
180 393
180 423
180 441
180 448
180 452
180 459
180 467
180 469
180 485
180 488
180 490
180 491
180 497
181 182
181 200
181 212
181 214
181 219
181 236
181 238
181 257
181 261
181 278
181 280
181 282
181 286
181 299
181 315
181 319
181 339
181 353
181 368
181 383
181 392
181 414
181 415
181 430
181 434
181 441
181 445
181 446
181 454
181 459
181 465
181 472
181 473
181 478
181 486
181 487
182 189
182 218
182 223
182 225
182 295
182 296
182 304
182 311
182 313
182 331
182 341
182 354
182 358
182 361
182 364
182 370
182 372
182 378
182 380
182 383
182 398
182 400
182 402
182 404
182 416
182 420
182 423
182 439
182 448
182 456
182 460
182 484
183 190
183 201
183 214
183 223
183 246
183 257
183 269
183 281
183 284
183 297
183 305
183 309
183 318
183 330
183 342
183 357
183 370
183 379
183 381
183 382
183 389
183 391
183 395
183 400
183 419
183 441
183 459
183 469
183 477
183 493
184 194
184 205
184 209
184 238
184 254
184 261
184 310
184 314
184 326
184 327
184 355
184 366
184 370
184 389
184 403
184 449
184 451
184 462
184 476
184 477
184 481
184 484
185 191
185 201
185 203
185 207
185 217
185 234
185 254
185 267
185 271
185 282
185 294
185 298
185 315
185 335
185 339
185 345
185 348
185 350
185 391
185 392
185 401
185 405
185 416
185 464
185 471
185 477
185 488
186 195
186 213
186 218
186 229
186 242
186 252
186 266
186 273
186 287
186 288
186 316
186 318
186 343
186 357
186 359
186 369
186 371
186 381
186 386
186 390
186 392
186 415
186 434
186 436
186 442
186 450
186 454
187 190
187 197
187 214
187 216
187 227
187 248
187 268
187 284
187 287
187 307
187 314
187 326
187 365
187 366
187 368
187 369
187 374
187 376
187 378
187 401
187 468
187 495
188 189
188 202
188 239
188 247
188 255
188 262
188 268
188 292
188 311
188 312
188 314
188 315
188 321
188 326
188 345
188 346
188 356
188 363
188 372
188 378
188 385
188 407
188 425
188 438
188 442
188 471
188 487
188 491
188 495
189 217
189 222
189 228
189 232
189 253
189 267
189 274
189 275
189 291
189 292
189 314
189 319
189 353
189 359
189 365
189 368
189 372
189 383
189 391
189 419
189 422
189 423
189 462
189 480
189 484
189 488
189 490
189 491
189 495
190 195
190 199
190 215
190 228
190 254
190 259
190 261
190 264
190 271
190 293
190 297
190 308
190 343
190 346
190 349
190 355
190 373
190 381
190 407
190 419
190 448
190 451
190 464
190 469
190 474
190 483
190 486
191 200
191 231
191 250
191 256
191 258
191 262
191 266
191 282
191 288
191 302
191 339
191 365
191 367
191 372
191 381
191 385
191 398
191 416
191 419
191 420
191 422
191 426
191 470
191 494
192 193
192 231
192 234
192 247
192 267
192 279
192 281
192 282
192 285
192 292
192 293
192 305
192 309
192 313
192 314
192 316
192 318
192 320
192 322
192 327
192 328
192 332
192 347
192 368
192 384
192 390
192 394
192 408
192 409
192 430
192 441
192 457
192 484
193 198
193 209
193 229
193 242
193 250
193 251
193 267
193 287
193 304
193 307
193 317
193 327
193 351
193 360
193 361
193 363
193 375
193 381
193 388
193 399
193 405
193 425
193 433
193 448
193 452
193 454
193 455
193 461
193 470
193 479
193 492
194 211
194 259
194 260
194 266
194 269
194 277
194 288
194 298
194 301
194 307
194 318
194 332
194 370
194 381
194 387
194 412
194 420
194 434
194 453
194 464
194 487
194 489
195 211
195 212
195 218
195 220
195 238
195 243
195 275
195 282
195 294
195 306
195 311
195 329
195 359
195 375
195 380
195 390
195 401
195 427
195 436
195 444
195 448
195 452
195 465
195 484
195 492
196 197
196 202
196 220
196 235
196 244
196 276
196 282
196 299
196 333
196 343
196 345
196 356
196 369
196 374
196 410
196 413
196 426
196 435
196 455
196 460
196 465
196 486
196 491
196 493
197 218
197 221
197 225
197 236
197 249
197 254
197 268
197 274
197 275
197 288
197 296
197 299
197 304
197 305
197 307
197 311
197 315
197 334
197 343
197 378
197 387
197 440
197 446
197 449
197 477
197 493
198 204
198 210
198 215
198 216
198 218
198 219
198 229
198 251
198 286
198 301
198 311
198 322
198 345
198 354
198 355
198 370
198 376
198 379
198 381
198 390
198 425
198 427
198 433
198 464
198 467
198 469
198 474
198 475
199 223
199 226
199 227
199 240
199 258
199 267
199 288
199 289
199 299
199 320
199 322
199 342
199 348
199 355
199 373
199 380
199 389
199 398
199 431
199 437
199 438
199 451
199 486
199 495
200 205
200 217
200 232
200 244
200 281
200 289
200 293
200 315
200 319
200 325
200 345
200 347
200 355
200 361
200 369
200 382
200 388
200 394
200 409
200 423
200 438
200 444
200 447
201 217
201 219
201 222
201 225
201 227
201 235
201 258
201 259
201 268
201 270
201 280
201 284
201 304
201 320
201 338
201 341
201 347
201 350
201 368
201 373
201 380
201 387
201 402
201 404
201 407
201 411
201 417
201 427
201 428
201 452
201 472
201 494
202 211
202 213
202 216
202 230
202 243
202 250
202 268
202 269
202 271
202 308
202 309
202 321
202 322
202 327
202 332
202 339
202 346
202 356
202 363
202 374
202 377
202 390
202 394
202 397
202 422
202 427
202 457
202 463
202 464
202 480
202 486
202 492
202 495
202 496
203 215
203 222
203 224
203 230
203 233
203 243
203 247
203 256
203 264
203 279
203 280
203 281
203 283
203 287
203 292
203 313
203 318
203 368
203 387
203 406
203 439
203 440
203 449
203 458
203 464
203 471
203 473
203 484
203 488
203 489
204 208
204 248
204 257
204 267
204 270
204 272
204 289
204 302
204 304
204 311
204 313
204 322
204 338
204 340
204 354
204 377
204 388
204 392
204 401
204 402
204 436
204 439
204 446
204 452
204 471
204 497
205 206
205 214
205 222
205 232
205 253
205 261
205 269
205 287
205 313
205 316
205 319
205 338
205 344
205 362
205 367
205 377
205 388
205 398
205 404
205 418
205 428
205 429
205 430
205 432
205 458
205 467
206 208
206 210
206 234
206 251
206 261
206 270
206 288
206 310
206 337
206 343
206 378
206 380
206 415
206 416
206 422
206 430
206 432
206 492
207 208
207 210
207 220
207 234
207 242
207 244
207 251
207 253
207 265
207 278
207 280
207 283
207 292
207 293
207 300
207 304
207 310
207 314
207 328
207 342
207 347
207 350
207 355
207 393
207 407
207 411
207 420
207 433
207 454
207 484
207 489
207 495
208 211
208 227
208 229
208 240
208 247
208 272
208 286
208 288
208 298
208 328
208 332
208 335
208 340
208 345
208 361
208 375
208 376
208 410
208 419
208 440
208 456
208 462
208 465
208 467
208 470
208 499
209 217
209 230
209 231
209 232
209 234
209 261
209 295
209 307
209 357
209 361
209 362
209 377
209 380
209 390
209 406
209 441
209 442
209 446
209 450
209 460
209 474
209 480
209 484
209 498
210 211
210 232
210 243
210 247
210 250
210 265
210 274
210 286
210 290
210 309
210 319
210 325
210 354
210 360
210 387
210 399
210 406
210 407
210 409
210 429
210 439
210 440
210 460
210 483
211 213
211 220
211 232
211 233
211 258
211 271
211 289
211 290
211 299
211 302
211 304
211 305
211 309
211 314
211 317
211 322
211 329
211 336
211 359
211 398
211 423
211 429
211 431
211 435
211 449
211 462
211 485
211 499
212 231
212 262
212 276
212 281
212 288
212 307
212 321
212 336
212 343
212 382
212 389
212 390
212 406
212 415
212 420
212 432
212 438
212 453
212 463
212 465
212 476
212 477
212 481
212 486
212 498
213 216
213 217
213 218
213 220
213 229
213 235
213 251
213 273
213 274
213 283
213 298
213 359
213 369
213 371
213 379
213 381
213 387
213 388
213 409
213 416
213 421
213 423
213 441
213 453
213 457
213 474
214 219
214 223
214 236
214 238
214 254
214 259
214 266
214 289
214 299
214 301
214 305
214 310
214 323
214 342
214 362
214 380
214 384
214 392
214 394
214 411
214 420
214 433
214 441
214 442
214 452
214 455
214 479
214 488
214 498
215 225
215 234
215 256
215 260
215 261
215 285
215 306
215 317
215 327
215 353
215 358
215 387
215 401
215 417
215 418
215 422
215 434
215 438
215 455
215 475
216 220
216 222
216 229
216 242
216 243
216 251
216 286
216 291
216 301
216 327
216 337
216 363
216 369
216 375
216 386
216 390
216 409
216 415
216 442
216 460
216 470
217 223
217 229
217 231
217 239
217 248
217 257
217 270
217 271
217 276
217 281
217 287
217 289
217 292
217 308
217 309
217 311
217 312
217 333
217 349
217 362
217 413
217 421
217 430
217 433
217 469
217 489
218 219
218 235
218 236
218 292
218 300
218 306
218 318
218 329
218 348
218 350
218 351
218 356
218 363
218 370
218 389
218 413
218 432
218 434
218 441
218 442
218 448
218 456
218 462
218 469
218 483
218 494
219 225
219 260
219 268
219 273
219 296
219 312
219 320
219 342
219 343
219 345
219 372
219 377
219 389
219 414
219 415
219 422
219 427
219 434
219 450
219 452
219 496
220 238
220 243
220 269
220 270
220 295
220 319
220 320
220 327
220 338
220 354
220 366
220 379
220 407
220 411
220 417
220 418
220 429
220 467
220 491
221 226
221 227
221 239
221 241
221 266
221 274
221 279
221 300
221 303
221 318
221 321
221 330
221 345
221 348
221 366
221 369
221 386
221 408
221 453
221 456
222 227
222 244
222 246
222 249
222 252
222 271
222 278
222 300
222 323
222 336
222 342
222 349
222 372
222 375
222 376
222 377
222 405
222 413
222 415
222 416
222 417
222 423
222 435
222 452
222 479
222 481
222 483
222 499
223 224
223 236
223 238
223 241
223 243
223 248
223 273
223 276
223 282
223 292
223 297
223 304
223 333
223 340
223 360
223 369
223 387
223 392
223 394
223 420
223 433
223 436
223 456
223 491
223 496
224 243
224 255
224 259
224 263
224 276
224 290
224 324
224 359
224 360
224 361
224 364
224 372
224 375
224 376
224 380
224 391
224 414
224 425
224 426
224 432
224 436
224 458
224 462
224 472
224 493
225 232
225 245
225 251
225 254
225 256
225 257
225 260
225 264
225 275
225 276
225 287
225 291
225 304
225 310
225 332
225 335
225 339
225 362
225 364
225 365
225 370
225 382
225 387
225 407
225 412
225 445
225 448
225 456
225 480
225 496
226 246
226 254
226 258
226 268
226 276
226 287
226 300
226 302
226 334
226 374
226 376
226 381
226 384
226 400
226 401
226 406
226 446
226 449
226 466
226 483
226 490
226 492
227 237
227 251
227 281
227 283
227 295
227 298
227 313
227 326
227 329
227 331
227 343
227 349
227 369
227 376
227 415
227 434
227 435
227 442
227 445
227 458
227 461
227 480
228 240
228 247
228 251
228 268
228 286
228 288
228 291
228 299
228 302
228 313
228 318
228 350
228 355
228 358
228 361
228 364
228 365
228 366
228 369
228 389
228 434
228 436
228 457
228 459
228 466
228 490
228 495
229 255
229 267
229 276
229 288
229 311
229 327
229 338
229 347
229 377
229 386
229 398
229 399
229 404
229 410
229 411
229 425
229 438
229 445
229 456
229 472
229 493
230 236
230 255
230 266
230 268
230 271
230 284
230 304
230 313
230 325
230 338
230 375
230 380
230 391
230 394
230 403
230 406
230 409
230 432
230 439
230 452
230 454
230 468
230 472
231 279
231 289
231 309
231 313
231 331
231 333
231 366
231 371
231 374
231 380
231 396
231 412
231 416
231 426
231 431
231 485
231 491
231 497
232 239
232 249
232 259
232 319
232 322
232 333
232 340
232 358
232 372
232 375
232 409
232 420
232 426
232 428
232 444
232 455
232 460
232 464
232 479
232 497
233 234
233 259
233 279
233 305
233 308
233 336
233 347
233 352
233 363
233 366
233 381
233 402
233 406
233 426
233 431
233 450
233 481
234 261
234 262
234 271
234 274
234 277
234 285
234 295
234 306
234 317
234 333
234 353
234 360
234 382
234 402
234 409
234 410
234 415
234 424
234 429
234 445
234 480
234 486
234 494
234 497
235 253
235 267
235 269
235 275
235 281
235 291
235 315
235 325
235 331
235 332
235 337
235 346
235 363
235 364
235 371
235 375
235 380
235 384
235 395
235 407
235 444
235 447
235 451
235 459
235 460
235 498
236 240
236 241
236 248
236 255
236 288
236 299
236 303
236 304
236 305
236 321
236 326
236 329
236 340
236 344
236 384
236 394
236 405
236 419
236 435
236 437
236 447
236 449
236 462
236 464
236 477
236 488
236 489
236 492
237 251
237 252
237 272
237 288
237 294
237 296
237 305
237 307
237 314
237 329
237 330
237 344
237 348
237 354
237 355
237 362
237 367
237 396
237 428
237 432
237 487
237 499
238 244
238 248
238 254
238 262
238 319
238 341
238 344
238 349
238 352
238 361
238 365
238 373
238 392
238 398
238 417
238 420
238 486
238 490
238 494
238 498
239 245
239 258
239 263
239 268
239 274
239 276
239 277
239 311
239 317
239 318
239 320
239 326
239 331
239 333
239 343
239 345
239 347
239 362
239 367
239 427
239 442
239 452
239 470
239 473
239 478
239 485
239 491
240 247
240 260
240 268
240 279
240 286
240 287
240 294
240 296
240 297
240 312
240 315
240 326
240 337
240 338
240 339
240 347
240 348
240 356
240 369
240 380
240 413
240 418
240 419
240 423
240 427
240 430
240 432
240 447
240 467
240 471
240 472
240 473
240 474
240 484
240 485
240 488
240 493
240 496
241 249
241 275
241 292
241 294
241 296
241 300
241 308
241 318
241 369
241 386
241 426
241 431
241 434
241 437
241 443
241 469
242 245
242 251
242 284
242 291
242 346
242 358
242 376
242 386
242 391
242 401
242 404
242 407
242 421
242 435
242 441
242 447
242 456
242 462
242 468
242 471
242 486
242 487
242 494
242 496
243 269
243 277
243 309
243 310
243 312
243 315
243 340
243 349
243 363
243 370
243 392
243 399
243 402
243 408
243 417
243 436
243 437
243 472
243 484
243 486
244 278
244 285
244 294
244 305
244 317
244 319
244 321
244 324
244 344
244 345
244 352
244 355
244 369
244 374
244 402
244 406
244 418
244 420
244 448
244 473
245 257
245 259
245 277
245 286
245 326
245 330
245 340
245 351
245 355
245 380
245 406
245 446
245 448
245 458
245 467
245 486
245 491
246 251
246 256
246 259
246 267
246 272
246 307
246 317
246 325
246 326
246 336
246 350
246 363
246 365
246 369
246 387
246 409
246 410
246 429
246 437
246 475
246 494
246 495
247 259
247 272
247 294
247 306
247 316
247 319
247 331
247 343
247 346
247 352
247 399
247 414
247 428
247 430
247 444
247 449
247 450
247 464
247 479
247 489
248 255
248 257
248 268
248 292
248 303
248 314
248 321
248 327
248 337
248 358
248 380
248 382
248 387
248 396
248 422
248 428
248 443
248 449
248 450
248 451
248 454
248 460
248 467
248 472
249 270
249 280
249 292
249 308
249 313
249 318
249 321
249 337
249 343
249 344
249 347
249 351
249 369
249 373
249 382
249 386
249 392
249 399
249 410
249 411
249 421
249 452
249 467
249 475
249 483
249 485
249 486
250 265
250 275
250 277
250 281
250 283
250 314
250 319
250 336
250 342
250 356
250 358
250 360
250 375
250 387
250 389
250 395
250 410
250 422
250 442
250 465
250 467
251 268
251 289
251 290
251 292
251 306
251 320
251 363
251 371
251 393
251 411
251 412
251 436
251 447
251 471
251 478
251 486
251 489
251 498
252 253
252 260
252 267
252 282
252 290
252 292
252 295
252 297
252 299
252 308
252 321
252 322
252 324
252 331
252 333
252 338
252 342
252 361
252 384
252 399
252 403
252 406
252 428
252 438
252 442
252 444
252 453
252 465
252 468
252 494
253 280
253 298
253 326
253 328
253 329
253 350
253 361
253 395
253 402
253 415
253 423
253 436
253 440
253 459
253 460
253 491
253 496
253 499
254 270
254 279
254 294
254 305
254 308
254 339
254 345
254 404
254 408
254 411
254 419
254 423
254 429
254 430
254 431
254 450
254 468
254 482
254 490
254 498
255 281
255 294
255 306
255 320
255 332
255 344
255 361
255 411
255 436
255 443
256 260
256 298
256 299
256 302
256 306
256 323
256 340
256 345
256 348
256 358
256 371
256 391
256 405
256 415
256 424
256 425
256 427
256 432
256 462
256 481
256 482
256 487
256 488
256 495
256 496
257 269
257 273
257 280
257 289
257 297
257 298
257 302
257 312
257 328
257 353
257 358
257 360
257 362
257 369
257 394
257 403
257 432
257 433
257 439
257 444
257 448
257 449
257 453
257 454
257 462
257 475
257 485
257 486
257 488
258 264
258 285
258 291
258 302
258 319
258 377
258 380
258 381
258 420
258 448
258 450
258 459
258 462
258 482
259 261
259 263
259 266
259 268
259 274
259 294
259 314
259 333
259 335
259 343
259 344
259 372
259 379
259 403
259 404
259 407
259 429
259 431
259 434
259 440
259 445
259 454
259 455
259 471
259 486
259 488
259 489
259 490
259 493
260 261
260 271
260 272
260 277
260 285
260 293
260 298
260 305
260 312
260 320
260 336
260 338
260 358
260 370
260 372
260 375
260 383
260 400
260 409
260 441
260 444
260 462
260 472
260 498
261 263
261 297
261 299
261 301
261 302
261 306
261 310
261 321
261 327
261 328
261 337
261 351
261 352
261 368
261 374
261 381
261 394
261 398
261 407
261 409
261 411
261 422
261 423
261 427
261 439
261 457
261 472
261 476
261 480
261 483
262 268
262 276
262 289
262 290
262 293
262 298
262 307
262 312
262 316
262 317
262 322
262 333
262 350
262 354
262 356
262 358
262 371
262 375
262 378
262 380
262 385
262 391
262 399
262 402
262 406
262 423
262 430
262 443
262 445
262 470
262 472
262 480
262 497
262 499
263 273
263 292
263 294
263 298
263 300
263 322
263 339
263 343
263 345
263 366
263 367
263 386
263 392
263 399
263 418
263 425
263 443
263 475
263 476
263 481
263 487
263 489
263 490
264 269
264 286
264 289
264 298
264 301
264 309
264 311
264 322
264 392
264 407
264 408
264 413
264 433
264 445
264 468
264 470
264 471
265 269
265 279
265 287
265 297
265 310
265 340
265 349
265 362
265 383
265 395
265 429
265 445
265 447
265 448
265 452
265 482
265 494
265 495
266 268
266 300
266 320
266 322
266 325
266 330
266 350
266 376
266 379
266 380
266 394
266 398
266 400
266 410
266 420
266 429
266 447
266 468
266 474
266 476
267 282
267 284
267 291
267 338
267 339
267 341
267 353
267 358
267 377
267 386
267 404
267 409
267 412
267 414
267 415
267 421
267 424
267 456
267 463
267 467
267 492
268 288
268 290
268 302
268 309
268 311
268 312
268 317
268 328
268 342
268 362
268 363
268 368
268 377
268 385
268 392
268 410
268 413
268 429
268 440
268 448
268 453
268 457
268 462
268 492
268 498
269 279
269 283
269 293
269 330
269 353
269 358
269 361
269 370
269 401
269 405
269 406
269 422
269 423
269 424
269 432
269 476
270 279
270 303
270 307
270 312
270 313
270 318
270 350
270 361
270 362
270 368
270 396
270 415
270 419
270 435
270 446
270 466
270 484
270 489
271 274
271 301
271 313
271 329
271 335
271 348
271 352
271 353
271 364
271 371
271 376
271 381
271 389
271 397
271 403
271 416
271 420
271 425
271 436
271 437
271 442
271 445
271 447
271 463
271 466
271 474
271 477
271 485
272 295
272 296
272 326
272 342
272 345
272 351
272 360
272 380
272 403
272 421
272 428
272 434
272 436
272 439
272 453
272 454
272 462
272 468
272 473
272 479
272 483
272 495
273 274
273 281
273 295
273 300
273 303
273 304
273 309
273 322
273 327
273 343
273 382
273 403
273 407
273 418
273 422
273 426
273 427
273 428
273 450
273 453
273 460
273 476
273 489
274 275
274 295
274 316
274 320
274 322
274 327
274 328
274 331
274 350
274 366
274 375
274 386
274 394
274 402
274 437
274 450
274 452
274 460
274 469
274 474
274 483
274 487
274 488
274 493
274 496
275 277
275 284
275 314
275 337
275 351
275 366
275 378
275 380
275 390
275 395
275 402
275 406
275 418
275 422
275 426
275 435
275 463
275 485
275 488
275 490
276 294
276 318
276 335
276 339
276 346
276 353
276 364
276 369
276 377
276 391
276 426
276 465
276 467
276 472
276 487
277 291
277 292
277 296
277 299
277 322
277 327
277 330
277 332
277 341
277 364
277 367
277 378
277 404
277 414
277 436
277 494
278 290
278 326
278 329
278 333
278 342
278 345
278 350
278 366
278 376
278 387
278 391
278 397
278 406
278 407
278 415
278 425
278 427
278 434
278 435
278 448
278 473
278 495
279 280
279 297
279 303
279 316
279 329
279 335
279 337
279 341
279 354
279 360
279 362
279 366
279 372
279 379
279 383
279 387
279 394
279 401
279 414
279 417
279 432
279 447
279 459
279 465
279 479
280 281
280 320
280 334
280 338
280 347
280 354
280 363
280 365
280 373
280 377
280 379
280 392
280 400
280 409
280 419
280 424
280 429
280 435
280 443
280 458
280 463
280 488
281 287
281 305
281 325
281 331
281 338
281 342
281 353
281 355
281 366
281 390
281 410
281 411
281 417
281 433
281 435
281 438
281 458
281 460
281 463
281 466
281 472
281 488
281 489
281 497
281 498
282 283
282 284
282 286
282 287
282 309
282 311
282 332
282 336
282 372
282 387
282 395
282 399
282 400
282 443
282 475
282 480
283 287
283 310
283 316
283 352
283 353
283 358
283 359
283 364
283 369
283 372
283 377
283 382
283 384
283 392
283 404
283 410
283 418
283 420
283 428
283 431
283 440
283 448
283 457
284 297
284 304
284 319
284 326
284 365
284 375
284 376
284 382
284 409
284 410
284 425
284 429
284 453
284 462
284 466
284 468
284 477
284 478
284 487
284 489
284 497
285 301
285 305
285 314
285 330
285 332
285 385
285 396
285 411
285 417
285 432
285 441
285 454
285 455
285 465
285 486
285 493
286 291
286 312
286 336
286 337
286 343
286 345
286 352
286 357
286 368
286 410
286 413
286 417
286 441
286 445
286 448
286 449
286 458
286 471
286 475
286 476
286 482
286 493
286 498
287 297
287 324
287 325
287 331
287 346
287 364
287 371
287 374
287 429
287 430
287 433
287 439
287 440
287 441
287 463
287 480
287 485
287 496
288 307
288 316
288 318
288 335
288 364
288 367
288 374
288 398
288 412
288 413
288 418
288 423
288 434
288 443
288 447
288 451
288 452
288 455
288 467
288 474
288 493
288 494
289 295
289 304
289 308
289 313
289 318
289 328
289 341
289 368
289 408
289 415
289 428
289 435
289 440
289 452
289 455
289 460
289 464
289 472
289 493
289 494
290 301
290 307
290 321
290 334
290 343
290 345
290 349
290 353
290 363
290 369
290 371
290 374
290 378
290 381
290 392
290 402
290 411
290 413
290 423
290 428
290 452
290 460
290 471
290 475
290 478
290 492
290 494
291 298
291 310
291 320
291 335
291 339
291 341
291 343
291 373
291 400
291 423
291 451
291 459
291 467
291 473
291 475
292 302
292 310
292 345
292 348
292 356
292 362
292 376
292 378
292 409
292 432
292 436
292 438
292 441
292 447
292 470
292 497
293 300
293 328
293 336
293 337
293 340
293 367
293 376
293 377
293 380
293 387
293 392
293 408
293 416
293 421
293 425
293 447
293 454
293 456
293 489
293 494
294 299
294 308
294 309
294 312
294 323
294 326
294 334
294 351
294 353
294 354
294 363
294 378
294 383
294 387
294 420
294 431
294 447
294 454
294 455
294 457
294 462
294 478
295 296
295 308
295 310
295 311
295 317
295 324
295 332
295 371
295 384
295 416
295 423
295 433
295 440
295 454
295 475
295 485
295 492
295 495
296 300
296 319
296 321
296 330
296 334
296 356
296 363
296 369
296 384
296 395
296 410
296 412
296 419
296 426
296 431
296 439
296 446
296 447
296 471
297 298
297 311
297 316
297 320
297 339
297 342
297 344
297 355
297 359
297 360
297 361
297 368
297 376
297 386
297 397
297 400
297 403
297 416
297 418
297 421
297 428
297 441
297 442
297 445
297 476
298 311
298 314
298 322
298 342
298 351
298 373
298 377
298 390
298 401
298 402
298 404
298 408
298 409
298 431
298 449
298 454
298 465
298 497
299 302
299 319
299 321
299 323
299 342
299 348
299 357
299 384
299 387
299 389
299 405
299 421
299 428
299 434
299 455
299 460
299 463
299 477
299 492
300 301
300 304
300 308
300 320
300 325
300 329
300 374
300 385
300 386
300 392
300 393
300 402
300 403
300 410
300 442
300 448
300 462
300 472
300 475
300 482
300 485
300 499
301 315
301 323
301 332
301 350
301 352
301 360
301 407
301 411
301 414
301 415
301 432
301 441
301 449
301 451
301 454
301 456
301 477
301 480
301 499
302 304
302 327
302 329
302 337
302 339
302 363
302 366
302 379
302 397
302 411
302 416
302 423
302 439
302 450
302 451
302 455
302 463
302 471
302 496
302 498
302 499
303 324
303 326
303 333
303 335
303 337
303 341
303 359
303 365
303 373
303 375
303 380
303 382
303 383
303 386
303 399
303 427
303 445
303 459
303 479
303 480
303 496
304 316
304 331
304 373
304 378
304 408
304 410
304 414
304 424
304 447
304 466
304 474
304 485
304 487
304 498
305 308
305 312
305 315
305 324
305 331
305 341
305 344
305 347
305 354
305 364
305 376
305 380
305 382
305 398
305 415
305 429
305 436
305 448
305 457
305 460
305 462
305 465
305 472
305 480
305 483
305 485
306 336
306 353
306 369
306 375
306 417
306 420
306 424
306 428
306 431
306 438
306 452
306 475
306 476
306 481
306 489
307 319
307 323
307 324
307 350
307 351
307 355
307 360
307 362
307 392
307 435
307 470
307 478
307 479
307 481
307 483
307 484
307 488
307 492
308 313
308 315
308 325
308 345
308 358
308 363
308 366
308 386
308 397
308 398
308 399
308 413
308 423
308 424
308 461
308 466
308 468
308 476
308 479
308 480
309 373
309 374
309 375
309 403
309 415
309 417
309 420
309 426
309 439
309 446
309 461
309 463
309 478
309 483
309 486
310 311
310 314
310 324
310 351
310 357
310 384
310 386
310 387
310 394
310 397
310 398
310 406
310 419
310 437
310 440
310 456
310 464
310 493
311 324
311 334
311 383
311 384
311 390
311 396
311 412
311 423
311 435
311 438
311 448
311 488
311 495
311 499
312 325
312 326
312 339
312 353
312 416
312 423
312 426
312 430
312 431
312 434
312 439
312 445
312 450
312 485
312 490
312 496
312 499
313 333
313 340
313 358
313 360
313 361
313 388
313 411
313 416
313 417
313 429
313 436
313 442
313 454
313 461
313 465
313 469
314 315
314 317
314 334
314 351
314 358
314 359
314 360
314 383
314 384
314 409
314 414
314 419
314 426
314 438
314 448
314 452
314 464
314 472
314 487
314 494
315 319
315 321
315 325
315 336
315 341
315 366
315 390
315 409
315 418
315 420
315 430
315 438
315 439
315 444
315 445
315 455
315 464
315 469
315 482
315 497
316 318
316 331
316 333
316 336
316 337
316 347
316 360
316 365
316 368
316 376
316 377
316 378
316 387
316 390
316 393
316 394
316 403
316 409
316 419
316 424
316 428
316 434
316 444
316 449
316 467
316 468
316 474
316 476
316 485
317 336
317 367
317 387
317 397
317 401
317 437
317 455
317 480
317 484
318 326
318 330
318 331
318 367
318 370
318 371
318 372
318 373
318 374
318 380
318 386
318 388
318 394
318 402
318 425
318 430
318 437
318 443
318 446
318 447
318 472
318 477
318 484
318 495
319 339
319 343
319 351
319 366
319 369
319 373
319 387
319 393
319 401
319 404
319 405
319 416
319 432
319 475
319 482
319 483
319 486
320 336
320 349
320 351
320 354
320 372
320 407
320 412
320 423
320 437
320 448
320 449
320 455
320 456
320 468
320 471
320 476
320 486
320 489
320 498
321 326
321 329
321 354
321 361
321 385
321 390
321 393
321 399
321 407
321 423
321 437
321 439
321 460
321 467
321 470
321 480
321 485
321 489
321 490
322 341
322 357
322 366
322 372
322 378
322 380
322 387
322 398
322 419
322 435
322 441
322 444
322 445
322 454
322 465
322 470
322 478
322 492
322 498
323 332
323 346
323 372
323 393
323 404
323 410
323 415
323 429
323 437
323 438
323 480
323 485
323 489
324 325
324 334
324 336
324 337
324 348
324 349
324 368
324 410
324 442
324 449
324 452
324 454
324 471
324 491
325 328
325 333
325 340
325 344
325 346
325 360
325 361
325 362
325 365
325 374
325 379
325 383
325 416
325 426
325 427
325 444
325 446
325 447
325 462
326 327
326 342
326 351
326 374
326 397
326 405
326 432
326 433
326 480
326 481
326 494
327 331
327 351
327 363
327 364
327 381
327 392
327 399
327 410
327 419
327 427
327 429
327 441
327 443
327 472
327 479
328 336
328 341
328 349
328 352
328 355
328 373
328 399
328 406
328 407
328 413
328 427
328 450
328 452
328 454
328 456
328 461
328 467
328 497
328 499
329 338
329 370
329 404
329 425
329 428
329 440
329 453
329 454
329 460
329 482
330 358
330 392
330 432
330 449
330 456
330 469
330 476
330 499
331 336
331 346
331 360
331 363
331 376
331 394
331 407
331 423
331 431
331 438
331 441
331 453
331 455
331 468
331 469
331 470
331 493
331 497
332 386
332 407
332 416
332 417
332 418
332 420
332 438
332 463
332 464
332 471
332 477
332 498
333 358
333 359
333 372
333 378
333 385
333 393
333 400
333 403
333 418
333 424
333 430
333 455
333 468
333 473
333 474
333 478
333 484
333 491
334 356
334 358
334 364
334 373
334 399
334 416
334 421
334 424
334 434
334 439
334 443
334 453
334 456
334 479
334 486
334 490
335 348
335 349
335 362
335 372
335 393
335 435
335 464
335 475
335 477
335 482
335 494
336 344
336 345
336 401
336 417
336 420
336 436
336 460
336 471
336 493
337 349
337 358
337 368
337 378
337 385
337 429
337 441
337 442
337 443
337 454
337 461
337 476
338 339
338 344
338 369
338 408
338 419
338 423
338 432
338 435
338 457
338 467
338 479
338 489
339 340
339 363
339 370
339 395
339 399
339 405
339 424
339 449
339 460
339 464
339 470
339 473
339 485
339 492
339 495
339 497
339 498
340 365
340 367
340 385
340 405
340 424
340 431
340 452
340 464
340 486
340 491
340 497
340 498
341 351
341 367
341 375
341 391
341 395
341 403
341 408
341 413
341 424
341 431
341 433
341 453
341 459
341 465
341 467
341 470
341 472
341 480
341 492
341 497
342 351
342 366
342 383
342 389
342 391
342 404
342 410
342 414
342 422
342 434
342 439
342 440
342 448
342 451
342 456
342 469
342 486
343 349
343 359
343 367
343 390
343 399
343 403
343 410
343 425
343 466
343 484
343 486
344 357
344 358
344 368
344 373
344 375
344 379
344 381
344 384
344 413
344 433
344 434
344 495
345 364
345 385
345 434
345 435
345 458
345 468
345 475
345 479
345 482
345 484
345 486
345 494
346 350
346 368
346 369
346 370
346 382
346 398
346 412
346 444
346 456
346 473
346 475
346 498
347 357
347 364
347 377
347 380
347 389
347 390
347 393
347 394
347 400
347 414
347 439
347 442
347 446
347 462
347 469
347 483
347 499
348 349
348 420
348 460
348 462
348 464
348 474
348 478
349 353
349 357
349 373
349 378
349 391
349 420
349 421
349 437
349 457
349 466
349 481
349 498
350 365
350 376
350 381
350 388
350 451
350 472
350 484
350 490
350 495
351 366
351 371
351 382
351 387
351 388
351 391
351 396
351 403
351 407
351 425
351 440
351 441
351 442
351 458
352 360
352 372
352 373
352 380
352 381
352 408
352 414
352 421
352 439
352 447
352 457
352 459
352 463
352 486
352 496
353 371
353 384
353 390
353 394
353 407
353 416
353 420
353 426
353 436
353 443
353 444
353 455
353 469
353 497
354 358
354 360
354 367
354 368
354 371
354 417
354 432
354 447
354 452
354 454
354 479
354 487
355 370
355 372
355 381
355 385
355 390
355 392
355 393
355 402
355 403
355 404
355 409
355 412
355 420
355 424
355 426
355 435
355 451
355 456
355 478
355 479
355 495
355 499
356 369
356 372
356 384
356 391
356 394
356 399
356 401
356 406
356 411
356 419
356 434
356 438
356 439
356 441
356 443
356 466
356 468
356 478
357 360
357 379
357 388
357 390
357 399
357 411
357 438
357 441
357 445
357 451
357 452
357 461
357 483
357 497
358 364
358 370
358 376
358 381
358 407
358 420
358 440
358 443
358 465
358 477
358 490
358 494
359 368
359 370
359 377
359 380
359 389
359 391
359 413
359 420
359 421
359 450
359 454
359 456
359 460
359 484
359 495
360 364
360 366
360 387
360 394
360 398
360 403
360 410
360 414
360 416
360 423
360 427
360 428
360 438
360 448
360 457
360 458
360 489
360 492
360 493
361 399
361 400
361 425
361 428
361 446
361 453
361 456
361 464
361 484
362 375
362 424
362 437
362 439
362 449
362 457
362 460
362 464
362 479
362 488
363 366
363 379
363 400
363 402
363 413
363 422
363 439
363 447
363 448
363 454
363 459
363 462
363 476
363 492
363 494
364 375
364 376
364 384
364 389
364 396
364 397
364 399
364 411
364 431
364 461
364 490
365 371
365 399
365 420
365 421
365 422
365 474
365 489
365 490
365 497
366 370
366 377
366 384
366 393
366 413
366 431
366 464
366 482
366 493
367 382
367 395
367 411
367 415
367 420
367 424
367 428
367 454
367 468
367 480
368 393
368 394
368 395
368 413
368 422
368 424
368 429
368 437
368 448
368 456
368 464
368 474
369 381
369 387
369 392
369 407
369 417
369 418
369 425
369 436
369 443
369 450
369 451
369 454
369 474
369 485
369 493
370 376
370 384
370 427
370 435
370 457
370 476
370 479
370 488
370 495
371 388
371 391
371 399
371 413
371 467
371 473
371 491
372 381
372 385
372 391
372 398
372 413
372 414
372 434
372 436
372 448
372 463
372 475
373 388
373 399
373 400
373 412
373 415
373 439
373 445
373 446
373 447
373 458
373 460
373 467
373 474
373 476
373 478
373 489
374 375
374 399
374 400
374 401
374 402
374 404
374 411
374 429
374 434
374 457
374 463
374 476
374 481
374 488
374 489
374 491
374 498
375 377
375 381
375 400
375 405
375 406
375 418
375 422
375 442
375 454
375 471
375 477
375 482
375 483
375 487
375 496
376 377
376 403
376 408
376 417
376 419
376 425
376 430
376 435
376 441
376 460
376 463
376 494
377 386
377 389
377 398
377 420
377 425
377 432
377 434
377 441
377 455
377 457
377 467
377 479
378 381
378 399
378 420
378 440
378 451
378 459
378 485
378 488
378 491
378 494
378 498
378 499
379 382
379 386
379 392
379 401
379 411
379 431
379 434
379 443
379 444
379 448
379 465
379 467
379 470
379 492
379 496
380 407
380 447
380 469
380 480
380 489
380 491
380 495
381 383
381 399
381 439
381 446
381 463
382 386
382 387
382 389
382 409
382 413
382 414
382 428
382 441
382 454
382 476
382 479
382 484
383 387
383 450
383 470
383 482
384 393
384 402
384 404
384 405
384 416
384 420
384 442
384 446
384 453
384 454
384 460
384 471
384 477
384 491
385 390
385 410
385 421
385 425
385 428
385 450
385 459
385 465
385 482
385 487
385 488
385 495
386 387
386 395
386 432
386 436
386 452
386 457
386 467
386 476
386 486
387 397
387 407
387 436
387 492
388 403
388 417
388 420
388 430
388 435
388 441
388 448
388 454
388 457
388 460
389 391
389 411
389 415
389 431
389 438
389 450
389 453
389 471
389 488
389 491
390 405
390 435
390 452
390 464
390 466
390 478
390 493
390 494
391 415
391 428
391 432
391 449
391 450
391 454
391 464
391 468
391 471
391 472
391 486
391 487
391 493
391 497
392 412
392 414
392 419
392 421
392 423
392 447
392 456
392 459
392 464
392 468
392 483
392 495
393 415
393 429
393 434
393 436
393 439
393 453
394 399
394 401
394 433
394 493
394 494
395 402
395 405
395 417
395 431
395 438
395 445
395 448
395 458
395 460
395 467
395 473
395 490
395 492
396 403
396 420
396 468
396 490
397 409
397 412
397 413
397 418
397 427
397 450
397 457
397 463
397 464
397 465
397 485
398 415
398 434
398 448
398 450
398 454
398 466
398 467
398 476
398 486
398 488
398 498
398 499
399 404
399 430
399 444
399 474
399 475
399 487
400 412
400 413
400 428
400 440
400 446
400 451
400 473
400 474
400 477
400 481
400 485
401 403
401 404
401 408
401 410
401 423
401 425
401 431
401 443
401 463
401 467
401 472
402 425
402 428
402 435
402 437
402 438
402 440
402 480
403 419
403 424
403 438
403 439
403 451
403 453
403 456
403 469
403 473
403 481
403 482
403 485
403 494
403 496
404 422
404 451
404 455
404 458
404 476
404 478
404 487
405 406
405 425
405 434
405 446
405 459
405 467
405 475
405 479
405 485
405 486
405 496
406 429
406 442
406 466
406 477
406 484
406 491
406 497
407 412
407 419
407 450
407 455
407 461
407 468
407 474
407 476
407 489
408 419
408 425
408 431
408 441
408 456
408 466
408 481
408 487
409 412
409 413
409 418
409 422
409 449
409 458
409 466
410 430
410 449
410 455
410 476
410 481
410 496
410 499
411 413
411 414
411 429
411 437
411 439
411 444
411 454
411 460
411 472
411 489
412 437
412 441
412 445
412 451
412 452
412 471
412 493
412 494
412 497
413 418
413 426
413 428
413 445
413 464
413 493
413 494
413 495
414 419
414 420
414 426
414 479
414 494
415 424
415 445
415 456
415 488
415 499
416 435
416 453
416 460
416 474
416 494
416 499
417 428
417 447
417 450
417 451
417 453
418 421
418 422
418 448
418 453
418 468
418 480
418 487
418 491
419 426
419 434
419 440
419 465
419 468
419 490
419 496
419 499
420 451
420 458
420 479
420 480
420 484
420 489
420 494
421 425
421 441
421 448
421 449
421 453
421 460
421 473
421 486
421 492
422 432
422 433
422 456
422 461
422 474
422 476
423 424
423 427
423 434
423 435
423 436
423 460
423 476
423 482
423 490
423 496
423 497
424 428
424 455
424 462
424 466
424 474
424 489
424 491
424 494
424 498
425 431
425 448
425 475
426 429
426 443
426 464
426 482
427 432
427 436
427 446
427 452
427 474
427 484
427 494
428 430
428 435
428 442
428 448
428 456
428 460
428 461
428 475
428 483
428 490
428 498
429 454
429 461
429 465
429 466
430 431
430 433
430 438
430 452
430 458
430 484
430 493
430 496
431 434
431 454
431 460
431 467
431 475
431 482
431 487
432 433
432 448
432 463
432 495
432 498
433 440
433 447
433 458
433 460
433 465
433 477
433 485
434 437
434 440
434 442
434 490
435 436
435 445
435 469
435 482
436 463
436 475
436 497
437 439
437 440
437 451
437 452
437 454
437 478
437 481
438 444
438 465
438 469
438 471
438 494
439 442
439 455
439 457
439 492
440 441
440 444
440 447
440 459
440 467
440 473
440 475
440 489
441 450
441 454
441 482
442 443
442 445
442 464
442 470
442 472
442 479
442 492
443 460
444 482
444 487
445 449
445 451
445 452
445 456
445 457
445 475
445 481
445 484
445 498
446 448
446 452
446 464
447 452
447 460
447 480
447 495
448 449
448 458
449 456
449 457
449 497
450 469
450 471
450 478
450 499
451 462
451 478
451 482
451 484
451 490
452 459
452 468
452 470
452 479
452 480
452 483
453 481
453 485
453 489
454 473
454 477
454 479
454 489
455 464
455 492
456 465
456 468
456 472
456 474
456 479
457 462
457 474
457 486
457 496
458 468
458 475
458 483
458 488
458 499
459 467
459 493
460 465
460 475
460 480
460 499
461 488
461 492
461 493
463 491
463 498
463 499
465 468
466 473
466 477
466 482
466 494
466 498
468 470
468 481
468 493
469 492
469 499
470 471
470 487
470 495
471 479
471 481
471 485
471 487
472 475
472 477
472 484
472 487
472 491
473 478
473 480
473 493
473 498
474 499
475 479
475 480
477 484
477 491
477 495
478 488
478 492
479 481
480 483
480 488
481 484
481 490
482 495
483 489
483 490
484 490
486 496
487 494
488 495
