300 2130 0.8
0 13
0 15
0 27
0 64
0 67
0 119
0 144
0 148
0 155
0 172
0 173
0 190
0 218
0 260
0 286
0 297
1 10
1 13
1 50
1 66
1 68
1 69
1 95
1 98
1 105
1 113
1 128
1 159
1 161
1 200
1 254
1 270
1 287
2 17
2 39
2 70
2 94
2 96
2 117
2 129
2 140
2 141
2 155
2 159
2 173
2 174
2 176
2 185
3 20
3 59
3 64
3 91
3 138
3 140
3 146
3 165
3 233
3 238
3 241
3 273
4 27
4 51
4 66
4 105
4 123
4 161
4 188
4 211
4 234
4 235
4 248
5 28
5 32
5 34
5 62
5 123
5 142
5 168
5 176
5 187
5 188
5 223
5 231
6 55
6 80
6 86
6 94
6 101
6 112
6 160
6 192
6 210
6 237
6 251
7 52
7 71
7 72
7 77
7 88
7 99
7 110
7 125
7 212
7 221
7 239
7 242
7 252
7 299
8 64
8 74
8 101
8 141
8 153
8 185
8 229
8 230
8 237
8 240
8 241
8 274
9 10
9 35
9 51
9 82
9 104
9 116
9 135
9 152
9 162
9 173
9 178
9 181
9 252
9 257
9 272
9 298
10 20
10 100
10 107
10 117
10 185
10 218
10 244
10 272
11 38
11 65
11 73
11 104
11 121
11 122
11 130
11 137
11 157
11 198
11 220
11 236
11 237
11 252
11 260
11 266
11 267
11 275
11 279
12 54
12 65
12 71
12 76
12 82
12 92
12 108
12 116
12 122
12 140
12 143
12 170
12 190
12 207
12 228
12 235
12 254
12 295
13 22
13 36
13 38
13 39
13 61
13 70
13 74
13 120
13 128
13 132
13 184
13 186
13 203
13 209
13 213
13 229
13 259
13 260
13 298
14 17
14 25
14 43
14 64
14 68
14 95
14 129
14 152
14 227
14 245
14 262
15 44
15 52
15 79
15 81
15 99
15 104
15 121
15 124
15 140
15 145
15 148
15 155
15 197
15 213
15 232
15 251
15 265
15 280
16 93
16 135
16 143
16 191
16 204
16 208
16 219
16 248
17 53
17 60
17 159
17 161
17 166
17 183
17 229
17 250
17 264
18 26
18 31
18 97
18 133
18 151
18 154
18 219
18 238
18 266
19 35
19 47
19 58
19 63
19 78
19 95
19 116
19 122
19 123
19 142
19 151
19 171
19 191
19 222
19 234
20 50
20 55
20 81
20 93
20 102
20 127
20 140
20 157
20 175
20 185
20 188
20 213
20 241
20 272
21 83
21 104
21 113
21 130
21 138
21 153
21 155
21 211
21 230
21 231
21 239
21 242
21 252
22 31
22 36
22 110
22 125
22 136
22 144
22 147
22 160
22 169
22 172
22 180
22 220
23 59
23 89
23 91
23 121
23 129
23 130
23 167
23 295
24 63
24 76
24 83
24 95
24 99
24 102
24 115
24 136
24 157
24 161
24 183
24 209
24 244
24 281
24 288
25 72
25 76
25 111
25 130
25 162
25 171
25 202
25 208
25 211
25 216
25 218
25 266
26 38
26 60
26 68
26 74
26 81
26 113
26 163
26 174
26 199
26 240
26 269
26 275
27 30
27 38
27 96
27 121
27 122
27 125
27 132
27 146
27 161
27 216
27 246
27 261
28 34
28 78
28 91
28 98
28 104
28 106
28 123
28 147
28 155
28 176
28 185
28 203
28 210
28 217
28 230
28 239
28 254
28 268
28 295
29 44
29 51
29 98
29 118
29 162
29 188
29 211
29 243
29 266
29 268
29 282
30 75
30 85
30 95
30 138
30 139
30 166
30 175
30 185
30 225
31 43
31 53
31 76
31 79
31 134
31 143
31 148
31 207
31 223
31 251
31 271
31 277
31 284
32 57
32 100
32 105
32 125
32 130
32 189
32 193
32 207
32 220
32 221
33 39
33 44
33 103
33 125
33 128
33 144
33 252
33 277
33 282
33 284
34 38
34 63
34 75
34 82
34 104
34 113
34 151
34 156
34 169
34 192
34 197
34 198
34 213
34 239
34 247
34 277
34 291
35 48
35 68
35 83
35 102
35 108
35 127
35 129
35 151
35 172
35 190
35 219
35 229
35 235
35 240
35 282
35 289
36 52
36 74
36 88
36 100
36 141
36 143
36 156
36 165
36 182
36 293
37 46
37 98
37 101
37 123
37 137
37 140
37 155
37 157
37 186
37 205
37 213
37 236
37 243
37 250
37 262
37 288
37 294
38 135
38 143
38 175
38 205
38 209
38 214
38 248
38 288
39 40
39 107
39 110
39 116
39 123
39 129
39 135
39 153
39 173
39 216
39 254
39 262
40 78
40 97
40 106
40 114
40 130
40 158
40 180
40 188
40 223
40 227
40 245
40 265
40 281
40 282
41 84
41 91
41 95
41 122
41 169
41 179
41 180
41 291
42 46
42 72
42 92
42 98
42 126
42 157
42 185
42 187
42 192
42 209
42 225
42 231
42 271
42 285
42 291
43 45
43 156
43 159
43 169
43 188
43 208
43 224
43 235
43 250
44 59
44 89
44 90
44 117
44 128
44 148
44 195
44 231
44 232
44 252
44 283
45 95
45 98
45 117
45 201
45 208
45 257
45 266
45 275
45 285
46 93
46 105
46 109
46 135
46 136
46 144
46 161
46 164
46 189
46 204
46 214
46 216
46 233
46 235
46 238
46 241
46 243
46 252
46 261
46 264
46 271
46 284
46 287
46 290
46 294
47 50
47 51
47 59
47 79
47 87
47 99
47 100
47 106
47 177
47 289
47 294
48 49
48 59
48 95
48 96
48 134
48 138
48 150
48 160
48 193
48 202
48 208
48 227
48 258
48 261
48 275
48 297
49 97
49 115
49 123
49 137
49 152
49 156
49 164
49 199
49 203
49 234
49 237
49 254
49 285
50 61
50 66
50 78
50 102
50 107
50 109
50 139
50 168
50 181
50 194
50 199
50 203
50 240
50 275
50 291
51 67
51 77
51 86
51 96
51 143
51 144
51 220
51 227
51 285
52 61
52 70
52 110
52 123
52 129
52 139
52 163
52 217
52 238
52 263
52 269
52 291
53 122
53 146
53 165
53 205
53 262
53 284
54 57
54 83
54 84
54 95
54 101
54 105
54 118
54 126
54 131
54 140
54 184
54 213
54 223
54 232
54 233
54 276
54 278
54 281
54 283
54 293
54 295
55 58
55 91
55 121
55 128
55 147
55 187
55 239
55 272
55 287
55 291
55 296
56 95
56 105
56 122
56 156
56 157
56 161
56 163
56 223
56 241
56 244
56 277
56 291
57 66
57 97
57 149
57 151
57 154
57 157
57 201
57 254
57 266
57 279
57 280
57 284
58 69
58 73
58 120
58 123
58 127
58 131
58 151
58 162
58 186
58 194
58 200
58 232
58 237
59 61
59 65
59 81
59 127
59 207
59 209
59 219
59 235
59 292
60 61
60 63
60 68
60 75
60 87
60 115
60 122
60 124
60 167
60 169
60 249
60 286
60 289
60 296
61 74
61 111
61 124
61 140
61 150
61 198
61 228
61 229
61 249
62 94
62 99
62 101
62 124
62 156
62 193
62 228
62 252
63 66
63 85
63 113
63 124
63 166
63 173
63 186
63 192
63 200
63 210
63 211
64 66
64 99
64 117
64 118
64 147
64 162
64 192
64 250
64 281
64 283
65 66
65 74
65 80
65 89
65 101
65 105
65 106
65 110
65 138
65 143
65 162
65 168
65 173
65 188
65 234
65 243
65 249
65 294
66 175
66 216
67 71
67 83
67 105
67 115
67 128
67 130
67 207
67 211
67 288
67 289
67 292
67 295
68 83
68 94
68 96
68 99
68 191
68 208
68 232
68 241
68 253
68 258
68 262
68 288
68 298
69 80
69 110
69 125
69 127
69 157
69 205
69 245
69 264
69 265
69 271
69 286
70 82
70 120
70 146
70 174
70 262
71 74
71 81
71 88
71 100
71 147
71 165
71 195
71 203
71 270
72 73
72 81
72 82
72 102
72 155
72 174
72 230
72 242
72 256
72 257
73 87
73 102
73 140
73 161
73 164
73 185
73 220
73 250
74 95
74 103
74 181
74 215
74 245
74 257
74 297
75 89
75 109
75 147
75 155
75 158
75 174
75 274
75 292
75 296
76 108
76 138
76 153
76 233
76 244
76 253
76 258
76 275
77 113
77 121
77 137
77 151
77 159
77 182
77 191
77 197
77 209
77 219
77 268
77 289
77 291
78 146
78 186
78 229
78 233
78 262
78 291
78 295
78 296
79 83
79 92
79 129
79 133
79 137
79 162
79 165
79 167
79 173
79 179
79 250
79 262
79 270
79 271
79 299
80 109
80 125
80 139
80 141
80 144
80 169
81 93
81 103
81 118
81 174
81 187
81 191
81 207
81 219
81 227
81 240
81 260
81 297
82 90
82 101
82 107
82 113
82 129
82 143
82 160
82 171
82 195
82 198
82 211
82 230
82 237
82 240
82 252
82 265
83 89
83 96
83 111
83 132
83 140
83 180
83 192
83 201
83 228
83 261
83 285
83 293
84 96
84 97
84 135
84 202
84 218
84 232
84 236
84 241
84 290
85 103
85 115
85 135
85 156
85 174
85 237
85 277
85 288
86 87
86 135
86 145
86 147
86 151
86 160
86 168
86 203
86 208
86 256
86 280
86 291
86 297
87 88
87 92
87 94
87 115
87 127
87 148
87 212
87 226
87 286
88 91
88 102
88 142
88 151
88 154
88 167
88 176
88 187
88 189
88 200
88 203
88 223
88 266
88 271
88 274
88 280
89 107
89 121
89 129
89 137
89 205
89 226
89 247
89 261
89 280
90 91
90 105
90 139
90 148
90 174
90 181
90 194
90 240
90 259
91 130
91 148
91 150
91 165
91 169
91 180
91 218
91 221
91 231
91 241
91 245
91 261
91 272
92 138
92 146
92 165
92 172
92 175
92 203
92 243
92 252
92 258
92 261
92 277
92 280
93 126
93 131
93 134
93 153
93 193
93 238
93 240
93 256
93 278
94 157
94 159
94 172
94 242
94 254
95 101
95 128
95 135
95 156
95 159
95 228
95 249
95 262
95 283
96 98
96 120
96 160
96 164
96 180
96 182
96 210
96 287
97 109
97 149
97 151
97 179
97 183
97 213
97 246
97 261
97 273
98 105
98 116
98 191
98 194
98 233
98 280
98 288
98 292
99 113
99 140
99 250
100 115
100 149
100 160
100 165
100 184
100 211
100 242
100 266
100 297
101 112
101 151
101 155
101 161
101 167
101 223
101 227
101 255
102 121
102 156
102 176
102 216
102 222
102 253
102 262
102 268
102 274
102 280
102 285
102 287
102 291
103 114
103 127
103 161
103 170
103 173
103 188
103 214
103 278
103 283
103 288
103 295
104 125
104 128
104 145
104 148
104 165
104 170
104 174
104 175
104 232
104 235
104 287
105 108
105 133
105 171
105 185
105 212
105 283
105 289
106 246
106 250
107 118
107 211
107 233
108 109
108 113
108 123
108 130
108 141
108 166
108 168
108 186
108 191
108 212
108 227
108 242
109 111
109 114
109 154
109 159
109 168
109 171
109 178
109 190
109 222
109 266
109 277
109 281
110 138
110 190
110 207
110 208
110 213
110 217
110 222
110 241
110 273
110 292
111 131
111 133
111 138
111 170
111 190
111 209
111 289
112 116
112 128
112 162
112 163
112 189
112 244
112 254
112 261
112 276
112 281
112 291
113 114
113 136
113 149
113 162
113 178
113 192
113 213
113 234
113 238
113 253
113 298
114 118
114 150
114 154
114 156
114 175
114 203
114 216
114 222
114 229
115 128
115 144
115 145
115 219
115 236
115 250
115 253
115 294
116 136
116 141
116 151
116 164
116 176
116 187
116 197
116 214
116 229
116 244
116 245
116 247
116 264
116 278
116 295
117 124
117 127
117 131
117 132
117 144
117 179
117 182
117 190
117 211
117 228
117 299
118 135
118 184
118 198
118 211
118 242
118 273
119 136
119 205
119 241
119 256
119 272
119 290
120 143
120 182
120 207
120 222
120 236
120 245
120 252
120 255
120 260
120 287
121 141
121 153
121 171
121 218
121 254
121 266
121 270
121 281
122 131
122 152
122 154
122 206
122 222
122 229
122 237
122 246
122 248
123 133
123 140
123 142
123 154
123 159
123 190
123 224
123 256
123 278
124 133
124 151
124 158
124 244
124 256
124 261
124 281
124 298
125 133
125 136
125 138
125 159
125 163
125 171
125 186
125 190
125 224
125 225
125 274
125 285
126 204
126 206
126 226
126 267
127 142
127 144
127 162
127 198
127 217
127 240
127 298
128 143
128 153
128 184
128 186
128 198
128 209
128 216
128 226
128 229
128 235
128 250
128 259
128 280
128 283
129 136
129 160
129 239
129 244
129 247
129 265
129 267
129 282
130 139
130 175
130 252
131 136
131 149
131 177
131 188
131 227
131 234
131 255
131 278
132 134
132 171
132 186
132 190
132 216
132 231
132 243
132 257
132 283
132 294
133 154
133 162
133 165
133 217
133 225
133 228
133 266
133 286
133 294
134 136
134 137
134 152
134 178
134 179
134 189
134 205
134 235
134 239
134 262
134 288
134 294
134 295
135 166
135 182
135 213
135 220
135 244
135 298
136 141
136 143
136 187
136 211
136 230
136 247
136 252
136 267
136 299
137 245
137 293
138 154
138 185
138 220
138 237
138 247
138 262
139 144
139 150
139 157
139 167
139 181
139 198
139 218
139 232
139 234
139 251
139 263
139 278
139 293
140 160
140 185
140 186
140 208
140 218
140 224
140 238
140 295
141 148
141 149
141 152
141 166
141 179
141 184
141 185
141 188
141 194
141 206
141 223
141 236
141 241
141 254
141 279
141 296
142 149
142 246
142 275
143 149
143 197
143 217
143 232
143 250
143 282
144 147
144 151
144 159
144 194
144 221
144 231
145 151
145 211
145 212
145 219
145 262
145 278
146 171
146 178
146 192
146 208
146 213
146 218
146 259
146 266
146 275
146 288
146 293
147 168
147 180
147 213
147 232
147 233
147 236
147 245
147 252
147 259
147 266
147 283
147 286
147 289
148 169
148 181
148 189
148 201
148 216
148 235
148 267
148 295
149 171
149 173
149 189
149 191
149 192
149 193
149 216
149 233
149 245
149 246
149 247
149 278
150 164
150 170
150 218
150 267
150 284
150 298
151 152
151 185
151 198
151 252
151 256
151 261
152 162
152 172
152 213
152 224
152 230
152 249
152 255
153 166
153 191
153 265
153 271
153 298
154 157
154 161
154 170
154 192
154 254
154 264
154 268
154 279
154 295
154 299
155 160
155 169
155 203
155 212
155 289
155 298
156 157
156 171
156 201
156 214
156 230
156 255
157 179
157 182
157 188
157 201
157 208
157 213
157 226
157 230
157 231
157 246
157 265
157 282
157 286
157 288
157 290
157 299
158 162
158 186
158 217
158 248
158 251
158 271
159 173
159 187
159 193
159 195
159 201
159 219
159 231
159 261
159 268
159 270
159 278
159 281
160 173
160 215
160 222
160 225
160 234
161 162
161 180
161 215
161 264
161 276
161 299
162 219
162 234
162 242
162 269
163 184
163 197
163 221
163 224
163 248
163 298
164 176
164 223
164 280
164 283
164 299
165 211
165 217
165 226
165 233
165 261
165 266
165 273
165 276
165 285
166 225
166 265
166 289
167 226
167 241
167 246
167 249
167 273
167 276
167 277
167 288
168 172
168 205
168 211
168 233
168 270
168 293
169 170
169 196
169 209
169 255
169 288
170 180
170 181
170 229
170 233
170 249
171 184
171 226
171 227
171 255
171 259
172 228
172 246
172 290
173 194
173 214
173 219
173 235
173 243
174 202
174 205
174 248
174 254
174 275
174 296
175 178
175 181
175 231
175 277
175 298
176 193
176 203
176 233
176 245
176 251
176 261
176 298
177 179
177 183
177 235
177 253
177 289
178 183
178 187
178 198
178 210
178 222
178 292
179 216
179 246
179 289
180 188
180 196
180 201
180 209
180 233
180 240
180 250
181 214
181 215
181 238
181 255
182 187
182 202
182 214
182 216
182 247
182 264
182 274
183 186
183 187
183 201
183 242
183 256
184 216
184 259
184 264
184 283
184 298
185 195
185 206
185 208
185 272
185 295
186 187
186 205
186 223
186 264
186 271
187 211
187 238
187 262
187 291
187 296
188 203
188 216
188 218
188 220
188 290
189 190
189 215
189 226
189 234
190 196
190 246
190 248
190 277
191 193
191 218
191 219
191 262
192 213
192 221
192 246
192 264
192 273
192 291
192 298
193 215
193 232
193 263
193 289
193 296
194 207
194 212
194 224
194 244
194 261
194 279
195 198
195 215
195 218
195 223
195 234
195 272
195 274
196 213
196 216
196 228
196 230
196 247
196 258
196 260
196 278
196 280
196 293
196 297
198 209
198 229
198 287
199 224
199 227
199 286
199 293
200 206
200 235
200 236
200 282
200 299
201 264
201 277
202 206
202 219
202 250
202 272
202 275
203 210
203 251
203 263
203 271
203 275
203 281
203 295
204 210
204 222
204 228
204 257
204 297
205 269
205 286
205 299
206 234
207 229
207 294
208 212
208 233
208 238
208 242
208 251
208 267
209 229
209 267
209 285
209 288
209 294
210 264
210 269
210 283
211 257
211 260
211 273
211 292
211 298
212 238
212 254
212 271
212 284
214 252
215 282
216 218
216 227
216 232
216 234
216 250
216 271
216 278
217 230
217 279
218 255
219 228
219 260
219 262
219 266
219 271
219 284
219 296
220 255
220 259
220 292
221 248
221 263
221 269
221 297
222 230
222 236
222 245
222 247
222 287
224 257
224 267
224 269
224 279
224 284
225 249
225 252
225 257
225 260
225 262
225 270
225 293
226 261
226 265
226 286
227 247
227 258
227 277
227 285
227 287
228 243
228 299
229 236
229 240
229 273
229 281
229 287
230 238
230 258
230 262
230 282
230 288
230 289
231 235
231 242
231 293
232 293
233 290
234 261
234 267
234 280
234 283
234 287
235 252
235 296
236 246
236 270
236 272
236 287
236 299
237 242
237 252
237 260
237 265
237 271
237 275
238 291
238 292
239 241
239 254
239 257
239 267
239 269
239 294
240 248
240 249
240 276
240 296
241 288
241 291
242 245
242 275
243 280
243 295
244 270
244 274
244 278
244 293
245 249
245 251
245 276
246 275
247 263
247 279
247 285
248 269
248 280
249 254
249 274
250 257
251 269
251 271
251 274
251 287
251 295
252 280
252 290
253 259
253 277
253 284
253 293
254 257
254 264
254 276
254 288
255 275
255 291
256 263
256 267
256 269
256 275
257 260
257 263
257 264
257 269
257 282
257 284
258 274
258 289
259 269
259 299
261 264
263 286
264 295
265 281
265 283
266 296
266 297
268 276
268 292
269 274
269 275
270 276
271 272
271 281
271 294
272 282
273 277
274 294
275 289
277 289
280 283
282 288
282 289
284 291
284 293
285 288
285 295
286 298
291 294
291 298
