400 6360 0.2
0 12
0 22
0 44
0 51
0 68
0 72
0 75
0 99
0 113
0 114
0 119
0 135
0 153
0 202
0 228
0 254
0 262
0 270
0 283
0 306
0 315
0 325
0 328
0 335
0 355
0 371
1 2
1 10
1 11
1 45
1 46
1 63
1 81
1 82
1 119
1 132
1 133
1 143
1 146
1 147
1 164
1 166
1 183
1 205
1 227
1 235
1 238
1 247
1 256
1 284
1 319
1 324
1 337
1 359
1 374
1 375
1 376
1 379
1 389
1 390
1 398
2 20
2 25
2 51
2 52
2 54
2 76
2 141
2 149
2 152
2 153
2 158
2 161
2 168
2 197
2 216
2 219
2 220
2 224
2 237
2 275
2 287
2 290
2 302
2 304
2 335
2 345
2 353
2 355
2 365
2 373
2 392
3 15
3 28
3 30
3 32
3 40
3 57
3 60
3 64
3 76
3 85
3 90
3 100
3 113
3 129
3 141
3 152
3 154
3 184
3 196
3 208
3 228
3 230
3 231
3 253
3 275
3 282
3 295
3 296
3 302
3 304
3 309
3 317
3 318
3 321
3 343
3 367
3 391
4 7
4 20
4 23
4 75
4 103
4 112
4 130
4 155
4 173
4 191
4 209
4 224
4 228
4 238
4 240
4 241
4 243
4 255
4 263
4 266
4 276
4 284
4 287
4 290
4 299
4 304
4 328
4 331
4 354
4 355
4 356
4 368
4 372
4 386
4 393
4 395
5 18
5 62
5 68
5 100
5 104
5 127
5 134
5 136
5 142
5 144
5 153
5 166
5 183
5 200
5 210
5 243
5 247
5 251
5 258
5 279
5 280
5 282
5 293
5 296
5 311
5 317
5 321
5 331
5 346
5 350
5 363
5 379
5 388
6 29
6 32
6 60
6 76
6 82
6 83
6 101
6 108
6 121
6 125
6 139
6 167
6 180
6 187
6 202
6 212
6 229
6 238
6 247
6 259
6 260
6 266
6 270
6 280
6 302
6 310
6 314
6 322
6 325
6 329
6 331
6 342
6 347
6 353
6 366
6 368
6 369
7 26
7 35
7 99
7 101
7 108
7 132
7 152
7 179
7 185
7 192
7 199
7 204
7 216
7 217
7 240
7 244
7 265
7 266
7 290
7 292
7 302
7 322
7 337
7 371
7 394
8 24
8 61
8 86
8 100
8 106
8 119
8 121
8 125
8 128
8 129
8 130
8 200
8 206
8 209
8 210
8 223
8 225
8 226
8 243
8 252
8 262
8 263
8 264
8 275
8 289
8 296
8 315
8 318
8 321
8 345
8 353
8 354
8 362
8 363
8 391
9 23
9 28
9 41
9 48
9 51
9 65
9 81
9 105
9 115
9 145
9 160
9 166
9 175
9 201
9 211
9 222
9 247
9 254
9 266
9 267
9 306
9 313
9 336
9 343
9 357
9 374
10 42
10 54
10 60
10 78
10 89
10 90
10 108
10 118
10 127
10 130
10 161
10 183
10 194
10 201
10 204
10 208
10 229
10 243
10 262
10 265
10 292
10 307
10 312
10 347
10 361
10 367
10 375
10 395
11 25
11 27
11 35
11 37
11 54
11 60
11 61
11 77
11 86
11 88
11 92
11 123
11 130
11 135
11 139
11 140
11 168
11 185
11 203
11 206
11 212
11 221
11 225
11 231
11 233
11 246
11 263
11 273
11 299
11 314
11 320
11 325
11 327
11 352
11 356
11 367
11 368
11 371
11 374
11 379
11 391
11 394
11 396
12 32
12 42
12 83
12 122
12 123
12 128
12 130
12 223
12 224
12 228
12 234
12 239
12 240
12 260
12 270
12 277
12 338
12 351
12 364
12 365
12 371
12 374
12 378
12 382
13 43
13 49
13 54
13 57
13 62
13 77
13 93
13 94
13 99
13 133
13 139
13 150
13 168
13 171
13 180
13 207
13 238
13 265
13 277
13 279
13 287
13 297
13 300
13 302
13 304
13 305
13 312
13 318
13 344
13 355
13 369
13 379
13 387
13 391
13 396
14 22
14 25
14 29
14 35
14 42
14 48
14 52
14 65
14 76
14 84
14 102
14 105
14 154
14 189
14 212
14 231
14 236
14 240
14 274
14 292
14 295
14 300
14 309
14 330
14 332
14 334
14 335
14 341
14 346
14 349
14 358
14 368
14 394
15 22
15 25
15 27
15 36
15 40
15 44
15 70
15 95
15 102
15 117
15 123
15 124
15 152
15 172
15 173
15 179
15 185
15 190
15 214
15 219
15 233
15 235
15 244
15 248
15 253
15 257
15 260
15 264
15 268
15 270
15 307
15 316
15 357
15 369
15 397
16 18
16 27
16 40
16 45
16 58
16 75
16 77
16 83
16 93
16 104
16 108
16 109
16 111
16 136
16 167
16 168
16 186
16 189
16 202
16 218
16 222
16 263
16 272
16 291
16 301
16 334
16 351
16 359
16 363
17 38
17 52
17 56
17 62
17 65
17 91
17 122
17 146
17 157
17 158
17 163
17 171
17 190
17 196
17 213
17 267
17 269
17 273
17 276
17 283
17 290
17 291
17 309
17 311
17 368
17 383
17 397
18 19
18 64
18 75
18 103
18 106
18 108
18 120
18 126
18 136
18 138
18 148
18 152
18 171
18 173
18 180
18 184
18 186
18 188
18 193
18 220
18 240
18 241
18 248
18 267
18 269
18 271
18 280
18 282
18 304
18 305
18 312
18 325
18 331
18 348
18 353
18 365
18 367
18 385
19 33
19 66
19 68
19 97
19 100
19 126
19 137
19 162
19 179
19 197
19 202
19 219
19 262
19 349
19 351
19 356
19 358
19 371
19 375
19 385
19 391
20 39
20 66
20 76
20 123
20 125
20 133
20 134
20 143
20 189
20 194
20 200
20 224
20 241
20 251
20 267
20 270
20 273
20 282
20 340
20 351
20 361
20 387
21 23
21 26
21 30
21 63
21 64
21 73
21 76
21 78
21 83
21 111
21 126
21 136
21 158
21 181
21 193
21 196
21 202
21 203
21 207
21 209
21 218
21 229
21 241
21 252
21 276
21 277
21 279
21 304
21 313
21 314
21 323
21 347
21 351
21 353
21 357
21 359
21 373
22 35
22 46
22 56
22 60
22 69
22 72
22 77
22 88
22 104
22 112
22 121
22 129
22 136
22 138
22 139
22 145
22 149
22 152
22 163
22 166
22 174
22 211
22 266
22 271
22 289
22 299
22 302
22 303
22 306
22 309
22 316
22 330
22 350
22 357
22 360
22 371
22 378
22 384
22 388
23 30
23 41
23 45
23 48
23 94
23 116
23 124
23 129
23 139
23 175
23 182
23 230
23 271
23 279
23 286
23 296
23 301
23 308
23 330
23 331
23 333
23 343
23 344
23 348
23 355
24 29
24 51
24 70
24 88
24 89
24 95
24 99
24 131
24 140
24 141
24 144
24 159
24 178
24 179
24 203
24 205
24 215
24 243
24 245
24 253
24 258
24 267
24 272
24 276
24 297
24 299
24 301
24 370
24 376
24 383
24 397
25 40
25 44
25 52
25 57
25 63
25 105
25 119
25 123
25 127
25 132
25 179
25 211
25 222
25 233
25 244
25 266
25 281
25 284
25 285
25 299
25 315
25 345
25 347
25 348
25 378
26 27
26 48
26 59
26 64
26 79
26 80
26 94
26 134
26 150
26 194
26 200
26 210
26 230
26 252
26 272
26 290
26 301
26 314
26 317
26 326
26 348
26 349
26 358
26 372
27 46
27 49
27 61
27 72
27 81
27 85
27 100
27 102
27 104
27 117
27 128
27 161
27 181
27 197
27 212
27 215
27 217
27 230
27 250
27 267
27 288
27 309
27 310
27 311
27 316
27 339
27 368
27 381
27 382
28 38
28 47
28 50
28 55
28 56
28 59
28 77
28 79
28 94
28 100
28 124
28 137
28 148
28 172
28 177
28 183
28 188
28 192
28 196
28 209
28 220
28 284
28 310
28 311
28 318
28 319
28 324
28 331
28 358
28 363
28 366
28 378
28 381
28 389
29 51
29 72
29 74
29 91
29 98
29 108
29 113
29 139
29 154
29 186
29 187
29 194
29 201
29 207
29 240
29 243
29 263
29 309
29 312
29 313
29 322
29 328
29 354
29 361
29 366
29 383
29 389
29 390
29 392
29 399
30 42
30 49
30 63
30 87
30 88
30 89
30 96
30 126
30 127
30 135
30 149
30 155
30 192
30 194
30 209
30 246
30 255
30 266
30 274
30 285
30 286
30 288
30 290
30 297
30 359
30 363
30 365
30 370
30 399
31 60
31 68
31 69
31 70
31 90
31 107
31 110
31 130
31 136
31 140
31 162
31 189
31 190
31 194
31 199
31 203
31 205
31 236
31 240
31 245
31 256
31 261
31 276
31 278
31 286
31 291
31 311
31 314
31 343
31 346
31 353
31 382
31 383
31 391
32 36
32 49
32 52
32 85
32 106
32 109
32 125
32 158
32 170
32 171
32 175
32 179
32 186
32 189
32 212
32 219
32 223
32 237
32 246
32 299
32 301
32 311
32 334
32 342
32 349
32 351
32 356
32 365
32 376
32 393
33 38
33 40
33 46
33 47
33 71
33 81
33 86
33 90
33 91
33 100
33 115
33 125
33 150
33 154
33 157
33 163
33 174
33 179
33 189
33 191
33 211
33 219
33 239
33 243
33 246
33 264
33 290
33 291
33 309
33 345
33 347
33 361
33 386
33 395
33 397
34 40
34 46
34 72
34 81
34 105
34 118
34 124
34 138
34 146
34 149
34 154
34 173
34 178
34 189
34 223
34 253
34 254
34 270
34 278
34 302
34 319
34 320
34 326
34 331
34 336
34 342
34 348
34 357
34 362
34 368
34 391
35 48
35 59
35 85
35 86
35 88
35 109
35 111
35 113
35 135
35 138
35 156
35 173
35 197
35 201
35 207
35 218
35 219
35 264
35 267
35 277
35 288
35 298
35 309
35 321
35 323
35 329
35 345
35 359
35 360
35 366
35 374
35 388
35 394
36 39
36 56
36 57
36 58
36 81
36 86
36 112
36 126
36 138
36 173
36 193
36 196
36 229
36 239
36 260
36 265
36 270
36 280
36 300
36 306
36 311
36 365
36 382
36 394
37 54
37 59
37 68
37 71
37 74
37 78
37 92
37 93
37 141
37 142
37 145
37 155
37 161
37 180
37 192
37 214
37 232
37 237
37 246
37 254
37 266
37 276
37 284
37 285
37 297
37 299
37 323
37 331
37 387
37 398
38 41
38 69
38 86
38 114
38 120
38 145
38 159
38 177
38 183
38 196
38 216
38 218
38 219
38 230
38 236
38 254
38 277
38 291
38 313
38 332
38 336
38 339
38 341
38 352
38 354
38 359
38 368
38 375
38 378
39 66
39 76
39 83
39 99
39 103
39 109
39 112
39 118
39 140
39 143
39 176
39 177
39 200
39 226
39 256
39 258
39 266
39 271
39 272
39 285
39 297
39 301
39 313
39 321
39 328
39 338
39 360
39 365
39 375
39 378
39 388
39 397
40 43
40 53
40 83
40 87
40 119
40 128
40 130
40 137
40 140
40 147
40 161
40 182
40 214
40 220
40 221
40 235
40 236
40 242
40 273
40 275
40 277
40 315
40 318
40 330
40 339
40 345
40 372
41 45
41 64
41 71
41 79
41 81
41 95
41 96
41 156
41 166
41 187
41 191
41 206
41 220
41 223
41 227
41 233
41 250
41 258
41 274
41 283
41 284
41 323
41 332
41 344
41 369
41 372
41 373
41 378
41 383
41 386
42 43
42 52
42 71
42 83
42 88
42 106
42 112
42 127
42 144
42 145
42 165
42 169
42 188
42 203
42 222
42 223
42 228
42 244
42 249
42 288
42 291
42 306
42 308
42 335
42 347
42 367
42 383
42 389
42 399
43 62
43 74
43 96
43 107
43 131
43 144
43 147
43 148
43 154
43 211
43 216
43 221
43 230
43 242
43 244
43 247
43 251
43 282
43 302
43 307
43 337
43 347
43 352
43 353
43 367
43 369
43 375
43 376
43 379
44 109
44 129
44 147
44 162
44 207
44 213
44 217
44 236
44 239
44 248
44 286
44 296
44 329
44 341
44 349
44 352
44 370
44 390
45 52
45 87
45 90
45 93
45 105
45 113
45 167
45 192
45 212
45 246
45 255
45 288
45 291
45 293
45 321
45 329
45 346
45 350
45 352
45 355
45 363
45 369
45 389
45 391
45 395
45 398
46 50
46 52
46 61
46 65
46 127
46 139
46 160
46 178
46 190
46 210
46 218
46 238
46 256
46 264
46 282
46 295
46 305
46 317
46 318
46 324
46 335
46 347
46 375
46 376
47 48
47 60
47 64
47 111
47 118
47 121
47 130
47 131
47 154
47 156
47 160
47 167
47 182
47 197
47 200
47 208
47 224
47 232
47 261
47 282
47 288
47 290
47 305
47 335
47 336
47 364
47 367
47 371
47 377
47 379
47 393
48 68
48 71
48 72
48 87
48 88
48 95
48 104
48 112
48 117
48 146
48 170
48 174
48 184
48 186
48 238
48 245
48 251
48 257
48 286
48 287
48 289
48 292
48 296
48 304
48 307
48 312
48 314
48 327
48 336
48 375
48 378
48 396
49 51
49 52
49 59
49 76
49 77
49 88
49 95
49 96
49 108
49 121
49 122
49 131
49 154
49 164
49 175
49 183
49 185
49 192
49 193
49 205
49 242
49 251
49 298
49 305
49 308
49 315
49 325
49 332
49 349
49 354
49 362
50 58
50 66
50 79
50 98
50 110
50 126
50 130
50 133
50 138
50 153
50 161
50 169
50 176
50 201
50 203
50 263
50 280
50 298
50 304
50 312
50 328
50 335
50 376
50 389
50 390
50 396
51 61
51 69
51 70
51 123
51 132
51 133
51 157
51 179
51 189
51 197
51 202
51 210
51 215
51 225
51 232
51 239
51 244
51 257
51 258
51 265
51 271
51 277
51 283
51 299
51 301
51 305
51 320
51 327
51 331
51 335
51 340
51 350
51 360
51 369
51 383
52 60
52 75
52 96
52 102
52 136
52 145
52 162
52 170
52 171
52 182
52 185
52 191
52 193
52 207
52 222
52 224
52 228
52 240
52 267
52 268
52 271
52 282
52 285
52 321
52 324
52 337
52 341
52 346
52 356
52 381
53 60
53 67
53 85
53 87
53 88
53 90
53 99
53 104
53 175
53 178
53 190
53 191
53 209
53 215
53 225
53 229
53 268
53 270
53 272
53 287
53 302
53 303
53 307
53 325
53 361
53 370
53 386
54 69
54 90
54 110
54 113
54 124
54 144
54 176
54 180
54 193
54 238
54 245
54 248
54 262
54 284
54 299
54 319
54 323
54 333
54 337
54 356
54 357
54 360
54 362
54 373
54 383
54 396
55 62
55 79
55 96
55 97
55 103
55 107
55 111
55 115
55 153
55 156
55 171
55 182
55 194
55 234
55 272
55 278
55 306
55 307
55 325
55 329
55 350
55 366
55 378
55 388
56 60
56 72
56 78
56 80
56 88
56 90
56 96
56 101
56 104
56 114
56 140
56 156
56 200
56 245
56 247
56 249
56 256
56 257
56 261
56 263
56 283
56 290
56 306
56 313
56 355
56 366
56 383
57 72
57 80
57 84
57 95
57 100
57 108
57 113
57 135
57 143
57 167
57 174
57 181
57 185
57 208
57 211
57 241
57 245
57 246
57 248
57 265
57 270
57 277
57 289
57 290
57 295
57 308
57 310
57 320
57 321
57 329
57 337
57 347
57 351
57 360
57 366
57 377
58 88
58 96
58 98
58 104
58 131
58 160
58 161
58 175
58 176
58 179
58 185
58 219
58 239
58 249
58 259
58 266
58 279
58 289
58 301
58 317
58 327
58 338
58 341
58 342
58 343
58 364
58 366
58 368
58 383
59 64
59 88
59 93
59 96
59 100
59 103
59 104
59 107
59 179
59 198
59 201
59 236
59 270
59 309
59 315
59 338
59 346
59 358
59 372
59 397
60 79
60 138
60 163
60 175
60 182
60 190
60 194
60 221
60 235
60 239
60 252
60 269
60 295
60 301
60 310
60 365
60 394
61 75
61 77
61 79
61 93
61 114
61 129
61 143
61 145
61 146
61 155
61 157
61 182
61 184
61 188
61 221
61 228
61 239
61 251
61 255
61 277
61 294
61 298
61 300
61 316
61 325
61 335
61 351
61 358
61 365
61 370
61 378
61 382
62 85
62 92
62 104
62 120
62 125
62 139
62 168
62 183
62 201
62 206
62 213
62 221
62 228
62 258
62 259
62 271
62 292
62 306
62 309
62 323
62 348
62 367
62 379
62 384
62 387
63 79
63 80
63 81
63 98
63 108
63 124
63 167
63 190
63 197
63 199
63 203
63 217
63 222
63 240
63 255
63 262
63 265
63 282
63 289
63 293
63 302
63 313
63 328
63 331
63 344
63 350
63 390
64 69
64 102
64 107
64 114
64 139
64 156
64 169
64 196
64 204
64 208
64 212
64 218
64 228
64 306
64 329
64 340
64 345
64 347
64 357
64 379
64 383
65 68
65 69
65 72
65 92
65 93
65 100
65 104
65 108
65 116
65 140
65 160
65 171
65 177
65 188
65 235
65 270
65 288
65 292
65 293
65 305
65 307
65 331
65 335
65 340
65 363
65 372
65 380
66 85
66 114
66 117
66 127
66 143
66 150
66 155
66 163
66 173
66 183
66 191
66 202
66 206
66 231
66 235
66 253
66 266
66 269
66 272
66 290
66 314
66 320
66 336
66 339
66 352
66 357
66 390
67 71
67 78
67 118
67 120
67 167
67 188
67 209
67 225
67 237
67 245
67 250
67 271
67 300
67 310
67 335
67 349
67 364
67 381
67 387
67 395
68 69
68 70
68 75
68 76
68 78
68 84
68 91
68 96
68 108
68 133
68 152
68 154
68 184
68 187
68 199
68 204
68 207
68 265
68 291
68 298
68 319
68 321
68 329
68 347
68 356
68 371
68 388
68 392
69 77
69 85
69 98
69 123
69 128
69 142
69 155
69 157
69 160
69 186
69 204
69 215
69 216
69 232
69 265
69 291
69 294
69 302
69 308
69 327
69 329
69 363
69 381
70 77
70 83
70 87
70 100
70 108
70 126
70 128
70 140
70 168
70 169
70 173
70 186
70 306
70 315
70 318
70 325
70 343
70 369
70 389
70 393
70 394
70 399
71 86
71 110
71 113
71 140
71 154
71 168
71 182
71 184
71 199
71 218
71 228
71 235
71 236
71 243
71 264
71 290
71 297
71 310
71 347
71 382
71 391
71 395
71 399
72 90
72 104
72 135
72 162
72 178
72 179
72 190
72 195
72 197
72 205
72 213
72 227
72 229
72 242
72 268
72 288
72 297
72 311
72 342
72 373
72 383
72 389
73 103
73 117
73 176
73 200
73 211
73 235
73 243
73 272
73 277
73 284
73 305
73 313
73 337
73 338
73 341
73 350
73 354
73 355
73 369
73 383
73 397
74 77
74 79
74 84
74 100
74 122
74 134
74 138
74 147
74 167
74 202
74 229
74 237
74 241
74 270
74 275
74 277
74 278
74 282
74 284
74 323
74 327
74 332
74 346
74 390
75 81
75 91
75 111
75 119
75 138
75 139
75 143
75 147
75 159
75 173
75 174
75 181
75 196
75 203
75 211
75 216
75 226
75 235
75 264
75 285
75 317
75 359
75 382
75 384
75 385
75 398
76 81
76 93
76 102
76 110
76 115
76 125
76 128
76 134
76 135
76 148
76 156
76 160
76 162
76 165
76 168
76 181
76 182
76 190
76 199
76 207
76 227
76 234
76 253
76 258
76 285
76 292
76 299
76 304
76 315
76 343
76 348
76 359
76 365
76 375
77 80
77 99
77 100
77 111
77 116
77 122
77 147
77 153
77 167
77 171
77 176
77 184
77 192
77 199
77 210
77 212
77 236
77 270
77 271
77 272
77 274
77 294
77 298
77 309
77 323
77 327
77 337
77 344
77 353
77 361
77 365
77 368
77 371
77 377
77 379
77 384
77 386
77 392
77 398
78 87
78 89
78 117
78 129
78 147
78 151
78 163
78 176
78 211
78 232
78 235
78 238
78 242
78 253
78 254
78 256
78 260
78 264
78 265
78 287
78 291
78 301
78 315
78 329
78 347
78 348
78 378
78 379
78 380
78 388
79 87
79 95
79 102
79 116
79 148
79 149
79 153
79 182
79 212
79 243
79 263
79 287
79 293
79 295
79 296
79 297
79 303
79 309
79 313
79 317
79 333
79 342
79 357
79 359
79 365
79 370
79 389
79 390
80 86
80 107
80 109
80 126
80 134
80 159
80 172
80 173
80 186
80 245
80 255
80 256
80 271
80 289
80 293
80 303
80 306
80 348
80 353
80 359
80 372
80 375
81 92
81 124
81 145
81 150
81 170
81 191
81 192
81 267
81 269
81 290
81 301
81 304
81 319
81 322
81 358
81 366
81 380
81 381
82 116
82 134
82 135
82 136
82 143
82 152
82 190
82 192
82 218
82 223
82 227
82 229
82 230
82 259
82 316
82 320
82 335
82 343
82 359
82 360
82 368
82 369
82 375
82 383
83 86
83 111
83 116
83 140
83 141
83 155
83 158
83 165
83 170
83 187
83 188
83 195
83 199
83 207
83 224
83 229
83 235
83 237
83 243
83 244
83 251
83 266
83 284
83 287
83 294
83 297
83 311
83 316
83 327
83 336
83 339
83 398
84 87
84 90
84 96
84 98
84 127
84 129
84 152
84 161
84 165
84 179
84 187
84 194
84 202
84 218
84 226
84 236
84 259
84 261
84 277
84 292
84 302
84 328
84 340
84 357
84 358
84 371
84 377
85 106
85 107
85 110
85 123
85 129
85 149
85 162
85 193
85 221
85 228
85 263
85 265
85 271
85 303
85 310
85 312
85 333
85 336
85 361
85 364
85 382
85 396
86 87
86 102
86 112
86 152
86 171
86 175
86 185
86 193
86 202
86 230
86 257
86 259
86 270
86 273
86 304
86 309
86 336
86 358
86 381
86 393
87 94
87 96
87 111
87 123
87 130
87 134
87 142
87 166
87 180
87 185
87 199
87 249
87 262
87 265
87 275
87 278
87 286
87 292
87 324
87 327
87 339
87 347
87 371
87 378
87 381
87 389
88 92
88 108
88 115
88 125
88 128
88 130
88 131
88 149
88 167
88 172
88 174
88 192
88 203
88 227
88 230
88 232
88 247
88 278
88 281
88 333
88 339
88 341
88 351
88 368
88 384
89 93
89 125
89 137
89 148
89 170
89 190
89 194
89 198
89 201
89 206
89 207
89 216
89 219
89 226
89 241
89 250
89 259
89 263
89 266
89 282
89 290
89 302
89 314
89 319
89 320
89 322
89 355
89 357
89 360
89 386
89 399
90 103
90 106
90 112
90 120
90 121
90 169
90 189
90 203
90 219
90 226
90 228
90 229
90 251
90 258
90 284
90 289
90 297
90 305
90 334
90 338
90 360
90 370
90 374
90 375
90 376
90 393
91 100
91 121
91 127
91 134
91 138
91 158
91 170
91 202
91 239
91 254
91 258
91 294
91 300
91 305
91 317
91 326
91 333
92 102
92 113
92 131
92 146
92 157
92 199
92 226
92 229
92 240
92 241
92 290
92 319
92 337
92 338
92 344
92 358
92 377
92 388
92 393
92 395
92 397
93 106
93 119
93 132
93 137
93 152
93 160
93 216
93 232
93 233
93 237
93 261
93 299
93 304
93 332
93 363
93 366
93 380
93 382
93 383
93 398
94 114
94 181
94 182
94 220
94 222
94 229
94 241
94 259
94 276
94 282
94 283
94 285
94 303
94 312
94 326
94 335
94 342
94 344
94 346
94 358
94 364
94 385
95 154
95 161
95 167
95 178
95 206
95 222
95 227
95 247
95 253
95 260
95 279
95 331
95 333
95 346
95 359
95 394
96 126
96 133
96 136
96 141
96 161
96 168
96 186
96 188
96 190
96 196
96 218
96 225
96 230
96 233
96 257
96 263
96 266
96 290
96 303
96 320
96 332
96 338
96 345
96 366
96 386
97 113
97 119
97 130
97 161
97 167
97 177
97 236
97 260
97 266
97 279
97 281
97 311
97 319
97 324
97 325
97 326
97 342
97 362
97 364
97 367
97 372
97 385
97 393
97 398
98 128
98 145
98 146
98 152
98 164
98 170
98 173
98 198
98 235
98 240
98 260
98 263
98 268
98 269
98 271
98 275
98 287
98 298
98 299
98 307
98 317
98 321
98 333
98 335
98 340
98 345
98 361
98 363
98 367
98 369
98 384
99 110
99 115
99 116
99 122
99 123
99 128
99 140
99 150
99 173
99 177
99 178
99 187
99 231
99 236
99 243
99 264
99 279
99 281
99 306
99 310
99 312
99 313
99 323
99 352
99 358
99 360
99 366
99 371
99 380
99 381
99 393
100 102
100 139
100 153
100 154
100 158
100 181
100 185
100 210
100 247
100 249
100 253
100 269
100 273
100 288
100 297
100 300
100 302
100 305
100 320
100 327
100 328
100 331
100 332
100 335
100 341
100 343
100 344
100 349
100 352
100 356
100 379
100 387
100 399
101 111
101 116
101 126
101 129
101 145
101 149
101 157
101 180
101 184
101 201
101 211
101 219
101 231
101 253
101 272
101 278
101 282
101 291
101 320
101 342
101 349
101 362
101 372
101 378
101 381
102 103
102 137
102 138
102 144
102 145
102 151
102 162
102 175
102 216
102 224
102 242
102 243
102 254
102 260
102 263
102 266
102 326
102 328
102 329
102 356
103 125
103 147
103 158
103 161
103 192
103 198
103 243
103 247
103 249
103 253
103 264
103 269
103 326
103 355
103 391
103 396
104 162
104 167
104 176
104 201
104 215
104 217
104 229
104 259
104 266
104 273
104 278
104 293
104 307
104 317
104 327
104 329
104 335
104 350
104 351
104 356
104 358
104 392
105 112
105 117
105 133
105 134
105 154
105 162
105 177
105 184
105 194
105 203
105 210
105 224
105 229
105 232
105 261
105 272
105 283
105 287
105 289
105 292
105 298
105 301
105 315
105 337
105 346
105 363
105 367
105 386
106 108
106 113
106 133
106 163
106 169
106 189
106 193
106 209
106 212
106 224
106 228
106 231
106 239
106 241
106 248
106 251
106 253
106 259
106 265
106 273
106 284
106 306
106 326
106 327
106 343
106 378
107 110
107 119
107 146
107 152
107 156
107 165
107 166
107 170
107 185
107 201
107 221
107 238
107 245
107 248
107 259
107 279
107 286
107 296
107 299
107 302
107 314
107 338
107 349
107 352
107 355
107 385
107 388
107 393
108 124
108 130
108 171
108 206
108 224
108 251
108 259
108 262
108 272
108 290
108 311
108 317
108 329
108 352
108 381
109 113
109 115
109 123
109 125
109 126
109 134
109 147
109 171
109 172
109 182
109 188
109 189
109 235
109 241
109 245
109 249
109 255
109 262
109 263
109 288
109 296
109 309
109 313
109 315
109 326
109 357
109 362
109 367
109 380
109 391
110 124
110 145
110 148
110 153
110 156
110 164
110 184
110 199
110 204
110 215
110 220
110 229
110 239
110 286
110 350
110 369
110 376
111 114
111 115
111 136
111 156
111 163
111 173
111 175
111 184
111 186
111 190
111 197
111 200
111 226
111 257
111 295
111 300
111 314
111 323
111 392
112 116
112 129
112 133
112 135
112 145
112 160
112 180
112 187
112 208
112 220
112 221
112 231
112 241
112 256
112 267
112 275
112 276
112 301
112 309
112 315
112 316
112 324
112 330
112 368
112 384
112 386
112 392
113 134
113 152
113 158
113 159
113 173
113 190
113 209
113 246
113 250
113 253
113 257
113 277
113 295
113 299
113 309
113 317
113 332
113 367
113 370
113 373
113 384
113 385
113 399
114 115
114 118
114 129
114 142
114 151
114 168
114 172
114 181
114 201
114 219
114 233
114 242
114 251
114 258
114 273
114 279
114 286
114 320
114 327
114 341
114 343
114 356
114 363
114 382
114 389
115 129
115 150
115 157
115 161
115 166
115 175
115 176
115 181
115 221
115 223
115 233
115 238
115 246
115 260
115 267
115 268
115 282
115 285
115 286
115 292
115 295
115 326
115 330
115 363
115 381
115 385
116 117
116 126
116 141
116 152
116 156
116 168
116 176
116 177
116 180
116 194
116 201
116 213
116 216
116 217
116 226
116 227
116 232
116 235
116 240
116 258
116 267
116 295
116 313
116 343
116 354
116 394
117 136
117 150
117 151
117 179
117 187
117 191
117 227
117 239
117 242
117 261
117 263
117 277
117 280
117 282
117 292
117 296
117 297
117 298
117 304
117 309
117 310
117 326
117 331
117 334
117 344
117 358
117 359
117 362
117 363
117 364
118 130
118 134
118 136
118 168
118 173
118 187
118 191
118 192
118 202
118 215
118 230
118 237
118 249
118 250
118 256
118 258
118 260
118 265
118 274
118 292
118 314
118 321
118 323
118 325
118 340
118 350
118 361
118 362
118 364
118 382
119 130
119 132
119 135
119 162
119 183
119 191
119 194
119 212
119 229
119 232
119 238
119 253
119 254
119 257
119 259
119 274
119 288
119 308
119 312
119 320
119 337
119 347
119 357
119 365
119 369
119 381
119 398
120 121
120 126
120 148
120 164
120 177
120 195
120 206
120 211
120 228
120 254
120 275
120 302
120 308
120 309
120 326
120 330
120 332
120 340
120 369
120 374
121 122
121 166
121 169
121 186
121 197
121 202
121 203
121 207
121 240
121 241
121 243
121 246
121 270
121 277
121 283
121 307
121 318
121 350
121 361
121 370
121 374
121 392
122 124
122 130
122 136
122 139
122 141
122 153
122 156
122 162
122 169
122 175
122 182
122 183
122 208
122 223
122 230
122 234
122 244
122 246
122 256
122 262
122 271
122 281
122 295
122 301
122 313
122 343
122 347
122 388
123 137
123 150
123 156
123 162
123 163
123 169
123 170
123 180
123 182
123 205
123 207
123 217
123 218
123 240
123 259
123 263
123 270
123 273
123 279
123 284
123 293
123 294
123 334
123 355
123 363
123 370
123 375
124 129
124 142
124 149
124 151
124 198
124 199
124 204
124 241
124 245
124 247
124 252
124 257
124 260
124 265
124 270
124 276
124 284
124 287
124 294
124 310
124 314
124 336
124 338
124 343
124 349
124 352
124 374
124 380
124 393
124 396
124 397
125 134
125 143
125 154
125 203
125 208
125 235
125 273
125 277
125 285
125 307
125 326
125 327
125 330
125 376
125 385
125 386
125 388
125 393
126 149
126 157
126 167
126 169
126 190
126 192
126 220
126 237
126 242
126 280
126 284
126 308
126 328
126 345
126 364
126 373
126 379
126 389
126 392
126 394
126 395
127 133
127 157
127 161
127 170
127 174
127 205
127 209
127 223
127 245
127 251
127 252
127 312
127 323
127 339
127 351
127 368
127 398
128 139
128 140
128 159
128 161
128 162
128 163
128 166
128 179
128 181
128 203
128 225
128 234
128 242
128 248
128 250
128 253
128 280
128 288
128 298
128 300
128 303
128 321
128 328
128 372
128 382
129 132
129 151
129 154
129 158
129 171
129 185
129 195
129 210
129 239
129 240
129 245
129 247
129 266
129 274
129 280
129 291
129 303
129 324
129 326
129 329
129 343
129 357
129 360
129 377
129 390
129 391
130 148
130 158
130 171
130 190
130 198
130 254
130 258
130 300
130 305
130 312
130 315
130 317
130 320
130 354
130 373
131 146
131 150
131 186
131 212
131 216
131 228
131 242
131 253
131 272
131 299
131 307
131 315
131 341
131 348
131 362
131 392
132 135
132 144
132 159
132 163
132 164
132 169
132 173
132 184
132 187
132 201
132 202
132 203
132 225
132 238
132 248
132 257
132 272
132 289
132 295
132 296
132 324
132 333
132 337
132 359
132 363
132 364
132 383
132 384
132 391
133 135
133 137
133 145
133 149
133 173
133 190
133 194
133 203
133 216
133 225
133 237
133 253
133 258
133 264
133 265
133 270
133 306
133 309
133 315
133 332
133 342
133 344
133 346
133 354
133 378
134 137
134 155
134 168
134 182
134 205
134 207
134 208
134 211
134 217
134 262
134 289
134 294
134 318
134 320
134 337
134 379
134 380
134 386
134 398
135 155
135 167
135 188
135 243
135 249
135 254
135 255
135 257
135 282
135 289
135 310
135 330
135 337
135 369
135 376
135 392
135 395
135 397
136 137
136 147
136 148
136 169
136 177
136 187
136 198
136 209
136 220
136 227
136 228
136 235
136 239
136 250
136 289
136 291
136 293
136 314
136 320
136 322
136 339
136 343
136 365
136 367
136 369
136 383
136 393
137 164
137 179
137 207
137 217
137 230
137 240
137 242
137 256
137 266
137 272
137 283
137 299
137 306
137 309
137 313
137 351
137 356
137 360
137 374
137 386
138 147
138 170
138 193
138 203
138 214
138 232
138 243
138 248
138 253
138 254
138 259
138 260
138 271
138 288
138 300
138 356
138 359
138 371
138 373
138 375
138 392
138 397
139 146
139 167
139 190
139 193
139 205
139 209
139 212
139 246
139 260
139 276
139 285
139 290
139 319
139 337
139 345
139 361
139 370
139 389
140 141
140 173
140 196
140 197
140 207
140 212
140 214
140 251
140 260
140 261
140 264
140 267
140 272
140 274
140 281
140 308
140 311
140 348
140 356
140 364
140 369
140 393
140 397
141 165
141 183
141 186
141 192
141 198
141 226
141 241
141 242
141 273
141 274
141 278
141 282
141 285
141 302
141 316
141 322
141 326
141 336
141 340
141 349
141 358
141 377
141 386
141 388
141 396
142 148
142 155
142 173
142 180
142 210
142 227
142 241
142 259
142 313
142 336
142 348
142 360
142 393
143 159
143 170
143 172
143 180
143 213
143 216
143 224
143 225
143 231
143 235
143 259
143 260
143 305
143 309
143 323
143 345
143 348
143 366
143 368
143 369
144 158
144 186
144 189
144 199
144 204
144 205
144 236
144 263
144 277
144 313
144 315
144 328
144 330
144 360
144 369
144 376
144 390
144 397
145 148
145 151
145 171
145 176
145 177
145 194
145 217
145 236
145 239
145 260
145 279
145 294
145 295
145 303
145 309
145 311
145 330
145 338
145 369
145 375
145 390
146 147
146 148
146 164
146 199
146 211
146 218
146 222
146 227
146 234
146 239
146 244
146 251
146 253
146 266
146 279
146 282
146 283
146 289
146 306
146 314
146 320
146 326
146 336
146 340
146 357
146 358
146 375
146 378
146 395
147 149
147 158
147 160
147 170
147 174
147 199
147 209
147 214
147 222
147 225
147 244
147 248
147 257
147 260
147 271
147 273
147 274
147 292
147 293
147 301
147 322
147 335
147 359
147 390
147 393
148 165
148 192
148 199
148 210
148 235
148 240
148 243
148 265
148 291
148 323
148 374
148 378
149 151
149 174
149 187
149 238
149 240
149 250
149 251
149 253
149 257
149 271
149 296
149 302
149 306
149 328
149 340
149 350
149 388
149 395
150 156
150 168
150 178
150 193
150 196
150 220
150 232
150 234
150 235
150 270
150 280
150 287
150 289
150 313
150 318
150 323
150 338
150 361
150 365
150 387
150 394
151 179
151 192
151 194
151 199
151 202
151 243
151 247
151 264
151 269
151 284
151 287
151 307
151 311
151 316
151 332
151 337
151 354
151 376
152 163
152 164
152 171
152 191
152 204
152 222
152 227
152 243
152 255
152 274
152 290
152 295
152 313
152 344
152 349
152 350
152 351
152 368
152 381
152 387
152 394
153 157
153 171
153 175
153 177
153 185
153 186
153 188
153 189
153 200
153 219
153 220
153 240
153 269
153 296
153 298
153 303
153 305
153 307
153 311
153 313
153 315
153 335
153 347
153 363
153 366
153 377
153 381
153 382
154 156
154 174
154 190
154 196
154 197
154 199
154 205
154 268
154 318
154 320
154 326
154 335
154 354
154 359
154 385
154 398
155 156
155 174
155 188
155 223
155 254
155 255
155 282
155 292
155 297
155 299
155 318
155 321
155 326
155 337
155 348
155 356
155 366
155 368
155 369
155 374
155 390
155 394
156 171
156 173
156 178
156 191
156 199
156 207
156 222
156 225
156 226
156 247
156 281
156 301
156 303
156 307
156 316
156 324
156 331
156 369
156 373
156 376
156 384
156 393
157 166
157 174
157 182
157 199
157 216
157 219
157 223
157 228
157 229
157 237
157 253
157 254
157 256
157 262
157 266
157 268
157 273
157 293
157 305
157 306
157 307
157 368
157 375
157 385
157 387
158 170
158 184
158 187
158 190
158 193
158 197
158 198
158 217
158 219
158 225
158 252
158 291
158 300
158 302
158 324
158 352
158 389
159 215
159 220
159 235
159 237
159 242
159 243
159 246
159 255
159 256
159 258
159 266
159 273
159 306
159 336
159 345
159 353
159 356
159 360
159 382
159 384
159 393
160 175
160 178
160 187
160 205
160 211
160 217
160 222
160 233
160 242
160 281
160 292
160 300
160 303
160 314
160 321
160 342
160 345
160 375
160 378
160 393
160 397
161 177
161 178
161 184
161 188
161 189
161 192
161 202
161 204
161 242
161 254
161 268
161 270
161 290
161 305
161 319
161 320
161 330
161 338
161 381
161 382
161 383
161 392
161 396
162 163
162 168
162 177
162 189
162 194
162 195
162 197
162 198
162 210
162 215
162 220
162 230
162 247
162 249
162 262
162 265
162 270
162 279
162 300
162 311
162 313
162 314
162 332
162 347
162 355
162 377
162 387
163 179
163 182
163 184
163 211
163 212
163 219
163 224
163 234
163 260
163 263
163 298
163 307
163 310
163 325
163 337
163 364
163 365
163 368
163 377
163 381
163 392
164 170
164 173
164 193
164 198
164 202
164 224
164 231
164 245
164 264
164 277
164 299
164 303
164 311
164 324
164 331
164 334
164 373
164 374
164 375
164 397
165 186
165 194
165 198
165 199
165 207
165 213
165 230
165 235
165 236
165 250
165 261
165 280
165 303
165 313
165 318
165 329
165 334
165 336
165 341
165 349
165 367
165 368
165 372
165 384
166 167
166 175
166 221
166 231
166 242
166 252
166 310
166 314
166 347
166 362
166 379
167 168
167 171
167 176
167 181
167 184
167 195
167 202
167 239
167 242
167 253
167 255
167 257
167 265
167 267
167 279
167 283
167 305
167 321
167 334
167 347
167 377
167 379
167 393
167 394
168 169
168 173
168 178
168 192
168 208
168 211
168 218
168 236
168 282
168 288
168 289
168 294
168 352
168 370
169 176
169 186
169 188
169 212
169 238
169 246
169 261
169 294
169 319
169 344
169 349
169 368
169 375
170 182
170 184
170 214
170 260
170 279
170 285
170 289
170 301
170 310
170 319
170 374
171 177
171 198
171 199
171 201
171 207
171 208
171 231
171 276
171 280
171 287
171 299
171 310
171 318
171 342
171 344
171 356
171 359
172 176
172 188
172 204
172 210
172 214
172 227
172 237
172 277
172 284
172 294
172 302
172 314
172 317
172 320
172 322
172 341
172 343
172 378
172 389
172 399
173 193
173 197
173 230
173 241
173 250
173 255
173 264
173 278
173 291
173 295
173 310
173 314
173 319
173 322
173 324
173 344
173 354
173 382
174 189
174 212
174 214
174 258
174 259
174 263
174 268
174 295
174 297
174 331
174 341
174 347
174 357
174 363
174 389
174 397
175 182
175 195
175 199
175 203
175 215
175 251
175 279
175 311
175 314
175 342
175 346
175 348
175 372
175 374
175 377
176 189
176 206
176 207
176 215
176 252
176 315
176 345
176 365
176 372
176 397
177 191
177 235
177 252
177 261
177 271
177 280
177 302
177 323
177 349
177 380
177 392
178 198
178 208
178 214
178 220
178 229
178 236
178 242
178 259
178 336
178 337
178 342
178 355
178 359
178 365
178 390
179 183
179 187
179 198
179 201
179 210
179 257
179 291
179 311
179 347
179 349
179 355
179 356
179 364
179 375
179 392
180 210
180 212
180 249
180 271
180 277
180 281
180 286
180 335
180 339
180 340
180 345
180 355
180 358
180 399
181 210
181 212
181 216
181 230
181 235
181 242
181 243
181 245
181 247
181 257
181 266
181 268
181 272
181 276
181 292
181 303
181 305
181 308
181 318
181 334
181 337
181 344
181 352
181 360
181 364
181 377
181 378
181 391
182 187
182 213
182 229
182 280
182 286
182 292
182 300
182 320
182 328
182 331
182 340
182 382
183 196
183 207
183 231
183 258
183 264
183 267
183 269
183 278
183 300
183 303
183 304
183 326
183 340
183 370
184 206
184 225
184 230
184 231
184 238
184 251
184 255
184 269
184 292
184 298
184 299
184 303
184 315
184 316
184 329
184 334
184 359
184 377
185 191
185 198
185 213
185 215
185 224
185 233
185 241
185 247
185 265
185 282
185 289
185 299
185 311
185 344
185 398
185 399
186 201
186 215
186 231
186 238
186 241
186 254
186 263
186 285
186 300
186 313
186 317
186 330
186 334
186 344
186 352
186 374
187 212
187 219
187 234
187 236
187 247
187 253
187 267
187 276
187 281
187 293
187 311
187 314
187 330
187 337
187 355
187 369
187 374
187 379
187 393
187 395
188 201
188 212
188 217
188 218
188 220
188 274
188 276
188 277
188 288
188 292
188 297
188 300
188 302
188 326
188 373
188 374
188 379
188 384
189 203
189 211
189 214
189 221
189 241
189 258
189 279
189 280
189 285
189 296
189 303
189 312
189 337
189 346
189 347
189 348
189 354
189 357
189 376
189 383
189 390
189 392
190 209
190 246
190 257
190 307
190 308
190 312
190 316
190 320
190 322
190 332
190 347
190 354
190 368
190 378
190 391
191 233
191 239
191 243
191 260
191 280
191 286
191 288
191 295
191 302
191 321
191 338
191 350
191 362
191 372
191 382
191 393
192 203
192 220
192 223
192 224
192 267
192 277
192 284
192 295
192 317
192 321
192 330
192 338
192 349
192 350
192 354
192 379
193 249
193 255
193 259
193 265
193 288
193 294
193 298
193 309
193 313
193 314
193 386
193 397
194 212
194 214
194 215
194 224
194 231
194 264
194 277
194 282
194 295
194 321
194 326
194 342
194 354
194 372
195 199
195 204
195 212
195 227
195 268
195 272
195 275
195 297
195 300
195 320
195 321
195 324
195 339
195 341
195 351
195 358
195 378
195 388
195 391
196 203
196 208
196 229
196 238
196 271
196 319
196 357
196 378
197 222
197 228
197 244
197 267
197 268
197 269
197 273
197 274
197 285
197 287
197 318
197 341
197 343
197 356
197 364
197 384
197 391
198 221
198 224
198 226
198 232
198 247
198 268
198 287
198 289
198 294
198 299
198 300
198 307
198 325
198 340
198 345
198 348
198 357
198 384
199 201
199 202
199 231
199 236
199 242
199 264
199 270
199 276
199 295
199 301
199 306
199 330
199 349
199 354
200 221
200 227
200 233
200 251
200 278
200 283
200 300
200 305
200 347
200 360
200 365
200 367
200 391
201 206
201 241
201 243
201 250
201 253
201 273
201 294
201 303
201 306
201 315
201 316
201 330
201 335
201 357
201 364
201 366
201 378
201 385
201 386
202 218
202 250
202 251
202 256
202 270
202 274
202 279
202 296
202 300
202 322
202 335
202 356
202 373
202 383
202 389
203 212
203 223
203 249
203 277
203 292
203 296
203 324
203 327
203 347
203 348
203 380
203 389
203 396
203 397
204 208
204 216
204 223
204 241
204 262
204 272
204 273
204 277
204 278
204 296
204 314
204 317
204 319
204 322
204 324
204 333
204 351
204 355
204 368
204 384
205 206
205 209
205 223
205 224
205 225
205 274
205 276
205 278
205 294
205 321
205 324
205 337
205 361
205 393
205 399
206 220
206 232
206 245
206 256
206 258
206 273
206 288
206 289
206 296
206 304
206 333
206 345
206 352
206 363
206 379
206 381
206 386
206 395
207 233
207 242
207 248
207 260
207 272
207 296
207 307
207 310
207 320
207 363
207 369
207 374
208 214
208 220
208 229
208 233
208 246
208 260
208 276
208 283
208 285
208 294
208 298
208 304
208 310
208 316
208 346
208 374
208 383
208 394
209 223
209 233
209 251
209 259
209 261
209 308
209 309
209 323
209 331
209 342
209 351
209 353
209 368
209 373
209 387
210 222
210 234
210 266
210 296
210 311
210 318
210 321
210 349
210 364
210 372
210 373
210 382
211 218
211 238
211 259
211 262
211 271
211 284
211 294
211 315
211 328
211 332
211 334
211 339
211 346
211 353
211 361
211 362
211 369
211 392
212 215
212 219
212 248
212 276
212 281
212 298
212 329
212 336
212 352
212 365
212 385
212 393
212 394
213 223
213 231
213 245
213 249
213 260
213 268
213 277
213 292
213 295
213 325
213 372
213 381
213 391
213 396
214 223
214 274
214 284
214 287
214 288
214 300
214 303
214 305
214 318
214 351
214 356
214 371
214 373
214 375
214 398
215 219
215 227
215 230
215 249
215 257
215 289
215 303
215 308
215 350
215 353
215 368
215 377
215 385
216 217
216 218
216 222
216 224
216 236
216 239
216 255
216 257
216 263
216 267
216 286
216 290
216 323
216 348
216 361
216 365
216 369
216 372
216 392
217 230
217 237
217 246
217 263
217 282
217 295
217 310
217 347
217 364
217 375
217 379
217 399
218 228
218 245
218 256
218 258
218 260
218 269
218 281
218 287
218 303
218 305
218 329
218 332
218 356
218 385
218 389
218 392
218 393
218 397
219 225
219 227
219 236
219 245
219 252
219 268
219 276
219 286
219 297
219 299
219 313
219 316
219 338
219 347
219 352
219 359
219 362
219 363
219 367
219 381
219 387
219 388
220 221
220 222
220 232
220 233
220 242
220 250
220 251
220 268
220 273
220 275
220 301
220 304
220 317
220 320
220 323
220 325
220 331
220 343
220 352
220 363
220 378
220 398
221 235
221 236
221 244
221 277
221 285
221 290
221 331
221 341
221 348
221 356
221 366
221 368
221 369
221 373
221 378
221 387
221 389
222 239
222 248
222 256
222 280
222 295
222 299
222 303
222 340
222 348
222 357
222 363
222 368
222 372
222 374
222 377
222 386
222 390
222 397
223 248
223 260
223 261
223 277
223 288
223 294
223 311
223 317
223 333
223 345
223 347
223 354
223 357
223 364
223 389
223 398
224 248
224 255
224 289
224 290
224 303
224 305
224 311
224 326
224 341
224 359
224 361
224 367
224 385
224 387
224 389
224 398
225 228
225 230
225 242
225 245
225 249
225 258
225 262
225 263
225 276
225 277
225 287
225 308
225 328
225 334
225 374
226 233
226 257
226 262
226 329
226 341
226 351
227 242
227 248
227 265
227 269
227 286
227 300
227 302
227 314
227 315
227 322
227 340
227 365
227 389
228 230
228 240
228 248
228 261
228 263
228 266
228 267
228 307
228 358
228 380
228 383
228 385
229 237
229 240
229 248
229 262
229 282
229 283
229 287
229 290
229 298
229 313
229 321
229 324
229 331
229 352
229 355
229 368
229 374
229 383
230 268
230 289
230 293
230 296
230 310
230 314
230 326
230 330
230 332
230 337
230 349
230 356
230 360
230 362
230 363
230 375
230 391
231 269
231 281
231 322
231 334
231 377
231 379
231 383
231 392
231 398
232 283
232 304
232 308
232 319
232 321
232 332
232 339
232 352
232 358
232 367
232 369
232 374
232 388
232 390
232 394
232 399
233 260
233 280
233 331
233 368
233 374
234 244
234 268
234 307
234 309
234 311
234 318
234 338
234 348
234 357
234 367
234 380
234 388
234 392
234 393
234 394
235 236
235 278
235 289
235 302
235 308
235 317
235 322
235 336
235 376
235 378
235 380
236 237
236 264
236 277
236 304
236 305
236 332
236 375
236 382
237 241
237 250
237 256
237 277
237 278
237 286
237 321
237 324
237 351
237 358
237 360
237 361
237 363
237 394
238 246
238 263
238 288
238 327
238 369
238 374
238 377
238 383
239 242
239 247
239 277
239 280
239 297
239 303
239 311
239 322
239 344
239 353
240 248
240 264
240 276
240 279
240 290
240 298
240 317
240 334
240 336
240 348
240 359
240 389
240 391
241 262
241 296
241 305
241 337
241 358
241 365
241 370
241 379
241 385
242 259
242 261
242 267
242 275
242 284
242 292
242 313
242 336
242 352
242 395
243 245
243 249
243 253
243 258
243 273
243 274
243 297
243 300
243 305
243 308
243 330
243 340
243 365
243 378
243 383
243 384
243 386
243 389
244 249
244 262
244 266
244 267
244 272
244 275
244 280
244 297
244 299
244 300
244 303
244 331
244 370
244 380
244 381
244 392
244 395
245 251
245 264
245 265
245 273
245 286
245 288
245 297
245 326
245 330
245 332
245 343
245 346
245 360
245 364
245 367
245 392
245 394
245 399
246 255
246 270
246 280
246 286
246 292
246 311
246 313
246 314
246 317
246 340
246 343
246 345
246 395
247 253
247 287
247 288
247 290
247 308
247 327
248 263
248 265
248 277
248 296
248 318
248 327
248 336
248 337
248 341
248 347
248 374
248 376
248 384
248 385
248 392
248 395
248 399
249 259
249 268
249 274
249 278
249 316
249 320
249 324
249 360
249 372
249 381
249 389
250 300
250 313
250 326
250 327
250 335
250 340
250 346
250 356
250 358
251 294
251 301
251 318
251 321
251 329
251 344
251 352
251 358
251 360
251 392
251 396
252 280
252 289
252 290
252 298
252 299
252 312
252 314
252 319
252 345
252 350
252 376
252 387
253 254
253 255
253 258
253 276
253 300
253 326
253 327
253 344
253 348
253 357
253 373
253 374
253 383
253 388
254 260
254 262
254 268
254 270
254 279
254 289
254 293
254 294
254 344
254 365
255 263
255 271
255 321
255 325
255 358
255 360
255 386
256 286
256 325
256 334
256 365
256 380
256 382
256 399
257 267
257 269
257 278
257 280
257 329
257 336
257 340
257 388
258 289
258 294
258 327
258 334
258 341
258 345
258 349
258 394
259 262
259 270
259 277
259 297
259 313
259 330
259 338
259 341
259 351
259 367
260 274
260 306
260 321
260 330
260 349
260 367
260 398
261 265
261 309
261 326
261 333
261 395
262 270
262 286
262 293
262 302
262 309
262 325
262 334
262 335
262 343
262 351
262 357
262 395
263 307
263 350
263 360
263 380
263 383
264 268
264 305
264 306
264 319
264 321
264 325
264 345
264 359
264 361
264 362
264 388
265 272
265 276
265 290
265 303
265 305
265 315
265 316
265 321
265 341
265 349
265 350
265 363
265 364
265 366
265 381
265 387
266 270
266 323
266 324
266 334
266 342
266 350
266 366
266 374
267 285
267 300
267 311
267 313
267 314
267 318
267 319
267 334
267 398
268 272
268 277
268 299
268 300
268 316
268 332
268 359
268 361
268 365
268 374
268 386
269 280
269 298
269 303
269 323
269 336
269 343
269 351
269 354
269 355
269 359
270 277
270 292
270 294
270 333
270 337
270 352
270 358
270 359
270 362
270 378
270 379
270 383
270 394
270 398
271 285
271 286
271 291
271 293
271 315
271 317
271 323
271 346
271 374
271 385
271 388
272 280
272 281
272 287
272 306
272 318
272 323
272 337
272 383
272 393
272 399
273 279
273 315
273 317
273 319
273 333
273 339
273 349
273 358
273 375
273 377
274 289
274 291
274 313
274 318
274 325
274 363
274 365
274 381
274 399
275 281
275 312
275 334
275 349
275 360
275 389
276 279
276 291
276 298
276 307
276 338
276 369
276 376
276 381
276 397
277 283
277 335
277 339
277 372
277 376
277 379
277 385
277 387
277 397
278 279
278 308
278 314
278 315
278 345
278 371
278 374
278 388
279 292
279 293
279 302
279 321
279 325
279 337
279 354
279 356
280 299
280 335
280 342
280 343
280 350
280 351
280 360
280 361
280 386
280 387
281 328
281 330
281 332
281 339
281 351
281 361
281 376
281 380
281 392
282 323
282 324
282 348
282 349
282 352
282 366
282 370
282 376
282 385
282 389
282 398
283 346
283 351
283 363
284 292
284 308
284 311
284 324
284 345
284 375
284 376
284 384
285 291
285 294
285 300
285 307
285 318
285 320
285 330
285 358
285 360
285 365
285 375
285 379
285 385
285 395
286 297
286 301
286 320
286 325
286 326
286 365
286 376
287 292
287 305
287 341
287 347
287 353
287 375
287 382
287 389
288 289
288 301
288 306
288 314
288 319
288 332
288 336
288 353
288 354
288 362
288 378
288 386
289 305
289 337
289 350
289 360
289 364
289 378
289 379
289 391
290 291
290 297
290 300
290 330
290 341
290 369
290 378
291 301
291 305
291 306
291 310
291 311
291 342
291 344
291 379
292 298
292 357
292 360
292 361
292 387
293 328
293 333
293 334
293 358
293 368
293 379
293 381
293 384
293 398
294 297
294 337
294 362
294 365
294 375
294 378
294 399
295 299
295 305
295 308
295 313
295 330
295 333
295 350
295 358
295 362
295 382
295 390
296 304
296 308
296 319
296 322
296 328
296 332
296 347
296 357
296 382
296 394
296 396
296 399
297 298
297 322
297 323
297 346
297 365
297 382
297 388
298 300
298 305
298 326
298 332
298 344
298 352
298 366
298 373
299 305
299 306
299 325
299 328
299 352
299 383
300 303
300 312
300 337
300 346
300 347
300 386
301 335
301 357
302 319
302 329
302 334
302 345
302 366
302 396
303 314
303 323
303 342
303 358
303 364
303 376
303 393
303 396
304 314
304 321
304 332
304 340
304 342
304 352
304 383
304 387
304 390
304 395
305 322
305 323
305 330
305 338
305 342
305 343
305 344
305 356
305 372
305 393
305 395
306 384
306 389
307 316
307 317
307 319
307 320
307 334
307 352
307 356
307 368
307 388
308 317
308 318
308 329
308 333
308 354
308 368
308 372
308 389
308 396
309 323
309 342
309 355
309 366
309 386
309 387
309 399
310 311
310 322
310 341
310 354
310 356
310 365
310 391
311 325
311 328
311 332
311 352
311 359
311 376
311 382
311 385
312 314
312 330
312 362
312 367
312 370
312 383
312 385
312 389
312 392
312 397
313 334
313 337
313 340
313 354
313 392
313 399
314 317
314 321
314 326
314 349
314 350
314 353
314 361
314 363
314 372
314 378
314 391
315 335
315 344
315 361
315 369
316 328
316 331
316 363
316 381
316 396
317 320
317 336
317 355
317 371
317 377
317 396
318 324
318 332
318 353
318 369
318 376
318 391
318 396
319 320
319 346
319 351
319 356
319 357
319 359
319 369
319 387
319 392
320 326
320 332
320 336
320 338
320 354
320 366
320 372
320 375
320 387
321 359
321 383
321 398
322 323
322 340
322 343
322 344
322 348
322 351
322 355
322 378
322 388
322 391
322 392
323 324
323 332
323 352
323 360
323 362
323 370
323 372
323 382
324 327
324 350
324 360
324 395
325 356
325 360
325 364
325 368
325 371
325 383
325 387
326 336
326 337
326 340
326 395
326 396
327 333
327 341
327 348
327 358
327 372
327 397
328 343
328 362
328 378
328 399
329 385
329 388
330 332
330 340
330 349
330 376
330 386
330 398
331 355
331 366
331 378
331 384
331 393
331 396
332 334
332 338
332 349
332 354
332 361
332 366
332 383
332 396
333 365
333 370
333 372
334 335
334 336
334 343
334 347
334 357
334 370
334 378
334 397
335 338
335 344
335 352
335 364
335 378
335 384
335 390
335 396
336 343
336 378
336 383
336 385
337 349
337 350
337 354
337 365
337 376
337 383
338 343
338 345
338 361
338 369
338 381
339 342
339 343
339 345
339 364
339 372
339 389
340 362
341 342
341 364
341 376
342 352
342 356
342 360
342 363
342 377
342 380
342 392
342 396
343 346
343 351
343 363
343 367
343 399
344 349
344 358
344 361
344 363
344 384
344 393
345 360
347 386
347 397
348 350
348 357
348 362
348 377
348 399
349 375
350 361
350 364
350 368
350 373
350 381
351 353
351 370
352 366
352 383
352 384
353 387
354 375
354 393
355 392
355 393
355 395
356 395
357 360
357 364
357 368
357 371
357 396
359 365
359 366
359 368
359 373
359 392
360 370
360 399
361 385
361 387
361 388
361 391
361 397
362 382
362 388
363 372
363 380
363 398
364 366
364 394
365 379
365 383
365 384
365 396
366 368
366 388
367 371
367 373
368 383
368 388
368 389
369 376
370 372
370 380
370 392
370 398
372 376
372 385
373 375
374 393
374 395
374 399
375 380
375 381
375 385
376 380
376 386
379 382
379 386
379 398
382 390
382 398
383 394
383 397
384 393
385 387
385 391
385 399
386 393
389 392
390 399
391 392
392 393
