500 11133 0.5
0 2
0 4
0 9
0 16
0 58
0 59
0 71
0 74
0 79
0 91
0 105
0 127
0 133
0 134
0 135
0 136
0 137
0 143
0 151
0 166
0 179
0 214
0 222
0 233
0 244
0 254
0 278
0 285
0 323
0 328
0 339
0 350
0 361
0 362
0 368
0 375
0 376
0 378
0 394
0 404
0 417
0 426
0 427
0 435
0 449
0 452
0 453
0 455
0 480
1 12
1 29
1 30
1 59
1 67
1 70
1 72
1 73
1 82
1 91
1 92
1 95
1 105
1 110
1 115
1 120
1 148
1 161
1 163
1 167
1 174
1 177
1 208
1 209
1 217
1 219
1 221
1 237
1 240
1 244
1 247
1 249
1 258
1 275
1 282
1 289
1 304
1 308
1 317
1 355
1 360
1 388
1 402
1 408
1 443
1 448
1 452
1 456
1 466
1 483
2 7
2 47
2 50
2 93
2 102
2 103
2 158
2 164
2 169
2 182
2 191
2 200
2 206
2 249
2 252
2 259
2 265
2 284
2 286
2 303
2 306
2 307
2 308
2 320
2 323
2 328
2 331
2 352
2 355
2 373
2 390
2 405
2 413
2 415
2 429
2 430
2 442
2 448
2 456
2 467
2 473
2 475
2 482
2 483
3 10
3 20
3 23
3 27
3 28
3 33
3 61
3 73
3 74
3 86
3 100
3 115
3 119
3 128
3 134
3 137
3 138
3 140
3 149
3 159
3 178
3 184
3 187
3 200
3 210
3 220
3 223
3 225
3 250
3 251
3 261
3 297
3 305
3 307
3 308
3 312
3 313
3 335
3 338
3 348
3 354
3 367
3 371
3 391
3 392
3 393
3 413
3 430
3 432
3 442
3 444
3 447
3 458
3 483
3 486
3 489
4 8
4 20
4 22
4 25
4 49
4 52
4 62
4 72
4 84
4 96
4 106
4 116
4 119
4 126
4 129
4 130
4 131
4 141
4 144
4 146
4 173
4 192
4 203
4 210
4 235
4 241
4 249
4 259
4 269
4 304
4 313
4 337
4 341
4 351
4 360
4 363
4 365
4 373
4 382
4 383
4 386
4 416
4 420
4 430
4 445
4 462
4 463
4 480
4 491
5 13
5 16
5 27
5 29
5 43
5 50
5 51
5 61
5 69
5 79
5 87
5 88
5 99
5 127
5 134
5 158
5 164
5 168
5 176
5 179
5 185
5 197
5 226
5 259
5 274
5 279
5 292
5 304
5 315
5 382
5 389
5 392
5 410
5 412
5 415
5 425
5 464
5 467
5 491
6 11
6 16
6 30
6 36
6 45
6 47
6 82
6 93
6 104
6 105
6 152
6 162
6 171
6 173
6 192
6 193
6 202
6 205
6 212
6 225
6 235
6 269
6 283
6 299
6 308
6 328
6 329
6 349
6 355
6 358
6 377
6 414
6 415
6 416
6 421
6 422
6 433
6 438
6 447
6 453
6 463
6 467
6 468
6 471
6 473
6 495
6 499
7 12
7 16
7 25
7 29
7 30
7 51
7 70
7 74
7 78
7 90
7 111
7 126
7 135
7 143
7 157
7 158
7 183
7 222
7 225
7 236
7 245
7 256
7 280
7 284
7 291
7 357
7 362
7 378
7 381
7 384
7 402
7 437
7 448
7 465
7 496
8 23
8 37
8 45
8 56
8 67
8 72
8 78
8 84
8 106
8 114
8 131
8 136
8 137
8 163
8 179
8 203
8 205
8 207
8 216
8 217
8 275
8 279
8 286
8 298
8 301
8 312
8 314
8 318
8 323
8 364
8 367
8 375
8 386
8 389
8 403
8 404
8 418
8 429
8 431
8 437
8 444
8 446
8 476
9 14
9 23
9 32
9 33
9 44
9 49
9 51
9 53
9 77
9 84
9 93
9 103
9 130
9 147
9 154
9 164
9 165
9 166
9 191
9 197
9 200
9 207
9 216
9 219
9 233
9 318
9 321
9 328
9 338
9 340
9 347
9 355
9 399
9 410
9 417
9 418
9 439
9 443
9 445
9 448
9 454
9 466
9 475
9 494
9 497
10 12
10 16
10 32
10 44
10 56
10 58
10 64
10 106
10 108
10 110
10 121
10 125
10 151
10 152
10 158
10 185
10 187
10 199
10 201
10 209
10 211
10 219
10 244
10 246
10 253
10 264
10 266
10 273
10 277
10 281
10 286
10 295
10 300
10 307
10 324
10 325
10 353
10 358
10 366
10 388
10 391
10 396
10 401
10 409
10 413
10 422
10 424
10 428
10 436
10 447
10 456
10 473
10 491
10 494
10 497
11 24
11 25
11 35
11 47
11 48
11 50
11 55
11 56
11 67
11 69
11 74
11 78
11 80
11 99
11 120
11 129
11 133
11 140
11 145
11 147
11 150
11 153
11 161
11 176
11 180
11 212
11 223
11 226
11 230
11 234
11 238
11 248
11 250
11 283
11 319
11 320
11 321
11 334
11 336
11 341
11 350
11 367
11 378
11 403
11 411
11 412
11 472
11 490
11 494
11 497
12 15
12 28
12 37
12 40
12 60
12 80
12 95
12 96
12 99
12 139
12 140
12 141
12 146
12 150
12 160
12 181
12 183
12 186
12 210
12 227
12 235
12 241
12 242
12 245
12 248
12 252
12 280
12 283
12 286
12 291
12 296
12 315
12 325
12 331
12 332
12 356
12 357
12 367
12 368
12 374
12 376
12 381
12 423
12 426
12 450
12 453
12 465
12 467
12 474
12 483
13 34
13 45
13 46
13 60
13 65
13 67
13 80
13 100
13 121
13 126
13 131
13 142
13 145
13 161
13 179
13 187
13 197
13 208
13 215
13 223
13 225
13 240
13 266
13 275
13 284
13 298
13 310
13 314
13 329
13 342
13 344
13 356
13 370
13 377
13 389
13 391
13 395
13 396
13 397
13 399
13 401
13 406
13 417
13 422
13 426
13 434
13 440
13 448
13 472
13 496
14 15
14 22
14 28
14 41
14 46
14 49
14 73
14 74
14 91
14 95
14 111
14 123
14 155
14 169
14 194
14 237
14 244
14 246
14 266
14 271
14 298
14 299
14 311
14 312
14 322
14 324
14 348
14 356
14 366
14 371
14 381
14 397
14 406
14 442
14 444
14 447
14 450
14 453
14 473
14 474
15 22
15 36
15 55
15 82
15 96
15 97
15 109
15 132
15 134
15 156
15 157
15 174
15 176
15 184
15 188
15 212
15 235
15 238
15 248
15 266
15 272
15 275
15 278
15 279
15 284
15 294
15 319
15 330
15 350
15 375
15 388
15 392
15 394
15 398
15 413
15 423
15 437
15 439
15 445
15 447
15 493
15 499
16 24
16 33
16 40
16 55
16 65
16 74
16 90
16 99
16 110
16 112
16 116
16 123
16 124
16 135
16 176
16 215
16 221
16 230
16 237
16 238
16 241
16 252
16 253
16 272
16 277
16 288
16 294
16 295
16 319
16 325
16 332
16 334
16 346
16 356
16 389
16 406
16 414
16 427
16 435
16 446
16 451
16 462
16 474
16 475
16 489
16 493
16 499
17 35
17 36
17 43
17 72
17 73
17 76
17 83
17 100
17 102
17 111
17 118
17 144
17 156
17 174
17 176
17 185
17 196
17 227
17 237
17 239
17 250
17 251
17 252
17 275
17 281
17 284
17 314
17 338
17 357
17 369
17 370
17 374
17 382
17 389
17 392
17 397
17 404
17 421
17 422
17 425
17 431
17 438
17 457
18 22
18 30
18 32
18 40
18 41
18 44
18 54
18 55
18 61
18 69
18 72
18 114
18 131
18 148
18 155
18 189
18 207
18 208
18 230
18 232
18 247
18 260
18 264
18 267
18 268
18 301
18 308
18 315
18 323
18 327
18 331
18 346
18 367
18 380
18 392
18 412
18 417
18 432
18 434
18 444
18 472
18 485
18 489
19 62
19 63
19 70
19 83
19 85
19 114
19 125
19 132
19 144
19 151
19 163
19 169
19 178
19 191
19 213
19 225
19 231
19 235
19 247
19 251
19 255
19 258
19 275
19 277
19 281
19 289
19 290
19 309
19 334
19 346
19 350
19 362
19 367
19 368
19 375
19 377
19 400
19 421
19 424
19 444
19 463
19 487
19 497
20 43
20 45
20 49
20 50
20 52
20 56
20 60
20 82
20 83
20 87
20 96
20 97
20 101
20 110
20 115
20 119
20 140
20 149
20 169
20 187
20 190
20 193
20 205
20 220
20 231
20 236
20 241
20 272
20 274
20 286
20 294
20 305
20 312
20 327
20 330
20 333
20 335
20 338
20 365
20 372
20 394
20 402
20 407
20 410
20 441
20 443
20 458
20 479
20 487
20 497
21 23
21 29
21 36
21 40
21 42
21 45
21 50
21 61
21 68
21 93
21 102
21 116
21 137
21 151
21 167
21 176
21 186
21 191
21 199
21 205
21 207
21 213
21 227
21 233
21 242
21 247
21 264
21 271
21 303
21 309
21 314
21 320
21 330
21 336
21 339
21 342
21 347
21 363
21 365
21 368
21 383
21 389
21 426
21 439
21 458
21 463
21 475
21 477
21 489
21 493
21 494
22 68
22 71
22 80
22 103
22 107
22 120
22 144
22 151
22 162
22 171
22 175
22 191
22 202
22 206
22 213
22 218
22 219
22 234
22 246
22 250
22 271
22 281
22 291
22 356
22 363
22 367
22 380
22 395
22 403
22 405
22 408
22 417
22 426
22 457
22 463
22 478
23 79
23 100
23 111
23 114
23 117
23 118
23 122
23 125
23 129
23 144
23 150
23 169
23 176
23 178
23 180
23 190
23 220
23 222
23 238
23 263
23 265
23 286
23 301
23 302
23 309
23 315
23 317
23 351
23 352
23 357
23 367
23 370
23 378
23 400
23 407
23 425
23 448
23 460
23 473
23 475
23 487
23 491
23 492
23 494
24 36
24 49
24 82
24 95
24 112
24 132
24 140
24 141
24 142
24 143
24 156
24 157
24 158
24 174
24 181
24 233
24 248
24 250
24 262
24 280
24 282
24 286
24 293
24 299
24 304
24 306
24 357
24 414
24 439
24 459
24 483
24 491
25 31
25 58
25 63
25 68
25 80
25 87
25 93
25 113
25 116
25 125
25 131
25 145
25 149
25 166
25 170
25 193
25 221
25 242
25 256
25 276
25 278
25 284
25 309
25 317
25 318
25 324
25 325
25 351
25 356
25 363
25 371
25 387
25 393
25 395
25 409
25 416
25 417
25 434
25 437
25 460
25 464
25 467
25 492
26 42
26 48
26 57
26 58
26 90
26 95
26 117
26 140
26 152
26 163
26 181
26 184
26 186
26 189
26 208
26 237
26 243
26 258
26 261
26 267
26 274
26 293
26 340
26 344
26 351
26 354
26 374
26 383
26 384
26 393
26 401
26 410
26 432
26 453
26 480
26 482
26 488
27 39
27 56
27 62
27 68
27 79
27 90
27 95
27 105
27 118
27 122
27 125
27 126
27 137
27 150
27 151
27 158
27 161
27 166
27 179
27 202
27 205
27 208
27 234
27 245
27 250
27 263
27 267
27 273
27 277
27 284
27 291
27 295
27 316
27 347
27 348
27 352
27 357
27 369
27 399
27 407
27 415
27 433
27 440
27 475
27 480
28 49
28 63
28 76
28 81
28 82
28 87
28 93
28 107
28 137
28 139
28 142
28 145
28 149
28 187
28 192
28 195
28 196
28 197
28 198
28 204
28 250
28 273
28 280
28 286
28 308
28 326
28 331
28 370
28 371
28 379
28 387
28 399
28 419
28 431
28 444
28 446
28 455
28 463
28 467
28 476
28 483
28 499
29 39
29 49
29 52
29 63
29 75
29 82
29 89
29 106
29 129
29 162
29 195
29 218
29 220
29 240
29 244
29 247
29 251
29 255
29 271
29 274
29 275
29 277
29 296
29 314
29 346
29 382
29 387
29 393
29 394
29 398
29 405
29 413
29 416
29 457
29 463
29 477
29 486
29 489
29 491
30 31
30 38
30 39
30 49
30 60
30 80
30 97
30 99
30 108
30 115
30 120
30 125
30 131
30 153
30 169
30 179
30 186
30 188
30 191
30 201
30 202
30 214
30 215
30 221
30 226
30 250
30 254
30 292
30 333
30 337
30 340
30 352
30 379
30 380
30 393
30 407
30 417
30 439
30 450
30 464
30 494
31 37
31 55
31 57
31 60
31 61
31 107
31 121
31 131
31 142
31 169
31 176
31 178
31 204
31 212
31 213
31 225
31 230
31 241
31 246
31 259
31 261
31 276
31 302
31 317
31 329
31 339
31 354
31 355
31 358
31 369
31 370
31 382
31 397
31 418
31 424
31 430
31 431
31 438
31 441
31 452
31 455
31 457
31 469
31 494
32 33
32 44
32 46
32 51
32 129
32 133
32 138
32 140
32 149
32 152
32 157
32 163
32 179
32 182
32 198
32 202
32 213
32 228
32 235
32 238
32 244
32 247
32 254
32 258
32 262
32 269
32 274
32 301
32 311
32 317
32 328
32 336
32 338
32 339
32 354
32 364
32 386
32 395
32 397
32 401
32 406
32 414
32 422
32 435
32 449
32 480
32 486
32 488
32 489
32 496
33 37
33 41
33 48
33 63
33 100
33 107
33 125
33 138
33 147
33 148
33 181
33 192
33 215
33 245
33 246
33 263
33 276
33 279
33 288
33 305
33 319
33 324
33 325
33 339
33 346
33 348
33 394
33 420
33 435
33 450
33 455
33 456
33 457
33 460
33 472
33 499
34 35
34 43
34 69
34 83
34 99
34 119
34 125
34 129
34 131
34 132
34 141
34 143
34 144
34 155
34 164
34 171
34 172
34 190
34 193
34 196
34 197
34 239
34 240
34 248
34 251
34 257
34 261
34 289
34 292
34 299
34 301
34 333
34 340
34 349
34 356
34 357
34 373
34 384
34 399
34 416
34 489
34 493
35 36
35 38
35 51
35 64
35 74
35 93
35 104
35 112
35 128
35 133
35 136
35 155
35 167
35 191
35 192
35 206
35 249
35 257
35 260
35 280
35 289
35 296
35 299
35 301
35 321
35 348
35 352
35 354
35 355
35 364
35 380
35 381
35 391
35 405
35 434
35 443
35 494
36 49
36 55
36 96
36 107
36 118
36 121
36 126
36 141
36 152
36 171
36 183
36 191
36 196
36 205
36 251
36 285
36 296
36 302
36 324
36 332
36 349
36 378
36 398
36 407
36 421
36 428
36 432
36 440
36 442
36 445
36 448
36 464
36 479
36 482
36 483
37 63
37 69
37 72
37 79
37 85
37 101
37 104
37 117
37 130
37 155
37 158
37 182
37 192
37 218
37 219
37 224
37 225
37 226
37 237
37 244
37 263
37 269
37 295
37 305
37 311
37 312
37 321
37 334
37 344
37 354
37 377
37 384
37 386
37 403
37 413
37 426
37 430
37 437
37 450
37 454
37 467
37 486
38 51
38 53
38 73
38 76
38 81
38 86
38 90
38 97
38 109
38 118
38 122
38 145
38 156
38 161
38 162
38 164
38 184
38 190
38 203
38 205
38 215
38 234
38 246
38 247
38 251
38 255
38 256
38 257
38 275
38 278
38 303
38 316
38 339
38 351
38 359
38 370
38 387
38 399
38 401
38 443
38 449
38 458
38 465
38 484
38 489
38 495
39 55
39 70
39 75
39 80
39 118
39 128
39 131
39 149
39 166
39 171
39 173
39 211
39 228
39 241
39 242
39 253
39 257
39 262
39 263
39 268
39 271
39 277
39 278
39 300
39 302
39 306
39 316
39 344
39 348
39 363
39 384
39 405
39 407
39 413
39 416
39 423
39 443
39 448
39 452
39 489
39 494
40 69
40 76
40 79
40 87
40 93
40 100
40 118
40 125
40 130
40 135
40 137
40 155
40 160
40 167
40 169
40 174
40 193
40 199
40 208
40 274
40 275
40 276
40 301
40 328
40 364
40 376
40 381
40 392
40 411
40 422
40 430
40 437
40 447
40 448
40 462
40 488
40 493
40 495
41 61
41 77
41 82
41 90
41 95
41 96
41 97
41 98
41 102
41 108
41 109
41 112
41 115
41 122
41 152
41 174
41 185
41 186
41 192
41 201
41 214
41 221
41 237
41 238
41 247
41 261
41 262
41 273
41 276
41 295
41 298
41 305
41 310
41 321
41 340
41 364
41 372
41 378
41 398
41 406
41 425
41 442
41 446
41 463
41 472
41 493
42 44
42 53
42 63
42 74
42 75
42 98
42 100
42 110
42 152
42 156
42 160
42 161
42 166
42 198
42 233
42 254
42 262
42 275
42 278
42 293
42 295
42 307
42 316
42 318
42 341
42 342
42 344
42 345
42 382
42 398
42 400
42 401
42 411
42 413
42 420
42 446
42 471
42 476
43 57
43 73
43 81
43 85
43 110
43 116
43 121
43 126
43 134
43 139
43 144
43 161
43 167
43 187
43 216
43 243
43 272
43 279
43 282
43 295
43 304
43 312
43 320
43 349
43 356
43 359
43 385
43 394
43 401
43 410
43 417
43 443
43 454
43 479
44 67
44 68
44 74
44 75
44 108
44 114
44 118
44 124
44 144
44 153
44 157
44 174
44 181
44 214
44 225
44 231
44 232
44 254
44 255
44 279
44 287
44 298
44 306
44 308
44 323
44 327
44 330
44 335
44 336
44 337
44 339
44 363
44 381
44 385
44 396
44 427
44 428
44 434
44 438
44 455
44 457
44 458
44 461
44 468
44 475
44 491
45 48
45 58
45 64
45 65
45 68
45 91
45 92
45 118
45 138
45 145
45 148
45 149
45 150
45 153
45 159
45 161
45 165
45 174
45 190
45 197
45 201
45 224
45 225
45 241
45 252
45 274
45 278
45 303
45 329
45 332
45 341
45 342
45 356
45 362
45 368
45 373
45 396
45 398
45 410
45 424
45 441
45 449
45 461
45 470
45 481
46 53
46 58
46 61
46 65
46 70
46 80
46 89
46 95
46 100
46 108
46 150
46 153
46 154
46 157
46 166
46 170
46 194
46 198
46 201
46 202
46 205
46 231
46 237
46 242
46 243
46 266
46 286
46 292
46 303
46 324
46 339
46 360
46 365
46 368
46 376
46 377
46 393
46 403
46 405
46 410
46 441
46 447
46 448
46 455
46 460
46 471
46 487
46 496
47 71
47 74
47 75
47 104
47 108
47 113
47 117
47 119
47 142
47 160
47 171
47 175
47 176
47 178
47 182
47 227
47 235
47 237
47 246
47 248
47 274
47 278
47 298
47 301
47 311
47 314
47 315
47 331
47 332
47 356
47 365
47 376
47 378
47 394
47 397
47 413
47 438
47 446
47 449
47 450
47 466
47 495
48 66
48 80
48 86
48 103
48 109
48 123
48 131
48 142
48 161
48 168
48 176
48 180
48 197
48 201
48 212
48 216
48 227
48 234
48 245
48 259
48 267
48 279
48 312
48 327
48 334
48 341
48 345
48 348
48 359
48 365
48 370
48 379
48 402
48 413
48 423
48 436
48 438
48 444
48 450
48 452
48 453
48 461
48 466
48 469
48 470
48 478
48 484
48 492
49 66
49 82
49 90
49 95
49 99
49 103
49 127
49 140
49 147
49 149
49 169
49 181
49 207
49 219
49 220
49 229
49 237
49 240
49 241
49 247
49 253
49 255
49 260
49 266
49 272
49 299
49 304
49 320
49 325
49 329
49 335
49 340
49 342
49 347
49 369
49 375
49 383
49 392
49 396
49 402
49 404
49 417
49 421
49 427
49 428
49 429
49 451
49 455
49 459
49 471
49 476
49 482
49 491
49 492
50 59
50 92
50 123
50 125
50 128
50 131
50 132
50 138
50 177
50 214
50 244
50 248
50 255
50 263
50 271
50 296
50 299
50 305
50 317
50 353
50 354
50 370
50 387
50 392
50 394
50 399
50 406
50 421
50 450
50 453
50 456
50 466
50 475
50 480
50 481
50 482
50 498
51 63
51 65
51 70
51 84
51 107
51 112
51 118
51 133
51 140
51 157
51 178
51 185
51 204
51 217
51 245
51 246
51 258
51 306
51 316
51 324
51 329
51 334
51 346
51 353
51 361
51 380
51 399
51 412
51 419
51 463
51 470
51 486
51 493
51 497
52 53
52 63
52 65
52 73
52 74
52 79
52 96
52 98
52 105
52 135
52 149
52 153
52 165
52 184
52 190
52 191
52 209
52 211
52 225
52 234
52 238
52 239
52 240
52 243
52 266
52 272
52 280
52 288
52 292
52 333
52 352
52 363
52 365
52 379
52 387
52 389
52 403
52 424
52 434
52 439
52 460
53 58
53 71
53 82
53 102
53 108
53 113
53 138
53 148
53 167
53 171
53 173
53 179
53 200
53 245
53 246
53 258
53 280
53 328
53 333
53 336
53 343
53 346
53 356
53 357
53 359
53 380
53 421
53 425
53 446
53 447
53 458
53 460
53 461
53 467
53 483
53 484
53 487
54 56
54 62
54 102
54 110
54 117
54 123
54 143
54 145
54 160
54 161
54 162
54 175
54 190
54 203
54 208
54 218
54 219
54 230
54 231
54 247
54 268
54 271
54 276
54 278
54 292
54 330
54 333
54 349
54 358
54 366
54 369
54 386
54 394
54 409
54 435
54 437
54 444
54 456
54 464
54 465
54 470
54 478
54 499
55 58
55 77
55 111
55 114
55 142
55 150
55 159
55 175
55 184
55 185
55 190
55 191
55 224
55 248
55 254
55 262
55 265
55 269
55 303
55 322
55 324
55 326
55 343
55 348
55 349
55 350
55 357
55 383
55 389
55 390
55 401
55 421
55 424
55 432
55 443
55 472
55 479
55 482
55 485
55 491
56 65
56 96
56 120
56 136
56 139
56 149
56 165
56 208
56 217
56 218
56 225
56 241
56 242
56 245
56 257
56 267
56 270
56 278
56 296
56 299
56 300
56 337
56 339
56 351
56 363
56 394
56 397
56 400
56 411
56 420
56 424
56 468
56 470
56 474
56 487
57 58
57 67
57 75
57 88
57 95
57 102
57 112
57 148
57 216
57 219
57 222
57 224
57 231
57 243
57 264
57 271
57 278
57 294
57 295
57 315
57 321
57 326
57 346
57 355
57 359
57 392
57 409
57 414
57 425
57 437
57 454
57 460
57 461
57 470
57 475
57 479
57 484
57 499
58 61
58 71
58 79
58 90
58 108
58 115
58 118
58 120
58 141
58 188
58 197
58 217
58 221
58 229
58 258
58 275
58 305
58 313
58 321
58 327
58 334
58 372
58 380
58 381
58 404
58 424
58 430
58 434
58 437
58 448
58 449
58 452
58 462
58 469
58 486
58 495
59 61
59 67
59 110
59 128
59 132
59 149
59 151
59 157
59 164
59 183
59 187
59 199
59 202
59 203
59 205
59 219
59 236
59 238
59 246
59 254
59 270
59 271
59 286
59 313
59 318
59 322
59 329
59 331
59 359
59 385
59 389
59 423
59 424
59 429
59 430
59 440
59 448
59 457
59 459
59 473
59 479
59 490
60 63
60 67
60 68
60 76
60 79
60 95
60 128
60 142
60 145
60 171
60 178
60 221
60 225
60 288
60 297
60 300
60 302
60 303
60 308
60 325
60 346
60 348
60 365
60 366
60 369
60 385
60 389
60 400
60 403
60 424
60 427
60 440
60 449
60 467
60 470
60 473
61 62
61 92
61 103
61 116
61 122
61 123
61 133
61 166
61 182
61 214
61 223
61 232
61 236
61 241
61 244
61 259
61 278
61 291
61 294
61 298
61 299
61 338
61 353
61 358
61 364
61 372
61 433
61 443
61 468
61 473
61 474
61 493
62 67
62 74
62 75
62 89
62 97
62 104
62 108
62 122
62 123
62 127
62 144
62 150
62 167
62 170
62 171
62 176
62 183
62 186
62 191
62 193
62 210
62 212
62 226
62 243
62 247
62 256
62 273
62 304
62 315
62 317
62 318
62 324
62 325
62 336
62 339
62 355
62 367
62 371
62 374
62 375
62 385
62 386
62 411
62 419
62 425
62 427
62 430
62 433
62 441
62 442
62 456
62 458
62 459
62 466
63 77
63 80
63 87
63 103
63 107
63 109
63 126
63 132
63 145
63 165
63 167
63 172
63 189
63 192
63 215
63 224
63 233
63 234
63 238
63 239
63 243
63 253
63 293
63 294
63 324
63 331
63 367
63 374
63 376
63 386
63 409
63 419
63 438
63 499
64 71
64 102
64 103
64 106
64 109
64 172
64 176
64 177
64 183
64 188
64 191
64 197
64 204
64 211
64 217
64 243
64 250
64 251
64 260
64 271
64 276
64 280
64 300
64 301
64 309
64 314
64 334
64 339
64 353
64 361
64 367
64 374
64 395
64 402
64 410
64 424
64 434
64 436
64 443
64 483
64 489
65 83
65 86
65 95
65 107
65 124
65 138
65 144
65 158
65 160
65 171
65 191
65 197
65 231
65 236
65 237
65 243
65 257
65 269
65 274
65 287
65 295
65 303
65 309
65 312
65 332
65 337
65 338
65 341
65 354
65 366
65 371
65 380
65 384
65 404
65 409
65 417
65 426
65 433
65 437
65 440
65 460
65 489
65 495
66 99
66 110
66 124
66 143
66 153
66 155
66 174
66 175
66 196
66 218
66 222
66 224
66 239
66 245
66 255
66 261
66 277
66 278
66 279
66 302
66 312
66 325
66 354
66 356
66 359
66 360
66 383
66 387
66 397
66 399
66 403
66 415
66 421
66 430
66 431
66 463
66 467
66 470
66 491
66 493
67 70
67 75
67 98
67 101
67 109
67 110
67 114
67 118
67 127
67 132
67 140
67 156
67 164
67 190
67 206
67 218
67 228
67 238
67 251
67 252
67 300
67 312
67 314
67 315
67 326
67 379
67 381
67 385
67 392
67 402
67 413
67 440
67 445
67 455
67 468
67 474
67 477
67 485
67 488
67 497
67 498
68 69
68 73
68 108
68 112
68 120
68 122
68 130
68 142
68 164
68 167
68 172
68 196
68 203
68 207
68 217
68 218
68 220
68 224
68 246
68 250
68 251
68 287
68 308
68 312
68 321
68 322
68 336
68 349
68 359
68 361
68 385
68 386
68 391
68 397
68 419
68 427
68 428
68 450
68 457
68 471
68 474
68 483
68 492
68 493
68 495
68 496
69 91
69 128
69 129
69 138
69 155
69 169
69 170
69 176
69 184
69 232
69 243
69 252
69 274
69 307
69 320
69 336
69 344
69 354
69 355
69 379
69 398
69 409
69 412
69 416
69 419
69 446
69 479
69 485
69 486
69 491
69 497
69 499
70 71
70 80
70 86
70 98
70 123
70 125
70 131
70 133
70 135
70 152
70 159
70 163
70 176
70 184
70 194
70 209
70 213
70 220
70 241
70 243
70 250
70 288
70 335
70 336
70 354
70 361
70 362
70 382
70 399
70 404
70 411
70 419
70 430
70 455
70 460
70 461
70 467
70 472
70 499
71 74
71 78
71 80
71 81
71 105
71 126
71 144
71 164
71 169
71 176
71 191
71 208
71 230
71 231
71 238
71 265
71 276
71 286
71 308
71 311
71 320
71 346
71 361
71 384
71 390
71 403
71 411
71 422
71 429
71 445
71 461
71 470
71 479
71 496
71 499
72 83
72 84
72 118
72 137
72 140
72 145
72 158
72 177
72 178
72 188
72 210
72 218
72 230
72 232
72 233
72 240
72 244
72 273
72 276
72 290
72 308
72 309
72 330
72 335
72 356
72 370
72 372
72 373
72 393
72 401
72 405
72 408
72 419
72 422
72 428
72 440
72 462
72 465
72 468
72 470
72 493
72 499
73 115
73 116
73 133
73 134
73 139
73 144
73 145
73 158
73 159
73 165
73 182
73 189
73 190
73 194
73 196
73 207
73 222
73 227
73 241
73 269
73 301
73 307
73 312
73 319
73 329
73 336
73 350
73 376
73 386
73 399
73 400
73 412
73 414
73 417
73 429
73 433
73 459
73 464
73 465
73 480
73 481
73 484
73 494
74 80
74 84
74 89
74 98
74 101
74 109
74 113
74 119
74 123
74 127
74 131
74 133
74 136
74 144
74 157
74 185
74 197
74 203
74 231
74 241
74 244
74 253
74 260
74 275
74 294
74 301
74 310
74 322
74 324
74 333
74 348
74 353
74 361
74 369
74 375
74 384
74 386
74 390
74 397
74 443
74 446
74 451
74 460
74 463
74 465
74 483
74 487
75 89
75 92
75 93
75 94
75 106
75 139
75 143
75 144
75 151
75 157
75 163
75 178
75 182
75 193
75 210
75 221
75 244
75 247
75 251
75 252
75 255
75 262
75 282
75 295
75 307
75 315
75 317
75 327
75 328
75 348
75 354
75 355
75 363
75 374
75 375
75 378
75 383
75 387
75 412
75 413
75 418
75 446
75 451
75 455
75 463
75 466
75 491
76 87
76 96
76 119
76 132
76 141
76 179
76 215
76 216
76 224
76 229
76 239
76 256
76 267
76 297
76 330
76 333
76 340
76 359
76 367
76 368
76 370
76 373
76 374
76 375
76 377
76 382
76 391
76 396
76 400
76 417
76 429
76 431
76 443
76 450
76 452
76 454
76 468
76 499
77 78
77 96
77 102
77 111
77 112
77 116
77 129
77 131
77 144
77 158
77 160
77 179
77 195
77 199
77 203
77 263
77 276
77 285
77 289
77 292
77 294
77 295
77 299
77 310
77 312
77 316
77 368
77 380
77 383
77 395
77 409
77 414
77 427
77 430
77 431
77 484
78 85
78 94
78 96
78 100
78 104
78 114
78 115
78 123
78 150
78 163
78 165
78 172
78 201
78 206
78 235
78 236
78 272
78 287
78 288
78 301
78 309
78 310
78 321
78 332
78 334
78 337
78 343
78 354
78 371
78 418
78 420
78 439
78 444
78 465
78 472
78 477
78 490
79 98
79 100
79 101
79 106
79 108
79 109
79 135
79 175
79 180
79 195
79 213
79 229
79 233
79 243
79 244
79 264
79 300
79 310
79 318
79 320
79 328
79 366
79 376
79 396
79 414
79 416
79 449
79 452
79 475
80 89
80 116
80 150
80 153
80 186
80 192
80 208
80 224
80 231
80 264
80 267
80 281
80 287
80 292
80 308
80 310
80 316
80 320
80 325
80 326
80 354
80 373
80 380
80 403
80 432
80 439
80 479
80 490
80 492
81 92
81 99
81 106
81 130
81 133
81 134
81 148
81 158
81 173
81 174
81 200
81 207
81 234
81 236
81 275
81 280
81 298
81 302
81 324
81 336
81 347
81 352
81 354
81 356
81 359
81 363
81 378
81 382
81 394
81 407
81 408
81 446
81 460
81 465
81 478
81 492
81 495
82 90
82 142
82 145
82 164
82 167
82 213
82 220
82 221
82 258
82 265
82 269
82 298
82 315
82 337
82 344
82 361
82 370
82 416
82 418
82 419
82 426
82 432
82 450
82 460
82 461
82 481
82 489
83 84
83 86
83 98
83 99
83 106
83 109
83 117
83 125
83 132
83 142
83 144
83 160
83 209
83 211
83 216
83 217
83 227
83 231
83 248
83 252
83 259
83 260
83 271
83 282
83 289
83 291
83 293
83 303
83 307
83 317
83 324
83 325
83 371
83 377
83 384
83 415
83 416
83 421
83 424
83 427
83 440
83 441
83 442
83 448
83 461
83 474
83 478
83 489
83 497
84 154
84 165
84 189
84 201
84 202
84 214
84 217
84 218
84 260
84 262
84 276
84 287
84 304
84 314
84 328
84 330
84 362
84 387
84 403
84 428
84 450
84 468
84 488
84 491
84 495
84 499
85 95
85 96
85 109
85 117
85 126
85 131
85 138
85 146
85 154
85 157
85 178
85 186
85 188
85 214
85 218
85 228
85 231
85 239
85 274
85 276
85 298
85 316
85 317
85 325
85 330
85 334
85 349
85 356
85 365
85 375
85 397
85 401
85 418
85 429
85 445
85 450
85 460
85 463
85 464
85 469
85 474
85 476
85 485
85 486
86 90
86 103
86 105
86 118
86 119
86 126
86 131
86 135
86 140
86 143
86 148
86 158
86 179
86 229
86 234
86 260
86 280
86 282
86 284
86 308
86 321
86 323
86 355
86 359
86 362
86 366
86 371
86 382
86 399
86 408
86 425
86 436
86 437
86 438
86 490
87 137
87 141
87 147
87 160
87 170
87 177
87 178
87 209
87 210
87 217
87 227
87 229
87 254
87 255
87 258
87 291
87 307
87 310
87 311
87 319
87 338
87 353
87 359
87 364
87 367
87 369
87 373
87 402
87 403
87 422
87 430
87 462
87 467
87 471
87 481
87 498
88 93
88 101
88 112
88 124
88 133
88 134
88 136
88 158
88 161
88 171
88 177
88 179
88 194
88 213
88 221
88 222
88 230
88 233
88 235
88 242
88 258
88 261
88 266
88 283
88 298
88 310
88 313
88 315
88 316
88 323
88 345
88 346
88 367
88 369
88 389
88 421
88 436
88 439
88 451
88 454
88 480
88 482
88 499
89 98
89 102
89 109
89 117
89 130
89 149
89 155
89 166
89 172
89 173
89 190
89 191
89 206
89 223
89 247
89 249
89 270
89 287
89 292
89 313
89 335
89 343
89 438
89 455
89 463
89 464
89 468
89 471
89 482
89 486
89 487
89 492
89 494
89 496
89 498
90 98
90 101
90 118
90 151
90 154
90 173
90 180
90 182
90 185
90 186
90 191
90 193
90 194
90 215
90 217
90 232
90 238
90 248
90 270
90 274
90 285
90 291
90 298
90 308
90 325
90 332
90 361
90 364
90 381
90 386
90 390
90 398
90 404
90 426
90 430
90 436
90 443
90 455
90 457
90 459
90 462
90 485
90 486
90 498
90 499
91 120
91 126
91 132
91 139
91 144
91 148
91 163
91 174
91 193
91 203
91 237
91 240
91 253
91 261
91 269
91 280
91 283
91 284
91 290
91 331
91 347
91 368
91 370
91 408
91 412
91 416
91 427
91 433
91 461
91 468
91 471
91 477
91 482
92 104
92 119
92 120
92 170
92 182
92 246
92 269
92 283
92 293
92 299
92 317
92 329
92 339
92 343
92 350
92 365
92 371
92 372
92 402
92 404
92 410
92 417
92 420
92 422
92 428
92 434
92 437
92 453
92 475
92 476
93 102
93 114
93 151
93 192
93 230
93 265
93 279
93 282
93 294
93 295
93 297
93 316
93 317
93 333
93 351
93 354
93 361
93 377
93 378
93 385
93 406
93 416
93 422
93 433
93 439
93 457
93 475
93 485
93 493
93 494
94 97
94 119
94 121
94 135
94 143
94 144
94 151
94 157
94 163
94 167
94 173
94 189
94 199
94 200
94 210
94 247
94 251
94 252
94 256
94 266
94 289
94 302
94 310
94 324
94 338
94 348
94 352
94 364
94 386
94 390
94 409
94 415
94 434
94 443
94 453
94 462
94 486
94 487
94 490
95 116
95 119
95 129
95 148
95 160
95 170
95 172
95 199
95 210
95 218
95 229
95 234
95 258
95 265
95 266
95 268
95 274
95 276
95 279
95 286
95 312
95 321
95 329
95 330
95 332
95 344
95 360
95 377
95 392
95 411
95 414
95 415
95 424
95 432
95 436
95 449
95 462
95 470
95 478
95 480
95 484
95 487
95 491
95 492
96 100
96 143
96 167
96 183
96 191
96 193
96 197
96 209
96 210
96 235
96 252
96 259
96 264
96 265
96 274
96 282
96 286
96 287
96 292
96 300
96 314
96 316
96 324
96 335
96 336
96 347
96 357
96 375
96 376
96 379
96 387
96 412
96 428
96 445
96 464
96 465
97 100
97 113
97 115
97 122
97 124
97 138
97 141
97 143
97 146
97 154
97 166
97 167
97 170
97 173
97 178
97 202
97 212
97 213
97 225
97 237
97 245
97 249
97 257
97 265
97 268
97 269
97 274
97 283
97 286
97 291
97 297
97 298
97 318
97 320
97 332
97 337
97 338
97 344
97 346
97 350
97 351
97 361
97 367
97 369
97 388
97 398
97 402
97 415
97 425
97 426
97 432
97 444
97 450
97 464
98 110
98 114
98 116
98 143
98 147
98 150
98 153
98 159
98 173
98 182
98 186
98 188
98 222
98 226
98 266
98 276
98 280
98 295
98 304
98 307
98 316
98 349
98 354
98 355
98 357
98 363
98 400
98 411
98 418
98 420
98 423
98 426
98 432
98 438
98 452
98 479
98 480
98 495
99 115
99 118
99 119
99 123
99 125
99 131
99 133
99 138
99 155
99 157
99 188
99 200
99 208
99 214
99 230
99 231
99 233
99 235
99 243
99 247
99 250
99 255
99 256
99 277
99 284
99 288
99 301
99 310
99 323
99 333
99 334
99 342
99 357
99 387
99 395
99 402
99 439
99 441
99 496
100 101
100 103
100 104
100 115
100 118
100 122
100 128
100 131
100 157
100 165
100 196
100 197
100 199
100 205
100 208
100 215
100 224
100 225
100 236
100 240
100 243
100 263
100 287
100 289
100 294
100 298
100 311
100 333
100 334
100 363
100 370
100 371
100 373
100 378
100 399
100 402
100 434
100 456
100 468
100 481
100 485
100 489
100 492
100 496
101 114
101 121
101 123
101 135
101 136
101 158
101 160
101 179
101 192
101 206
101 207
101 211
101 233
101 249
101 258
101 268
101 270
101 276
101 298
101 300
101 311
101 366
101 367
101 371
101 372
101 381
101 383
101 389
101 392
101 394
101 432
101 447
101 477
101 498
101 499
102 112
102 120
102 128
102 133
102 134
102 137
102 155
102 179
102 182
102 190
102 195
102 204
102 223
102 235
102 236
102 244
102 259
102 286
102 319
102 327
102 329
102 347
102 363
102 381
102 417
102 419
102 420
102 427
102 466
102 467
102 481
102 482
103 123
103 124
103 137
103 153
103 167
103 173
103 191
103 197
103 201
103 207
103 225
103 238
103 242
103 249
103 258
103 277
103 307
103 316
103 320
103 332
103 346
103 369
103 397
103 408
103 430
103 457
103 462
103 468
103 476
103 489
103 490
103 495
104 134
104 136
104 138
104 140
104 141
104 160
104 164
104 171
104 172
104 189
104 192
104 217
104 218
104 229
104 243
104 247
104 248
104 253
104 259
104 273
104 276
104 282
104 285
104 291
104 302
104 306
104 331
104 337
104 339
104 348
104 351
104 355
104 370
104 376
104 395
104 411
104 413
104 418
104 427
104 442
104 452
104 487
104 492
105 117
105 130
105 134
105 193
105 241
105 256
105 260
105 272
105 280
105 288
105 319
105 329
105 339
105 340
105 345
105 346
105 372
105 389
105 393
105 394
105 403
105 416
105 417
105 424
105 428
105 456
105 460
105 473
105 489
106 109
106 118
106 119
106 132
106 184
106 189
106 201
106 210
106 212
106 224
106 247
106 271
106 274
106 299
106 313
106 324
106 341
106 345
106 356
106 362
106 372
106 381
106 388
106 392
106 397
106 413
106 415
106 418
106 420
106 428
106 435
106 492
106 499
107 124
107 127
107 136
107 146
107 149
107 153
107 155
107 157
107 167
107 169
107 187
107 196
107 200
107 208
107 219
107 220
107 232
107 233
107 253
107 263
107 272
107 285
107 300
107 308
107 310
107 312
107 313
107 323
107 324
107 338
107 365
107 374
107 413
107 416
107 426
107 433
107 443
107 454
107 468
107 485
107 496
107 498
108 120
108 134
108 159
108 170
108 179
108 192
108 194
108 196
108 197
108 201
108 209
108 223
108 232
108 237
108 265
108 266
108 290
108 317
108 324
108 326
108 328
108 331
108 358
108 361
108 376
108 377
108 384
108 393
108 399
108 405
108 421
108 424
108 442
108 445
108 460
108 461
108 462
108 478
108 482
109 114
109 119
109 129
109 178
109 179
109 185
109 190
109 203
109 214
109 220
109 227
109 264
109 267
109 282
109 298
109 299
109 311
109 318
109 345
109 349
109 352
109 360
109 362
109 369
109 407
109 411
109 420
109 429
109 436
109 439
110 143
110 147
110 176
110 184
110 220
110 222
110 247
110 255
110 261
110 268
110 293
110 310
110 311
110 317
110 320
110 325
110 346
110 353
110 366
110 375
110 386
110 394
110 428
110 437
110 444
110 456
110 457
110 466
110 467
110 497
111 113
111 119
111 138
111 142
111 170
111 175
111 180
111 184
111 201
111 215
111 233
111 235
111 237
111 240
111 241
111 288
111 357
111 369
111 393
111 408
111 409
111 411
111 451
111 464
111 477
111 488
112 115
112 121
112 136
112 156
112 163
112 170
112 173
112 198
112 202
112 220
112 223
112 235
112 254
112 262
112 264
112 271
112 277
112 286
112 292
112 297
112 361
112 381
112 393
112 397
112 409
112 415
112 421
112 454
112 468
112 469
112 471
112 486
112 491
112 492
112 495
112 498
113 122
113 124
113 129
113 141
113 144
113 155
113 190
113 204
113 205
113 231
113 249
113 280
113 291
113 292
113 293
113 326
113 339
113 347
113 354
113 378
113 381
113 395
113 397
113 408
113 411
113 418
113 422
113 423
113 445
113 449
113 454
113 460
113 470
113 472
113 486
113 498
114 126
114 132
114 162
114 164
114 177
114 227
114 241
114 250
114 281
114 295
114 298
114 308
114 312
114 331
114 356
114 385
114 390
114 403
114 407
114 410
114 414
114 423
114 427
114 434
114 438
114 466
114 470
114 481
114 482
114 487
114 497
115 125
115 130
115 151
115 156
115 175
115 190
115 191
115 209
115 211
115 212
115 217
115 222
115 224
115 228
115 238
115 244
115 257
115 260
115 272
115 282
115 292
115 298
115 317
115 324
115 328
115 383
115 391
115 426
115 443
115 447
115 448
115 449
115 467
115 477
115 491
115 498
116 123
116 137
116 140
116 153
116 189
116 212
116 220
116 230
116 242
116 243
116 259
116 261
116 262
116 271
116 273
116 278
116 289
116 299
116 316
116 321
116 322
116 325
116 326
116 328
116 338
116 346
116 369
116 378
116 381
116 382
116 393
116 395
116 428
116 431
116 433
116 439
116 447
116 449
116 457
116 468
116 469
116 477
116 497
117 119
117 142
117 149
117 155
117 188
117 208
117 212
117 227
117 230
117 237
117 246
117 271
117 273
117 278
117 280
117 304
117 305
117 308
117 311
117 318
117 329
117 331
117 343
117 348
117 359
117 372
117 378
117 405
117 428
117 440
117 459
117 469
117 483
117 485
117 490
117 496
118 159
118 165
118 188
118 195
118 197
118 222
118 226
118 237
118 273
118 282
118 288
118 304
118 321
118 342
118 343
118 362
118 371
118 393
118 418
118 433
118 435
118 445
118 455
118 457
118 467
118 475
119 129
119 130
119 140
119 142
119 160
119 162
119 166
119 188
119 196
119 204
119 205
119 209
119 217
119 229
119 232
119 242
119 245
119 249
119 256
119 258
119 263
119 268
119 272
119 278
119 280
119 295
119 304
119 313
119 315
119 329
119 339
119 358
119 364
119 368
119 378
119 386
119 413
119 414
119 417
119 426
119 428
119 442
119 447
119 449
119 459
119 465
119 467
119 474
119 476
120 148
120 151
120 156
120 158
120 161
120 164
120 165
120 171
120 187
120 194
120 222
120 246
120 254
120 292
120 293
120 317
120 328
120 331
120 340
120 342
120 352
120 357
120 361
120 386
120 389
120 391
120 392
120 396
120 419
120 436
120 439
120 466
120 487
120 499
121 128
121 147
121 161
121 162
121 164
121 176
121 202
121 203
121 210
121 211
121 223
121 231
121 236
121 248
121 264
121 281
121 289
121 291
121 293
121 329
121 349
121 357
121 373
121 375
121 410
121 412
121 415
121 423
121 432
121 438
121 458
121 461
121 470
121 484
121 494
122 143
122 150
122 161
122 188
122 189
122 195
122 201
122 203
122 214
122 218
122 230
122 246
122 251
122 254
122 262
122 265
122 279
122 306
122 314
122 332
122 335
122 366
122 390
122 398
122 410
122 473
122 475
122 477
122 482
122 489
123 130
123 140
123 147
123 153
123 169
123 198
123 256
123 272
123 282
123 285
123 295
123 303
123 324
123 367
123 401
123 449
123 458
124 166
124 170
124 179
124 185
124 196
124 197
124 198
124 207
124 217
124 222
124 240
124 247
124 265
124 274
124 293
124 298
124 299
124 309
124 328
124 358
124 361
124 364
124 376
124 393
124 394
124 398
124 420
124 453
124 469
124 486
124 498
125 132
125 161
125 163
125 175
125 185
125 193
125 203
125 210
125 214
125 223
125 225
125 227
125 263
125 273
125 274
125 276
125 280
125 309
125 348
125 354
125 355
125 375
125 391
125 422
125 456
125 473
125 492
126 130
126 139
126 155
126 201
126 203
126 208
126 210
126 212
126 216
126 218
126 229
126 235
126 237
126 254
126 272
126 286
126 291
126 302
126 308
126 330
126 334
126 339
126 363
126 365
126 379
126 386
126 388
126 398
126 416
126 427
126 447
126 449
126 460
126 462
126 475
126 479
126 481
126 486
127 144
127 157
127 176
127 195
127 201
127 213
127 218
127 232
127 242
127 249
127 323
127 353
127 354
127 378
127 393
127 400
127 403
127 417
127 422
127 430
127 439
127 462
127 463
127 466
127 488
128 133
128 134
128 147
128 168
128 183
128 184
128 186
128 191
128 195
128 216
128 223
128 231
128 232
128 249
128 251
128 260
128 281
128 286
128 300
128 309
128 311
128 338
128 341
128 351
128 377
128 383
128 393
128 437
128 439
128 458
128 471
128 494
129 130
129 143
129 154
129 167
129 198
129 203
129 217
129 218
129 224
129 238
129 247
129 261
129 272
129 273
129 285
129 296
129 297
129 302
129 303
129 309
129 314
129 315
129 356
129 368
129 375
129 395
129 397
129 414
129 420
129 423
129 431
129 437
129 487
129 498
130 142
130 165
130 181
130 188
130 190
130 202
130 209
130 211
130 214
130 215
130 227
130 230
130 231
130 240
130 247
130 249
130 253
130 260
130 268
130 274
130 277
130 278
130 285
130 305
130 315
130 318
130 320
130 342
130 346
130 363
130 366
130 392
130 400
130 402
130 426
130 435
130 447
130 459
130 463
130 464
130 484
130 487
130 489
131 133
131 138
131 146
131 154
131 158
131 171
131 175
131 178
131 179
131 192
131 196
131 201
131 209
131 218
131 221
131 225
131 234
131 263
131 272
131 277
131 280
131 284
131 285
131 286
131 291
131 330
131 346
131 351
131 396
131 401
131 402
131 425
131 445
131 456
131 475
131 476
131 492
132 148
132 151
132 167
132 172
132 190
132 209
132 230
132 240
132 241
132 266
132 282
132 291
132 308
132 325
132 339
132 343
132 365
132 366
132 379
132 384
132 389
132 392
132 476
132 482
132 491
133 142
133 153
133 155
133 171
133 172
133 182
133 193
133 201
133 207
133 259
133 266
133 277
133 282
133 291
133 299
133 304
133 351
133 356
133 385
133 424
133 456
133 468
133 487
134 138
134 153
134 178
134 208
134 212
134 223
134 227
134 232
134 236
134 255
134 257
134 263
134 268
134 270
134 278
134 301
134 317
134 320
134 327
134 354
134 365
134 372
134 387
134 393
134 405
134 413
134 416
134 432
134 445
134 447
134 452
134 458
134 465
135 165
135 185
135 198
135 214
135 215
135 221
135 224
135 231
135 254
135 260
135 261
135 265
135 275
135 285
135 297
135 299
135 309
135 315
135 320
135 325
135 326
135 327
135 333
135 364
135 379
135 388
135 395
135 416
135 439
135 460
135 470
135 478
135 481
135 488
135 498
136 137
136 146
136 150
136 156
136 174
136 189
136 192
136 195
136 204
136 205
136 211
136 215
136 222
136 242
136 248
136 273
136 291
136 294
136 303
136 305
136 308
136 331
136 379
136 394
136 398
136 445
136 446
136 473
136 475
136 480
136 482
136 485
136 489
137 153
137 159
137 161
137 168
137 181
137 185
137 201
137 208
137 212
137 217
137 250
137 257
137 264
137 278
137 285
137 293
137 301
137 308
137 316
137 318
137 320
137 344
137 365
137 369
137 391
137 393
137 404
137 409
137 410
137 418
137 433
137 439
137 440
137 463
137 474
137 498
138 140
138 153
138 182
138 209
138 238
138 239
138 243
138 250
138 257
138 260
138 275
138 277
138 287
138 295
138 300
138 309
138 322
138 329
138 333
138 335
138 370
138 378
138 382
138 387
138 401
138 419
138 432
138 437
138 441
138 443
138 451
138 452
138 455
138 458
138 476
138 481
139 154
139 173
139 186
139 187
139 201
139 202
139 205
139 208
139 220
139 233
139 235
139 251
139 272
139 276
139 292
139 294
139 316
139 318
139 323
139 329
139 332
139 357
139 412
139 414
139 416
139 425
139 430
139 443
139 458
139 465
139 469
139 476
139 485
140 143
140 157
140 164
140 186
140 209
140 238
140 241
140 248
140 268
140 275
140 281
140 291
140 294
140 298
140 299
140 314
140 331
140 335
140 336
140 341
140 364
140 370
140 372
140 375
140 418
140 424
140 426
140 430
140 443
140 478
141 146
141 153
141 155
141 158
141 164
141 181
141 190
141 191
141 194
141 197
141 202
141 212
141 214
141 237
141 255
141 267
141 271
141 292
141 294
141 303
141 310
141 333
141 351
141 365
141 374
141 396
141 410
141 411
141 416
141 418
141 423
141 462
141 469
141 476
141 486
141 496
142 146
142 147
142 155
142 156
142 167
142 175
142 187
142 191
142 204
142 206
142 209
142 219
142 221
142 225
142 242
142 246
142 254
142 269
142 304
142 335
142 343
142 346
142 357
142 358
142 367
142 375
142 380
142 397
142 398
142 403
142 406
142 423
142 428
142 435
142 440
142 441
142 454
142 455
142 466
142 488
143 217
143 220
143 225
143 238
143 252
143 255
143 256
143 261
143 266
143 269
143 292
143 300
143 316
143 330
143 337
143 342
143 349
143 370
143 371
143 374
143 401
143 406
143 424
143 425
143 443
143 458
143 460
143 466
143 483
143 485
144 149
144 184
144 192
144 218
144 223
144 234
144 236
144 245
144 256
144 258
144 274
144 279
144 284
144 288
144 300
144 308
144 310
144 311
144 322
144 331
144 341
144 344
144 352
144 371
144 396
144 413
144 415
144 420
144 435
144 451
144 454
144 461
144 471
144 491
145 159
145 161
145 162
145 172
145 178
145 179
145 180
145 185
145 198
145 203
145 242
145 251
145 295
145 305
145 309
145 312
145 333
145 359
145 370
145 377
145 403
145 417
145 428
145 433
145 453
145 475
145 477
145 487
145 497
146 180
146 234
146 298
146 300
146 301
146 331
146 332
146 341
146 342
146 345
146 353
146 364
146 375
146 394
146 408
146 434
146 442
146 445
146 459
146 461
146 477
147 167
147 172
147 182
147 185
147 198
147 201
147 203
147 205
147 215
147 226
147 233
147 236
147 237
147 252
147 271
147 277
147 280
147 283
147 306
147 308
147 309
147 343
147 365
147 374
147 380
147 388
147 391
147 413
147 417
147 418
147 423
147 429
147 440
147 442
147 466
147 481
147 483
147 490
148 150
148 160
148 163
148 166
148 168
148 176
148 183
148 184
148 189
148 191
148 219
148 235
148 247
148 259
148 299
148 329
148 332
148 341
148 347
148 356
148 377
148 381
148 395
148 402
148 407
148 409
148 412
148 425
148 428
148 434
148 436
148 445
148 447
148 455
148 473
148 474
148 480
148 484
148 489
149 150
149 155
149 179
149 186
149 209
149 236
149 244
149 255
149 286
149 287
149 297
149 320
149 332
149 336
149 377
149 392
149 413
149 424
149 445
149 450
149 472
149 473
149 478
150 151
150 152
150 162
150 215
150 217
150 226
150 231
150 254
150 255
150 268
150 269
150 286
150 287
150 288
150 299
150 300
150 313
150 318
150 347
150 356
150 370
150 377
150 382
150 384
150 386
150 390
150 430
150 441
150 443
150 468
150 478
150 490
150 498
150 499
151 161
151 162
151 163
151 164
151 166
151 176
151 181
151 188
151 191
151 220
151 223
151 231
151 255
151 283
151 300
151 306
151 318
151 334
151 335
151 339
151 341
151 346
151 369
151 387
151 398
151 410
151 434
151 449
151 460
151 469
151 488
152 183
152 195
152 203
152 220
152 238
152 239
152 246
152 261
152 265
152 275
152 276
152 280
152 290
152 298
152 309
152 329
152 338
152 345
152 348
152 390
152 393
152 395
152 403
152 405
152 424
152 440
152 455
153 168
153 176
153 189
153 194
153 199
153 205
153 215
153 234
153 237
153 239
153 248
153 250
153 266
153 293
153 296
153 333
153 347
153 356
153 383
153 385
153 402
153 406
153 407
153 426
153 437
153 442
153 456
153 478
153 485
153 495
154 162
154 163
154 167
154 168
154 171
154 195
154 208
154 240
154 250
154 276
154 293
154 294
154 306
154 312
154 320
154 338
154 343
154 346
154 362
154 363
154 375
154 380
154 387
154 406
154 425
154 428
154 446
154 447
154 449
154 450
154 474
154 475
154 480
154 481
154 486
154 491
155 162
155 163
155 172
155 178
155 180
155 190
155 197
155 198
155 216
155 239
155 262
155 270
155 285
155 290
155 293
155 300
155 301
155 327
155 334
155 342
155 361
155 383
155 395
155 408
155 426
155 434
155 436
155 450
155 452
155 484
155 489
155 493
156 157
156 168
156 187
156 189
156 193
156 199
156 210
156 211
156 213
156 219
156 225
156 257
156 265
156 267
156 270
156 284
156 285
156 288
156 312
156 314
156 328
156 329
156 333
156 334
156 336
156 342
156 346
156 351
156 358
156 376
156 392
156 399
156 435
156 436
156 446
156 458
156 459
156 474
156 476
156 484
156 487
156 493
157 161
157 169
157 174
157 186
157 194
157 205
157 208
157 218
157 225
157 229
157 236
157 238
157 257
157 272
157 274
157 290
157 300
157 309
157 326
157 333
157 346
157 358
157 359
157 363
157 384
157 392
157 394
157 398
157 416
157 423
157 431
157 436
157 446
157 462
157 464
157 477
157 481
157 482
157 492
158 159
158 176
158 180
158 195
158 206
158 213
158 220
158 240
158 276
158 295
158 328
158 329
158 340
158 354
158 356
158 367
158 368
158 373
158 401
158 406
158 416
158 418
158 429
158 446
158 449
158 468
158 469
158 479
158 485
158 493
158 499
159 170
159 196
159 226
159 264
159 284
159 285
159 297
159 305
159 321
159 325
159 326
159 327
159 337
159 347
159 356
159 362
159 380
159 392
159 399
159 402
159 410
159 420
159 427
159 442
159 454
159 457
159 475
159 487
160 164
160 166
160 169
160 172
160 181
160 191
160 204
160 206
160 208
160 213
160 228
160 270
160 293
160 297
160 305
160 309
160 317
160 320
160 345
160 358
160 359
160 382
160 384
160 385
160 398
160 412
160 422
160 428
160 433
160 438
160 449
160 456
160 463
160 467
161 163
161 167
161 178
161 198
161 237
161 246
161 259
161 264
161 265
161 267
161 294
161 304
161 318
161 348
161 349
161 353
161 359
161 360
161 392
161 397
161 398
161 412
161 413
161 426
161 429
161 445
161 456
161 464
161 476
161 480
162 193
162 200
162 229
162 246
162 249
162 262
162 277
162 282
162 283
162 287
162 293
162 299
162 302
162 313
162 323
162 349
162 357
162 358
162 367
162 378
162 380
162 385
162 391
162 408
162 412
162 413
162 427
162 440
162 455
162 459
162 484
162 487
163 164
163 185
163 191
163 213
163 215
163 221
163 225
163 234
163 253
163 254
163 261
163 273
163 283
163 291
163 298
163 304
163 311
163 314
163 336
163 343
163 349
163 356
163 359
163 374
163 377
163 388
163 417
163 435
163 468
164 180
164 182
164 196
164 198
164 215
164 216
164 231
164 254
164 257
164 261
164 264
164 269
164 277
164 295
164 299
164 306
164 321
164 323
164 332
164 351
164 377
164 378
164 405
164 406
164 413
164 421
164 424
164 430
164 433
164 441
164 443
164 444
164 447
164 449
164 489
165 173
165 186
165 212
165 213
165 259
165 263
165 299
165 308
165 315
165 316
165 323
165 327
165 375
165 401
165 424
165 453
165 458
165 493
165 494
165 495
165 497
166 167
166 169
166 182
166 184
166 190
166 203
166 204
166 209
166 212
166 225
166 232
166 245
166 246
166 247
166 268
166 272
166 276
166 282
166 297
166 298
166 303
166 326
166 342
166 343
166 372
166 373
166 395
166 402
166 410
166 411
166 416
166 431
166 436
166 453
166 459
166 477
166 480
167 168
167 175
167 181
167 184
167 188
167 233
167 240
167 247
167 248
167 249
167 251
167 259
167 268
167 271
167 279
167 283
167 286
167 292
167 296
167 301
167 303
167 308
167 312
167 317
167 328
167 344
167 353
167 358
167 374
167 378
167 381
167 382
167 402
167 407
167 409
167 414
167 423
167 433
167 444
167 452
167 454
167 459
167 461
167 463
167 473
167 486
167 491
167 493
168 175
168 196
168 197
168 205
168 219
168 232
168 239
168 244
168 260
168 271
168 320
168 325
168 346
168 353
168 354
168 365
168 370
168 383
168 399
168 404
168 407
168 417
168 423
168 431
168 432
168 438
168 444
168 445
168 447
168 457
168 488
168 493
169 178
169 180
169 186
169 198
169 227
169 231
169 237
169 242
169 267
169 279
169 298
169 302
169 306
169 310
169 312
169 319
169 332
169 336
169 339
169 353
169 361
169 373
169 375
169 392
169 429
169 433
169 446
169 448
169 450
169 459
169 460
169 471
169 493
170 182
170 202
170 212
170 217
170 221
170 257
170 260
170 266
170 280
170 303
170 307
170 314
170 327
170 329
170 349
170 361
170 362
170 373
170 376
170 395
170 418
170 429
170 437
170 448
170 453
170 456
170 459
170 479
170 491
171 177
171 193
171 194
171 195
171 199
171 207
171 212
171 223
171 248
171 259
171 277
171 278
171 295
171 303
171 306
171 320
171 337
171 346
171 362
171 371
171 386
171 390
171 417
171 433
171 444
171 445
171 455
171 474
171 479
171 485
171 486
172 178
172 179
172 181
172 195
172 206
172 224
172 249
172 252
172 259
172 261
172 267
172 278
172 310
172 325
172 328
172 332
172 333
172 347
172 348
172 350
172 354
172 374
172 378
172 385
172 416
172 441
172 443
172 457
172 468
172 487
172 488
172 490
172 498
173 178
173 185
173 196
173 204
173 209
173 227
173 233
173 242
173 243
173 248
173 251
173 267
173 271
173 276
173 281
173 320
173 332
173 342
173 346
173 364
173 375
173 399
173 402
173 407
173 415
173 418
173 428
173 486
173 493
173 494
174 188
174 196
174 231
174 267
174 271
174 274
174 288
174 300
174 304
174 321
174 325
174 338
174 347
174 359
174 360
174 372
174 378
174 380
174 392
174 395
174 421
174 423
174 436
174 451
174 478
175 192
175 193
175 207
175 219
175 229
175 242
175 244
175 266
175 297
175 300
175 311
175 322
175 332
175 336
175 347
175 358
175 375
175 396
175 402
175 426
175 461
175 462
175 488
175 498
176 198
176 203
176 217
176 236
176 242
176 246
176 247
176 261
176 271
176 278
176 289
176 297
176 325
176 328
176 334
176 366
176 393
176 398
176 407
176 420
176 447
176 464
176 473
176 488
176 495
177 183
177 187
177 192
177 199
177 226
177 235
177 250
177 251
177 273
177 284
177 298
177 299
177 307
177 309
177 315
177 325
177 337
177 360
177 379
177 381
177 417
177 454
177 494
178 189
178 200
178 218
178 224
178 248
178 282
178 294
178 301
178 303
178 310
178 356
178 362
178 380
178 383
178 445
178 451
178 466
178 477
178 478
178 487
179 180
179 184
179 208
179 219
179 228
179 240
179 245
179 248
179 249
179 268
179 272
179 289
179 303
179 312
179 316
179 325
179 327
179 343
179 350
179 359
179 360
179 362
179 385
179 386
179 417
179 424
179 442
179 448
179 481
179 485
179 494
180 185
180 200
180 215
180 216
180 217
180 244
180 264
180 278
180 298
180 327
180 329
180 367
180 371
180 382
180 393
180 434
180 444
180 451
180 454
180 460
180 461
180 466
180 476
180 482
180 495
181 182
181 193
181 195
181 209
181 211
181 214
181 216
181 222
181 231
181 234
181 247
181 255
181 259
181 264
181 273
181 284
181 312
181 324
181 345
181 357
181 373
181 391
181 394
181 420
181 429
181 435
181 475
181 476
181 488
181 499
182 189
182 197
182 202
182 221
182 244
182 254
182 255
182 259
182 264
182 271
182 272
182 274
182 289
182 300
182 308
182 334
182 349
182 376
182 383
182 408
182 418
182 430
182 443
182 449
182 467
182 468
182 496
182 497
183 204
183 217
183 223
183 228
183 229
183 232
183 238
183 239
183 262
183 267
183 301
183 320
183 321
183 330
183 333
183 347
183 374
183 386
183 388
183 398
183 407
183 411
183 434
183 447
183 470
183 478
183 482
183 492
183 498
184 188
184 203
184 218
184 259
184 262
184 268
184 275
184 277
184 285
184 332
184 360
184 367
184 373
184 384
184 389
184 398
184 414
184 417
184 421
184 432
184 445
184 456
184 467
184 475
184 482
184 488
184 497
185 187
185 191
185 198
185 222
185 231
185 251
185 254
185 278
185 291
185 316
185 325
185 341
185 342
185 344
185 354
185 361
185 363
185 367
185 380
185 385
185 398
185 404
185 406
185 433
185 440
185 443
185 449
185 450
185 460
185 475
186 201
186 206
186 207
186 214
186 220
186 233
186 239
186 254
186 267
186 284
186 317
186 339
186 363
186 372
186 381
186 461
186 473
186 477
186 484
187 204
187 213
187 215
187 220
187 223
187 241
187 249
187 254
187 263
187 265
187 271
187 290
187 314
187 340
187 342
187 343
187 350
187 353
187 354
187 369
187 383
187 390
187 392
187 398
187 404
187 415
187 444
187 476
187 484
188 218
188 238
188 245
188 248
188 251
188 252
188 255
188 270
188 277
188 282
188 287
188 293
188 341
188 348
188 353
188 389
188 390
188 397
188 400
188 401
188 448
188 452
188 455
188 457
189 195
189 196
189 207
189 213
189 218
189 219
189 226
189 245
189 248
189 250
189 294
189 303
189 305
189 331
189 350
189 364
189 370
189 384
189 389
189 391
189 407
189 411
189 417
189 426
189 428
189 440
189 442
189 444
189 456
189 459
189 464
189 469
189 470
189 487
189 499
190 200
190 202
190 216
190 231
190 233
190 236
190 246
190 261
190 269
190 274
190 278
190 288
190 290
190 291
190 297
190 320
190 322
190 334
190 336
190 357
190 358
190 386
190 393
190 402
190 421
190 422
190 466
190 467
190 477
190 482
190 485
190 490
191 226
191 235
191 238
191 249
191 274
191 279
191 280
191 298
191 301
191 302
191 309
191 312
191 326
191 332
191 341
191 357
191 358
191 366
191 374
191 380
191 390
191 414
191 415
191 445
191 477
191 482
191 484
191 485
191 486
191 488
191 496
191 497
192 201
192 226
192 232
192 259
192 265
192 270
192 280
192 291
192 298
192 308
192 310
192 363
192 366
192 371
192 378
192 393
192 407
192 419
192 451
192 467
193 197
193 213
193 231
193 239
193 248
193 254
193 261
193 272
193 274
193 304
193 311
193 313
193 316
193 323
193 325
193 358
193 373
193 396
193 401
193 402
193 417
193 427
193 428
193 444
193 464
193 467
193 490
193 491
193 492
193 499
194 199
194 201
194 202
194 216
194 236
194 271
194 278
194 290
194 302
194 311
194 338
194 340
194 360
194 363
194 373
194 374
194 383
194 403
194 410
194 436
194 458
194 478
194 481
195 212
195 242
195 247
195 279
195 280
195 284
195 288
195 295
195 299
195 300
195 302
195 316
195 319
195 320
195 337
195 342
195 368
195 377
195 382
195 397
195 399
195 424
195 425
195 449
195 471
195 487
195 497
196 204
196 217
196 250
196 287
196 294
196 305
196 306
196 329
196 330
196 344
196 354
196 359
196 360
196 384
196 388
196 389
196 392
196 406
196 407
196 416
196 419
196 474
196 478
197 208
197 209
197 236
197 237
197 239
197 260
197 279
197 283
197 316
197 340
197 355
197 369
197 418
197 430
197 440
197 458
197 470
198 203
198 205
198 206
198 209
198 249
198 308
198 309
198 322
198 325
198 334
198 343
198 352
198 355
198 365
198 366
198 369
198 446
198 448
198 452
198 479
198 490
198 491
198 494
199 200
199 203
199 207
199 224
199 232
199 255
199 256
199 257
199 290
199 301
199 304
199 305
199 319
199 342
199 348
199 350
199 379
199 392
199 401
199 407
199 420
199 427
199 437
199 461
199 482
200 214
200 229
200 265
200 271
200 296
200 298
200 310
200 316
200 338
200 339
200 344
200 353
200 367
200 371
200 373
200 378
200 436
200 438
200 454
200 476
200 496
201 214
201 230
201 231
201 232
201 266
201 283
201 292
201 296
201 306
201 307
201 327
201 337
201 347
201 349
201 350
201 352
201 373
201 401
201 404
201 415
201 420
201 422
201 465
201 497
201 499
202 204
202 228
202 231
202 262
202 268
202 278
202 288
202 296
202 302
202 308
202 318
202 327
202 329
202 343
202 347
202 356
202 391
202 393
202 425
202 455
202 469
203 204
203 220
203 222
203 226
203 236
203 245
203 269
203 271
203 297
203 299
203 308
203 309
203 341
203 348
203 355
203 363
203 373
203 392
203 394
203 400
203 417
203 435
203 444
203 454
203 482
203 498
204 223
204 231
204 242
204 248
204 270
204 273
204 283
204 289
204 292
204 308
204 322
204 362
204 370
204 378
204 380
204 390
204 404
204 405
204 430
204 431
204 440
204 444
204 450
204 456
204 457
204 458
204 469
204 495
204 497
205 216
205 224
205 226
205 227
205 229
205 236
205 237
205 239
205 240
205 241
205 246
205 247
205 284
205 293
205 306
205 326
205 328
205 345
205 354
205 370
205 407
205 419
205 428
205 491
206 207
206 232
206 237
206 241
206 259
206 266
206 280
206 285
206 303
206 306
206 308
206 310
206 315
206 324
206 328
206 348
206 349
206 366
206 369
206 407
206 408
206 427
206 429
206 430
206 433
206 471
206 482
207 240
207 248
207 278
207 341
207 342
207 355
207 360
207 362
207 369
207 371
207 417
207 444
207 495
208 216
208 220
208 233
208 236
208 251
208 255
208 257
208 294
208 315
208 319
208 331
208 343
208 353
208 387
208 395
208 406
208 407
208 417
208 436
208 456
208 465
208 487
209 237
209 239
209 244
209 260
209 286
209 287
209 297
209 304
209 315
209 332
209 337
209 352
209 365
209 371
209 378
209 393
209 404
209 421
209 424
209 425
209 432
209 447
209 458
209 460
209 468
209 475
209 481
209 482
209 494
210 215
210 221
210 228
210 250
210 265
210 276
210 283
210 297
210 298
210 312
210 333
210 335
210 342
210 343
210 346
210 364
210 365
210 369
210 370
210 375
210 396
210 400
210 432
210 437
210 443
210 446
210 463
210 464
210 474
210 476
211 214
211 217
211 241
211 244
211 249
211 278
211 303
211 306
211 321
211 322
211 331
211 377
211 398
211 402
211 423
211 424
211 426
211 449
211 454
211 456
211 463
211 467
211 484
211 496
212 216
212 247
212 283
212 294
212 321
212 327
212 329
212 344
212 348
212 356
212 365
212 368
212 373
212 377
212 381
212 397
212 427
212 429
212 435
212 450
212 458
212 467
212 470
212 483
212 490
212 496
212 499
213 220
213 239
213 242
213 277
213 282
213 291
213 315
213 322
213 341
213 345
213 447
213 449
213 456
213 469
213 480
213 483
213 498
214 218
214 229
214 233
214 246
214 252
214 258
214 260
214 267
214 279
214 285
214 290
214 303
214 315
214 320
214 330
214 343
214 347
214 364
214 378
214 407
214 441
214 443
214 451
214 462
215 219
215 243
215 260
215 266
215 272
215 278
215 284
215 288
215 295
215 297
215 325
215 370
215 388
215 410
215 421
215 435
215 436
215 443
215 476
215 477
215 481
215 487
216 229
216 234
216 244
216 246
216 255
216 270
216 272
216 299
216 324
216 368
216 372
216 373
216 399
216 411
216 412
216 441
216 445
216 485
216 486
216 492
217 218
217 223
217 224
217 246
217 283
217 289
217 382
217 400
217 402
217 403
217 416
217 438
217 451
217 456
217 475
217 480
217 489
218 240
218 259
218 267
218 272
218 282
218 315
218 321
218 347
218 348
218 358
218 374
218 376
218 381
218 402
218 423
218 427
218 429
218 436
218 444
218 448
218 455
218 469
218 473
219 227
219 235
219 242
219 257
219 275
219 297
219 320
219 324
219 332
219 344
219 372
219 384
219 392
219 395
219 420
219 436
219 445
219 458
219 460
220 224
220 227
220 229
220 232
220 257
220 279
220 281
220 288
220 297
220 304
220 335
220 338
220 355
220 362
220 395
220 399
220 411
220 426
220 434
220 437
220 468
220 472
220 478
220 487
220 499
221 228
221 232
221 234
221 247
221 248
221 251
221 257
221 267
221 272
221 290
221 305
221 338
221 365
221 374
221 380
221 391
221 405
221 411
221 423
221 449
221 465
221 476
221 486
221 489
221 493
222 251
222 258
222 273
222 314
222 345
222 357
222 358
222 367
222 371
222 396
222 399
222 400
222 410
222 425
222 427
222 434
222 448
222 458
222 466
222 488
222 495
223 243
223 264
223 282
223 290
223 320
223 324
223 330
223 346
223 353
223 366
223 390
223 393
223 404
223 428
223 445
223 462
223 474
223 482
223 484
224 238
224 245
224 257
224 260
224 266
224 272
224 274
224 305
224 323
224 324
224 326
224 331
224 332
224 333
224 340
224 356
224 370
224 377
224 393
224 395
224 416
224 438
224 460
224 474
224 475
224 482
225 228
225 232
225 253
225 258
225 263
225 265
225 271
225 301
225 331
225 336
225 339
225 342
225 351
225 389
225 403
225 420
225 424
225 432
225 436
225 448
225 456
225 461
225 464
225 466
226 235
226 242
226 259
226 266
226 310
226 313
226 316
226 332
226 336
226 355
226 372
226 388
226 390
226 396
226 399
226 421
226 429
226 432
226 436
226 437
226 451
226 454
226 456
226 463
227 232
227 238
227 244
227 248
227 251
227 253
227 273
227 275
227 294
227 297
227 301
227 308
227 317
227 320
227 323
227 331
227 347
227 351
227 372
227 386
227 436
227 437
227 444
227 455
227 462
227 469
227 486
228 235
228 239
228 252
228 257
228 266
228 285
228 299
228 306
228 316
228 319
228 320
228 342
228 360
228 364
228 373
228 376
228 391
228 402
228 409
228 411
228 428
228 429
228 430
228 451
228 475
228 489
229 262
229 263
229 277
229 289
229 295
229 303
229 323
229 337
229 338
229 340
229 347
229 351
229 356
229 357
229 377
229 383
229 392
229 396
229 418
229 420
229 421
229 431
229 450
229 455
229 465
229 493
229 495
229 496
230 243
230 248
230 262
230 264
230 272
230 273
230 281
230 320
230 322
230 329
230 349
230 374
230 400
230 406
230 407
230 409
230 415
230 420
230 443
230 461
230 465
230 484
230 491
231 232
231 234
231 252
231 262
231 264
231 285
231 286
231 300
231 332
231 339
231 349
231 362
231 370
231 374
231 379
231 385
231 394
231 405
231 409
231 411
231 421
231 424
231 428
231 429
231 432
231 446
231 468
231 486
231 490
232 241
232 243
232 247
232 260
232 263
232 279
232 323
232 361
232 373
232 388
232 418
232 446
232 469
232 470
233 254
233 263
233 266
233 273
233 274
233 285
233 310
233 313
233 326
233 327
233 343
233 347
233 360
233 372
233 396
233 399
233 410
233 412
233 413
233 428
233 429
233 435
233 446
233 459
233 460
233 469
233 473
233 476
233 492
233 494
233 495
234 244
234 267
234 277
234 286
234 298
234 304
234 313
234 321
234 322
234 328
234 338
234 349
234 351
234 378
234 388
234 389
234 445
234 448
234 458
234 466
234 467
234 489
234 495
234 498
235 253
235 254
235 299
235 316
235 324
235 333
235 342
235 346
235 353
235 391
235 412
235 422
235 429
235 440
235 451
235 456
235 459
235 474
235 475
235 482
235 495
235 497
235 499
236 241
236 247
236 255
236 258
236 262
236 282
236 308
236 315
236 316
236 345
236 346
236 349
236 351
236 360
236 361
236 368
236 381
236 387
236 389
236 421
236 440
236 445
236 450
236 456
236 460
236 495
236 496
237 247
237 251
237 258
237 263
237 269
237 274
237 281
237 282
237 292
237 304
237 308
237 326
237 329
237 363
237 364
237 369
237 373
237 396
237 420
237 422
237 430
237 478
238 245
238 265
238 291
238 310
238 318
238 320
238 322
238 342
238 346
238 353
238 382
238 386
238 388
238 397
238 404
238 409
238 420
238 448
238 456
238 467
238 486
239 246
239 269
239 283
239 286
239 288
239 298
239 305
239 317
239 356
239 369
239 391
239 403
239 412
239 416
239 426
239 435
239 440
239 451
239 452
239 470
239 482
239 490
239 491
240 242
240 244
240 257
240 280
240 287
240 296
240 336
240 342
240 345
240 349
240 363
240 370
240 381
240 415
240 447
240 460
240 485
240 495
241 242
241 243
241 256
241 263
241 264
241 265
241 268
241 295
241 336
241 341
241 342
241 349
241 354
241 365
241 375
241 379
241 381
241 386
241 409
241 410
241 418
241 439
241 442
241 446
241 454
241 470
241 490
242 246
242 250
242 277
242 287
242 303
242 305
242 324
242 340
242 341
242 345
242 351
242 360
242 361
242 397
242 406
242 428
242 436
242 455
242 459
242 478
242 490
243 245
243 268
243 300
243 303
243 307
243 315
243 352
243 401
243 405
243 413
243 423
243 429
243 438
243 444
243 445
243 477
243 482
244 248
244 253
244 267
244 294
244 298
244 299
244 316
244 317
244 324
244 329
244 334
244 370
244 374
244 392
244 421
244 422
244 441
244 447
244 449
244 457
244 459
244 472
244 480
244 494
245 285
245 286
245 287
245 289
245 290
245 296
245 305
245 354
245 377
245 378
245 382
245 416
245 418
245 434
245 445
245 450
245 455
245 477
245 491
246 286
246 292
246 301
246 323
246 331
246 332
246 348
246 362
246 379
246 383
246 401
246 407
246 441
246 447
246 454
246 460
246 464
246 467
246 491
247 255
247 267
247 292
247 298
247 323
247 335
247 341
247 343
247 364
247 388
247 413
247 428
247 443
247 458
247 463
248 251
248 271
248 299
248 311
248 317
248 325
248 330
248 334
248 338
248 340
248 355
248 383
248 388
248 400
248 407
248 412
248 431
248 446
248 464
248 465
248 470
248 474
248 483
249 251
249 252
249 259
249 285
249 306
249 324
249 347
249 358
249 360
249 388
249 389
249 399
249 409
249 422
249 441
249 475
249 478
249 483
249 489
250 252
250 258
250 262
250 278
250 299
250 310
250 328
250 337
250 339
250 344
250 369
250 370
250 375
250 379
250 389
250 392
250 397
250 405
250 415
250 424
250 480
250 484
251 266
251 282
251 312
251 343
251 357
251 366
251 384
251 385
251 403
251 417
251 431
251 432
251 434
251 446
251 461
251 465
251 491
251 499
252 270
252 287
252 304
252 310
252 320
252 329
252 331
252 335
252 336
252 345
252 373
252 378
252 382
252 386
252 387
252 389
252 391
252 396
252 398
252 406
252 415
252 416
252 452
252 459
252 463
252 473
252 477
252 481
252 486
252 497
253 260
253 272
253 279
253 316
253 325
253 342
253 345
253 354
253 355
253 359
253 379
253 382
253 392
253 397
253 419
253 420
253 435
253 467
253 471
253 476
253 483
254 282
254 287
254 288
254 301
254 302
254 312
254 318
254 329
254 332
254 381
254 382
254 400
254 423
254 438
254 448
254 456
254 482
254 491
254 499
255 266
255 281
255 303
255 309
255 359
255 397
255 406
255 409
255 435
255 450
255 453
255 476
255 482
255 491
255 495
256 266
256 278
256 281
256 284
256 287
256 288
256 300
256 317
256 318
256 323
256 328
256 331
256 353
256 362
256 378
256 387
256 389
256 393
256 405
256 410
256 414
256 428
256 481
256 486
257 272
257 273
257 295
257 306
257 328
257 334
257 340
257 346
257 348
257 355
257 360
257 361
257 380
257 384
257 394
257 400
257 406
257 414
257 422
257 433
257 434
257 435
257 439
257 443
257 476
257 481
257 485
257 498
258 260
258 266
258 278
258 287
258 312
258 316
258 322
258 326
258 333
258 338
258 340
258 344
258 366
258 375
258 387
258 389
258 399
258 410
258 413
258 415
258 425
258 454
258 468
258 470
258 486
258 488
258 489
258 491
258 497
259 262
259 268
259 294
259 296
259 316
259 345
259 381
259 389
259 392
259 411
259 421
259 429
259 431
259 442
259 452
259 455
259 479
259 483
259 492
259 496
260 263
260 272
260 279
260 294
260 301
260 311
260 317
260 333
260 334
260 381
260 396
260 403
260 437
260 441
260 462
260 464
260 471
260 480
260 495
260 498
261 262
261 267
261 281
261 282
261 289
261 301
261 306
261 308
261 348
261 349
261 363
261 373
261 385
261 386
261 388
261 390
261 391
261 393
261 401
261 405
261 410
261 412
261 419
261 430
261 450
261 463
261 470
261 481
262 273
262 277
262 287
262 293
262 316
262 330
262 369
262 395
262 409
262 416
262 440
262 463
262 496
263 266
263 272
263 277
263 278
263 299
263 308
263 316
263 321
263 323
263 332
263 340
263 350
263 352
263 356
263 401
263 404
263 418
263 420
263 425
263 426
263 434
263 447
263 448
263 449
263 478
263 490
264 273
264 286
264 296
264 297
264 325
264 373
264 374
264 377
264 396
264 413
264 416
264 431
264 458
264 466
264 469
264 488
264 492
265 270
265 298
265 327
265 328
265 362
265 364
265 371
265 373
265 400
265 414
265 420
265 446
265 448
265 451
265 455
265 466
266 267
266 268
266 273
266 300
266 313
266 323
266 324
266 345
266 375
266 381
266 389
266 415
266 421
266 440
266 482
266 488
266 490
267 276
267 287
267 290
267 295
267 307
267 320
267 340
267 345
267 347
267 349
267 380
267 381
267 417
267 421
267 426
267 436
267 448
267 494
268 275
268 278
268 303
268 311
268 333
268 338
268 341
268 359
268 364
268 367
268 393
268 397
268 409
268 417
268 425
268 432
268 433
268 460
268 466
268 478
268 486
268 497
269 273
269 290
269 296
269 303
269 308
269 325
269 334
269 337
269 342
269 364
269 380
269 384
269 393
269 394
269 415
269 429
269 438
269 445
269 446
269 449
269 471
269 489
270 278
270 292
270 311
270 314
270 325
270 331
270 336
270 346
270 350
270 358
270 385
270 387
270 391
270 404
270 410
270 412
270 432
270 435
270 448
270 449
270 451
271 310
271 315
271 322
271 331
271 342
271 360
271 366
271 369
271 384
271 394
271 400
271 406
271 421
271 426
271 432
271 440
271 443
271 452
271 461
271 462
271 479
271 482
271 488
272 276
272 281
272 293
272 304
272 315
272 331
272 334
272 360
272 364
272 370
272 386
272 405
272 464
272 467
272 482
273 279
273 284
273 299
273 303
273 318
273 333
273 336
273 362
273 388
273 397
273 402
273 451
273 457
273 466
273 478
273 482
273 483
273 498
274 277
274 287
274 304
274 326
274 339
274 364
274 366
274 383
274 389
274 401
274 425
274 432
274 434
274 436
274 442
274 451
274 488
274 494
274 498
275 281
275 304
275 315
275 339
275 340
275 342
275 370
275 389
275 391
275 402
275 416
275 421
275 425
275 441
275 442
275 456
275 457
275 498
276 281
276 295
276 316
276 323
276 333
276 338
276 374
276 379
276 422
276 454
276 459
276 475
276 482
276 496
277 289
277 292
277 301
277 307
277 340
277 382
277 393
277 415
277 437
277 439
277 454
277 460
277 461
277 467
277 474
277 484
278 293
278 297
278 298
278 306
278 314
278 329
278 364
278 402
278 403
278 410
278 422
278 459
278 470
278 472
278 488
278 492
278 497
279 291
279 293
279 305
279 327
279 330
279 348
279 353
279 367
279 376
279 382
279 392
279 409
279 431
279 432
279 435
279 464
279 466
280 298
280 314
280 335
280 352
280 363
280 374
280 375
280 384
280 389
280 400
280 403
280 405
280 417
280 426
280 430
280 433
280 449
280 457
280 466
280 475
280 489
280 493
281 313
281 315
281 335
281 344
281 365
281 394
281 423
281 452
281 455
281 462
281 463
281 485
281 488
282 299
282 303
282 311
282 321
282 332
282 350
282 352
282 362
282 369
282 382
282 386
282 393
282 401
282 410
282 422
282 460
282 463
282 466
282 478
282 486
283 288
283 290
283 294
283 296
283 301
283 309
283 316
283 328
283 334
283 342
283 347
283 365
283 376
283 379
283 384
283 391
283 398
283 406
283 409
283 427
283 433
283 436
283 481
283 493
284 304
284 309
284 315
284 337
284 347
284 358
284 368
284 375
284 379
284 398
284 415
284 446
284 455
284 479
284 481
284 490
285 298
285 299
285 302
285 308
285 309
285 336
285 369
285 384
285 428
285 433
285 437
285 454
285 458
285 487
285 494
286 294
286 298
286 302
286 304
286 306
286 309
286 313
286 314
286 321
286 331
286 337
286 363
286 383
286 388
286 400
286 406
286 453
286 462
286 463
286 472
286 475
286 480
286 486
286 496
287 294
287 316
287 319
287 338
287 345
287 349
287 351
287 384
287 385
287 404
287 432
287 436
287 439
287 445
287 449
287 450
287 451
287 460
287 483
288 291
288 292
288 295
288 304
288 315
288 319
288 322
288 342
288 343
288 353
288 388
288 397
288 401
288 430
288 431
288 466
288 469
288 480
288 484
288 499
289 290
289 303
289 309
289 314
289 321
289 345
289 383
289 403
289 416
289 418
289 428
289 430
289 432
289 442
289 447
289 465
289 466
289 482
289 489
289 490
290 301
290 315
290 319
290 321
290 322
290 323
290 326
290 327
290 335
290 340
290 350
290 351
290 358
290 361
290 367
290 375
290 377
290 393
290 404
290 424
290 457
290 482
290 487
290 499
291 348
291 360
291 368
291 376
291 389
291 393
291 396
291 410
291 420
291 440
291 457
291 468
291 476
291 487
291 491
292 294
292 299
292 305
292 310
292 315
292 316
292 348
292 354
292 375
292 377
292 378
292 381
292 404
292 414
292 439
292 440
292 483
293 315
293 341
293 343
293 344
293 355
293 385
293 387
293 401
293 420
293 429
293 432
293 460
294 298
294 309
294 317
294 389
294 397
294 408
294 426
294 435
294 453
294 456
294 470
294 472
294 473
294 480
294 490
294 499
295 304
295 309
295 324
295 333
295 341
295 361
295 374
295 383
295 386
295 405
295 409
295 413
295 421
295 422
295 427
295 439
295 444
295 462
295 465
295 478
296 300
296 329
296 330
296 374
296 389
296 393
296 397
296 398
296 413
296 419
296 426
296 432
296 439
296 480
296 498
296 499
297 300
297 305
297 308
297 309
297 310
297 326
297 331
297 366
297 367
297 373
297 382
297 385
297 387
297 400
297 417
297 419
297 423
297 424
297 425
297 427
297 433
297 453
297 463
297 468
297 473
298 308
298 317
298 326
298 330
298 342
298 389
298 393
298 396
298 404
298 405
298 413
298 428
298 450
298 455
298 460
298 467
298 492
298 497
299 315
299 325
299 340
299 352
299 364
299 365
299 366
299 379
299 390
299 393
299 401
299 405
299 410
299 424
299 445
299 446
299 447
299 464
299 473
299 475
299 491
299 498
300 329
300 335
300 368
300 410
300 426
300 432
300 445
300 453
300 461
300 467
300 480
300 481
300 484
301 303
301 305
301 318
301 346
301 355
301 361
301 377
301 383
301 404
301 410
301 427
301 439
301 441
301 447
301 449
301 458
301 459
301 466
301 477
302 315
302 336
302 339
302 340
302 346
302 349
302 358
302 359
302 363
302 376
302 380
302 401
302 407
302 435
302 437
302 444
302 453
302 457
302 485
302 492
302 495
303 315
303 322
303 324
303 363
303 366
303 400
303 402
303 403
303 410
303 411
303 424
303 445
303 458
303 462
303 469
303 475
303 490
303 495
303 499
304 319
304 333
304 346
304 350
304 360
304 369
304 374
304 391
304 439
304 442
304 447
304 456
304 467
304 469
305 319
305 321
305 331
305 333
305 359
305 397
305 402
305 405
305 419
305 426
305 428
305 438
305 440
305 443
305 456
305 476
305 492
306 331
306 349
306 350
306 351
306 355
306 357
306 364
306 374
306 378
306 394
306 425
306 450
306 454
306 459
306 468
306 472
306 476
306 495
307 312
307 329
307 339
307 355
307 391
307 435
307 445
307 471
308 315
308 318
308 335
308 342
308 354
308 359
308 379
308 380
308 384
308 385
308 395
308 405
308 406
308 410
308 420
308 447
308 449
308 464
308 481
308 498
308 499
309 314
309 321
309 324
309 331
309 339
309 342
309 361
309 363
309 365
309 366
309 378
309 380
309 388
309 394
309 410
309 441
309 452
309 460
309 478
309 479
310 323
310 333
310 342
310 350
310 353
310 360
310 385
310 389
310 424
310 437
310 438
310 444
310 472
310 489
310 494
310 498
311 316
311 321
311 342
311 346
311 348
311 350
311 365
311 367
311 372
311 374
311 379
311 384
311 391
311 398
311 420
311 437
311 444
311 455
311 467
311 468
311 476
312 339
312 352
312 361
312 364
312 366
312 383
312 389
312 395
312 424
312 433
312 434
312 444
312 450
312 463
312 464
313 321
313 326
313 330
313 353
313 359
313 363
313 364
313 366
313 376
313 385
313 403
313 417
313 436
313 448
313 450
313 494
313 499
314 315
314 316
314 327
314 337
314 371
314 372
314 381
314 386
314 389
314 392
314 405
314 423
314 426
314 435
314 445
314 461
314 462
314 467
314 478
314 481
314 486
314 495
314 497
315 352
315 354
315 361
315 381
315 383
315 388
315 389
315 417
315 451
315 472
315 489
315 496
316 325
316 333
316 335
316 378
316 419
316 427
316 438
316 441
316 445
316 446
316 447
316 484
316 490
316 497
316 498
317 327
317 338
317 346
317 349
317 351
317 353
317 362
317 365
317 372
317 382
317 390
317 393
317 394
317 396
317 414
317 420
317 426
317 450
317 452
317 456
317 474
317 489
317 493
318 321
318 339
318 378
318 389
318 400
318 407
318 408
318 413
318 415
318 423
318 427
318 439
318 451
318 465
318 468
318 486
319 328
319 330
319 333
319 353
319 372
319 385
319 404
319 472
319 490
320 332
320 334
320 351
320 366
320 377
320 389
320 413
320 422
320 427
320 428
320 438
320 439
320 444
320 453
320 455
320 457
320 470
320 472
320 473
320 475
320 495
321 325
321 329
321 341
321 359
321 376
321 396
321 399
321 437
321 441
321 471
321 477
321 493
322 324
322 349
322 353
322 375
322 378
322 398
322 420
322 446
322 451
322 452
322 463
323 337
323 354
323 356
323 383
323 388
323 395
323 417
323 432
323 437
323 445
323 469
323 475
323 486
323 491
324 332
324 336
324 357
324 365
324 395
324 397
324 439
324 449
324 463
324 477
324 482
324 491
324 492
325 368
325 372
325 379
325 385
325 402
325 405
325 429
325 434
325 435
325 469
325 490
325 496
326 347
326 350
326 352
326 369
326 396
326 401
326 404
326 414
326 421
326 428
326 429
326 446
326 453
326 457
326 469
326 474
326 477
326 478
326 481
326 489
326 495
327 328
327 349
327 353
327 364
327 405
327 409
327 412
327 414
327 415
327 417
327 418
327 442
327 444
327 491
327 492
327 496
328 338
328 350
328 351
328 357
328 359
328 367
328 377
328 378
328 380
328 393
328 424
328 425
328 429
328 444
328 460
328 496
329 349
329 373
329 379
329 391
329 396
329 405
329 406
329 417
329 421
329 424
329 444
329 451
329 461
329 496
330 373
330 387
330 388
330 399
330 400
330 401
330 402
330 406
330 407
330 416
330 421
330 422
330 446
330 453
330 457
330 467
330 477
330 480
331 334
331 356
331 389
331 393
331 403
331 408
331 413
331 415
331 419
331 420
331 426
331 427
331 432
331 438
331 458
331 499
332 343
332 347
332 359
332 362
332 381
332 393
332 395
332 410
332 411
332 420
332 421
332 422
332 450
332 454
332 461
332 464
332 475
332 484
333 367
333 368
333 388
333 389
333 390
333 392
333 394
333 400
333 431
333 433
333 465
333 467
333 479
334 340
334 362
334 367
334 376
334 381
334 389
334 396
334 412
334 468
334 477
334 490
335 349
335 362
335 382
335 385
335 394
335 407
335 414
335 439
335 454
335 459
335 468
335 479
335 481
335 493
335 494
336 358
336 369
336 407
336 431
336 455
336 457
336 458
336 470
336 471
336 491
337 339
337 340
337 342
337 350
337 353
337 361
337 381
337 410
337 413
337 417
337 437
337 446
337 471
338 390
338 395
338 396
338 408
338 415
338 419
338 427
338 431
338 437
338 440
338 455
338 457
338 461
338 475
338 477
338 499
339 352
339 362
339 385
339 394
339 402
339 403
339 405
339 406
339 408
339 413
339 414
339 428
339 453
339 462
339 481
339 487
340 357
340 361
340 367
340 387
340 397
340 447
340 450
340 457
340 471
340 475
340 480
340 486
340 496
341 363
341 364
341 366
341 402
341 413
341 438
341 440
341 450
341 453
341 460
341 489
341 497
342 363
342 370
342 373
342 374
342 398
342 401
342 417
342 418
342 427
342 463
342 465
342 471
342 488
342 499
343 354
343 355
343 357
343 369
343 372
343 380
343 382
343 398
343 409
343 418
343 438
343 465
343 475
344 363
344 364
344 369
344 375
344 379
344 395
344 400
344 415
344 459
344 462
344 492
345 348
345 358
345 359
345 379
345 385
345 387
345 393
345 400
345 411
345 424
345 434
345 445
345 450
345 479
345 486
345 498
346 353
346 383
346 385
346 386
346 395
346 405
346 414
346 424
346 455
346 468
346 481
346 483
346 488
346 491
346 498
347 351
347 352
347 353
347 369
347 372
347 380
347 400
347 401
347 415
347 423
347 433
347 439
347 451
347 456
347 461
347 475
347 478
347 482
348 351
348 381
348 433
348 448
348 450
348 458
348 472
348 475
348 492
349 353
349 354
349 366
349 374
349 376
349 389
349 394
349 397
349 399
349 408
349 411
349 412
349 421
349 426
349 441
349 443
349 449
349 453
349 456
349 464
349 467
349 494
349 495
349 499
350 355
350 363
350 364
350 373
350 401
350 418
350 437
350 462
350 465
350 473
350 479
350 498
351 365
351 367
351 403
351 404
351 428
351 431
351 443
351 466
351 485
351 499
352 357
352 360
352 365
352 366
352 367
352 380
352 387
352 390
352 394
352 420
352 436
352 444
352 445
352 450
353 359
353 369
353 379
353 402
353 417
353 419
353 436
353 439
353 441
353 445
353 460
353 471
353 474
353 484
353 496
353 499
354 356
354 358
354 362
354 367
354 368
354 387
354 402
354 413
354 415
354 430
354 445
354 485
354 489
354 493
354 498
355 356
355 359
355 372
355 376
355 381
355 393
355 410
355 421
355 422
355 423
355 428
355 447
355 453
355 462
355 463
355 496
356 362
356 383
356 389
356 408
356 414
356 438
356 446
356 453
356 457
356 464
356 479
356 481
356 485
356 488
356 493
357 377
357 379
357 392
357 402
357 427
357 436
357 445
357 449
357 452
357 454
357 480
357 482
357 495
358 362
358 411
358 434
358 437
358 456
358 473
358 475
358 486
359 377
359 388
359 407
359 415
359 417
359 419
359 428
359 438
359 443
359 451
359 488
359 495
359 499
360 371
360 375
360 381
360 391
360 404
360 407
360 421
360 426
360 432
360 440
360 447
360 458
360 488
361 381
361 384
361 385
361 387
361 397
361 421
361 455
361 465
361 473
362 363
362 373
362 391
362 419
362 442
362 447
362 458
362 460
362 465
362 469
362 480
362 481
362 485
362 488
363 372
363 376
363 378
363 399
363 401
363 412
363 425
363 428
363 429
363 435
363 442
363 445
363 453
363 482
363 484
363 490
364 400
364 403
364 421
364 437
364 465
364 470
364 481
364 483
364 496
364 498
365 368
365 373
365 382
365 387
365 389
365 395
365 396
365 415
365 419
365 426
365 439
365 443
365 446
365 461
365 468
365 488
365 490
365 491
366 371
366 375
366 391
366 394
366 395
366 409
366 415
366 417
366 429
366 431
366 449
366 455
366 470
366 483
366 484
366 487
366 499
367 380
367 382
367 386
367 407
367 410
367 414
367 420
367 441
367 469
367 480
367 491
367 497
368 386
368 388
368 416
368 421
368 455
368 497
369 372
369 386
369 410
369 415
369 416
369 435
369 454
369 462
369 464
369 474
369 483
369 492
369 494
370 376
370 377
370 387
370 428
370 432
370 453
370 454
370 459
370 470
370 482
371 377
371 378
371 383
371 396
371 445
371 466
371 486
371 489
371 494
372 380
372 389
372 399
372 403
372 416
372 424
372 426
372 442
372 451
372 466
372 475
372 496
373 379
373 384
373 410
373 424
373 431
373 439
373 460
373 463
374 399
374 426
374 432
374 456
374 457
374 460
374 477
375 392
375 394
375 408
375 419
375 423
375 455
375 459
375 460
375 462
375 465
375 493
375 497
376 394
376 396
376 402
376 410
376 420
376 426
376 436
376 458
376 461
376 469
376 470
376 492
376 498
377 395
377 396
377 406
377 413
377 428
377 440
377 449
377 457
377 467
377 489
377 498
378 388
378 429
378 433
378 448
378 456
378 457
378 466
378 482
379 393
379 402
379 416
379 427
379 432
379 433
379 445
379 456
379 461
379 483
379 488
380 390
380 405
380 411
380 413
380 419
380 429
380 451
380 456
380 471
380 475
381 384
381 394
381 406
381 408
381 412
381 415
381 420
381 438
381 445
381 446
381 455
381 481
381 485
381 487
381 494
381 495
382 394
382 397
382 402
382 422
382 431
382 444
382 450
382 467
383 391
383 407
383 428
383 432
383 433
383 442
383 453
383 457
383 458
383 477
383 482
383 485
383 495
384 414
384 428
384 443
384 445
384 446
384 476
384 485
384 496
385 431
385 466
385 471
385 499
386 399
386 400
386 412
386 416
386 425
386 426
386 449
386 475
386 477
386 478
386 486
386 492
386 493
386 498
387 389
387 395
387 424
387 426
387 427
387 436
387 439
387 466
387 486
387 488
387 498
388 419
388 432
388 433
388 459
388 468
388 469
389 392
389 409
389 410
389 415
389 423
389 432
389 459
389 489
389 493
389 496
389 499
390 403
390 422
390 425
390 442
390 448
390 484
390 499
391 397
391 406
391 407
391 419
391 421
391 423
391 426
391 435
391 438
391 475
391 479
391 491
391 497
392 393
392 394
392 407
392 411
392 490
393 413
393 417
393 420
393 424
393 428
393 433
393 439
393 467
393 487
394 402
394 421
394 424
394 429
394 432
394 433
394 434
394 447
394 449
394 452
394 466
394 482
395 405
395 406
395 407
395 414
395 415
395 426
395 440
395 455
395 470
396 397
396 406
396 422
396 434
396 436
396 437
396 440
396 454
396 457
396 467
396 476
396 484
396 496
397 410
397 411
397 419
397 423
397 431
397 447
397 473
397 474
397 485
397 486
397 487
398 405
398 432
398 433
398 441
398 458
398 459
398 460
398 466
398 476
398 489
398 490
398 493
398 495
398 498
398 499
399 403
399 406
399 410
399 417
399 427
399 432
399 439
399 446
399 454
399 458
399 460
399 482
400 407
400 416
400 419
400 427
400 470
400 482
401 406
401 428
401 430
401 438
401 466
401 472
401 477
401 479
401 482
402 408
402 425
402 426
402 444
402 466
402 480
402 485
403 465
404 419
404 442
404 444
404 445
404 451
405 409
405 420
405 437
405 444
405 448
405 453
405 455
405 459
405 466
405 467
405 472
405 474
405 479
405 489
406 410
406 417
406 443
406 455
406 469
406 472
406 476
406 487
406 489
407 408
407 409
407 410
407 423
407 427
407 428
407 456
407 474
407 476
407 485
407 490
408 414
408 440
408 462
408 479
408 482
408 494
409 433
409 447
409 449
409 478
409 490
410 414
410 415
410 426
410 429
410 433
410 439
410 449
410 454
410 460
410 465
410 472
410 477
410 491
411 420
411 424
411 441
411 443
411 475
411 479
411 496
412 424
412 428
412 444
412 459
412 471
413 417
413 427
413 444
413 445
413 454
413 475
413 483
414 415
414 430
414 431
414 434
414 468
414 485
414 496
414 499
415 419
415 422
415 426
415 435
415 437
415 460
415 468
415 477
415 491
416 424
416 429
416 483
416 484
416 489
416 491
416 495
417 421
417 432
417 467
417 485
417 498
418 469
418 471
418 475
418 482
418 492
419 436
419 454
419 482
420 437
420 438
420 442
420 452
420 453
420 497
421 425
421 448
421 451
421 464
421 481
421 482
422 449
422 484
422 485
422 487
422 494
423 425
423 434
423 445
423 446
423 484
424 430
424 441
424 447
424 452
424 459
424 475
424 478
424 480
425 437
425 457
425 465
425 467
425 473
425 499
426 430
426 431
426 461
426 463
426 485
426 495
426 496
427 439
427 464
427 473
427 477
427 482
428 430
428 432
428 442
428 449
428 455
428 460
428 480
428 485
428 489
428 491
429 433
429 463
429 470
429 475
429 482
429 483
429 499
430 472
430 478
430 482
430 483
431 434
431 438
431 467
431 471
431 472
431 484
431 494
431 497
432 433
432 435
432 456
432 460
432 462
432 479
432 484
433 450
433 451
433 454
433 485
433 494
433 496
434 445
434 448
434 460
435 440
435 455
435 466
435 469
435 494
436 439
436 462
436 470
436 482
436 494
437 439
437 440
437 445
437 451
437 466
437 488
438 440
438 473
438 476
438 479
440 445
440 449
440 453
440 458
440 468
440 475
440 496
441 451
441 478
441 490
441 493
441 495
442 460
442 465
442 492
442 494
443 448
443 450
443 458
443 470
443 477
444 448
444 456
444 457
444 465
444 466
444 469
444 493
444 495
445 459
445 479
445 488
445 493
446 462
446 464
446 469
447 451
447 460
447 467
447 469
447 476
447 499
448 464
448 477
448 490
448 499
449 458
449 464
449 471
449 479
449 480
449 494
450 454
450 461
450 466
450 467
450 472
450 473
450 482
451 452
451 461
451 476
451 483
451 492
452 461
452 469
452 475
452 477
452 478
452 490
452 496
453 473
453 475
453 481
453 491
454 466
454 479
454 495
454 499
455 459
455 469
455 479
455 486
455 488
455 493
456 460
456 482
456 487
456 490
457 458
457 477
457 480
457 485
457 498
458 462
458 465
458 476
458 478
459 460
459 461
459 473
459 481
459 491
460 463
460 495
461 476
461 490
461 494
461 496
462 465
462 484
462 489
463 471
463 474
464 469
464 475
464 495
465 497
465 498
467 474
467 480
467 497
468 479
468 481
468 496
469 483
470 478
471 475
471 481
472 476
472 479
472 482
472 495
473 475
473 486
473 499
474 485
474 486
474 487
474 489
474 498
474 499
475 482
475 491
476 482
476 485
476 487
477 492
477 493
478 491
479 497
480 497
480 498
481 493
483 495
484 485
484 496
484 499
485 489
485 495
488 495
488 496
493 497
495 497
495 499
497 499
