500 7426 0.2
0 19
0 27
0 44
0 46
0 62
0 70
0 96
0 111
0 116
0 135
0 151
0 170
0 178
0 227
0 237
0 257
0 286
0 314
0 325
0 326
0 358
0 369
0 391
0 393
0 400
0 433
0 438
0 450
0 466
0 467
0 487
1 14
1 29
1 69
1 80
1 101
1 167
1 177
1 187
1 196
1 204
1 249
1 327
1 335
1 339
1 351
1 401
1 405
1 424
1 436
1 448
1 449
1 483
2 9
2 12
2 17
2 38
2 50
2 72
2 98
2 115
2 121
2 157
2 167
2 189
2 190
2 192
2 195
2 197
2 246
2 268
2 301
2 313
2 325
2 345
2 347
2 348
2 422
2 449
2 469
2 472
2 484
2 491
2 496
3 8
3 15
3 52
3 117
3 131
3 147
3 155
3 157
3 177
3 197
3 219
3 252
3 264
3 275
3 310
3 315
3 329
3 344
3 350
3 352
3 372
3 380
3 388
3 415
3 417
3 420
3 427
3 448
3 473
3 474
4 18
4 30
4 31
4 35
4 48
4 52
4 85
4 111
4 143
4 161
4 174
4 175
4 193
4 231
4 246
4 250
4 251
4 269
4 280
4 282
4 303
4 304
4 307
4 308
4 320
4 331
4 363
4 395
4 401
4 428
4 438
4 443
4 445
4 449
4 455
4 464
4 479
5 43
5 59
5 76
5 115
5 131
5 135
5 172
5 182
5 197
5 266
5 283
5 298
5 327
5 333
5 343
5 386
5 388
5 389
5 391
5 394
5 407
5 411
5 422
5 425
5 471
6 15
6 34
6 53
6 67
6 71
6 110
6 117
6 118
6 141
6 176
6 224
6 232
6 233
6 248
6 265
6 351
6 381
6 409
6 417
6 420
6 434
6 458
6 484
6 491
6 493
6 495
6 499
7 27
7 34
7 49
7 50
7 59
7 64
7 75
7 79
7 85
7 115
7 118
7 140
7 144
7 186
7 217
7 252
7 265
7 284
7 288
7 292
7 308
7 320
7 340
7 353
7 357
7 400
7 403
7 406
7 436
7 442
7 453
7 461
7 467
7 471
7 481
7 487
8 25
8 29
8 66
8 69
8 80
8 94
8 104
8 107
8 121
8 126
8 130
8 143
8 155
8 218
8 248
8 257
8 258
8 261
8 338
8 339
8 374
8 380
8 399
8 402
8 408
8 425
8 427
8 436
8 440
8 446
8 456
8 461
8 464
8 478
8 495
9 41
9 46
9 57
9 63
9 85
9 110
9 115
9 121
9 126
9 131
9 137
9 142
9 143
9 144
9 156
9 176
9 193
9 195
9 207
9 247
9 253
9 288
9 289
9 312
9 314
9 320
9 373
9 374
9 412
9 439
9 443
9 450
9 458
9 461
9 463
9 489
9 491
9 492
9 497
10 14
10 19
10 22
10 58
10 79
10 101
10 124
10 131
10 133
10 157
10 163
10 168
10 178
10 190
10 197
10 237
10 261
10 262
10 273
10 289
10 356
10 368
10 416
10 420
10 467
10 474
10 483
11 44
11 49
11 71
11 89
11 97
11 102
11 106
11 146
11 147
11 149
11 168
11 211
11 231
11 247
11 249
11 260
11 278
11 281
11 313
11 342
11 355
11 379
11 405
11 413
11 466
11 476
11 490
12 17
12 22
12 54
12 79
12 96
12 134
12 140
12 161
12 163
12 208
12 229
12 231
12 246
12 279
12 298
12 312
12 351
12 370
12 384
12 388
12 393
12 398
12 408
12 446
12 447
12 459
12 467
12 480
12 483
13 19
13 53
13 54
13 58
13 63
13 69
13 85
13 94
13 102
13 119
13 134
13 151
13 222
13 237
13 273
13 287
13 321
13 330
13 338
13 351
13 372
13 378
13 390
13 392
13 403
13 430
13 435
13 445
13 448
13 490
14 25
14 56
14 60
14 142
14 192
14 196
14 201
14 203
14 208
14 241
14 254
14 263
14 269
14 277
14 289
14 305
14 306
14 351
14 356
14 381
14 386
14 387
14 420
14 423
14 426
14 427
14 430
14 457
14 491
15 21
15 62
15 85
15 91
15 93
15 124
15 132
15 142
15 146
15 152
15 174
15 178
15 200
15 217
15 218
15 245
15 264
15 265
15 323
15 345
15 408
15 416
15 423
15 426
15 432
15 438
15 442
15 449
15 454
15 458
15 478
15 479
15 487
15 494
16 44
16 66
16 67
16 69
16 70
16 94
16 96
16 98
16 102
16 108
16 120
16 144
16 146
16 184
16 203
16 240
16 286
16 301
16 302
16 321
16 339
16 378
16 382
16 388
16 402
16 407
16 418
16 436
16 437
16 452
16 456
16 463
16 470
16 479
16 496
17 27
17 29
17 45
17 60
17 76
17 85
17 100
17 107
17 112
17 121
17 124
17 130
17 138
17 146
17 163
17 232
17 284
17 313
17 331
17 357
17 420
17 439
17 441
17 446
17 448
17 464
17 478
18 24
18 88
18 93
18 115
18 116
18 121
18 143
18 149
18 153
18 190
18 246
18 263
18 274
18 286
18 328
18 349
18 370
18 381
18 461
18 475
18 492
19 59
19 84
19 92
19 140
19 145
19 162
19 203
19 229
19 278
19 289
19 364
19 375
19 393
19 414
19 416
19 450
19 482
19 495
20 40
20 68
20 69
20 90
20 107
20 122
20 136
20 141
20 188
20 209
20 212
20 214
20 232
20 256
20 271
20 282
20 297
20 306
20 335
20 390
20 407
20 414
20 421
20 438
20 448
20 471
20 485
20 493
20 494
21 33
21 44
21 66
21 126
21 144
21 146
21 168
21 179
21 204
21 233
21 239
21 242
21 263
21 277
21 298
21 313
21 325
21 366
21 408
21 411
21 412
21 425
21 436
21 446
21 453
21 455
21 469
21 478
22 31
22 52
22 119
22 148
22 167
22 208
22 209
22 247
22 260
22 273
22 286
22 295
22 313
22 324
22 361
22 377
22 385
22 410
22 424
22 449
22 469
22 478
22 499
23 43
23 46
23 69
23 70
23 79
23 99
23 112
23 123
23 128
23 139
23 167
23 189
23 196
23 198
23 203
23 216
23 240
23 277
23 280
23 290
23 311
23 331
23 335
23 337
23 386
23 389
23 390
23 406
23 412
23 417
23 436
23 442
23 486
23 493
24 28
24 34
24 35
24 44
24 66
24 85
24 102
24 123
24 136
24 173
24 207
24 212
24 217
24 234
24 258
24 272
24 328
24 340
24 341
24 347
24 370
24 372
24 411
24 473
24 474
24 476
24 497
25 74
25 87
25 92
25 93
25 102
25 116
25 124
25 157
25 165
25 172
25 177
25 185
25 190
25 213
25 238
25 271
25 276
25 289
25 303
25 311
25 315
25 332
25 338
25 345
25 351
25 381
25 401
25 442
25 456
25 470
26 44
26 48
26 92
26 123
26 138
26 141
26 180
26 195
26 204
26 212
26 218
26 219
26 240
26 253
26 284
26 285
26 290
26 295
26 302
26 310
26 317
26 321
26 329
26 340
26 360
26 375
26 401
26 410
26 492
27 51
27 74
27 141
27 146
27 152
27 162
27 177
27 182
27 188
27 247
27 321
27 327
27 363
27 389
27 395
27 398
27 419
27 431
27 449
27 454
27 482
27 485
27 488
27 492
28 69
28 87
28 89
28 109
28 114
28 142
28 155
28 159
28 160
28 169
28 170
28 208
28 244
28 279
28 289
28 295
28 296
28 302
28 303
28 323
28 325
28 356
28 357
28 405
28 418
28 441
28 459
28 470
29 42
29 59
29 74
29 104
29 139
29 161
29 177
29 199
29 231
29 234
29 269
29 279
29 299
29 308
29 309
29 343
29 358
29 390
29 406
29 409
29 410
29 433
29 437
29 442
29 458
29 462
29 470
29 491
30 34
30 35
30 44
30 52
30 81
30 90
30 96
30 116
30 118
30 125
30 186
30 213
30 261
30 265
30 271
30 275
30 295
30 356
30 370
30 378
30 386
30 399
30 414
30 443
30 462
30 471
30 496
31 35
31 68
31 95
31 96
31 103
31 116
31 118
31 155
31 175
31 225
31 231
31 269
31 271
31 301
31 350
31 356
31 394
31 413
31 415
31 424
31 434
31 449
31 451
31 462
31 466
31 474
31 482
32 54
32 74
32 86
32 98
32 103
32 104
32 108
32 138
32 139
32 160
32 175
32 186
32 193
32 207
32 211
32 214
32 217
32 221
32 237
32 347
32 368
32 379
32 385
32 389
32 398
32 417
32 432
32 443
32 446
32 447
32 468
32 471
33 38
33 41
33 58
33 121
33 123
33 148
33 154
33 159
33 164
33 198
33 230
33 237
33 265
33 281
33 295
33 304
33 317
33 328
33 353
33 359
33 365
33 379
33 404
33 409
33 430
33 453
33 471
33 480
34 63
34 73
34 108
34 112
34 151
34 154
34 169
34 172
34 174
34 192
34 194
34 211
34 226
34 241
34 244
34 274
34 297
34 313
34 314
34 344
34 360
34 367
34 407
34 427
34 446
34 467
34 479
35 68
35 74
35 103
35 107
35 133
35 164
35 183
35 187
35 205
35 221
35 251
35 265
35 289
35 311
35 321
35 343
35 346
35 350
35 351
35 353
35 384
35 396
35 404
35 405
35 419
35 446
35 454
35 456
35 494
36 53
36 54
36 67
36 76
36 77
36 97
36 146
36 155
36 166
36 217
36 218
36 230
36 236
36 264
36 286
36 291
36 304
36 357
36 367
36 379
36 381
36 384
36 416
36 442
36 472
37 65
37 92
37 96
37 122
37 135
37 157
37 188
37 195
37 222
37 232
37 244
37 246
37 249
37 252
37 255
37 256
37 264
37 311
37 324
37 334
37 409
37 417
37 447
37 462
37 482
38 45
38 156
38 204
38 212
38 218
38 228
38 229
38 246
38 273
38 283
38 286
38 294
38 296
38 337
38 345
38 353
38 374
38 380
38 384
38 430
38 431
38 489
38 491
39 83
39 111
39 139
39 193
39 204
39 207
39 215
39 222
39 248
39 261
39 271
39 339
39 340
39 357
39 372
39 378
39 429
39 458
40 53
40 63
40 94
40 95
40 98
40 106
40 139
40 154
40 165
40 172
40 186
40 196
40 199
40 200
40 261
40 264
40 275
40 276
40 280
40 288
40 332
40 336
40 341
40 373
40 379
40 388
40 394
40 399
40 400
40 434
40 451
40 486
41 77
41 105
41 107
41 127
41 139
41 151
41 161
41 196
41 200
41 202
41 211
41 214
41 227
41 241
41 258
41 274
41 312
41 314
41 327
41 345
41 399
41 400
41 404
41 406
41 421
41 486
42 53
42 63
42 77
42 105
42 108
42 113
42 143
42 190
42 197
42 233
42 243
42 265
42 271
42 300
42 316
42 341
42 357
42 358
42 369
42 374
42 388
42 394
42 406
42 413
42 425
42 426
42 455
42 464
42 493
42 495
43 62
43 63
43 65
43 71
43 79
43 83
43 109
43 127
43 142
43 168
43 185
43 234
43 257
43 263
43 270
43 287
43 293
43 311
43 333
43 353
43 385
43 403
43 410
43 426
43 464
43 495
44 76
44 110
44 121
44 126
44 140
44 144
44 171
44 174
44 204
44 221
44 263
44 271
44 282
44 283
44 329
44 382
44 385
44 394
44 404
44 448
44 487
44 488
45 52
45 58
45 71
45 94
45 251
45 287
45 296
45 305
45 307
45 312
45 324
45 338
45 343
45 351
45 395
45 412
45 421
45 422
45 442
45 489
45 492
46 78
46 88
46 98
46 119
46 130
46 169
46 172
46 188
46 198
46 204
46 261
46 310
46 317
46 334
46 367
46 374
46 396
46 397
46 413
46 418
46 430
46 433
46 484
47 50
47 52
47 57
47 68
47 76
47 79
47 90
47 91
47 103
47 110
47 147
47 213
47 224
47 288
47 293
47 305
47 309
47 320
47 335
47 340
47 343
47 345
47 361
47 407
47 414
47 420
47 442
47 472
47 475
47 477
47 480
48 51
48 54
48 63
48 122
48 147
48 161
48 182
48 214
48 237
48 239
48 240
48 241
48 251
48 257
48 313
48 337
48 352
48 366
48 385
48 401
48 407
48 409
48 433
48 438
48 443
48 451
48 455
49 64
49 103
49 122
49 127
49 144
49 145
49 177
49 221
49 233
49 234
49 252
49 277
49 282
49 283
49 297
49 320
49 333
49 367
49 369
49 374
49 386
49 400
49 403
49 423
49 459
49 493
50 54
50 61
50 69
50 89
50 91
50 97
50 99
50 221
50 223
50 232
50 261
50 305
50 337
50 376
50 391
50 412
50 414
50 422
50 444
50 458
50 462
50 474
50 487
50 489
51 91
51 136
51 140
51 154
51 170
51 175
51 181
51 187
51 192
51 208
51 253
51 267
51 284
51 293
51 295
51 300
51 302
51 312
51 320
51 350
51 361
51 403
51 431
51 439
51 454
51 455
51 479
51 490
51 498
52 74
52 94
52 120
52 129
52 134
52 176
52 184
52 211
52 212
52 213
52 227
52 231
52 249
52 262
52 267
52 286
52 291
52 295
52 297
52 320
52 326
52 351
52 396
52 416
52 452
52 463
53 58
53 59
53 94
53 116
53 122
53 125
53 137
53 139
53 145
53 160
53 167
53 175
53 196
53 214
53 261
53 266
53 267
53 281
53 289
53 304
53 306
53 308
53 336
53 345
53 353
53 382
53 398
53 399
53 424
54 63
54 64
54 95
54 112
54 173
54 177
54 229
54 235
54 279
54 294
54 298
54 308
54 311
54 322
54 349
54 359
54 376
54 379
54 381
54 386
54 397
54 408
54 437
54 441
54 489
55 60
55 63
55 70
55 118
55 123
55 168
55 181
55 203
55 228
55 232
55 233
55 237
55 282
55 283
55 300
55 303
55 304
55 315
55 331
55 333
55 341
55 380
55 416
55 417
55 433
55 449
55 461
55 471
55 473
56 61
56 66
56 69
56 104
56 105
56 114
56 159
56 167
56 173
56 179
56 197
56 207
56 211
56 213
56 220
56 226
56 240
56 241
56 251
56 267
56 274
56 275
56 344
56 348
56 357
56 362
56 391
56 394
56 443
56 484
57 101
57 102
57 118
57 128
57 134
57 143
57 144
57 151
57 160
57 173
57 177
57 184
57 187
57 212
57 236
57 246
57 249
57 268
57 294
57 313
57 320
57 345
57 356
57 371
57 428
57 481
58 90
58 92
58 93
58 107
58 129
58 155
58 204
58 206
58 239
58 247
58 256
58 283
58 297
58 299
58 310
58 336
58 339
58 340
58 343
58 361
58 375
58 378
58 390
58 403
58 413
58 418
58 421
58 444
58 460
58 465
59 66
59 68
59 69
59 71
59 79
59 108
59 137
59 155
59 181
59 189
59 245
59 272
59 273
59 287
59 298
59 309
59 311
59 318
59 324
59 327
59 361
59 363
59 368
59 387
59 402
59 406
59 435
59 491
60 62
60 105
60 106
60 120
60 195
60 323
60 332
60 374
60 394
60 399
60 404
60 417
60 428
60 447
60 468
60 496
61 63
61 95
61 105
61 139
61 150
61 151
61 155
61 176
61 185
61 250
61 252
61 293
61 296
61 311
61 323
61 338
61 340
61 362
61 379
61 391
61 416
61 434
61 459
61 467
61 475
61 486
62 72
62 102
62 119
62 120
62 154
62 171
62 180
62 214
62 234
62 236
62 259
62 282
62 324
62 349
62 351
62 365
62 379
62 402
62 425
62 431
62 476
62 479
62 490
63 71
63 79
63 94
63 98
63 116
63 140
63 145
63 158
63 167
63 184
63 204
63 230
63 249
63 253
63 257
63 260
63 264
63 275
63 277
63 310
63 339
63 340
63 366
63 392
63 394
63 396
63 397
63 433
63 454
63 456
63 457
63 458
63 479
63 499
64 73
64 107
64 108
64 136
64 137
64 167
64 170
64 185
64 216
64 233
64 258
64 260
64 277
64 290
64 332
64 358
64 378
64 402
64 444
64 466
64 493
65 118
65 120
65 157
65 163
65 187
65 253
65 254
65 264
65 307
65 321
65 361
65 372
65 373
65 378
65 390
65 393
65 394
65 400
65 401
65 422
65 426
65 463
65 477
66 101
66 115
66 190
66 191
66 193
66 196
66 204
66 225
66 238
66 241
66 242
66 274
66 306
66 323
66 331
66 343
66 344
66 345
66 347
66 369
66 379
66 385
66 389
66 403
66 409
66 441
66 458
66 465
66 492
66 498
67 74
67 86
67 116
67 138
67 148
67 153
67 156
67 175
67 220
67 257
67 263
67 310
67 311
67 359
67 384
67 392
67 402
67 409
67 430
67 476
67 486
67 491
68 82
68 126
68 129
68 149
68 160
68 165
68 169
68 177
68 216
68 221
68 229
68 241
68 260
68 264
68 266
68 273
68 283
68 285
68 290
68 310
68 325
68 328
68 361
68 386
68 488
69 89
69 94
69 95
69 105
69 108
69 118
69 151
69 173
69 190
69 195
69 197
69 209
69 236
69 245
69 251
69 256
69 300
69 321
69 329
69 340
69 363
69 376
69 423
69 428
69 458
69 495
69 497
70 89
70 111
70 134
70 145
70 159
70 169
70 172
70 188
70 206
70 207
70 210
70 212
70 226
70 251
70 298
70 318
70 333
70 372
70 399
70 450
70 491
70 492
70 496
71 79
71 96
71 110
71 138
71 139
71 144
71 145
71 174
71 209
71 219
71 226
71 237
71 297
71 311
71 341
71 353
71 356
71 393
71 410
71 434
71 442
71 446
71 472
71 482
72 76
72 102
72 131
72 136
72 160
72 177
72 195
72 209
72 240
72 251
72 256
72 259
72 292
72 297
72 318
72 413
72 415
72 426
72 439
72 466
72 474
72 487
73 89
73 100
73 102
73 110
73 156
73 166
73 180
73 223
73 259
73 267
73 303
73 310
73 331
73 336
73 346
73 402
73 408
73 409
73 432
73 433
73 450
73 473
73 478
74 86
74 90
74 109
74 113
74 129
74 133
74 140
74 142
74 148
74 161
74 164
74 262
74 298
74 299
74 307
74 332
74 397
74 402
74 422
74 443
74 448
74 474
74 488
75 84
75 104
75 132
75 147
75 150
75 160
75 169
75 183
75 228
75 230
75 256
75 259
75 272
75 286
75 316
75 330
75 334
75 340
75 362
75 363
75 378
75 380
75 382
75 392
75 403
75 413
75 425
75 434
75 447
75 448
75 458
75 464
75 484
76 88
76 91
76 93
76 132
76 138
76 153
76 171
76 178
76 187
76 203
76 204
76 223
76 253
76 269
76 278
76 304
76 314
76 318
76 320
76 338
76 358
76 372
76 394
76 406
76 444
76 448
76 475
76 493
76 495
77 85
77 91
77 101
77 119
77 127
77 146
77 173
77 178
77 191
77 199
77 202
77 210
77 227
77 232
77 239
77 247
77 268
77 280
77 283
77 285
77 296
77 315
77 320
77 337
77 345
77 355
77 375
77 377
77 383
77 386
77 392
77 406
77 437
77 440
77 441
77 442
77 444
77 462
77 482
78 87
78 93
78 121
78 136
78 214
78 240
78 256
78 300
78 303
78 354
78 360
78 363
78 368
78 372
78 381
78 405
78 425
78 430
78 441
78 475
78 478
78 491
78 496
79 81
79 116
79 124
79 159
79 167
79 176
79 192
79 198
79 226
79 227
79 243
79 251
79 282
79 301
79 354
79 370
79 373
79 387
79 394
79 396
79 411
79 439
79 443
79 449
79 479
79 483
80 112
80 113
80 124
80 140
80 148
80 156
80 175
80 188
80 232
80 244
80 249
80 288
80 303
80 334
80 341
80 343
80 345
80 357
80 366
80 378
80 386
80 387
80 393
80 400
80 431
80 447
81 82
81 92
81 96
81 98
81 121
81 148
81 171
81 180
81 182
81 201
81 210
81 237
81 244
81 256
81 265
81 274
81 285
81 300
81 317
81 339
81 362
81 367
81 418
81 431
81 457
81 469
81 471
81 479
82 83
82 110
82 112
82 131
82 149
82 152
82 156
82 159
82 160
82 174
82 177
82 208
82 216
82 222
82 247
82 253
82 259
82 264
82 267
82 272
82 281
82 309
82 317
82 328
82 330
82 357
82 391
82 457
82 462
82 469
82 474
82 478
83 87
83 99
83 128
83 141
83 178
83 201
83 208
83 215
83 241
83 249
83 262
83 291
83 304
83 332
83 370
83 410
83 467
83 480
83 485
83 487
84 85
84 91
84 97
84 100
84 111
84 124
84 132
84 141
84 153
84 162
84 173
84 187
84 220
84 222
84 257
84 260
84 263
84 264
84 269
84 304
84 332
84 337
84 348
84 356
84 367
84 370
84 371
84 377
84 401
84 416
84 447
84 475
84 489
84 492
85 87
85 127
85 144
85 158
85 191
85 217
85 227
85 260
85 301
85 321
85 341
85 345
85 368
85 399
85 403
85 406
85 409
85 442
85 453
85 454
85 489
85 492
85 493
85 495
86 117
86 168
86 169
86 172
86 203
86 210
86 247
86 268
86 294
86 362
86 383
86 401
86 402
86 410
86 414
86 428
86 438
86 440
86 457
86 462
87 96
87 104
87 111
87 140
87 156
87 161
87 175
87 179
87 184
87 228
87 233
87 235
87 237
87 241
87 242
87 252
87 263
87 279
87 318
87 325
87 326
87 333
87 353
87 362
87 397
87 418
87 423
87 448
88 137
88 171
88 177
88 195
88 197
88 245
88 261
88 264
88 280
88 284
88 312
88 316
88 322
88 361
88 382
88 391
88 448
88 475
88 481
89 95
89 104
89 124
89 158
89 183
89 188
89 211
89 212
89 218
89 236
89 241
89 258
89 274
89 276
89 312
89 350
89 363
89 371
89 388
89 389
89 408
89 429
89 453
89 473
89 491
90 106
90 110
90 163
90 178
90 202
90 213
90 227
90 294
90 321
90 336
90 347
90 366
90 367
90 371
90 382
90 393
90 412
90 421
90 444
90 471
90 491
90 496
91 128
91 140
91 178
91 199
91 253
91 263
91 275
91 279
91 280
91 281
91 293
91 316
91 321
91 331
91 348
91 353
91 375
91 387
91 394
91 396
91 405
91 408
91 444
91 483
91 487
92 94
92 114
92 170
92 206
92 216
92 242
92 269
92 272
92 284
92 285
92 344
92 353
92 364
92 380
92 389
92 402
92 408
92 412
92 422
92 431
92 434
92 440
92 443
92 470
92 481
92 493
92 499
93 105
93 117
93 126
93 147
93 149
93 169
93 182
93 193
93 199
93 206
93 226
93 244
93 246
93 247
93 268
93 274
93 292
93 294
93 305
93 310
93 359
93 367
93 400
93 407
93 411
93 413
93 414
93 442
93 459
93 476
93 477
93 482
94 117
94 125
94 128
94 206
94 210
94 212
94 218
94 245
94 256
94 289
94 291
94 359
94 419
94 423
94 459
95 119
95 155
95 187
95 207
95 208
95 219
95 256
95 263
95 276
95 281
95 286
95 321
95 328
95 341
95 367
95 388
95 403
95 410
95 452
95 459
95 499
96 97
96 107
96 114
96 127
96 150
96 151
96 153
96 162
96 170
96 187
96 198
96 214
96 224
96 240
96 283
96 296
96 306
96 309
96 317
96 328
96 339
96 386
96 389
96 411
96 433
96 473
96 478
96 484
96 485
96 487
96 489
97 98
97 103
97 109
97 134
97 147
97 148
97 150
97 159
97 169
97 177
97 186
97 189
97 195
97 243
97 256
97 261
97 278
97 281
97 296
97 305
97 309
97 327
97 328
97 341
97 390
97 394
97 421
97 429
97 458
97 467
97 479
97 480
97 493
98 105
98 129
98 140
98 220
98 229
98 232
98 236
98 261
98 327
98 339
98 350
98 359
98 360
98 379
98 383
98 387
98 388
98 409
98 419
98 450
98 457
98 460
98 462
98 472
99 125
99 143
99 168
99 170
99 174
99 190
99 224
99 244
99 254
99 259
99 306
99 331
99 350
99 359
99 364
99 401
99 444
99 446
99 450
99 480
100 104
100 129
100 143
100 147
100 150
100 183
100 190
100 260
100 262
100 281
100 328
100 333
100 345
100 347
100 359
100 369
100 392
100 453
100 468
100 477
100 479
101 103
101 111
101 113
101 132
101 165
101 208
101 210
101 221
101 241
101 266
101 273
101 288
101 301
101 321
101 325
101 330
101 359
101 390
101 394
101 404
101 420
101 432
101 434
101 446
101 463
101 466
101 499
102 117
102 120
102 146
102 153
102 159
102 171
102 178
102 186
102 189
102 200
102 206
102 216
102 250
102 309
102 325
102 326
102 336
102 349
102 384
102 401
102 419
102 434
102 447
102 448
103 105
103 108
103 116
103 125
103 129
103 151
103 154
103 162
103 187
103 202
103 214
103 256
103 290
103 325
103 333
103 334
103 335
103 341
103 358
103 399
103 436
103 442
103 460
103 473
103 474
103 486
104 109
104 111
104 130
104 153
104 175
104 187
104 198
104 226
104 235
104 256
104 274
104 276
104 299
104 318
104 375
104 387
104 396
104 433
104 438
104 441
104 442
104 474
105 120
105 131
105 167
105 186
105 188
105 189
105 206
105 255
105 265
105 275
105 276
105 325
105 365
105 368
105 429
105 430
105 443
105 445
105 464
105 496
106 117
106 122
106 161
106 175
106 176
106 177
106 202
106 227
106 237
106 252
106 260
106 298
106 356
106 367
106 373
106 423
106 424
106 432
106 434
106 444
106 446
106 473
106 497
107 120
107 139
107 147
107 187
107 213
107 221
107 222
107 263
107 280
107 366
107 376
107 399
107 421
107 422
107 440
107 444
107 466
107 468
107 487
108 114
108 118
108 122
108 141
108 145
108 259
108 268
108 277
108 290
108 318
108 343
108 380
108 385
108 392
108 399
108 422
108 429
108 462
108 496
109 138
109 154
109 173
109 182
109 197
109 208
109 244
109 246
109 270
109 276
109 302
109 353
109 392
109 393
109 417
109 461
109 471
109 482
109 488
110 127
110 194
110 196
110 224
110 300
110 339
110 376
110 380
110 384
110 399
110 423
110 451
110 471
110 476
111 112
111 118
111 132
111 141
111 144
111 157
111 171
111 174
111 176
111 187
111 198
111 201
111 213
111 218
111 243
111 271
111 289
111 290
111 307
111 314
111 333
111 344
111 350
111 358
111 373
111 379
111 390
111 401
111 410
111 454
111 460
112 132
112 169
112 173
112 193
112 197
112 228
112 245
112 259
112 285
112 289
112 313
112 315
112 350
112 373
112 376
112 412
112 424
112 425
112 456
112 498
113 114
113 124
113 132
113 133
113 149
113 168
113 189
113 205
113 212
113 214
113 232
113 242
113 251
113 268
113 289
113 328
113 331
113 348
113 370
113 381
113 407
113 411
113 433
113 486
114 128
114 140
114 142
114 146
114 244
114 245
114 267
114 296
114 297
114 308
114 320
114 333
114 349
114 357
114 358
114 370
114 381
114 383
114 425
114 465
114 473
114 482
115 130
115 159
115 205
115 228
115 236
115 249
115 256
115 267
115 292
115 309
115 318
115 332
115 357
115 359
115 365
115 376
115 422
115 437
115 442
115 443
115 453
115 469
115 473
115 484
115 485
116 118
116 124
116 134
116 150
116 160
116 163
116 206
116 228
116 232
116 249
116 255
116 303
116 318
116 327
116 354
116 372
116 418
116 424
116 432
116 447
116 449
116 453
116 461
116 462
116 478
116 489
117 118
117 119
117 127
117 138
117 205
117 223
117 234
117 261
117 264
117 269
117 270
117 275
117 288
117 293
117 294
117 307
117 348
117 366
117 380
117 393
117 422
117 425
117 427
117 438
117 465
117 485
117 487
117 493
118 162
118 182
118 189
118 190
118 232
118 241
118 250
118 252
118 265
118 271
118 305
118 333
118 385
118 412
118 421
118 423
118 484
119 126
119 171
119 174
119 176
119 193
119 212
119 264
119 326
119 329
119 330
119 346
119 366
119 399
119 415
119 417
119 454
119 485
119 491
120 127
120 146
120 151
120 163
120 165
120 187
120 209
120 215
120 227
120 253
120 296
120 303
120 359
120 380
120 387
120 388
120 394
120 407
120 412
120 414
120 419
120 425
120 432
120 437
120 463
120 472
120 487
120 492
121 124
121 142
121 143
121 191
121 212
121 263
121 266
121 278
121 289
121 294
121 310
121 325
121 363
121 380
121 419
121 420
121 423
121 428
121 442
121 448
121 458
121 464
121 478
121 489
121 490
121 494
122 169
122 172
122 209
122 216
122 233
122 273
122 275
122 278
122 285
122 319
122 363
122 426
122 427
123 127
123 140
123 143
123 151
123 172
123 177
123 183
123 195
123 213
123 245
123 272
123 278
123 292
123 320
123 336
123 362
123 396
123 399
123 414
123 418
123 456
123 474
124 127
124 137
124 150
124 165
124 182
124 186
124 191
124 192
124 210
124 211
124 235
124 286
124 294
124 297
124 304
124 335
124 374
124 379
124 385
124 397
124 412
124 443
124 464
124 496
125 135
125 233
125 250
125 275
125 280
125 313
125 330
125 337
125 345
125 353
125 355
125 380
125 391
125 407
125 409
125 418
125 458
126 137
126 140
126 164
126 165
126 180
126 216
126 217
126 219
126 231
126 234
126 256
126 259
126 263
126 280
126 324
126 340
126 344
126 368
126 371
126 400
126 410
126 426
126 462
126 463
126 472
126 486
126 496
127 130
127 187
127 198
127 278
127 284
127 287
127 290
127 302
127 357
127 364
127 442
127 443
127 452
127 454
127 466
127 471
128 129
128 142
128 211
128 250
128 254
128 259
128 263
128 295
128 297
128 365
128 376
128 379
128 399
128 403
128 470
128 485
129 149
129 152
129 162
129 237
129 249
129 267
129 293
129 295
129 301
129 335
129 339
129 363
129 387
129 422
129 429
129 446
129 475
130 139
130 146
130 167
130 193
130 196
130 206
130 271
130 272
130 310
130 323
130 335
130 371
130 373
130 376
130 388
130 390
130 394
130 405
130 407
130 409
130 415
130 422
130 449
130 453
130 457
131 142
131 152
131 159
131 186
131 193
131 197
131 210
131 229
131 233
131 246
131 254
131 255
131 260
131 274
131 285
131 312
131 315
131 318
131 322
131 345
131 406
131 411
131 413
131 433
131 443
131 478
131 482
131 492
132 159
132 183
132 206
132 207
132 221
132 244
132 256
132 272
132 291
132 302
132 317
132 318
132 320
132 331
132 335
132 338
132 339
132 342
132 381
132 386
132 408
132 425
132 428
132 438
132 445
132 451
132 476
133 149
133 157
133 158
133 173
133 209
133 233
133 238
133 242
133 264
133 279
133 299
133 315
133 326
133 331
133 338
133 350
133 381
133 391
133 398
133 401
133 402
133 407
133 412
133 427
133 441
133 452
133 482
134 163
134 173
134 192
134 195
134 196
134 203
134 207
134 209
134 218
134 220
134 222
134 243
134 271
134 272
134 276
134 294
134 302
134 333
134 344
134 363
134 365
134 372
134 382
134 397
134 418
134 430
134 433
134 448
134 458
135 152
135 159
135 181
135 187
135 196
135 216
135 217
135 219
135 235
135 240
135 255
135 283
135 288
135 299
135 313
135 334
135 339
135 384
135 462
135 476
135 491
135 494
135 495
136 140
136 151
136 153
136 155
136 158
136 178
136 179
136 182
136 192
136 213
136 266
136 267
136 316
136 389
136 421
136 422
137 141
137 166
137 177
137 219
137 222
137 236
137 246
137 266
137 303
137 373
137 378
137 388
137 401
137 411
137 437
137 449
137 456
137 463
137 480
137 487
138 141
138 219
138 237
138 246
138 262
138 265
138 281
138 296
138 334
138 394
138 418
138 427
138 429
138 445
138 452
138 459
138 478
138 483
139 155
139 165
139 168
139 187
139 188
139 196
139 226
139 262
139 265
139 286
139 310
139 318
139 321
139 348
139 359
139 406
139 408
139 457
139 485
139 498
140 142
140 147
140 166
140 176
140 182
140 188
140 198
140 200
140 203
140 255
140 261
140 298
140 301
140 327
140 338
140 354
140 356
140 358
140 434
140 451
140 485
140 491
141 148
141 152
141 161
141 162
141 225
141 234
141 235
141 243
141 249
141 277
141 281
141 290
141 305
141 327
141 332
141 361
141 372
141 386
141 398
141 412
141 449
141 457
141 478
141 490
141 499
142 155
142 205
142 211
142 231
142 254
142 283
142 324
142 328
142 329
142 366
142 372
142 394
142 399
142 418
142 419
142 422
142 429
142 438
142 477
143 156
143 164
143 168
143 189
143 202
143 264
143 338
143 342
143 344
143 353
143 363
143 375
143 437
143 455
143 461
143 465
143 476
143 487
143 497
143 499
144 157
144 170
144 203
144 204
144 220
144 242
144 256
144 291
144 293
144 294
144 334
144 362
144 411
144 465
145 150
145 156
145 157
145 166
145 186
145 198
145 201
145 230
145 237
145 326
145 369
145 418
145 422
145 431
145 466
145 488
145 491
145 493
145 495
145 498
146 153
146 157
146 163
146 181
146 197
146 198
146 252
146 255
146 261
146 279
146 290
146 296
146 298
146 310
146 338
146 384
146 406
146 411
146 415
146 427
146 444
146 447
146 457
146 477
147 179
147 180
147 186
147 212
147 262
147 295
147 325
147 332
147 350
147 353
147 396
147 401
147 416
147 419
147 430
147 449
147 494
148 164
148 165
148 176
148 188
148 221
148 238
148 252
148 276
148 291
148 297
148 301
148 355
148 365
148 371
148 376
148 414
148 435
148 450
148 462
149 189
149 207
149 234
149 249
149 277
149 308
149 309
149 311
149 328
149 330
149 332
149 337
149 343
149 363
149 382
149 389
149 414
149 422
149 432
149 433
149 438
149 448
149 453
149 479
149 481
149 490
150 164
150 178
150 205
150 208
150 217
150 227
150 249
150 267
150 276
150 287
150 304
150 317
150 322
150 326
150 351
150 369
150 373
150 374
150 381
150 386
150 390
150 394
150 404
150 414
150 426
150 448
150 460
150 461
150 475
150 482
151 152
151 158
151 171
151 215
151 241
151 255
151 261
151 268
151 316
151 327
151 347
151 350
151 351
151 441
151 447
151 467
152 174
152 179
152 181
152 202
152 259
152 285
152 286
152 296
152 303
152 315
152 338
152 365
152 407
152 424
152 467
152 475
152 476
152 484
152 485
152 487
152 495
153 170
153 191
153 193
153 217
153 265
153 278
153 284
153 316
153 324
153 339
153 353
153 364
153 401
153 418
153 426
153 428
153 439
153 455
153 460
153 469
153 474
153 482
153 490
154 206
154 218
154 219
154 228
154 262
154 264
154 270
154 284
154 288
154 301
154 322
154 343
154 360
154 388
154 403
154 418
154 422
154 437
154 439
154 452
154 475
154 476
155 161
155 177
155 182
155 190
155 191
155 201
155 208
155 268
155 270
155 282
155 309
155 317
155 323
155 325
155 328
155 348
155 359
155 360
155 370
155 374
155 390
155 405
155 407
155 422
155 430
155 488
156 178
156 207
156 208
156 215
156 243
156 249
156 292
156 301
156 307
156 324
156 336
156 344
156 367
156 372
156 381
156 402
156 406
156 417
156 459
156 468
156 492
157 160
157 171
157 210
157 216
157 218
157 221
157 233
157 239
157 249
157 257
157 320
157 321
157 362
157 389
157 404
157 412
157 414
157 444
157 454
157 464
157 467
157 485
158 165
158 166
158 169
158 176
158 200
158 201
158 263
158 280
158 286
158 296
158 359
158 391
158 403
158 421
158 457
158 467
158 474
158 478
158 488
158 489
158 499
159 161
159 200
159 215
159 224
159 226
159 239
159 246
159 249
159 258
159 300
159 306
159 365
159 394
159 402
159 414
159 416
159 428
159 467
159 473
160 163
160 166
160 173
160 187
160 192
160 205
160 220
160 245
160 256
160 264
160 303
160 315
160 359
160 410
160 416
160 420
160 433
160 448
160 461
161 164
161 193
161 197
161 198
161 250
161 278
161 279
161 283
161 294
161 322
161 325
161 358
161 366
161 377
161 378
161 380
161 405
161 409
161 414
161 423
161 444
161 484
161 488
162 164
162 168
162 174
162 186
162 189
162 190
162 193
162 195
162 210
162 213
162 226
162 235
162 238
162 269
162 283
162 299
162 317
162 332
162 343
162 362
162 371
162 403
162 410
162 411
162 418
162 419
162 432
162 446
162 460
162 482
163 175
163 182
163 197
163 203
163 206
163 223
163 268
163 294
163 335
163 356
163 374
163 446
163 456
163 457
163 465
163 471
163 472
163 478
164 187
164 225
164 239
164 248
164 250
164 294
164 297
164 298
164 324
164 336
164 342
164 349
164 367
164 379
164 382
164 392
164 441
164 459
164 462
164 473
164 480
164 498
165 169
165 214
165 228
165 247
165 284
165 293
165 326
165 327
165 404
165 410
165 435
165 451
165 457
165 469
165 479
166 215
166 240
166 268
166 277
166 335
166 368
166 373
166 388
166 423
166 442
166 453
166 458
166 462
166 469
166 480
166 497
167 195
167 203
167 214
167 216
167 223
167 230
167 234
167 258
167 269
167 277
167 286
167 296
167 310
167 317
167 320
167 336
167 362
167 394
167 410
167 418
167 498
168 183
168 204
168 213
168 218
168 221
168 222
168 234
168 251
168 271
168 287
168 291
168 295
168 399
168 419
169 188
169 189
169 200
169 214
169 225
169 234
169 263
169 293
169 294
169 303
169 327
169 351
169 353
169 366
169 383
169 466
169 467
169 471
170 179
170 181
170 184
170 205
170 220
170 289
170 294
170 300
170 426
170 465
170 468
170 496
170 498
171 195
171 202
171 204
171 221
171 231
171 288
171 297
171 362
171 415
171 441
171 457
171 459
171 482
171 485
172 181
172 223
172 227
172 244
172 282
172 353
172 354
172 363
172 374
172 464
172 484
172 498
173 187
173 226
173 229
173 253
173 275
173 276
173 293
173 298
173 319
173 324
173 338
173 339
173 341
173 360
173 375
173 440
173 456
173 459
173 487
174 176
174 220
174 241
174 267
174 316
174 329
174 334
174 349
174 374
174 383
174 413
174 435
174 439
174 445
174 448
174 453
174 454
174 464
174 479
175 191
175 252
175 271
175 292
175 311
175 316
175 319
175 324
175 356
175 365
175 380
175 392
175 406
175 419
175 420
175 424
175 433
175 435
175 480
175 483
176 181
176 182
176 202
176 220
176 260
176 287
176 291
176 294
176 323
176 333
176 347
176 348
176 368
176 392
176 400
176 412
176 416
176 461
176 490
176 493
177 178
177 187
177 246
177 250
177 287
177 315
177 322
177 344
177 348
177 383
177 387
177 409
177 429
177 433
177 436
177 440
177 454
177 466
178 193
178 210
178 215
178 220
178 270
178 274
178 280
178 288
178 315
178 322
178 343
178 391
178 395
178 409
178 410
178 431
178 432
178 444
178 479
178 492
178 495
179 184
179 193
179 199
179 239
179 244
179 278
179 325
179 341
179 397
179 398
179 422
179 437
179 450
179 461
179 462
179 469
179 473
179 478
179 495
179 499
180 181
180 186
180 195
180 213
180 276
180 281
180 286
180 296
180 339
180 368
180 370
180 371
180 375
180 380
180 395
180 410
180 461
181 187
181 227
181 237
181 273
181 283
181 292
181 356
181 362
181 402
181 409
181 428
181 447
181 458
181 465
181 468
181 475
182 192
182 227
182 231
182 246
182 266
182 278
182 281
182 296
182 306
182 323
182 347
182 377
182 390
182 405
182 463
182 474
182 476
182 492
182 498
183 184
183 215
183 216
183 224
183 227
183 252
183 254
183 285
183 306
183 310
183 319
183 330
183 353
183 383
183 387
183 411
183 431
183 433
183 435
183 440
183 461
183 463
183 492
184 203
184 245
184 246
184 250
184 281
184 294
184 300
184 318
184 335
184 337
184 369
184 392
184 404
184 428
184 431
184 433
184 459
184 461
184 474
184 479
185 213
185 220
185 285
185 291
185 298
185 302
185 331
185 336
185 339
185 370
185 409
185 434
185 439
185 454
185 465
185 467
185 477
186 205
186 224
186 241
186 252
186 256
186 271
186 277
186 301
186 308
186 309
186 324
186 328
186 341
186 351
186 367
186 392
186 409
186 433
186 437
186 450
186 498
187 192
187 196
187 222
187 234
187 243
187 272
187 277
187 285
187 288
187 299
187 306
187 334
187 348
187 351
187 360
187 363
187 365
187 380
187 423
187 427
187 447
187 449
187 452
187 477
188 190
188 200
188 207
188 231
188 239
188 267
188 335
188 344
188 356
188 358
188 373
188 386
188 399
188 400
188 439
188 451
188 459
188 462
188 468
188 479
189 224
189 239
189 246
189 262
189 272
189 280
189 294
189 309
189 317
189 337
189 350
189 358
189 378
189 389
189 408
189 468
189 470
190 199
190 202
190 214
190 216
190 234
190 238
190 240
190 265
190 281
190 283
190 327
190 342
190 347
190 353
190 356
190 359
190 361
190 388
190 409
190 410
190 435
190 440
190 443
190 463
190 466
190 473
191 201
191 214
191 217
191 224
191 227
191 233
191 236
191 241
191 242
191 249
191 251
191 259
191 261
191 274
191 282
191 286
191 313
191 330
191 335
191 356
191 359
191 392
191 405
191 417
191 438
191 461
191 466
192 245
192 276
192 311
192 336
192 337
192 352
192 353
192 367
192 379
192 386
192 397
192 406
192 433
192 434
192 450
192 451
192 467
192 471
193 211
193 225
193 251
193 310
193 370
193 394
193 428
193 434
193 441
193 477
193 496
194 195
194 196
194 224
194 256
194 280
194 315
194 316
194 327
194 328
194 361
194 363
194 368
194 372
194 377
194 403
194 407
194 411
194 414
194 436
194 446
194 452
194 453
194 457
194 463
194 465
194 469
194 478
195 208
195 250
195 252
195 270
195 271
195 276
195 307
195 329
195 332
195 358
195 384
195 447
195 458
195 465
196 240
196 263
196 267
196 276
196 290
196 320
196 348
196 397
196 413
196 417
196 498
197 198
197 203
197 215
197 217
197 305
197 325
197 328
197 330
197 361
197 362
197 375
197 376
197 387
197 395
197 400
197 427
197 434
197 493
198 200
198 257
198 274
198 275
198 283
198 305
198 324
198 448
198 476
198 482
198 491
199 216
199 227
199 232
199 235
199 238
199 256
199 315
199 335
199 339
199 376
199 378
199 388
199 446
199 452
200 228
200 265
200 274
200 280
200 292
200 370
200 381
200 403
200 408
200 421
200 438
200 462
200 464
200 483
200 489
201 205
201 215
201 216
201 222
201 223
201 239
201 251
201 270
201 273
201 284
201 287
201 300
201 309
201 313
201 344
201 361
201 363
201 378
201 382
201 391
201 395
201 407
201 409
201 427
201 442
201 445
201 458
201 477
202 237
202 251
202 261
202 268
202 271
202 276
202 283
202 320
202 327
202 333
202 335
202 356
202 380
202 413
202 435
202 445
202 458
202 461
202 476
202 480
203 220
203 248
203 251
203 254
203 275
203 282
203 292
203 317
203 331
203 345
203 389
203 423
203 428
203 436
203 440
203 443
203 447
203 460
203 463
203 465
204 254
204 286
204 299
204 302
204 312
204 317
204 334
204 353
204 357
204 362
204 370
204 389
204 400
204 415
204 423
204 469
204 488
204 490
204 495
205 239
205 242
205 255
205 261
205 355
205 375
205 385
205 426
205 437
205 445
205 458
205 496
206 228
206 277
206 280
206 290
206 315
206 329
206 330
206 332
206 336
206 343
206 345
206 346
206 350
206 374
206 408
206 421
206 441
206 473
206 481
206 484
206 492
207 222
207 240
207 256
207 265
207 279
207 287
207 296
207 316
207 341
207 359
207 389
207 397
207 398
207 406
207 426
207 435
207 441
207 452
207 483
207 489
208 217
208 259
208 314
208 333
208 357
208 373
208 377
208 387
208 432
208 447
208 472
208 481
209 227
209 247
209 250
209 273
209 299
209 313
209 319
209 337
209 358
209 359
209 374
209 385
209 386
209 395
209 466
209 487
210 248
210 269
210 270
210 276
210 288
210 297
210 307
210 308
210 318
210 332
210 336
210 352
210 399
210 432
210 443
210 484
210 494
211 241
211 253
211 309
211 311
211 313
211 329
211 331
211 336
211 342
211 366
211 408
211 412
211 413
211 421
211 435
211 461
211 477
211 491
212 251
212 265
212 285
212 333
212 348
212 352
212 380
212 391
212 392
212 424
212 439
212 467
212 475
212 488
213 242
213 297
213 298
213 317
213 331
213 346
213 356
213 358
213 377
213 386
213 436
213 449
213 454
213 470
213 480
214 219
214 241
214 246
214 255
214 256
214 274
214 295
214 307
214 338
214 348
214 349
214 366
214 376
214 384
214 385
214 407
214 435
214 438
214 447
214 466
214 472
214 496
215 217
215 231
215 233
215 245
215 336
215 341
215 412
215 428
215 433
216 233
216 304
216 305
216 313
216 316
216 336
216 363
216 376
216 383
216 447
216 452
216 453
216 455
216 465
216 484
217 234
217 271
217 297
217 329
217 352
217 360
217 369
217 399
217 413
217 431
217 440
217 454
217 460
217 476
217 493
217 496
218 220
218 303
218 324
218 330
218 350
218 359
218 378
218 380
218 384
218 414
218 428
218 437
218 448
218 455
218 459
218 485
218 490
219 221
219 222
219 225
219 226
219 229
219 250
219 265
219 275
219 281
219 291
219 298
219 311
219 321
219 326
219 328
219 346
219 355
219 390
219 392
219 399
219 451
219 456
219 458
219 470
219 482
220 271
220 297
220 313
220 369
220 371
220 377
220 391
220 431
220 458
220 467
220 480
220 488
221 251
221 273
221 278
221 304
221 306
221 309
221 346
221 347
221 360
221 365
221 387
221 393
221 409
221 414
221 419
221 422
221 423
221 424
221 430
221 460
221 468
221 479
221 492
222 223
222 227
222 244
222 259
222 261
222 263
222 272
222 295
222 308
222 320
222 328
222 330
222 351
222 356
222 380
222 449
222 470
222 474
222 490
223 227
223 236
223 254
223 283
223 297
223 304
223 325
223 341
223 385
223 406
223 453
223 485
223 493
224 232
224 250
224 255
224 264
224 265
224 270
224 277
224 292
224 293
224 310
224 311
224 335
224 337
224 412
224 413
224 431
224 470
224 477
224 480
225 234
225 235
225 279
225 286
225 294
225 316
225 328
225 334
225 335
225 336
225 339
225 367
225 383
225 402
225 447
225 451
225 465
226 238
226 268
226 289
226 316
226 319
226 327
226 328
226 329
226 335
226 345
226 357
226 378
226 388
226 391
226 409
227 234
227 254
227 270
227 271
227 282
227 322
227 348
227 425
227 456
227 466
227 492
228 239
228 251
228 253
228 260
228 275
228 280
228 311
228 338
228 339
228 341
228 346
228 361
228 371
228 378
228 391
228 404
228 411
228 449
228 451
228 452
228 474
228 477
229 230
229 266
229 273
229 316
229 335
229 364
229 371
229 388
229 391
229 420
229 425
229 456
229 470
230 231
230 288
230 318
230 325
230 340
230 343
230 368
230 370
230 371
230 381
230 422
230 429
230 430
230 456
230 459
230 475
230 488
231 284
231 297
231 307
231 348
231 370
231 374
231 385
231 408
231 410
231 414
231 429
231 445
231 469
232 264
232 266
232 270
232 271
232 277
232 292
232 295
232 300
232 306
232 310
232 334
232 338
232 362
232 375
232 378
232 424
232 428
232 463
232 486
232 499
233 235
233 240
233 248
233 289
233 298
233 319
233 325
233 391
233 395
233 405
233 424
233 432
233 433
233 435
233 437
233 450
233 462
233 470
233 479
234 240
234 267
234 276
234 295
234 324
234 369
234 371
234 373
234 401
234 404
234 409
234 411
234 413
234 429
234 442
235 266
235 283
235 287
235 305
235 369
235 386
235 391
235 399
235 420
235 448
235 451
235 469
235 473
235 487
236 250
236 253
236 262
236 278
236 291
236 293
236 296
236 300
236 309
236 313
236 319
236 333
236 342
236 349
236 370
236 389
236 403
236 420
236 424
236 426
236 443
236 447
236 459
236 462
236 470
236 474
236 496
237 250
237 262
237 286
237 303
237 307
237 320
237 321
237 329
237 377
237 386
237 388
237 392
237 409
237 427
237 432
237 468
238 254
238 281
238 284
238 299
238 309
238 321
238 329
238 343
238 383
238 389
238 402
238 409
238 455
238 458
238 477
238 486
239 257
239 274
239 277
239 289
239 294
239 302
239 303
239 322
239 331
239 360
239 381
239 390
239 398
239 409
239 410
239 426
239 436
239 451
239 466
240 267
240 277
240 294
240 295
240 304
240 313
240 337
240 339
240 377
240 387
240 390
240 406
240 418
240 420
240 424
240 427
240 482
240 486
240 488
241 251
241 255
241 278
241 279
241 291
241 307
241 323
241 337
241 347
241 357
241 373
241 398
241 431
241 451
241 456
241 481
242 269
242 298
242 305
242 315
242 339
242 346
242 352
242 365
242 374
242 382
242 402
242 413
242 444
242 447
242 479
242 480
242 481
242 494
243 257
243 265
243 283
243 312
243 313
243 329
243 337
243 338
243 354
243 357
243 367
243 377
243 412
243 435
243 442
243 446
243 461
243 465
243 471
243 477
244 253
244 256
244 312
244 317
244 319
244 347
244 358
244 374
244 385
244 401
244 435
244 440
244 453
244 454
244 460
244 468
245 287
245 344
245 370
245 390
245 396
245 401
245 410
245 411
245 438
245 442
245 448
245 459
245 485
245 489
245 499
246 250
246 260
246 271
246 314
246 319
246 324
246 347
246 359
246 361
246 364
246 366
246 368
246 377
246 420
246 449
246 451
246 453
246 480
246 497
247 251
247 265
247 274
247 287
247 289
247 301
247 304
247 327
247 332
247 367
247 386
247 388
247 406
247 413
247 430
247 433
247 475
248 271
248 275
248 305
248 332
248 336
248 338
248 364
248 378
248 393
248 414
248 446
248 451
248 456
248 471
248 480
248 486
249 272
249 288
249 289
249 292
249 295
249 316
249 330
249 332
249 335
249 399
249 434
249 450
249 461
249 474
249 496
250 260
250 272
250 275
250 292
250 330
250 339
250 357
250 397
250 425
250 426
250 430
250 435
250 442
250 446
250 449
250 458
250 460
251 262
251 265
251 269
251 294
251 305
251 332
251 345
251 353
251 375
251 407
251 423
251 465
251 475
251 482
251 484
251 498
251 499
252 256
252 272
252 276
252 281
252 307
252 309
252 333
252 347
252 361
252 380
252 387
252 399
252 405
252 411
252 421
252 437
252 449
252 459
252 478
253 257
253 261
253 296
253 303
253 305
253 307
253 348
253 350
253 355
253 405
253 412
253 415
253 420
253 449
253 472
253 489
254 319
254 338
254 369
254 396
254 415
254 417
254 432
254 443
254 450
254 489
254 493
255 262
255 277
255 279
255 283
255 289
255 327
255 367
255 409
255 417
255 439
255 441
255 470
256 264
256 318
256 342
256 350
256 358
256 359
256 363
256 376
256 391
256 434
256 438
256 448
256 451
256 476
256 477
256 479
256 483
257 269
257 285
257 291
257 293
257 296
257 329
257 331
257 335
257 347
257 355
257 379
257 400
257 427
257 433
257 438
257 445
257 453
257 460
257 461
257 495
258 291
258 304
258 318
258 332
258 353
258 354
258 367
258 372
258 398
258 456
258 460
258 470
259 261
259 262
259 267
259 280
259 286
259 292
259 294
259 354
259 380
259 408
259 422
259 446
259 455
259 486
259 489
259 498
260 309
260 334
260 405
260 424
260 430
260 431
261 281
261 325
261 336
261 345
261 378
261 397
261 409
261 415
261 422
261 445
261 468
261 469
261 481
261 483
261 497
262 264
262 266
262 287
262 288
262 307
262 318
262 319
262 322
262 333
262 337
262 353
262 379
262 394
262 421
262 439
262 467
263 267
263 285
263 286
263 297
263 318
263 338
263 363
263 366
263 372
263 374
263 386
263 412
263 423
263 427
263 480
263 484
264 280
264 283
264 318
264 327
264 328
264 356
264 365
264 367
264 370
264 374
264 410
264 432
264 437
264 446
264 474
264 475
264 485
265 278
265 286
265 328
265 351
265 354
265 366
265 428
265 447
265 452
265 483
265 491
265 497
266 272
266 279
266 304
266 315
266 318
266 321
266 357
266 367
266 379
266 381
266 382
266 404
266 424
266 425
266 440
266 444
266 461
266 467
266 469
266 480
266 486
266 494
267 299
267 310
267 313
267 314
267 321
267 326
267 354
267 375
267 379
267 380
267 449
267 454
268 271
268 272
268 304
268 309
268 340
268 360
268 388
268 390
268 391
268 392
268 428
268 436
268 446
268 452
268 496
269 276
269 307
269 402
269 412
269 415
269 421
269 440
269 445
270 337
270 345
270 355
270 384
270 388
270 440
270 456
270 478
270 491
270 498
271 272
271 274
271 278
271 280
271 307
271 342
271 353
271 360
271 430
271 440
271 443
271 451
271 460
271 468
272 276
272 325
272 365
272 372
272 373
272 394
272 425
272 473
272 477
272 489
273 310
273 312
273 328
273 336
273 394
273 397
273 398
273 405
273 421
273 459
273 473
274 339
274 351
274 354
274 370
274 372
274 387
274 400
274 402
274 408
274 430
274 435
274 450
274 455
274 472
274 479
275 287
275 293
275 308
275 314
275 336
275 337
275 344
275 365
275 369
275 377
275 393
275 400
275 454
275 458
275 481
275 487
275 490
276 277
276 286
276 293
276 314
276 326
276 333
276 346
276 350
276 362
276 374
276 379
276 417
276 427
276 492
277 278
277 289
277 290
277 334
277 338
277 364
277 367
277 393
277 398
277 427
277 443
277 458
277 460
277 463
277 475
277 494
278 280
278 303
278 314
278 318
278 341
278 345
278 346
278 378
278 390
278 426
278 434
279 281
279 282
279 285
279 291
279 312
279 315
279 327
279 333
279 358
279 363
279 374
279 400
279 407
279 419
279 455
279 484
280 330
280 339
280 376
280 379
280 385
280 398
280 403
280 425
280 442
280 443
280 452
280 478
281 289
281 295
281 321
281 327
281 328
281 340
281 378
281 386
281 388
281 393
281 395
281 397
281 401
281 440
281 446
281 487
281 498
282 285
282 290
282 291
282 391
282 407
282 436
282 448
282 453
282 460
282 482
282 488
282 491
283 299
283 316
283 338
283 345
283 354
283 355
283 357
283 410
283 413
283 418
283 420
283 454
283 464
283 468
284 286
284 309
284 314
284 324
284 330
284 334
284 386
284 394
284 407
284 426
284 441
284 472
284 476
284 482
284 484
285 302
285 326
285 332
285 377
285 379
285 381
285 389
285 416
285 448
285 450
285 462
286 292
286 320
286 367
286 384
286 396
286 432
286 447
286 459
286 491
286 495
287 316
287 320
287 324
287 354
287 369
287 377
287 381
287 387
287 477
287 486
288 329
288 348
288 354
288 361
288 362
288 364
288 384
288 389
288 428
288 442
288 467
289 293
289 307
289 309
289 358
289 360
289 366
289 368
289 402
289 439
289 467
289 475
289 481
289 492
289 495
289 497
290 344
290 345
290 414
290 463
290 475
290 478
290 483
291 321
291 341
291 388
291 390
291 396
291 422
291 424
291 427
291 428
291 432
291 443
291 478
291 487
292 327
292 329
292 331
292 377
292 379
292 384
292 388
292 422
292 430
292 443
292 484
292 490
292 498
293 294
293 300
293 304
293 353
293 368
293 401
293 415
293 417
293 420
293 430
293 433
293 479
294 304
294 341
294 358
294 389
294 400
294 441
294 444
294 450
294 459
294 474
295 303
295 314
295 337
295 360
295 373
295 382
295 389
295 404
295 437
295 445
295 447
295 462
295 465
295 474
295 492
296 305
296 308
296 329
296 335
296 366
296 399
296 452
296 485
296 488
296 491
296 492
297 306
297 309
297 322
297 325
297 335
297 348
297 373
297 423
297 447
297 466
297 468
297 475
297 480
297 487
298 313
298 335
298 341
298 357
298 358
298 369
298 386
298 462
298 474
298 477
299 308
299 323
299 328
299 339
299 360
299 370
299 431
299 478
300 314
300 321
300 359
300 365
300 401
300 402
300 434
300 436
300 446
300 455
300 456
300 481
300 486
300 488
300 498
301 346
301 380
301 388
301 410
301 413
301 418
301 424
301 438
301 453
301 454
302 315
302 340
302 354
302 442
302 448
302 450
302 455
302 458
302 468
302 498
303 327
303 329
303 331
303 362
303 382
303 387
303 396
303 440
303 448
303 478
303 498
304 310
304 338
304 366
304 411
304 450
304 464
304 474
304 483
304 497
305 322
305 323
305 325
305 384
305 416
305 417
305 424
305 440
305 450
305 454
305 462
305 487
305 496
305 498
306 311
306 340
306 362
306 364
306 371
306 375
306 401
306 427
306 435
306 436
306 448
306 454
307 317
307 348
307 355
307 381
307 386
307 398
307 402
307 428
307 431
307 436
307 455
307 460
307 477
308 343
308 357
308 375
308 394
308 421
308 428
308 446
308 450
308 457
308 471
308 477
308 479
308 488
309 315
309 332
309 357
309 367
309 382
309 387
309 399
309 401
309 404
309 413
309 415
309 472
309 491
310 329
310 334
310 338
310 352
310 357
310 393
310 407
310 413
310 415
310 474
310 477
310 483
310 485
310 491
310 498
311 337
311 379
311 396
311 398
311 401
311 429
312 337
312 338
312 356
312 387
312 392
312 397
312 410
312 439
312 455
312 489
313 319
313 342
313 351
313 355
313 357
313 369
313 373
313 396
313 402
313 427
313 442
313 443
313 450
313 471
313 480
314 320
314 351
314 373
314 401
314 435
314 436
314 446
314 451
314 457
314 491
315 318
315 343
315 406
315 414
315 416
315 427
315 430
315 448
316 320
316 323
316 324
316 359
316 382
316 393
316 415
316 428
316 436
316 450
316 453
316 492
317 355
317 363
317 378
317 447
317 484
317 496
318 336
318 352
318 366
318 375
318 382
318 400
318 412
318 444
318 452
318 461
318 483
318 493
319 331
319 332
319 345
319 358
319 361
319 363
319 367
319 430
319 451
319 454
319 469
319 471
319 479
319 497
319 499
320 333
320 340
320 343
320 376
320 380
320 381
320 413
320 414
320 466
320 473
321 362
321 365
321 379
321 380
321 385
321 408
321 466
322 346
322 348
322 352
322 356
322 394
322 413
322 423
322 433
322 459
322 499
323 339
323 359
323 429
323 442
324 330
324 365
324 385
324 392
324 415
324 437
324 466
324 468
324 479
324 481
324 494
325 352
325 369
325 382
325 388
325 393
325 406
325 417
325 421
325 435
325 453
325 478
325 499
326 327
326 334
326 383
326 392
326 427
326 476
326 499
327 328
327 329
327 336
327 357
327 385
327 387
327 407
327 414
327 415
327 434
327 435
327 464
327 479
328 339
328 398
328 435
328 471
328 475
329 371
329 385
329 409
329 415
329 418
329 423
329 426
329 497
330 363
330 370
330 376
330 394
330 402
330 415
330 428
330 433
330 435
330 437
330 449
330 458
330 466
330 484
330 497
331 338
331 345
331 347
331 375
331 394
331 406
331 407
331 417
331 438
331 444
331 497
331 499
332 355
332 375
332 392
332 396
332 404
332 414
332 418
332 427
332 437
332 453
332 455
332 458
332 461
332 477
333 385
333 402
333 439
333 443
333 454
334 358
334 362
334 373
334 375
334 389
334 392
334 394
334 418
334 419
334 422
334 423
334 455
334 468
334 488
334 490
335 358
335 372
335 375
335 376
335 381
335 398
335 409
335 413
335 424
335 440
335 449
335 459
335 485
336 339
336 350
336 360
336 368
336 413
336 445
336 454
336 455
336 459
336 493
337 368
337 390
337 407
337 420
337 436
337 471
337 482
337 494
338 351
338 354
338 362
338 374
338 375
338 380
338 389
338 398
338 403
338 419
338 422
338 434
338 465
338 467
338 487
339 345
339 346
339 357
339 362
339 381
339 389
339 401
339 418
339 420
339 455
339 473
339 476
339 485
339 494
340 350
340 360
340 366
340 376
340 380
340 430
340 434
340 442
340 446
340 449
340 484
340 486
340 487
340 488
340 490
341 360
341 370
341 403
341 411
341 419
341 436
341 448
341 453
341 458
341 490
342 348
342 369
342 375
342 377
342 393
342 403
342 413
342 448
342 461
342 462
342 478
343 361
343 392
343 395
343 413
343 417
343 437
343 445
343 459
344 354
344 355
344 361
344 366
344 408
344 419
344 423
344 444
344 459
344 489
344 493
345 372
345 379
345 387
345 435
345 439
345 450
345 455
345 480
345 490
345 491
346 435
346 476
346 481
346 495
347 361
347 399
347 402
347 411
347 417
347 419
347 445
347 448
347 462
347 468
347 471
348 410
348 416
348 431
348 440
348 456
348 481
348 492
348 499
349 362
349 364
349 376
349 379
349 397
349 410
349 413
349 439
349 443
349 444
349 449
349 456
349 457
349 476
349 478
350 354
350 368
350 375
350 387
350 388
350 430
350 435
350 461
350 482
350 494
351 357
351 395
351 404
351 410
351 442
351 446
351 464
351 493
352 358
352 367
352 375
352 376
352 382
352 392
352 421
352 454
353 366
353 369
353 375
353 437
353 443
353 463
353 466
354 358
354 363
354 369
354 389
354 399
354 402
354 408
354 432
354 477
354 490
355 367
355 392
355 419
355 424
355 449
355 451
355 461
355 477
356 357
356 359
356 361
356 363
356 368
356 377
356 385
356 402
356 413
356 420
356 430
356 439
356 469
356 485
356 495
357 371
357 441
357 449
357 454
357 461
357 466
357 468
357 485
358 380
358 402
358 416
358 432
358 452
358 454
358 486
358 487
358 496
359 364
359 379
359 380
359 479
359 482
360 374
360 382
360 409
360 413
360 446
360 448
360 481
360 483
360 496
361 380
361 389
361 399
361 410
361 419
361 440
361 466
361 477
361 496
362 412
362 414
362 421
362 448
362 451
362 468
362 475
362 478
362 479
362 493
363 393
363 410
363 472
363 496
364 376
364 432
364 481
364 493
365 370
365 394
365 451
366 367
366 417
366 427
366 441
366 452
367 384
367 410
367 444
367 451
367 476
367 481
368 384
368 438
368 440
368 458
368 461
368 487
368 488
369 372
369 411
369 465
369 469
369 480
369 490
369 492
370 378
370 392
370 418
371 387
371 432
371 434
371 435
371 440
371 444
371 469
372 410
372 418
372 433
372 450
372 468
372 487
373 381
373 402
373 413
373 414
373 427
373 431
373 439
373 442
373 450
373 472
374 387
374 400
374 444
374 446
374 465
374 484
375 414
375 452
375 466
375 483
375 495
375 499
376 384
376 393
376 400
376 402
376 408
376 415
376 430
376 456
376 483
377 381
377 410
377 442
377 458
377 493
377 497
378 382
378 393
378 422
378 426
379 396
379 428
379 446
379 460
379 491
380 388
380 413
380 430
380 439
380 461
380 467
380 480
381 382
381 399
381 408
381 474
381 479
381 481
382 394
382 408
382 444
382 485
382 490
382 494
383 391
383 432
383 456
383 464
383 479
384 387
384 395
384 412
384 469
384 471
384 472
384 497
385 391
385 392
385 410
385 421
385 440
385 443
385 471
385 487
386 391
386 434
386 438
386 481
386 492
387 401
387 426
388 413
388 416
388 444
388 447
388 448
388 461
388 481
389 396
389 474
389 491
390 392
390 415
390 419
390 428
390 466
390 490
391 395
391 399
391 426
391 457
391 470
391 472
391 486
392 400
392 437
392 439
392 459
392 466
392 468
392 498
393 418
393 421
393 428
393 431
393 453
393 458
393 466
394 427
394 456
394 470
394 482
394 487
394 493
395 403
395 406
395 486
396 409
396 419
396 424
396 459
396 462
396 473
396 485
396 494
397 402
397 432
397 479
398 430
398 451
398 453
398 458
398 488
398 489
399 406
399 413
399 434
399 435
399 463
399 487
399 491
400 443
400 460
400 461
400 481
400 485
400 494
401 406
401 425
401 453
401 462
401 486
401 491
401 494
402 415
402 419
402 428
402 439
402 451
402 463
403 407
403 439
403 448
403 461
403 468
403 481
403 483
403 490
403 494
404 424
404 431
404 478
405 416
405 419
405 427
405 442
405 443
405 477
405 492
406 407
406 411
406 419
406 429
406 453
406 457
406 470
406 484
407 410
407 423
407 433
407 434
407 438
407 455
407 461
408 450
408 453
408 455
408 476
408 479
408 490
408 493
409 425
409 429
409 433
409 455
410 445
410 462
410 499
411 414
411 415
411 436
412 422
412 430
412 431
412 435
412 444
412 449
412 499
413 422
413 440
413 443
414 419
414 429
414 441
414 459
414 498
415 424
415 450
415 455
415 465
416 445
416 449
416 499
417 424
417 435
417 454
417 465
417 471
417 484
417 490
418 430
418 455
418 465
418 481
418 486
418 494
419 426
419 465
419 466
419 485
419 491
420 426
420 428
420 430
420 437
420 446
420 476
420 498
421 471
421 498
422 435
422 454
422 483
422 490
423 426
423 428
423 430
423 442
423 446
423 458
423 461
423 465
423 468
423 489
424 427
424 442
424 478
425 427
425 432
425 462
425 470
426 428
426 460
426 469
426 470
426 486
426 493
428 434
428 447
428 460
428 465
428 487
429 448
430 452
430 456
430 461
430 496
431 463
431 479
431 492
432 485
433 458
433 492
433 493
434 480
434 491
435 440
435 442
435 443
435 478
435 491
435 495
436 455
437 439
437 451
437 464
437 474
437 476
438 452
438 454
438 456
438 472
438 475
438 487
438 489
438 499
439 450
439 472
439 487
441 444
441 455
441 456
441 458
441 462
441 475
442 458
442 485
443 497
444 453
444 467
444 473
444 491
445 452
445 459
445 468
445 484
445 488
446 458
446 459
446 482
446 495
447 475
447 479
447 487
447 492
448 464
448 494
448 498
449 458
449 499
450 474
450 491
451 467
451 471
451 489
451 496
451 497
451 499
452 456
452 463
452 467
452 484
452 499
453 464
453 474
453 482
453 486
453 487
454 461
455 468
455 491
456 478
457 465
457 477
457 494
458 476
458 477
458 481
459 475
459 477
461 496
462 481
462 485
463 467
463 496
464 465
464 496
465 471
466 472
466 474
467 471
467 472
467 495
469 486
469 489
470 498
471 499
472 474
472 485
472 491
472 499
474 479
475 477
475 490
478 479
479 482
481 493
484 485
485 491
487 493
488 497
489 496
