400 4741 0.2
0 26
0 64
0 65
0 77
0 105
0 137
0 154
0 163
0 164
0 171
0 174
0 178
0 191
0 253
0 278
0 282
0 301
0 326
0 332
0 341
0 366
0 388
0 391
1 2
1 13
1 35
1 120
1 124
1 156
1 157
1 178
1 208
1 209
1 231
1 239
1 258
1 267
1 269
1 271
1 283
1 314
1 344
1 348
1 356
1 386
2 6
2 14
2 19
2 28
2 30
2 48
2 70
2 117
2 130
2 139
2 171
2 182
2 191
2 213
2 250
2 259
2 275
2 374
2 380
2 382
2 389
2 390
2 396
3 8
3 12
3 14
3 17
3 32
3 38
3 44
3 53
3 72
3 89
3 91
3 94
3 103
3 116
3 131
3 136
3 147
3 170
3 173
3 175
3 192
3 227
3 243
3 254
3 291
3 353
3 355
3 360
3 361
3 371
3 374
3 383
3 398
4 7
4 18
4 35
4 43
4 45
4 53
4 55
4 102
4 111
4 122
4 131
4 148
4 164
4 169
4 174
4 201
4 204
4 226
4 246
4 257
4 259
4 279
4 368
4 373
4 378
4 392
5 70
5 79
5 83
5 85
5 96
5 103
5 120
5 153
5 214
5 224
5 252
5 257
5 274
5 281
5 282
5 305
5 342
5 374
5 378
5 384
5 386
6 7
6 15
6 26
6 40
6 42
6 58
6 79
6 131
6 139
6 145
6 158
6 163
6 182
6 191
6 209
6 269
6 270
6 288
6 320
6 334
6 344
7 13
7 28
7 32
7 63
7 81
7 82
7 85
7 125
7 169
7 271
7 273
7 289
7 312
7 337
7 340
7 365
7 371
7 374
7 381
7 399
8 12
8 16
8 40
8 58
8 67
8 75
8 77
8 93
8 94
8 99
8 108
8 135
8 136
8 139
8 166
8 169
8 195
8 205
8 215
8 226
8 228
8 243
8 244
8 245
8 294
8 302
8 338
8 354
8 356
8 362
8 364
9 13
9 24
9 36
9 39
9 59
9 88
9 99
9 128
9 149
9 204
9 210
9 213
9 219
9 225
9 233
9 238
9 249
9 277
9 281
9 282
9 330
9 338
9 343
9 354
9 373
9 379
9 385
9 394
10 22
10 35
10 62
10 69
10 79
10 84
10 111
10 167
10 172
10 182
10 185
10 212
10 229
10 241
10 257
10 258
10 288
10 342
10 352
10 356
10 366
10 370
10 379
11 63
11 74
11 98
11 99
11 121
11 138
11 143
11 168
11 174
11 185
11 211
11 212
11 230
11 286
11 390
12 29
12 49
12 65
12 67
12 90
12 107
12 117
12 118
12 128
12 143
12 161
12 174
12 179
12 183
12 217
12 232
12 234
12 271
12 291
12 354
12 359
12 366
12 375
12 386
13 20
13 21
13 42
13 46
13 61
13 72
13 112
13 122
13 146
13 148
13 167
13 174
13 181
13 201
13 217
13 238
13 245
13 282
13 284
13 288
13 303
13 307
13 311
13 312
13 315
13 323
13 328
13 330
13 338
13 354
13 371
13 383
13 386
14 37
14 62
14 106
14 131
14 175
14 182
14 184
14 203
14 215
14 225
14 247
14 253
14 258
14 281
14 352
14 363
14 367
15 19
15 24
15 53
15 72
15 82
15 83
15 95
15 129
15 136
15 139
15 175
15 213
15 217
15 219
15 247
15 259
15 264
15 319
15 357
16 18
16 31
16 37
16 40
16 52
16 60
16 66
16 88
16 104
16 180
16 185
16 187
16 195
16 240
16 243
16 263
16 277
16 281
16 308
16 380
16 396
17 33
17 62
17 67
17 89
17 102
17 125
17 134
17 138
17 174
17 176
17 192
17 220
17 240
17 272
17 287
17 292
17 296
17 298
17 322
18 28
18 34
18 43
18 45
18 60
18 62
18 68
18 107
18 126
18 137
18 169
18 172
18 173
18 232
18 251
18 257
18 261
18 279
18 295
18 309
18 332
18 339
18 340
18 341
18 350
18 365
18 381
18 395
18 399
19 24
19 25
19 61
19 91
19 104
19 110
19 111
19 126
19 135
19 152
19 167
19 177
19 187
19 202
19 207
19 210
19 212
19 214
19 216
19 227
19 256
19 262
19 280
19 303
19 313
19 319
19 351
19 368
19 370
19 371
19 381
20 31
20 62
20 68
20 72
20 109
20 110
20 121
20 128
20 135
20 162
20 172
20 178
20 180
20 183
20 188
20 200
20 216
20 252
20 264
20 290
20 307
20 364
20 369
21 25
21 65
21 80
21 94
21 100
21 115
21 190
21 224
21 240
21 250
21 276
21 295
21 302
21 304
21 310
21 311
21 328
21 369
21 391
22 31
22 39
22 55
22 66
22 67
22 78
22 93
22 122
22 135
22 162
22 165
22 186
22 191
22 205
22 258
22 294
22 318
22 339
22 357
22 358
22 364
22 371
22 376
22 393
23 35
23 67
23 89
23 93
23 100
23 108
23 137
23 138
23 156
23 162
23 175
23 197
23 223
23 232
23 249
23 262
23 293
23 302
23 306
23 330
23 381
23 383
23 396
24 50
24 53
24 133
24 168
24 176
24 177
24 196
24 225
24 251
24 266
24 271
24 277
24 285
24 287
24 302
24 327
24 354
24 369
24 372
24 396
25 54
25 87
25 89
25 106
25 111
25 125
25 167
25 192
25 194
25 204
25 205
25 206
25 251
25 255
25 265
25 267
25 279
25 285
25 298
25 324
25 332
25 357
25 364
25 390
26 31
26 73
26 87
26 115
26 125
26 139
26 171
26 180
26 183
26 200
26 238
26 240
26 264
26 277
26 282
26 306
26 318
26 322
26 344
26 351
26 362
26 385
26 394
27 30
27 90
27 94
27 107
27 115
27 120
27 133
27 148
27 153
27 173
27 175
27 189
27 195
27 196
27 201
27 250
27 260
27 266
27 293
27 304
27 309
27 323
27 346
27 347
27 352
27 368
27 378
27 384
27 395
28 37
28 46
28 66
28 93
28 136
28 145
28 155
28 184
28 192
28 209
28 216
28 240
28 296
29 80
29 86
29 92
29 100
29 110
29 111
29 114
29 118
29 122
29 135
29 138
29 143
29 157
29 160
29 179
29 200
29 208
29 209
29 239
29 264
29 274
29 294
29 303
29 321
29 329
29 365
29 382
29 390
30 33
30 83
30 107
30 111
30 112
30 126
30 161
30 183
30 193
30 196
30 198
30 199
30 211
30 228
30 247
30 293
30 319
30 358
30 360
31 33
31 38
31 39
31 52
31 83
31 108
31 157
31 161
31 174
31 182
31 212
31 223
31 256
31 258
31 280
31 286
31 289
31 299
31 311
31 315
31 317
31 323
31 326
31 332
31 364
31 373
31 398
31 399
32 47
32 54
32 55
32 56
32 102
32 107
32 117
32 121
32 129
32 144
32 161
32 189
32 205
32 294
32 298
32 353
32 361
32 371
32 375
33 36
33 52
33 62
33 65
33 117
33 135
33 164
33 174
33 179
33 213
33 220
33 272
33 280
33 298
33 311
33 341
33 350
33 353
33 365
33 394
34 63
34 129
34 147
34 194
34 204
34 235
34 267
34 276
34 278
34 289
34 295
34 301
34 335
34 350
34 368
34 383
35 56
35 99
35 107
35 110
35 112
35 120
35 136
35 150
35 151
35 152
35 168
35 182
35 241
35 279
35 293
35 302
35 308
35 316
35 333
35 340
35 367
35 373
35 382
36 38
36 53
36 78
36 83
36 99
36 102
36 134
36 194
36 196
36 205
36 226
36 228
36 233
36 256
36 264
36 314
36 316
36 329
36 340
36 349
36 354
36 357
36 358
36 361
36 391
36 399
37 65
37 79
37 114
37 136
37 169
37 189
37 197
37 200
37 282
37 284
37 287
37 290
37 307
37 318
37 373
37 379
37 382
38 48
38 57
38 63
38 71
38 76
38 81
38 97
38 121
38 128
38 161
38 163
38 167
38 179
38 193
38 252
38 271
38 277
38 322
38 336
38 343
38 365
38 367
38 374
38 375
39 56
39 62
39 133
39 145
39 155
39 169
39 194
39 201
39 212
39 273
39 285
39 345
39 348
39 350
39 352
39 376
39 387
40 81
40 99
40 112
40 116
40 122
40 136
40 157
40 164
40 168
40 209
40 213
40 228
40 245
40 253
40 262
40 265
40 324
40 326
40 327
40 338
40 341
40 347
40 360
41 42
41 49
41 55
41 57
41 58
41 65
41 84
41 96
41 142
41 149
41 150
41 151
41 155
41 180
41 196
41 207
41 216
41 224
41 242
41 257
41 259
41 260
41 306
41 309
41 325
41 335
41 351
41 371
42 49
42 116
42 135
42 181
42 214
42 222
42 229
42 234
42 235
42 243
42 262
42 263
42 264
42 280
42 292
42 335
42 365
42 381
43 51
43 54
43 109
43 133
43 142
43 179
43 230
43 238
43 250
43 265
43 280
43 283
43 288
43 329
43 332
43 382
44 47
44 61
44 63
44 146
44 153
44 160
44 198
44 200
44 230
44 237
44 241
44 251
44 268
44 308
44 334
44 350
44 368
45 54
45 64
45 67
45 74
45 101
45 115
45 123
45 124
45 143
45 162
45 210
45 217
45 219
45 267
45 289
45 316
45 325
45 326
45 344
46 51
46 71
46 112
46 113
46 117
46 128
46 130
46 139
46 152
46 156
46 161
46 165
46 223
46 230
46 239
46 244
46 271
46 300
46 303
46 314
46 325
46 327
46 377
46 387
47 111
47 128
47 129
47 148
47 168
47 226
47 283
47 308
47 315
47 317
47 319
47 326
47 374
47 388
47 398
48 55
48 70
48 81
48 91
48 96
48 145
48 153
48 174
48 218
48 238
48 265
48 296
48 332
48 333
48 367
49 61
49 112
49 116
49 125
49 196
49 268
49 286
49 296
49 303
49 345
49 390
50 59
50 75
50 89
50 100
50 115
50 131
50 134
50 180
50 190
50 214
50 255
50 257
50 301
50 307
50 323
50 331
50 338
50 344
50 358
50 359
50 361
50 375
50 383
50 388
50 391
51 57
51 62
51 71
51 74
51 75
51 80
51 84
51 97
51 109
51 121
51 126
51 132
51 159
51 163
51 185
51 210
51 217
51 225
51 238
51 273
51 282
51 293
51 295
51 319
51 324
51 341
52 90
52 114
52 123
52 140
52 160
52 169
52 175
52 203
52 224
52 295
52 312
52 318
52 324
52 327
52 332
52 341
53 57
53 79
53 81
53 84
53 92
53 94
53 107
53 121
53 128
53 148
53 155
53 196
53 204
53 207
53 215
53 229
53 230
53 256
53 312
53 338
53 347
53 388
53 390
53 397
54 55
54 65
54 70
54 83
54 125
54 134
54 136
54 180
54 183
54 192
54 213
54 226
54 261
54 270
54 296
54 342
54 368
54 381
54 383
54 396
55 75
55 81
55 88
55 107
55 113
55 131
55 149
55 160
55 162
55 166
55 171
55 176
55 186
55 191
55 261
55 266
55 289
55 301
55 311
55 319
55 320
55 328
55 337
55 356
55 368
55 373
55 379
56 74
56 76
56 119
56 126
56 147
56 167
56 170
56 182
56 187
56 203
56 223
56 310
56 311
56 334
56 347
56 365
56 386
56 392
56 393
57 64
57 94
57 96
57 101
57 109
57 119
57 132
57 136
57 151
57 178
57 186
57 204
57 205
57 211
57 221
57 230
57 242
57 264
57 266
57 320
57 321
57 330
57 332
57 364
58 74
58 77
58 81
58 83
58 84
58 101
58 108
58 110
58 148
58 155
58 172
58 186
58 188
58 195
58 198
58 211
58 237
58 239
58 240
58 293
58 316
58 359
58 364
58 372
59 61
59 78
59 93
59 130
59 173
59 176
59 192
59 212
59 277
59 288
59 293
59 298
59 318
59 336
59 349
59 380
59 384
59 398
60 63
60 108
60 162
60 177
60 195
60 198
60 205
60 213
60 223
60 239
60 331
60 341
60 358
60 363
60 372
60 376
60 398
61 100
61 149
61 154
61 169
61 178
61 186
61 201
61 231
61 244
61 253
61 257
61 309
61 322
61 326
61 337
61 380
61 390
62 94
62 123
62 141
62 145
62 169
62 213
62 279
62 281
62 283
62 308
62 311
62 313
62 316
62 317
62 339
62 348
62 368
62 375
62 393
63 77
63 78
63 82
63 84
63 94
63 110
63 121
63 143
63 182
63 241
63 248
63 254
63 271
63 281
63 283
63 298
63 318
63 325
63 337
64 83
64 87
64 97
64 103
64 158
64 169
64 171
64 182
64 184
64 203
64 218
64 240
64 252
64 253
64 284
64 332
64 356
64 364
64 388
64 391
65 70
65 81
65 91
65 99
65 115
65 140
65 153
65 154
65 169
65 202
65 235
65 236
65 240
65 242
65 255
65 262
65 287
65 295
65 302
65 314
65 334
65 353
65 381
65 389
66 67
66 72
66 98
66 123
66 134
66 140
66 177
66 235
66 250
66 280
66 313
66 326
66 336
66 338
66 367
66 369
66 386
66 389
66 394
67 68
67 84
67 96
67 98
67 101
67 103
67 121
67 136
67 140
67 142
67 158
67 167
67 172
67 177
67 196
67 203
67 219
67 221
67 234
67 249
67 254
67 257
67 281
67 290
67 293
67 302
67 314
67 327
67 334
67 343
67 346
67 368
68 83
68 111
68 163
68 182
68 195
68 196
68 198
68 199
68 212
68 227
68 241
68 244
68 266
68 284
68 311
68 316
68 326
68 344
68 345
68 368
68 375
68 376
69 73
69 128
69 132
69 136
69 142
69 153
69 172
69 182
69 210
69 226
69 233
69 257
69 259
69 294
69 326
69 354
69 355
69 360
69 379
70 135
70 143
70 202
70 205
70 254
70 285
70 287
70 314
70 342
70 397
71 91
71 99
71 144
71 155
71 157
71 160
71 169
71 182
71 199
71 200
71 209
71 227
71 237
71 248
71 261
71 265
71 274
71 276
71 295
71 329
71 334
71 342
71 349
71 362
71 379
71 394
71 399
72 91
72 95
72 102
72 117
72 140
72 171
72 191
72 209
72 214
72 221
72 223
72 224
72 258
72 259
72 276
72 318
72 322
72 337
72 379
73 91
73 106
73 109
73 124
73 138
73 149
73 150
73 151
73 191
73 199
73 275
73 286
73 311
73 369
73 385
73 392
74 107
74 118
74 121
74 170
74 175
74 207
74 229
74 238
74 240
74 259
74 261
74 262
74 287
74 325
74 331
74 350
74 352
74 353
74 355
74 392
75 82
75 95
75 125
75 130
75 135
75 172
75 204
75 218
75 258
75 301
75 303
75 305
75 308
75 313
75 314
75 325
75 336
75 354
75 357
75 364
75 366
75 378
75 393
76 119
76 120
76 125
76 158
76 180
76 209
76 214
76 221
76 230
76 258
76 259
76 323
76 335
76 370
76 373
76 377
77 95
77 156
77 161
77 182
77 198
77 213
77 223
77 224
77 270
77 285
77 301
77 343
77 397
78 90
78 104
78 114
78 119
78 121
78 145
78 150
78 155
78 207
78 235
78 257
78 370
78 374
78 386
79 99
79 107
79 124
79 141
79 202
79 217
79 218
79 269
79 273
79 275
79 280
79 326
79 341
79 343
79 361
79 364
79 384
79 394
79 398
80 81
80 109
80 111
80 114
80 128
80 151
80 154
80 157
80 165
80 177
80 191
80 230
80 236
80 252
80 283
80 321
80 339
80 381
80 387
80 391
80 399
81 95
81 129
81 178
81 184
81 213
81 223
81 251
81 262
81 263
81 283
81 307
81 314
81 323
81 355
81 378
82 94
82 96
82 111
82 112
82 127
82 141
82 176
82 199
82 200
82 243
82 256
82 264
82 314
82 334
82 353
82 375
82 388
82 395
82 399
83 85
83 87
83 140
83 237
83 238
83 247
83 293
83 312
83 331
83 344
83 346
83 347
83 349
83 352
83 379
83 381
83 398
84 90
84 107
84 110
84 111
84 118
84 127
84 133
84 140
84 169
84 212
84 215
84 219
84 225
84 252
84 296
84 353
85 94
85 95
85 101
85 110
85 119
85 141
85 154
85 182
85 187
85 222
85 246
85 270
85 311
85 327
85 337
85 348
85 387
86 103
86 108
86 131
86 139
86 146
86 149
86 157
86 182
86 198
86 221
86 234
86 267
86 275
86 289
86 305
86 325
86 338
86 344
86 367
86 372
86 384
87 91
87 118
87 120
87 160
87 168
87 189
87 195
87 209
87 235
87 291
87 302
87 356
87 368
87 376
88 122
88 134
88 164
88 167
88 186
88 190
88 197
88 206
88 209
88 212
88 220
88 225
88 248
88 274
88 289
88 296
88 307
88 322
88 325
88 349
89 90
89 92
89 95
89 148
89 149
89 160
89 164
89 170
89 180
89 195
89 241
89 248
89 303
89 305
89 323
89 346
90 97
90 101
90 122
90 124
90 145
90 201
90 223
90 230
90 272
90 291
90 317
90 326
90 347
90 370
91 97
91 152
91 204
91 206
91 231
91 241
91 245
91 249
91 251
91 258
91 261
91 262
91 269
91 277
91 286
91 309
91 320
91 362
91 377
92 94
92 116
92 129
92 177
92 180
92 186
92 192
92 195
92 202
92 204
92 211
92 240
92 285
92 291
92 298
92 321
92 396
93 97
93 106
93 107
93 109
93 112
93 132
93 149
93 174
93 176
93 177
93 187
93 217
93 273
93 289
93 332
93 351
93 366
93 377
93 387
93 388
94 96
94 128
94 140
94 157
94 173
94 204
94 210
94 224
94 235
94 238
94 268
94 278
94 283
94 314
94 333
94 359
94 372
94 383
94 392
95 105
95 137
95 149
95 176
95 206
95 209
95 210
95 295
95 301
95 310
95 393
96 99
96 120
96 154
96 157
96 162
96 177
96 183
96 194
96 251
96 294
96 297
96 339
96 342
96 355
96 361
96 381
96 386
96 390
97 101
97 111
97 121
97 128
97 135
97 188
97 212
97 233
97 236
97 253
97 254
97 278
97 348
97 374
97 379
97 389
98 148
98 149
98 158
98 176
98 178
98 195
98 199
98 206
98 223
98 229
98 246
98 255
98 272
98 298
98 332
98 373
99 110
99 123
99 128
99 129
99 159
99 179
99 180
99 187
99 192
99 206
99 239
99 270
99 288
99 305
99 311
99 323
99 338
99 375
99 378
99 387
100 118
100 154
100 161
100 176
100 182
100 195
100 202
100 209
100 227
100 288
100 295
100 303
100 307
100 335
100 375
100 382
101 102
101 109
101 114
101 134
101 153
101 155
101 196
101 203
101 224
101 236
101 241
101 267
101 274
101 280
101 281
101 283
101 297
101 312
101 327
101 336
101 346
101 353
101 361
101 384
101 392
101 399
102 113
102 145
102 146
102 148
102 199
102 247
102 315
102 328
102 340
102 350
102 364
103 109
103 114
103 173
103 194
103 198
103 200
103 207
103 209
103 236
103 247
103 253
103 278
103 300
103 330
103 336
103 385
103 398
104 119
104 138
104 154
104 159
104 165
104 175
104 182
104 249
104 255
104 301
104 318
104 328
104 348
105 127
105 128
105 139
105 151
105 198
105 203
105 247
105 254
105 290
105 291
105 310
105 318
105 326
105 358
105 377
105 379
105 380
105 395
106 119
106 123
106 129
106 144
106 149
106 156
106 157
106 211
106 232
106 237
106 258
106 264
106 297
106 303
106 307
106 320
106 329
106 350
106 385
107 111
107 130
107 146
107 155
107 187
107 188
107 192
107 194
107 195
107 221
107 251
107 255
107 268
107 282
107 299
107 313
107 324
107 343
107 376
107 377
107 385
107 388
108 114
108 124
108 167
108 171
108 172
108 183
108 191
108 226
108 240
108 261
108 276
108 290
108 292
108 312
108 335
108 357
108 368
108 380
108 382
109 122
109 132
109 172
109 229
109 250
109 252
109 282
109 287
109 303
109 307
109 310
109 315
109 326
109 345
109 353
109 360
109 381
109 388
110 141
110 172
110 179
110 181
110 200
110 228
110 237
110 244
110 268
110 287
110 298
110 312
110 331
110 348
110 351
110 387
110 390
111 126
111 138
111 160
111 173
111 194
111 225
111 248
111 269
111 280
111 300
111 302
111 312
111 315
111 316
111 319
111 326
111 343
111 344
111 350
111 353
111 361
111 367
111 373
111 379
111 384
112 115
112 130
112 135
112 136
112 141
112 157
112 159
112 164
112 177
112 190
112 196
112 231
112 253
112 254
112 282
112 289
112 300
112 333
112 348
112 366
112 399
113 136
113 191
113 197
113 199
113 214
113 220
113 226
113 241
113 243
113 245
113 348
113 373
113 375
113 387
114 117
114 146
114 160
114 182
114 205
114 232
114 234
114 255
114 280
114 281
114 283
114 299
114 318
114 336
114 339
114 379
114 397
115 133
115 157
115 195
115 207
115 213
115 223
115 233
115 237
115 286
115 305
115 347
115 355
115 376
115 385
115 395
115 399
116 146
116 210
116 268
116 284
116 285
116 299
116 330
116 337
116 342
116 343
116 355
116 395
117 195
117 199
117 219
117 243
117 256
117 262
117 278
117 314
117 323
117 330
117 336
117 345
117 377
117 398
118 135
118 144
118 146
118 147
118 179
118 189
118 191
118 197
118 198
118 205
118 278
118 280
118 286
118 306
118 308
118 330
118 337
118 341
118 355
118 364
118 371
119 133
119 136
119 140
119 149
119 163
119 166
119 193
119 210
119 242
119 257
119 266
119 293
119 303
119 339
119 342
119 354
119 393
120 131
120 136
120 142
120 157
120 176
120 202
120 253
120 348
120 350
120 357
120 367
120 376
120 388
121 129
121 130
121 131
121 148
121 155
121 179
121 197
121 199
121 213
121 239
121 296
121 321
121 359
121 370
121 382
121 385
121 390
122 124
122 129
122 166
122 198
122 214
122 215
122 223
122 229
122 230
122 244
122 249
122 270
122 295
122 333
122 345
122 369
123 132
123 143
123 148
123 163
123 171
123 172
123 192
123 196
123 213
123 229
123 237
123 241
123 268
123 273
123 285
123 300
123 301
123 302
123 323
123 352
123 367
123 369
123 378
124 125
124 133
124 137
124 141
124 147
124 170
124 221
124 225
124 234
124 238
124 247
124 252
124 273
124 289
124 290
124 330
124 371
125 135
125 150
125 159
125 168
125 178
125 201
125 202
125 204
125 230
125 233
125 249
125 278
125 282
125 312
125 326
125 327
125 328
125 347
125 391
125 392
126 130
126 173
126 200
126 201
126 267
126 291
126 297
126 328
126 337
126 341
126 370
126 391
127 149
127 165
127 175
127 196
127 207
127 208
127 219
127 255
127 283
127 303
127 326
127 333
127 343
127 354
127 376
127 381
128 132
128 153
128 193
128 229
128 234
128 251
128 252
128 273
128 277
128 288
128 295
128 306
128 312
128 325
128 342
128 379
128 399
129 173
129 216
129 255
129 288
129 306
129 359
129 397
130 180
130 184
130 185
130 189
130 191
130 211
130 272
130 340
130 358
130 376
130 385
130 386
130 392
130 395
131 132
131 141
131 142
131 154
131 168
131 182
131 191
131 227
131 234
131 236
131 246
131 247
131 263
131 283
131 286
131 311
131 328
131 366
131 376
131 379
131 392
132 142
132 152
132 174
132 183
132 184
132 211
132 236
132 268
132 277
132 299
132 300
132 312
132 342
132 347
132 391
133 166
133 196
133 201
133 211
133 214
133 216
133 283
133 302
133 314
133 315
133 337
133 344
133 349
133 372
133 373
133 392
133 395
133 397
134 144
134 145
134 176
134 205
134 211
134 226
134 242
134 252
134 264
134 309
134 341
134 360
134 376
135 172
135 180
135 193
135 204
135 208
135 232
135 251
135 261
135 312
135 329
135 337
135 341
135 354
135 364
135 369
135 396
136 161
136 162
136 205
136 210
136 229
136 264
136 303
136 328
136 343
136 344
136 345
136 359
137 158
137 160
137 162
137 172
137 177
137 193
137 198
137 227
137 228
137 242
137 263
137 289
137 337
137 379
137 388
138 140
138 175
138 182
138 203
138 228
138 229
138 230
138 298
138 321
138 351
138 357
138 360
138 365
138 379
138 383
139 159
139 182
139 200
139 218
139 231
139 244
139 248
139 277
139 285
139 286
139 315
139 317
139 322
139 326
139 348
139 366
139 373
139 377
139 399
140 158
140 175
140 191
140 197
140 228
140 235
140 336
140 350
140 362
140 396
140 398
141 169
141 179
141 183
141 202
141 212
141 218
141 219
141 225
141 232
141 238
141 257
141 258
141 279
141 304
141 328
141 346
141 353
141 361
141 363
142 145
142 194
142 196
142 199
142 214
142 234
142 244
142 245
142 253
142 281
142 284
142 286
142 307
142 313
142 330
142 345
142 368
142 381
143 158
143 189
143 205
143 232
143 242
143 253
143 262
143 282
143 305
143 310
143 311
143 327
144 167
144 197
144 231
144 269
144 271
144 287
144 316
144 354
144 358
144 362
144 367
145 152
145 163
145 169
145 171
145 177
145 185
145 208
145 221
145 223
145 224
145 236
145 254
145 265
145 295
145 335
145 340
145 361
145 364
145 372
145 377
145 379
145 394
146 151
146 173
146 181
146 184
146 186
146 209
146 224
146 234
146 263
146 271
146 275
146 296
146 313
146 325
146 331
146 360
146 369
146 390
146 399
147 156
147 172
147 174
147 190
147 203
147 219
147 230
147 259
147 266
147 276
147 279
147 282
147 299
147 314
147 351
147 352
147 372
147 376
147 383
147 393
147 395
148 151
148 186
148 197
148 207
148 217
148 219
148 222
148 271
148 272
148 292
148 297
148 309
148 351
148 376
148 395
149 164
149 166
149 175
149 179
149 183
149 258
149 290
149 307
149 355
149 374
149 390
150 171
150 181
150 198
150 201
150 211
150 262
150 270
150 274
150 282
150 292
150 302
150 310
150 317
151 171
151 187
151 246
151 293
151 301
151 303
151 316
151 359
151 382
152 155
152 168
152 200
152 215
152 220
152 227
152 252
152 279
152 295
152 336
152 353
152 359
152 369
152 382
152 399
153 184
153 189
153 213
153 244
153 292
153 294
153 296
153 308
153 309
153 382
154 174
154 175
154 210
154 233
154 234
154 262
154 272
154 279
154 297
154 308
154 310
154 318
154 330
154 347
154 364
154 381
154 386
155 163
155 198
155 230
155 231
155 240
155 257
155 260
155 286
155 303
155 306
155 319
155 322
155 345
155 353
155 357
155 381
156 215
156 216
156 231
156 252
156 292
156 293
156 349
156 353
156 359
156 378
156 383
156 390
157 189
157 209
157 251
157 256
157 269
157 285
157 296
157 305
157 309
157 312
157 313
157 315
157 326
157 390
157 393
158 167
158 168
158 199
158 202
158 220
158 238
158 248
158 255
158 262
158 266
158 268
158 280
158 289
158 294
158 309
158 340
158 348
158 390
159 194
159 213
159 250
159 312
159 317
159 328
159 379
159 396
160 185
160 201
160 202
160 220
160 264
160 277
160 300
160 303
160 308
160 336
160 337
160 366
160 371
160 386
160 390
160 398
161 163
161 166
161 173
161 220
161 223
161 236
161 243
161 247
161 278
161 295
161 323
161 354
161 364
161 377
161 378
161 386
161 398
162 184
162 189
162 209
162 225
162 244
162 254
162 311
162 323
162 344
162 345
162 365
162 378
162 394
163 166
163 175
163 181
163 234
163 254
163 260
163 261
163 277
163 280
163 311
163 319
163 322
163 380
164 200
164 207
164 211
164 223
164 229
164 265
164 283
164 287
164 343
164 385
165 173
165 196
165 206
165 208
165 229
165 265
165 283
165 314
165 360
165 365
165 379
165 380
165 389
166 194
166 204
166 211
166 234
166 253
166 263
166 271
166 272
166 297
166 317
166 349
166 370
166 373
167 168
167 185
167 253
167 259
167 260
167 291
167 303
167 320
167 343
167 375
168 177
168 189
168 207
168 229
168 251
168 302
168 308
168 326
168 338
168 346
168 347
168 350
168 363
168 389
168 397
169 219
169 246
169 254
169 293
169 295
169 297
169 302
169 313
169 327
169 344
169 345
169 348
169 353
169 355
169 357
169 369
170 187
170 220
170 251
170 304
170 306
170 327
170 337
170 385
171 177
171 184
171 219
171 227
171 234
171 295
171 298
171 308
171 334
171 335
171 337
171 342
171 359
171 371
171 377
171 399
172 202
172 212
172 264
172 296
172 320
172 369
172 392
172 397
173 186
173 232
173 249
173 260
173 286
173 316
173 324
173 325
173 341
173 347
173 348
174 185
174 187
174 204
174 218
174 227
174 229
174 245
174 256
174 283
174 339
174 350
174 390
175 177
175 207
175 217
175 239
175 257
175 260
175 275
175 282
175 294
175 329
175 339
175 348
175 350
175 397
175 398
176 194
176 212
176 241
176 245
176 247
176 257
176 268
176 328
176 395
177 183
177 184
177 188
177 208
177 211
177 219
177 224
177 225
177 227
177 242
177 283
177 308
177 311
177 329
177 339
177 397
178 222
178 241
178 279
178 345
178 364
178 367
178 381
179 186
179 212
179 215
179 244
179 284
179 316
179 335
179 350
179 351
179 389
179 398
180 196
180 208
180 214
180 229
180 240
180 242
180 276
180 279
180 300
180 323
180 340
180 349
180 375
181 243
181 249
181 257
181 266
181 285
181 289
181 302
181 304
181 306
181 308
181 311
181 318
181 335
181 345
181 355
181 362
181 363
181 367
181 396
182 195
182 202
182 203
182 228
182 231
182 233
182 255
182 320
182 321
182 324
182 339
182 352
182 356
182 362
183 185
183 187
183 195
183 217
183 221
183 232
183 251
183 254
183 274
183 295
183 299
183 328
183 337
183 341
184 197
184 240
184 252
184 301
184 321
184 349
184 352
184 374
184 377
184 380
184 382
184 386
185 217
185 224
185 270
185 271
185 282
185 314
185 333
185 345
185 389
186 187
186 194
186 234
186 235
186 253
186 278
186 304
186 308
186 347
186 364
186 379
186 386
186 391
187 199
187 201
187 215
187 350
187 363
187 384
188 197
188 216
188 246
188 255
188 289
188 292
188 293
188 295
188 297
188 301
188 303
188 344
188 352
188 355
188 357
188 387
189 193
189 225
189 231
189 258
189 260
189 261
189 264
189 267
189 269
189 279
189 344
189 355
189 369
189 392
190 192
190 223
190 224
190 229
190 230
190 245
190 253
190 257
190 289
190 299
190 322
190 332
190 342
190 351
190 354
190 366
191 241
191 245
191 266
191 267
191 269
191 271
191 285
191 288
191 291
191 304
191 309
191 328
191 348
191 355
191 371
191 380
191 390
191 394
192 208
192 240
192 262
192 273
192 286
192 330
192 352
192 392
192 396
193 209
193 218
193 229
193 237
193 255
193 269
193 283
193 292
193 310
193 351
193 363
194 208
194 211
194 217
194 223
194 241
194 263
194 272
194 290
194 297
194 315
194 331
194 361
194 379
195 210
195 230
195 250
195 270
195 271
195 276
195 327
195 357
195 362
196 211
196 225
196 234
196 241
196 258
196 279
196 297
196 327
196 337
196 348
196 349
196 379
197 226
197 229
197 258
197 270
197 287
197 289
197 301
197 311
197 334
197 339
197 344
197 359
197 380
197 389
197 392
198 204
198 209
198 215
198 242
198 275
198 312
198 321
198 365
198 383
198 398
199 220
199 237
199 273
199 291
199 295
199 313
199 323
199 345
199 359
200 204
200 251
200 271
200 282
200 290
200 294
200 311
200 337
200 361
200 367
200 382
201 215
201 241
201 275
201 312
201 324
201 328
201 330
201 337
201 340
201 343
201 356
201 362
201 381
201 383
202 216
202 222
202 232
202 237
202 247
202 266
202 298
202 334
202 336
202 366
202 378
202 381
203 208
203 216
203 241
203 252
203 375
204 227
204 229
204 236
204 238
204 242
204 284
204 295
204 299
204 320
204 335
204 355
204 363
204 387
204 391
204 399
205 207
205 216
205 226
205 275
205 290
205 307
205 314
205 320
205 321
205 348
205 362
205 370
205 379
205 384
205 387
205 391
206 208
206 214
206 231
206 268
206 304
206 322
206 323
206 332
206 338
206 340
206 341
206 352
206 358
206 388
206 393
206 396
207 240
207 245
207 266
207 291
207 293
207 302
207 316
207 332
207 337
207 341
207 365
207 368
207 374
207 378
208 211
208 226
208 272
208 276
208 279
208 311
208 351
208 368
209 228
209 234
209 244
209 249
209 263
209 267
209 270
209 280
209 301
209 324
209 345
209 350
209 353
209 354
209 368
209 376
209 377
209 381
210 225
210 237
210 242
210 257
210 296
210 331
210 350
210 358
210 369
210 375
210 384
210 385
210 399
211 235
211 246
211 264
211 295
211 307
211 333
211 365
211 386
211 387
212 282
212 341
212 353
212 363
212 383
213 265
213 279
213 319
213 321
213 324
213 340
213 359
213 360
213 362
213 369
213 382
214 221
214 233
214 264
214 268
214 295
214 299
214 318
214 325
214 366
214 367
214 382
214 386
215 238
215 267
215 283
215 295
215 303
215 316
215 327
215 332
215 333
215 334
215 340
215 347
215 349
215 360
215 396
216 250
216 294
216 309
216 323
216 329
216 343
216 387
217 239
217 250
217 316
217 322
217 351
217 359
217 368
217 394
217 397
218 230
218 247
218 255
218 261
218 271
218 273
218 275
218 289
218 326
218 335
218 353
218 356
218 366
218 368
218 383
218 396
219 260
219 262
219 264
219 276
219 280
219 309
219 311
219 323
219 354
219 355
220 224
220 226
220 233
220 246
220 291
220 294
220 296
220 305
220 321
220 334
220 370
220 394
220 395
221 246
221 250
221 274
221 286
221 302
221 308
221 320
221 336
221 345
221 349
221 362
221 385
222 260
222 276
222 302
222 321
222 323
222 345
222 347
222 363
222 384
222 385
223 229
223 239
223 274
223 277
223 291
223 341
223 344
223 355
223 364
223 382
223 386
224 235
224 242
224 248
224 256
224 262
224 264
224 281
224 291
224 322
224 350
225 233
225 259
225 268
225 280
225 282
225 310
225 317
225 356
225 374
225 383
226 230
226 287
226 312
226 331
226 334
226 345
226 363
227 278
227 283
227 285
227 319
227 335
227 337
227 342
227 363
227 391
228 263
228 303
228 310
228 311
228 337
228 341
228 369
228 380
229 231
229 266
229 275
229 279
229 281
229 288
229 306
229 314
229 345
229 347
229 356
229 368
229 387
230 234
230 249
230 254
230 273
230 279
230 287
230 303
230 345
230 350
230 353
230 361
230 370
230 371
230 373
230 381
231 240
231 262
231 264
231 276
231 285
231 302
231 317
231 319
231 324
231 325
231 349
231 355
231 358
231 385
231 397
232 268
232 304
232 316
232 331
232 341
232 358
232 368
232 392
233 266
233 291
233 294
233 337
233 361
233 379
233 381
234 253
234 260
234 271
234 276
234 285
234 300
234 307
234 308
234 334
234 351
234 357
234 382
235 296
235 305
235 345
235 370
235 383
236 244
236 253
236 263
236 304
236 318
236 321
236 322
236 360
236 370
236 389
236 392
236 399
237 257
237 270
237 273
237 324
237 328
237 339
237 389
238 255
238 278
238 282
238 303
238 308
238 311
238 320
238 322
238 323
238 328
238 338
238 339
238 364
238 367
238 368
238 378
238 380
239 262
239 264
239 270
239 271
239 294
239 298
239 320
239 332
239 340
239 351
239 365
239 368
239 380
240 269
240 290
240 299
240 302
240 303
240 327
240 381
240 395
240 396
241 261
241 263
241 266
241 277
241 280
241 306
241 338
241 344
241 350
241 353
241 365
241 373
242 244
242 263
242 266
242 272
242 275
242 282
242 290
242 294
242 298
242 317
242 327
242 345
242 350
242 373
242 377
242 381
242 389
242 394
242 396
243 263
243 267
243 271
243 274
243 288
243 304
243 316
243 330
243 341
243 346
243 390
243 392
244 256
244 284
244 336
244 339
244 374
244 396
244 398
245 246
245 268
245 275
245 278
245 280
245 282
245 292
245 295
245 298
245 305
245 322
245 356
245 358
245 359
245 365
245 397
245 398
246 248
246 256
246 276
246 291
246 292
246 302
246 337
246 350
246 385
246 394
247 264
247 274
247 292
247 302
247 306
247 307
247 318
247 319
247 327
247 341
247 345
247 358
247 378
247 381
248 263
248 280
248 290
248 330
248 341
248 354
248 360
248 375
248 383
248 390
249 250
249 269
249 270
249 276
249 336
249 345
249 352
250 254
250 273
250 307
250 352
251 254
251 284
251 289
251 294
251 306
251 333
251 379
252 258
252 294
252 300
252 307
252 315
252 320
252 328
252 335
252 342
252 344
252 374
252 390
253 277
253 287
253 293
253 297
253 311
253 314
253 316
253 325
253 345
253 363
253 395
254 256
254 258
254 268
254 293
254 308
254 329
254 369
254 378
254 380
254 390
254 399
255 265
255 290
255 298
255 323
255 324
255 346
255 357
255 358
255 374
255 376
256 257
256 260
256 274
256 300
256 307
256 325
256 336
256 355
256 362
256 384
256 396
257 265
257 275
257 283
257 286
257 315
257 322
257 337
257 343
257 346
257 385
258 304
258 331
258 333
258 338
258 352
258 364
258 373
259 262
259 286
259 291
259 314
259 317
259 355
260 266
260 289
260 318
260 343
260 356
260 395
261 276
261 285
261 288
261 304
261 318
261 323
261 361
261 367
261 388
261 394
262 279
262 283
262 312
262 325
262 338
262 341
262 345
262 347
262 348
262 357
262 373
262 389
263 311
263 314
263 323
263 342
263 369
263 388
263 392
264 308
264 321
264 328
264 340
264 347
264 365
264 376
264 377
264 381
264 382
264 393
265 283
266 272
266 325
266 330
266 357
266 364
267 291
267 351
267 369
267 371
267 388
268 293
268 344
268 366
269 270
269 273
269 283
269 295
269 299
269 328
269 342
269 343
270 308
270 312
270 326
270 329
270 340
270 345
270 392
270 395
271 297
271 321
271 332
271 380
271 381
271 383
272 281
272 304
272 311
272 320
272 336
272 346
273 305
273 318
273 383
273 397
274 283
274 290
274 307
274 316
274 328
274 341
274 342
274 344
274 356
274 359
274 366
274 385
275 298
275 327
275 340
275 345
275 390
276 297
276 301
276 342
276 360
276 377
277 319
277 321
277 329
277 338
277 339
277 342
277 373
277 378
277 386
277 392
278 283
278 288
278 310
278 315
278 324
278 377
279 283
279 298
279 314
279 353
279 359
279 381
279 385
279 393
279 396
279 397
280 289
280 310
280 311
280 369
280 374
280 387
281 283
281 315
281 330
281 334
281 340
281 384
281 393
282 292
282 300
282 321
282 390
283 292
283 302
283 305
283 323
283 329
283 330
283 349
283 360
283 373
283 380
283 383
283 389
284 286
284 293
284 326
284 342
284 381
284 384
284 393
285 292
285 293
285 313
285 322
285 327
285 332
285 384
285 393
285 398
286 289
286 299
286 302
286 342
286 345
286 361
287 353
287 367
288 300
288 316
288 324
288 327
288 385
288 389
288 397
289 319
289 337
289 356
289 380
289 386
289 397
290 291
290 323
290 326
290 338
291 334
291 337
291 365
291 376
291 381
291 398
292 348
292 361
293 301
293 363
294 337
294 395
294 399
295 326
295 329
295 341
295 348
295 354
296 299
296 311
296 349
296 356
296 378
297 299
297 313
297 317
297 323
297 332
297 334
297 336
297 338
297 375
298 315
298 346
298 352
298 366
298 369
298 381
298 389
298 395
298 396
299 308
299 329
299 333
299 361
299 365
299 372
299 380
299 397
300 337
300 342
300 343
300 345
300 350
300 381
301 324
301 325
301 343
301 364
301 372
301 373
302 308
302 325
302 336
302 349
302 387
303 310
303 312
303 313
303 329
303 335
303 353
303 361
303 371
303 385
304 320
304 335
304 345
304 355
304 367
304 385
304 397
305 341
305 364
306 327
306 339
306 340
306 376
306 378
306 395
306 398
307 309
307 322
307 343
307 358
307 366
307 374
307 395
307 396
307 399
308 313
308 346
308 352
308 368
308 373
308 375
308 384
308 386
309 361
309 368
309 372
309 393
309 399
310 312
310 317
310 344
310 378
310 379
310 396
311 324
311 329
311 331
311 342
311 353
311 357
311 362
311 364
311 383
311 399
312 325
312 343
312 346
312 365
312 395
312 399
313 333
313 334
313 350
313 366
313 389
314 324
314 338
314 356
314 372
314 374
314 375
314 379
314 384
315 325
315 378
316 374
316 375
317 319
317 339
317 366
317 389
317 397
318 322
318 329
318 348
318 390
319 341
319 363
319 365
319 374
319 391
320 339
320 360
320 363
320 368
320 375
320 378
320 380
320 381
321 332
321 341
322 330
322 350
322 352
322 364
322 377
322 392
322 397
323 373
323 375
323 382
324 357
324 358
324 366
324 369
324 370
324 387
324 398
325 369
326 327
326 371
326 372
326 398
327 349
327 361
327 372
327 394
328 333
328 335
328 338
328 339
328 350
328 352
328 374
328 389
329 343
329 346
329 362
330 366
330 372
330 391
331 337
331 366
331 373
331 395
332 334
332 365
332 385
332 392
333 361
333 373
333 394
334 345
334 354
334 373
335 350
335 364
335 380
336 344
336 368
336 370
336 380
336 383
337 341
337 384
338 360
338 373
338 395
339 357
339 365
339 398
340 361
340 393
341 359
341 360
341 365
341 366
341 372
341 386
341 396
342 379
342 391
343 346
343 358
343 366
343 398
344 353
344 357
344 362
344 373
344 394
345 360
345 393
346 351
346 356
346 373
346 384
347 361
347 378
347 379
347 390
348 350
348 361
348 379
348 386
349 366
350 355
350 383
350 386
351 358
351 361
351 362
351 391
352 372
352 375
352 391
352 395
353 371
353 386
354 361
354 366
355 359
355 387
355 388
355 395
356 375
358 367
358 384
358 389
358 396
359 382
360 381
360 394
361 377
361 378
362 383
363 392
364 373
364 378
364 380
364 395
365 392
365 393
366 382
366 385
366 394
367 374
367 381
367 385
367 386
369 379
369 392
369 393
370 381
370 385
371 375
371 378
373 378
373 381
374 397
375 377
375 388
375 394
375 398
376 379
376 383
378 391
380 390
380 399
381 388
381 395
382 392
383 397
384 396
385 392
386 389
386 391
387 393
388 391
388 398
389 398
390 393
391 397
398 399
