500 7633 0.8
0 5
0 7
0 11
0 17
0 31
0 46
0 52
0 57
0 81
0 83
0 137
0 149
0 167
0 170
0 194
0 223
0 227
0 229
0 233
0 235
0 264
0 298
0 312
0 313
0 340
0 370
0 459
0 464
1 12
1 16
1 57
1 60
1 67
1 72
1 74
1 99
1 111
1 125
1 132
1 153
1 182
1 184
1 193
1 196
1 222
1 251
1 276
1 291
1 318
1 331
1 336
1 363
1 370
1 374
1 416
1 463
1 472
1 477
1 483
2 17
2 19
2 28
2 37
2 40
2 52
2 85
2 112
2 115
2 136
2 137
2 168
2 170
2 173
2 185
2 194
2 198
2 203
2 204
2 217
2 228
2 241
2 248
2 257
2 260
2 263
2 266
2 271
2 291
2 293
2 319
2 326
2 350
2 362
2 404
2 412
2 424
2 446
2 469
3 28
3 40
3 45
3 49
3 55
3 57
3 62
3 106
3 109
3 135
3 151
3 160
3 161
3 181
3 183
3 191
3 257
3 295
3 332
3 368
3 369
3 371
3 377
3 378
3 414
3 429
3 432
3 438
3 439
3 462
3 488
4 35
4 51
4 67
4 73
4 76
4 78
4 104
4 112
4 125
4 149
4 150
4 157
4 171
4 187
4 220
4 234
4 272
4 274
4 300
4 313
4 333
4 344
4 353
4 356
4 357
4 414
4 420
4 424
4 427
4 447
4 468
4 483
5 25
5 29
5 47
5 62
5 88
5 105
5 111
5 130
5 170
5 188
5 203
5 208
5 231
5 248
5 308
5 373
5 386
5 393
5 397
5 399
5 422
5 427
5 456
5 484
5 487
6 41
6 55
6 71
6 75
6 90
6 97
6 122
6 209
6 235
6 241
6 268
6 304
6 319
6 359
6 363
6 365
6 374
6 389
6 404
6 405
6 425
6 429
6 432
6 457
6 468
6 473
6 488
6 497
7 23
7 28
7 38
7 58
7 70
7 72
7 73
7 83
7 89
7 123
7 124
7 125
7 146
7 181
7 184
7 204
7 215
7 223
7 244
7 253
7 255
7 257
7 282
7 295
7 303
7 307
7 319
7 331
7 362
7 366
7 395
7 399
7 402
7 414
7 418
7 428
7 437
7 469
7 481
7 484
8 27
8 40
8 41
8 52
8 74
8 75
8 85
8 94
8 95
8 132
8 144
8 181
8 214
8 232
8 236
8 295
8 297
8 305
8 309
8 322
8 325
8 331
8 364
8 404
8 408
8 445
8 466
8 476
8 490
9 22
9 23
9 24
9 75
9 76
9 91
9 100
9 110
9 126
9 150
9 185
9 186
9 189
9 215
9 232
9 254
9 263
9 298
9 349
9 354
9 375
9 377
9 387
9 389
9 421
9 458
9 495
10 20
10 21
10 23
10 32
10 33
10 46
10 88
10 106
10 114
10 131
10 155
10 170
10 173
10 175
10 179
10 183
10 200
10 263
10 281
10 287
10 288
10 291
10 346
10 362
10 376
10 404
10 425
10 429
10 434
10 456
10 499
11 16
11 20
11 22
11 50
11 90
11 91
11 103
11 104
11 109
11 130
11 143
11 169
11 193
11 239
11 265
11 267
11 305
11 309
11 316
11 317
11 327
11 355
11 360
11 362
11 368
11 384
11 386
11 408
11 420
11 465
11 469
11 485
12 21
12 23
12 43
12 53
12 73
12 100
12 108
12 130
12 141
12 147
12 200
12 238
12 255
12 259
12 282
12 326
12 339
12 366
12 371
12 406
12 420
12 428
12 457
12 464
12 466
12 475
12 489
13 17
13 22
13 29
13 43
13 75
13 99
13 106
13 107
13 113
13 126
13 134
13 138
13 183
13 185
13 186
13 189
13 223
13 240
13 260
13 272
13 277
13 278
13 306
13 309
13 325
13 330
13 340
13 350
13 359
13 382
13 397
13 417
13 438
14 31
14 36
14 38
14 41
14 68
14 74
14 80
14 98
14 126
14 149
14 154
14 159
14 171
14 204
14 214
14 249
14 259
14 265
14 274
14 279
14 283
14 298
14 317
14 341
14 345
14 357
14 359
14 360
14 366
14 367
14 371
14 379
14 430
14 463
14 470
14 472
15 23
15 39
15 49
15 88
15 94
15 117
15 120
15 121
15 156
15 166
15 178
15 195
15 198
15 206
15 252
15 254
15 283
15 287
15 288
15 300
15 324
15 341
15 346
15 352
15 354
15 359
15 383
15 390
15 410
15 426
15 445
15 447
15 467
15 487
15 493
16 52
16 73
16 90
16 95
16 117
16 135
16 146
16 149
16 157
16 183
16 246
16 249
16 258
16 266
16 279
16 286
16 287
16 294
16 295
16 299
16 303
16 306
16 319
16 345
16 363
16 367
16 373
16 396
16 423
16 435
16 442
16 461
16 485
16 497
17 36
17 44
17 92
17 122
17 166
17 188
17 189
17 235
17 242
17 256
17 266
17 270
17 276
17 296
17 321
17 324
17 371
17 384
17 444
17 482
18 29
18 31
18 52
18 65
18 69
18 107
18 159
18 191
18 198
18 201
18 222
18 226
18 277
18 285
18 320
18 346
18 354
18 370
18 401
18 402
18 436
18 493
19 34
19 55
19 58
19 66
19 69
19 73
19 78
19 109
19 134
19 156
19 157
19 172
19 181
19 184
19 232
19 257
19 263
19 264
19 274
19 278
19 293
19 296
19 333
19 352
19 353
19 357
19 359
19 372
19 386
19 387
19 423
19 469
19 475
19 478
19 479
19 486
19 494
20 21
20 27
20 49
20 67
20 71
20 75
20 98
20 103
20 127
20 150
20 153
20 159
20 188
20 211
20 231
20 232
20 239
20 245
20 268
20 282
20 303
20 318
20 343
20 366
20 379
20 400
20 426
20 429
20 430
20 458
20 474
20 482
21 22
21 52
21 61
21 75
21 93
21 95
21 110
21 112
21 114
21 140
21 143
21 149
21 163
21 176
21 185
21 186
21 205
21 206
21 223
21 237
21 265
21 276
21 277
21 280
21 288
21 296
21 334
21 336
21 337
21 352
21 362
21 370
21 380
21 404
21 427
21 454
21 458
21 476
21 489
22 25
22 35
22 52
22 85
22 113
22 118
22 144
22 150
22 180
22 193
22 208
22 222
22 253
22 263
22 270
22 286
22 295
22 320
22 325
22 326
22 354
22 355
22 364
22 410
22 412
22 414
22 438
22 445
22 452
22 455
22 462
22 472
23 31
23 80
23 92
23 95
23 121
23 125
23 134
23 145
23 162
23 175
23 195
23 224
23 234
23 278
23 308
23 350
23 359
23 370
23 376
23 388
23 394
23 441
23 449
23 458
23 481
24 32
24 38
24 66
24 72
24 107
24 115
24 130
24 136
24 160
24 163
24 166
24 174
24 178
24 184
24 186
24 240
24 241
24 263
24 266
24 270
24 275
24 281
24 285
24 310
24 352
24 375
24 391
24 420
24 451
24 455
24 469
24 475
24 489
24 491
24 492
25 27
25 29
25 59
25 68
25 70
25 80
25 105
25 136
25 141
25 149
25 176
25 204
25 222
25 242
25 269
25 297
25 300
25 331
25 333
25 353
25 374
25 386
25 388
25 390
25 422
25 427
25 440
25 457
25 463
25 466
25 475
25 477
25 482
26 27
26 90
26 169
26 180
26 191
26 202
26 227
26 269
26 273
26 279
26 283
26 307
26 351
26 391
26 421
26 438
26 451
26 468
26 473
26 484
26 491
27 44
27 60
27 63
27 75
27 81
27 94
27 104
27 118
27 140
27 194
27 206
27 255
27 269
27 289
27 295
27 319
27 342
27 343
27 353
27 362
27 364
27 371
27 406
27 408
27 416
27 442
27 443
27 488
28 32
28 51
28 78
28 100
28 108
28 118
28 150
28 194
28 223
28 227
28 229
28 237
28 239
28 248
28 272
28 280
28 320
28 334
28 335
28 365
28 372
28 401
28 436
28 450
28 466
28 476
28 484
29 36
29 58
29 63
29 84
29 93
29 97
29 107
29 130
29 157
29 173
29 183
29 193
29 197
29 203
29 207
29 224
29 227
29 237
29 242
29 260
29 272
29 290
29 292
29 301
29 311
29 319
29 329
29 335
29 357
29 382
29 393
29 400
29 424
29 449
29 455
29 482
29 487
29 499
30 73
30 83
30 90
30 96
30 101
30 138
30 148
30 149
30 158
30 192
30 204
30 207
30 220
30 234
30 245
30 251
30 263
30 265
30 292
30 312
30 316
30 323
30 327
30 329
30 354
30 363
30 381
30 458
30 460
30 461
30 470
30 474
30 483
31 46
31 74
31 78
31 95
31 111
31 123
31 125
31 138
31 181
31 190
31 192
31 202
31 203
31 217
31 300
31 319
31 353
31 367
31 372
31 397
31 400
31 402
31 466
31 499
32 36
32 51
32 54
32 67
32 90
32 95
32 97
32 100
32 113
32 114
32 115
32 153
32 188
32 239
32 265
32 274
32 275
32 276
32 295
32 298
32 299
32 323
32 336
32 370
32 390
32 433
32 451
32 452
32 462
32 486
32 492
33 94
33 99
33 111
33 132
33 135
33 137
33 159
33 174
33 176
33 185
33 187
33 214
33 228
33 249
33 251
33 282
33 292
33 297
33 303
33 308
33 320
33 325
33 340
33 376
33 415
33 438
33 441
33 485
33 488
33 492
33 495
33 497
34 35
34 75
34 81
34 112
34 117
34 119
34 131
34 150
34 157
34 159
34 216
34 218
34 227
34 243
34 265
34 269
34 317
34 318
34 323
34 330
34 346
34 347
34 359
34 378
34 385
34 395
34 396
34 410
34 456
34 470
35 70
35 93
35 100
35 115
35 166
35 197
35 207
35 216
35 219
35 220
35 257
35 282
35 286
35 310
35 350
35 359
35 367
35 390
35 413
35 472
35 486
36 40
36 45
36 58
36 91
36 113
36 115
36 119
36 125
36 153
36 194
36 213
36 220
36 221
36 253
36 261
36 316
36 321
36 348
36 369
36 372
36 389
36 398
36 421
36 439
36 449
36 452
36 461
36 482
37 45
37 47
37 57
37 66
37 81
37 91
37 102
37 129
37 135
37 142
37 152
37 169
37 179
37 181
37 185
37 194
37 222
37 237
37 273
37 295
37 301
37 310
37 314
37 349
37 366
37 378
37 401
37 408
37 415
37 432
37 442
37 456
37 470
37 473
38 39
38 44
38 62
38 65
38 79
38 107
38 113
38 117
38 125
38 127
38 164
38 179
38 186
38 191
38 205
38 232
38 263
38 270
38 277
38 331
38 334
38 342
38 363
38 369
38 371
38 377
38 385
38 393
38 408
38 415
38 456
38 472
38 473
38 487
38 489
38 494
39 43
39 47
39 63
39 94
39 107
39 111
39 144
39 154
39 212
39 230
39 256
39 259
39 286
39 299
39 300
39 301
39 302
39 314
39 344
39 347
39 351
39 364
39 374
39 386
39 389
39 404
39 405
39 430
39 464
39 473
40 48
40 50
40 56
40 101
40 102
40 110
40 187
40 211
40 221
40 239
40 272
40 287
40 316
40 374
40 389
40 401
40 412
40 414
40 432
40 469
40 477
40 486
40 495
41 87
41 109
41 130
41 166
41 177
41 179
41 193
41 215
41 273
41 277
41 313
41 332
41 358
41 364
41 365
41 393
41 411
41 415
41 452
41 479
41 498
42 58
42 62
42 73
42 87
42 134
42 150
42 169
42 196
42 208
42 234
42 249
42 253
42 329
42 339
42 361
42 365
42 397
42 422
42 436
42 468
42 471
42 472
43 60
43 120
43 121
43 142
43 159
43 163
43 179
43 201
43 211
43 225
43 249
43 287
43 288
43 290
43 296
43 328
43 350
43 387
43 395
43 420
43 475
43 496
44 46
44 56
44 74
44 104
44 106
44 120
44 139
44 154
44 168
44 174
44 183
44 196
44 212
44 271
44 278
44 290
44 304
44 347
44 353
44 361
44 382
44 439
44 456
44 485
45 69
45 79
45 94
45 105
45 125
45 155
45 161
45 176
45 217
45 258
45 273
45 348
45 353
45 358
45 363
45 383
45 404
45 411
45 427
45 449
45 492
46 53
46 69
46 94
46 100
46 112
46 113
46 127
46 131
46 155
46 201
46 234
46 274
46 294
46 312
46 317
46 329
46 330
46 337
46 351
46 355
46 358
46 360
46 362
46 385
46 387
46 424
46 441
46 461
46 474
46 484
46 486
46 496
47 71
47 90
47 126
47 137
47 161
47 198
47 199
47 206
47 207
47 213
47 217
47 226
47 254
47 267
47 273
47 277
47 313
47 344
47 355
47 406
47 435
47 477
47 492
48 50
48 56
48 71
48 89
48 162
48 194
48 211
48 223
48 227
48 243
48 261
48 311
48 338
48 341
48 342
48 344
48 381
48 403
48 413
48 416
48 417
48 422
48 442
48 467
48 493
49 68
49 85
49 94
49 108
49 115
49 161
49 174
49 201
49 202
49 228
49 242
49 285
49 288
49 296
49 311
49 320
49 329
49 340
49 379
49 394
49 411
49 413
49 416
49 422
49 463
49 464
49 468
49 469
49 475
49 480
49 486
49 497
50 56
50 57
50 83
50 85
50 94
50 99
50 108
50 149
50 157
50 180
50 199
50 201
50 215
50 226
50 284
50 288
50 307
50 309
50 313
50 315
50 319
50 341
50 373
50 387
50 407
50 433
50 452
50 456
50 458
50 490
51 56
51 88
51 109
51 112
51 118
51 135
51 144
51 172
51 184
51 197
51 229
51 233
51 254
51 256
51 257
51 274
51 299
51 319
51 420
51 444
51 465
52 76
52 93
52 96
52 98
52 113
52 120
52 136
52 154
52 155
52 191
52 197
52 217
52 251
52 252
52 254
52 269
52 277
52 293
52 296
52 322
52 345
52 365
52 375
52 377
52 384
52 413
52 428
52 438
52 451
52 456
52 466
52 475
52 481
52 486
52 492
53 66
53 104
53 106
53 128
53 155
53 183
53 192
53 224
53 265
53 309
53 323
53 349
53 412
53 421
53 424
53 426
53 432
53 436
53 450
53 478
54 59
54 105
54 113
54 123
54 147
54 174
54 220
54 272
54 284
54 303
54 305
54 336
54 350
54 360
54 367
54 376
54 382
54 386
54 398
54 432
54 444
54 459
54 460
54 495
55 60
55 68
55 78
55 79
55 82
55 88
55 101
55 108
55 114
55 131
55 164
55 168
55 186
55 203
55 217
55 233
55 267
55 270
55 316
55 330
55 337
55 339
55 342
55 349
55 372
55 402
55 412
55 446
55 448
55 449
55 457
55 463
55 477
55 491
55 494
56 76
56 82
56 86
56 115
56 118
56 123
56 136
56 173
56 185
56 211
56 213
56 227
56 240
56 248
56 261
56 279
56 306
56 325
56 350
56 364
56 365
56 369
56 379
56 391
56 399
56 423
56 431
56 439
56 440
57 74
57 78
57 91
57 101
57 123
57 143
57 149
57 166
57 168
57 179
57 186
57 198
57 200
57 217
57 220
57 232
57 285
57 310
57 314
57 331
57 351
57 369
57 377
57 380
57 386
57 389
57 404
57 427
57 451
57 477
58 59
58 76
58 86
58 97
58 156
58 182
58 220
58 231
58 238
58 242
58 386
58 407
58 417
58 453
58 454
58 455
58 461
58 492
58 493
59 104
59 113
59 134
59 178
59 180
59 199
59 228
59 231
59 236
59 257
59 310
59 312
59 320
59 387
59 390
59 402
59 408
59 425
59 432
59 436
59 443
59 475
59 494
60 82
60 83
60 90
60 109
60 149
60 151
60 192
60 239
60 284
60 290
60 317
60 331
60 335
60 357
60 361
60 391
60 401
60 437
60 477
61 65
61 80
61 81
61 119
61 129
61 151
61 176
61 178
61 200
61 227
61 256
61 289
61 308
61 343
61 357
61 359
61 372
61 376
61 385
61 461
61 481
62 73
62 149
62 156
62 160
62 177
62 193
62 218
62 228
62 247
62 254
62 256
62 259
62 295
62 349
62 359
62 371
62 397
62 429
62 474
62 481
62 491
62 497
63 78
63 86
63 95
63 130
63 138
63 149
63 185
63 192
63 208
63 247
63 306
63 370
63 381
63 384
63 398
63 410
63 432
63 435
63 453
63 457
63 470
63 478
63 486
63 491
64 68
64 127
64 131
64 132
64 136
64 165
64 198
64 209
64 236
64 256
64 294
64 296
64 316
64 341
64 358
64 359
64 377
64 395
64 416
64 438
64 477
65 91
65 121
65 136
65 144
65 147
65 151
65 167
65 174
65 180
65 190
65 205
65 234
65 250
65 268
65 290
65 321
65 343
65 346
65 351
65 389
65 418
65 479
65 491
66 76
66 77
66 108
66 117
66 119
66 156
66 164
66 180
66 209
66 214
66 228
66 232
66 250
66 289
66 294
66 310
66 324
66 333
66 352
66 355
66 389
66 416
66 429
66 455
66 467
66 489
67 132
67 155
67 219
67 230
67 293
67 310
67 339
67 344
67 434
67 457
67 461
67 470
67 481
67 487
67 494
67 498
68 82
68 129
68 140
68 173
68 183
68 184
68 190
68 220
68 229
68 267
68 308
68 314
68 356
68 363
68 389
68 399
68 412
68 488
68 490
68 498
69 89
69 130
69 134
69 149
69 150
69 152
69 164
69 176
69 211
69 217
69 222
69 242
69 255
69 262
69 269
69 310
69 315
69 316
69 332
69 351
69 353
69 432
69 435
69 440
69 472
69 488
69 495
70 94
70 108
70 140
70 155
70 159
70 166
70 183
70 201
70 204
70 249
70 251
70 257
70 263
70 275
70 279
70 286
70 307
70 328
70 334
70 340
70 414
70 443
70 457
70 469
70 476
70 492
71 79
71 85
71 88
71 138
71 158
71 164
71 166
71 197
71 220
71 256
71 260
71 293
71 295
71 310
71 314
71 322
71 333
71 354
71 376
71 377
71 384
71 398
71 423
71 434
71 496
71 497
72 122
72 137
72 138
72 184
72 193
72 197
72 213
72 248
72 251
72 256
72 262
72 290
72 296
72 320
72 322
72 394
72 434
72 458
72 478
72 480
73 101
73 117
73 122
73 136
73 145
73 160
73 193
73 208
73 212
73 216
73 219
73 223
73 333
73 362
73 365
73 377
73 390
73 397
73 414
73 430
73 455
73 472
73 488
74 75
74 94
74 104
74 150
74 190
74 208
74 282
74 299
74 325
74 347
74 373
74 382
74 384
74 390
74 414
74 483
74 495
74 499
75 82
75 83
75 87
75 93
75 97
75 104
75 134
75 143
75 181
75 185
75 236
75 238
75 246
75 274
75 290
75 300
75 307
75 311
75 321
75 346
75 413
75 416
75 430
75 453
75 461
75 472
75 474
75 480
75 481
75 490
75 496
76 89
76 115
76 120
76 130
76 148
76 157
76 178
76 187
76 207
76 216
76 256
76 259
76 277
76 290
76 294
76 299
76 300
76 305
76 310
76 324
76 337
76 357
76 361
76 389
76 397
76 419
76 427
76 428
76 429
76 448
76 461
76 472
76 478
76 482
76 499
77 79
77 80
77 108
77 121
77 124
77 125
77 135
77 144
77 175
77 221
77 231
77 276
77 283
77 292
77 300
77 319
77 328
77 329
77 331
77 366
77 426
77 440
77 448
77 449
78 143
78 149
78 153
78 157
78 161
78 166
78 171
78 177
78 217
78 250
78 258
78 265
78 279
78 282
78 303
78 304
78 306
78 329
78 331
78 356
78 364
78 411
78 423
78 426
78 448
78 477
78 482
79 100
79 137
79 154
79 165
79 181
79 183
79 198
79 204
79 220
79 279
79 285
79 299
79 309
79 312
79 322
79 335
79 361
79 393
79 422
79 427
79 450
79 463
79 466
79 480
79 489
80 85
80 87
80 111
80 119
80 169
80 190
80 194
80 208
80 240
80 245
80 262
80 277
80 305
80 317
80 320
80 326
80 358
80 368
80 375
80 378
80 409
80 412
80 433
80 434
80 436
80 452
80 473
80 478
81 83
81 84
81 113
81 115
81 122
81 133
81 145
81 181
81 197
81 199
81 218
81 230
81 254
81 271
81 275
81 284
81 287
81 301
81 305
81 353
81 357
81 368
81 372
81 374
81 403
81 432
81 439
81 461
81 477
81 497
82 102
82 114
82 193
82 201
82 219
82 227
82 232
82 246
82 270
82 272
82 307
82 314
82 317
82 333
82 361
82 368
82 385
82 399
82 449
82 490
83 95
83 103
83 114
83 115
83 124
83 134
83 138
83 158
83 164
83 174
83 180
83 183
83 204
83 213
83 217
83 223
83 228
83 232
83 240
83 245
83 272
83 276
83 286
83 315
83 318
83 331
83 332
83 346
83 352
83 365
83 372
83 387
83 403
83 407
83 422
83 425
83 450
83 459
83 477
83 490
84 92
84 99
84 190
84 193
84 220
84 230
84 285
84 295
84 314
84 343
84 345
84 350
84 354
84 357
84 362
84 363
84 371
84 375
84 389
84 398
84 408
84 424
84 435
84 441
84 443
84 478
84 479
84 486
84 493
85 88
85 97
85 110
85 117
85 149
85 153
85 156
85 188
85 199
85 204
85 211
85 249
85 250
85 325
85 339
85 342
85 346
85 347
85 368
85 369
85 376
85 389
85 400
85 437
85 443
85 444
85 457
85 460
85 489
86 88
86 111
86 131
86 220
86 250
86 279
86 284
86 316
86 323
86 356
86 379
86 392
86 425
86 438
86 448
86 450
86 452
86 479
86 485
86 496
86 498
87 88
87 92
87 105
87 114
87 116
87 140
87 143
87 144
87 171
87 188
87 288
87 296
87 297
87 306
87 321
87 350
87 355
87 394
87 400
87 404
87 407
87 456
87 499
88 115
88 117
88 134
88 163
88 184
88 202
88 224
88 243
88 285
88 292
88 314
88 336
88 349
88 361
88 365
88 371
88 396
88 410
88 414
88 416
88 442
88 450
88 455
88 458
88 463
89 105
89 153
89 181
89 194
89 215
89 238
89 239
89 275
89 284
89 296
89 308
89 332
89 334
89 347
89 351
89 362
89 366
89 389
89 398
89 405
89 421
89 422
89 442
89 450
89 466
90 102
90 109
90 131
90 138
90 152
90 269
90 282
90 302
90 307
90 322
90 323
90 342
90 385
90 390
90 448
90 476
90 478
90 482
90 486
91 102
91 149
91 172
91 195
91 196
91 238
91 243
91 264
91 271
91 281
91 314
91 340
91 369
91 385
91 388
91 389
91 397
91 410
91 414
91 485
91 492
92 93
92 94
92 129
92 145
92 169
92 185
92 191
92 196
92 247
92 290
92 295
92 307
92 382
92 431
92 433
92 439
92 470
93 107
93 112
93 124
93 140
93 152
93 180
93 181
93 196
93 201
93 211
93 217
93 218
93 245
93 247
93 254
93 255
93 274
93 295
93 300
93 302
93 341
93 381
93 398
93 399
93 407
93 426
93 430
93 457
93 476
93 485
93 491
93 499
94 117
94 120
94 131
94 144
94 148
94 153
94 158
94 166
94 169
94 173
94 184
94 208
94 225
94 237
94 241
94 304
94 306
94 314
94 337
94 358
94 368
94 392
94 401
94 417
94 443
94 447
94 464
94 468
95 114
95 129
95 134
95 156
95 157
95 161
95 176
95 193
95 213
95 256
95 266
95 302
95 311
95 339
95 342
95 352
95 369
95 377
95 387
95 393
95 404
95 423
95 435
95 454
95 458
95 469
96 105
96 112
96 115
96 118
96 123
96 131
96 152
96 170
96 172
96 203
96 210
96 216
96 235
96 241
96 252
96 303
96 306
96 325
96 370
96 406
96 413
96 420
96 421
96 426
96 479
96 492
96 493
97 198
97 259
97 264
97 276
97 298
97 305
97 322
97 333
97 334
97 350
97 399
97 400
97 406
97 443
97 475
97 486
98 149
98 178
98 179
98 184
98 185
98 237
98 239
98 284
98 286
98 308
98 320
98 336
98 339
98 340
98 392
98 416
98 460
98 464
98 478
98 479
99 116
99 134
99 145
99 164
99 175
99 185
99 193
99 205
99 209
99 231
99 234
99 245
99 268
99 293
99 321
99 331
99 345
99 369
99 377
99 378
99 394
99 411
99 420
99 423
99 438
99 439
99 443
99 457
99 458
99 460
99 464
99 478
99 496
100 104
100 107
100 124
100 159
100 186
100 209
100 216
100 243
100 275
100 296
100 301
100 360
100 365
100 388
100 389
100 390
100 394
100 400
100 410
100 449
100 468
100 473
101 104
101 117
101 126
101 134
101 172
101 175
101 230
101 234
101 284
101 327
101 341
101 370
101 391
101 394
101 400
101 409
101 416
101 428
101 430
101 446
101 462
101 490
101 496
102 118
102 121
102 139
102 143
102 167
102 174
102 176
102 181
102 214
102 222
102 241
102 242
102 260
102 266
102 272
102 341
102 363
102 380
102 385
102 419
102 433
102 446
102 464
102 486
102 495
103 104
103 113
103 138
103 152
103 183
103 187
103 218
103 299
103 340
103 351
103 355
103 359
103 365
103 366
103 373
103 407
103 410
103 419
103 432
103 461
103 483
104 107
104 137
104 148
104 186
104 223
104 235
104 239
104 241
104 254
104 263
104 272
104 281
104 299
104 303
104 364
104 438
104 445
104 461
104 470
104 472
104 489
105 112
105 127
105 151
105 154
105 189
105 198
105 223
105 226
105 240
105 251
105 258
105 292
105 296
105 344
105 368
105 376
105 385
105 386
105 409
105 422
105 423
105 430
105 456
105 462
105 466
105 475
106 120
106 142
106 150
106 175
106 196
106 202
106 225
106 288
106 325
106 326
106 337
106 340
106 372
106 423
106 446
106 462
106 465
106 487
106 492
107 111
107 122
107 136
107 160
107 185
107 215
107 241
107 246
107 304
107 311
107 316
107 318
107 338
107 362
107 365
107 371
107 391
107 400
107 406
107 409
107 414
107 421
107 436
107 450
107 466
107 483
107 492
108 127
108 128
108 140
108 145
108 149
108 158
108 176
108 245
108 249
108 269
108 281
108 291
108 309
108 315
108 335
108 338
108 343
108 407
108 453
108 458
108 461
108 479
108 495
108 496
108 497
108 498
109 139
109 140
109 178
109 188
109 192
109 203
109 226
109 227
109 244
109 247
109 266
109 278
109 316
109 336
109 338
109 354
109 361
109 415
109 487
110 130
110 167
110 168
110 183
110 190
110 201
110 203
110 239
110 252
110 255
110 258
110 268
110 288
110 294
110 321
110 355
110 376
110 384
110 407
110 410
110 483
110 495
111 129
111 142
111 194
111 209
111 211
111 223
111 247
111 254
111 278
111 279
111 280
111 284
111 294
111 314
111 322
111 326
111 366
111 390
111 401
111 425
111 471
111 482
112 120
112 133
112 148
112 171
112 180
112 185
112 188
112 216
112 233
112 246
112 254
112 255
112 271
112 289
112 294
112 335
112 356
112 379
112 399
112 413
112 414
112 452
112 460
112 476
112 483
113 119
113 138
113 224
113 239
113 244
113 294
113 300
113 323
113 330
113 332
113 393
113 421
113 426
113 434
113 462
113 473
113 477
113 479
113 484
114 172
114 187
114 238
114 244
114 270
114 302
114 345
114 358
114 372
114 386
114 391
114 399
114 400
114 458
114 462
114 473
114 477
114 483
114 486
115 117
115 133
115 147
115 148
115 149
115 188
115 198
115 213
115 228
115 229
115 235
115 237
115 270
115 277
115 299
115 308
115 319
115 328
115 329
115 393
115 404
115 416
115 429
115 473
115 476
115 490
115 494
116 144
116 147
116 153
116 156
116 174
116 177
116 212
116 221
116 226
116 228
116 240
116 261
116 278
116 286
116 290
116 292
116 306
116 309
116 326
116 348
116 351
116 355
116 360
116 388
116 398
116 426
116 432
116 435
116 444
116 446
116 453
116 454
116 461
116 492
117 123
117 163
117 188
117 203
117 218
117 224
117 227
117 264
117 319
117 322
117 343
117 370
117 378
117 404
117 405
117 432
117 440
117 466
117 467
117 496
118 124
118 127
118 128
118 132
118 136
118 207
118 214
118 243
118 244
118 263
118 306
118 321
118 340
118 351
118 354
118 424
118 431
118 437
118 445
118 464
119 180
119 197
119 225
119 241
119 245
119 274
119 324
119 325
119 330
119 345
119 349
119 360
119 381
119 400
119 411
119 420
119 435
119 477
120 141
120 146
120 162
120 181
120 208
120 228
120 229
120 230
120 248
120 254
120 273
120 276
120 283
120 289
120 305
120 335
120 358
120 365
120 368
120 374
120 388
120 404
120 410
120 422
120 423
120 424
120 436
120 446
120 453
120 484
121 126
121 155
121 176
121 178
121 192
121 194
121 197
121 255
121 258
121 259
121 272
121 291
121 301
121 307
121 394
121 399
121 432
121 441
121 446
121 457
121 475
121 495
121 498
122 128
122 132
122 134
122 148
122 198
122 201
122 204
122 222
122 233
122 242
122 245
122 274
122 277
122 280
122 289
122 319
122 346
122 415
122 418
122 429
122 450
122 455
122 485
123 149
123 159
123 170
123 223
123 263
123 273
123 286
123 289
123 300
123 303
123 320
123 329
123 330
123 351
123 353
123 360
123 402
123 454
124 144
124 161
124 164
124 167
124 176
124 213
124 262
124 263
124 268
124 273
124 274
124 278
124 290
124 301
124 317
124 330
124 337
124 397
124 411
124 416
124 426
124 442
124 450
124 454
124 465
125 134
125 139
125 142
125 170
125 179
125 186
125 203
125 229
125 231
125 282
125 288
125 326
125 344
125 397
125 414
125 421
125 425
125 442
125 455
125 467
126 145
126 156
126 183
126 206
126 266
126 268
126 270
126 288
126 301
126 307
126 352
126 359
126 439
126 477
127 130
127 131
127 141
127 185
127 246
127 266
127 267
127 281
127 294
127 308
127 321
127 334
127 343
127 348
127 362
127 370
127 373
127 376
127 387
127 393
127 415
127 493
128 129
128 160
128 173
128 176
128 233
128 253
128 270
128 272
128 276
128 304
128 364
128 405
128 413
128 427
128 429
128 476
128 479
129 157
129 166
129 187
129 198
129 237
129 238
129 247
129 253
129 298
129 303
129 318
129 339
129 340
129 362
129 386
129 387
129 424
129 426
129 430
129 431
129 444
129 456
129 460
129 462
129 468
130 167
130 168
130 179
130 193
130 196
130 212
130 217
130 218
130 264
130 288
130 292
130 319
130 338
130 353
130 454
131 138
131 143
131 149
131 157
131 200
131 202
131 210
131 220
131 221
131 241
131 259
131 260
131 285
131 286
131 304
131 331
131 344
131 354
131 357
131 364
131 397
131 408
131 412
131 418
131 419
131 421
131 425
131 448
131 461
131 467
131 477
132 137
132 146
132 175
132 199
132 217
132 224
132 236
132 249
132 261
132 269
132 273
132 282
132 283
132 286
132 315
132 335
132 345
132 384
132 389
132 405
132 420
132 451
132 454
132 461
132 475
132 497
133 139
133 141
133 153
133 204
133 220
133 248
133 250
133 259
133 273
133 288
133 336
133 342
133 363
133 364
133 383
133 398
133 418
133 422
133 431
133 433
133 459
133 469
133 491
134 136
134 157
134 179
134 187
134 188
134 203
134 207
134 228
134 231
134 309
134 351
134 354
134 362
134 363
134 372
134 403
134 406
134 408
134 411
134 413
134 414
134 483
135 190
135 218
135 251
135 264
135 270
135 331
135 336
135 339
135 393
135 395
135 408
135 416
135 433
135 437
135 458
135 478
135 481
135 488
136 142
136 163
136 194
136 216
136 290
136 297
136 317
136 358
136 360
136 361
136 364
136 367
136 416
137 151
137 161
137 191
137 199
137 203
137 213
137 280
137 285
137 289
137 295
137 307
137 324
137 331
137 332
137 346
137 356
137 403
137 405
137 419
137 421
137 431
137 454
137 459
137 465
137 477
137 486
137 494
137 497
138 140
138 155
138 156
138 173
138 175
138 187
138 217
138 218
138 235
138 236
138 248
138 269
138 286
138 296
138 302
138 355
138 356
138 362
138 369
138 386
138 427
138 428
138 463
138 472
139 170
139 185
139 192
139 207
139 208
139 220
139 227
139 232
139 258
139 264
139 268
139 278
139 293
139 294
139 309
139 313
139 344
139 360
139 372
139 391
139 404
139 412
139 425
139 467
139 469
139 474
139 493
139 498
140 178
140 186
140 203
140 206
140 210
140 213
140 225
140 230
140 292
140 304
140 372
140 399
140 429
140 435
140 454
140 458
140 459
140 473
140 497
141 143
141 176
141 178
141 210
141 223
141 236
141 247
141 248
141 254
141 269
141 274
141 282
141 300
141 328
141 373
141 382
141 383
141 390
141 401
141 403
141 404
141 405
141 413
141 442
141 446
141 457
141 461
141 462
141 468
141 474
141 477
141 496
142 150
142 152
142 163
142 190
142 202
142 217
142 222
142 225
142 226
142 269
142 291
142 299
142 346
142 354
142 361
142 379
142 382
142 388
142 420
142 436
142 450
142 453
142 458
142 468
142 477
143 150
143 163
143 174
143 194
143 228
143 232
143 242
143 276
143 279
143 298
143 316
143 318
143 350
143 364
143 368
143 392
143 430
143 456
143 468
143 480
143 485
144 145
144 195
144 200
144 254
144 275
144 310
144 313
144 315
144 323
144 334
144 335
144 341
144 376
144 377
144 380
144 458
144 479
145 149
145 190
145 212
145 217
145 236
145 247
145 261
145 271
145 274
145 308
145 336
145 358
145 376
145 407
145 414
145 428
145 469
146 159
146 169
146 171
146 178
146 179
146 180
146 200
146 207
146 212
146 224
146 277
146 278
146 281
146 294
146 319
146 337
146 349
146 352
146 361
146 372
146 395
146 408
146 415
147 152
147 157
147 171
147 186
147 206
147 240
147 251
147 256
147 270
147 284
147 297
147 325
147 326
147 384
147 395
147 414
147 428
147 432
147 474
147 496
148 149
148 173
148 182
148 187
148 201
148 209
148 254
148 264
148 271
148 293
148 304
148 334
148 353
148 359
148 375
148 410
148 414
148 430
148 431
148 437
148 452
148 456
148 460
148 479
148 483
148 498
149 166
149 174
149 225
149 249
149 257
149 269
149 279
149 312
149 361
149 394
149 403
149 448
149 462
149 468
149 472
149 483
149 496
149 498
150 160
150 163
150 174
150 178
150 182
150 190
150 226
150 246
150 273
150 290
150 312
150 327
150 332
150 343
150 356
150 358
150 361
150 379
150 393
150 416
150 422
150 427
150 433
150 459
150 460
150 488
151 158
151 169
151 201
151 218
151 222
151 242
151 244
151 264
151 276
151 287
151 303
151 309
151 335
151 378
151 400
151 412
151 436
151 441
151 486
151 496
152 159
152 166
152 168
152 174
152 183
152 199
152 219
152 222
152 255
152 290
152 302
152 330
152 344
152 348
152 363
152 372
152 374
152 408
152 409
153 266
153 281
153 287
153 305
153 371
153 372
153 402
153 404
153 414
153 424
153 462
154 188
154 205
154 219
154 220
154 226
154 232
154 237
154 247
154 289
154 301
154 352
154 353
154 356
154 379
154 394
154 400
154 414
154 458
154 468
154 476
154 482
154 485
154 494
155 164
155 188
155 193
155 234
155 240
155 264
155 276
155 287
155 299
155 322
155 336
155 364
155 368
155 384
155 391
155 412
155 441
155 448
155 456
155 466
155 474
155 476
155 491
156 177
156 188
156 196
156 211
156 216
156 232
156 239
156 249
156 255
156 280
156 293
156 298
156 347
156 351
156 370
156 377
156 382
156 391
156 407
156 422
156 434
156 441
156 451
156 460
156 466
156 497
157 158
157 171
157 254
157 270
157 302
157 309
157 370
157 371
157 431
157 475
157 479
158 160
158 165
158 179
158 186
158 201
158 211
158 252
158 261
158 303
158 337
158 350
158 369
158 373
158 401
158 461
158 476
158 480
158 488
158 492
158 495
159 188
159 231
159 267
159 276
159 289
159 305
159 336
159 367
159 374
159 416
159 429
159 430
159 435
159 438
159 453
159 462
159 469
159 472
159 491
160 176
160 182
160 203
160 231
160 239
160 252
160 257
160 277
160 281
160 287
160 300
160 302
160 323
160 328
160 334
160 372
160 375
160 387
160 402
160 412
160 418
160 436
160 476
160 478
161 169
161 177
161 178
161 182
161 327
161 348
161 352
161 372
161 379
161 388
161 442
161 479
161 494
162 177
162 180
162 218
162 220
162 225
162 231
162 248
162 253
162 265
162 302
162 321
162 330
162 344
162 346
162 348
162 362
162 370
162 391
162 415
162 429
162 436
162 443
162 446
162 452
162 461
162 472
162 474
162 488
162 493
162 497
163 173
163 176
163 179
163 197
163 198
163 235
163 256
163 259
163 261
163 282
163 400
163 410
163 459
163 482
164 186
164 196
164 227
164 245
164 263
164 270
164 274
164 297
164 313
164 317
164 320
164 321
164 360
164 369
164 387
164 391
164 395
164 414
164 429
164 443
164 445
164 456
164 469
164 475
165 167
165 193
165 203
165 206
165 225
165 235
165 261
165 263
165 269
165 273
165 293
165 295
165 327
165 328
165 330
165 366
165 379
165 394
165 401
165 411
165 414
165 417
165 456
165 458
165 464
165 485
166 197
166 198
166 203
166 205
166 218
166 219
166 243
166 279
166 282
166 291
166 295
166 304
166 314
166 315
166 359
166 362
166 364
166 369
166 420
166 435
166 451
166 455
166 456
166 459
166 461
166 485
167 182
167 196
167 223
167 241
167 251
167 253
167 254
167 263
167 264
167 270
167 305
167 319
167 329
167 364
167 369
167 391
167 420
167 428
167 463
167 493
167 498
168 169
168 176
168 177
168 197
168 209
168 271
168 320
168 342
168 343
168 347
168 348
168 363
168 365
168 389
168 428
168 438
168 442
168 448
168 473
169 197
169 211
169 214
169 225
169 226
169 267
169 290
169 308
169 311
169 312
169 389
169 404
169 411
169 412
169 419
169 434
169 454
169 499
170 172
170 178
170 199
170 218
170 219
170 232
170 257
170 331
170 335
170 356
170 359
170 374
170 389
170 395
170 405
170 427
170 431
170 460
170 464
170 466
170 477
170 494
171 174
171 177
171 225
171 236
171 240
171 244
171 293
171 296
171 328
171 334
171 345
171 351
171 381
171 455
171 490
171 491
172 187
172 188
172 191
172 194
172 224
172 231
172 235
172 258
172 279
172 283
172 310
172 319
172 336
172 348
172 358
172 369
172 392
172 401
172 408
172 409
172 441
172 462
172 480
173 184
173 188
173 209
173 215
173 249
173 267
173 284
173 305
173 311
173 346
173 384
173 404
173 405
173 418
173 423
173 432
173 455
173 457
173 458
173 477
173 497
174 186
174 192
174 200
174 209
174 213
174 218
174 227
174 235
174 258
174 282
174 296
174 318
174 331
174 340
174 351
174 376
174 395
174 435
174 471
174 495
175 176
175 182
175 183
175 184
175 189
175 203
175 204
175 219
175 225
175 252
175 258
175 290
175 292
175 293
175 300
175 325
175 332
175 336
175 372
175 373
175 382
175 419
175 422
175 423
175 424
175 434
175 451
175 474
175 479
176 182
176 189
176 190
176 210
176 237
176 253
176 292
176 313
176 334
176 352
176 355
176 386
176 405
176 429
176 430
176 437
176 449
176 461
176 468
176 491
176 497
177 178
177 188
177 189
177 222
177 282
177 294
177 296
177 298
177 321
177 333
177 368
177 420
177 423
177 465
177 474
177 488
178 190
178 197
178 199
178 281
178 293
178 307
178 313
178 339
178 343
178 386
178 389
178 418
178 423
178 427
178 436
178 455
178 458
178 466
178 472
178 496
179 188
179 240
179 266
179 293
179 309
179 322
179 341
179 380
179 382
179 393
179 407
179 424
179 446
179 455
179 463
179 480
179 493
179 494
180 188
180 199
180 224
180 252
180 261
180 277
180 278
180 307
180 314
180 317
180 355
180 356
180 362
180 379
180 390
180 395
180 404
180 425
180 441
180 457
180 466
180 469
180 478
181 221
181 229
181 242
181 245
181 247
181 262
181 271
181 276
181 282
181 323
181 332
181 342
181 344
181 345
181 351
181 364
181 387
181 417
181 447
181 451
181 461
181 477
181 489
181 491
182 184
182 191
182 207
182 228
182 236
182 245
182 251
182 275
182 297
182 326
182 330
182 343
182 351
182 352
182 355
182 368
182 386
182 399
182 430
182 458
182 479
183 211
183 254
183 273
183 298
183 302
183 317
183 358
183 359
183 387
183 418
183 428
183 444
183 472
184 205
184 211
184 212
184 223
184 227
184 234
184 236
184 260
184 274
184 286
184 292
184 298
184 317
184 320
184 323
184 327
184 350
184 365
184 400
184 407
184 441
184 445
184 465
184 475
184 483
184 487
184 494
185 194
185 210
185 221
185 227
185 234
185 251
185 266
185 287
185 302
185 308
185 319
185 345
185 378
185 383
185 389
185 390
185 396
185 425
185 427
185 430
185 447
185 496
185 498
186 256
186 273
186 288
186 305
186 345
186 346
186 348
186 355
186 366
186 369
186 415
186 459
186 474
186 482
187 195
187 208
187 210
187 217
187 219
187 248
187 266
187 281
187 311
187 337
187 341
187 343
187 344
187 349
187 353
187 361
187 366
187 368
187 370
187 391
187 423
187 433
187 462
187 477
187 495
187 496
188 194
188 200
188 204
188 269
188 286
188 301
188 303
188 309
188 316
188 328
188 361
188 380
188 432
188 440
188 446
189 195
189 207
189 219
189 243
189 262
189 272
189 294
189 326
189 332
189 346
189 377
189 379
189 386
189 430
189 434
189 452
189 484
189 490
190 223
190 254
190 276
190 300
190 325
190 331
190 342
190 361
190 379
190 399
190 413
190 428
190 433
190 453
190 465
190 467
191 196
191 198
191 222
191 230
191 257
191 283
191 322
191 334
191 345
191 348
191 352
191 359
191 380
191 419
192 195
192 229
192 258
192 272
192 284
192 286
192 319
192 332
192 351
192 352
192 354
192 371
192 375
192 387
192 416
192 421
192 429
192 464
192 469
192 470
192 485
192 490
193 196
193 215
193 245
193 246
193 256
193 259
193 261
193 275
193 313
193 331
193 336
193 349
193 365
193 375
193 386
193 406
193 415
193 426
193 427
193 444
193 450
193 453
193 458
194 198
194 205
194 251
194 270
194 298
194 333
194 340
194 354
194 363
194 378
194 395
194 409
194 419
194 444
194 447
194 485
195 206
195 212
195 230
195 270
195 273
195 279
195 348
195 368
195 371
195 375
195 379
195 390
195 396
195 397
195 401
195 413
195 435
195 458
195 470
195 472
195 473
195 480
195 492
195 493
195 494
196 215
196 245
196 257
196 284
196 289
196 293
196 350
196 358
196 387
196 402
196 409
196 417
196 428
196 430
196 437
196 447
196 481
196 485
197 214
197 296
197 298
197 307
197 313
197 342
197 354
197 375
197 380
197 382
197 393
197 401
197 407
197 430
197 433
197 434
197 455
197 461
197 478
197 479
197 483
197 484
198 201
198 206
198 231
198 240
198 257
198 259
198 260
198 279
198 304
198 315
198 326
198 366
198 445
198 480
198 499
199 215
199 246
199 256
199 269
199 282
199 291
199 293
199 312
199 325
199 335
199 359
199 364
199 367
199 394
199 439
199 451
199 455
199 459
199 473
199 497
200 205
200 206
200 220
200 224
200 245
200 259
200 266
200 300
200 320
200 334
200 335
200 344
200 361
200 370
200 384
200 390
200 422
200 426
200 432
200 434
200 442
200 460
200 485
201 221
201 226
201 246
201 250
201 267
201 274
201 279
201 286
201 291
201 308
201 316
201 329
201 340
201 343
201 399
201 407
201 416
201 424
201 429
201 445
201 472
201 478
201 490
201 494
202 247
202 290
202 307
202 319
202 391
202 397
202 400
202 428
202 433
202 442
202 448
202 470
202 491
203 207
203 228
203 230
203 240
203 251
203 280
203 283
203 289
203 290
203 310
203 319
203 363
203 371
203 387
203 393
203 398
203 403
203 427
203 447
203 459
203 498
204 224
204 235
204 239
204 244
204 250
204 252
204 282
204 311
204 325
204 339
204 343
204 399
204 421
204 431
204 453
204 491
205 209
205 250
205 272
205 276
205 298
205 341
205 363
205 364
205 396
205 406
205 408
205 450
205 477
205 478
205 481
205 487
206 210
206 217
206 222
206 253
206 258
206 281
206 319
206 330
206 359
206 382
206 396
206 403
206 425
206 480
206 481
206 486
207 223
207 225
207 249
207 259
207 278
207 298
207 301
207 316
207 322
207 348
207 393
207 400
207 418
207 464
207 467
207 481
207 493
208 216
208 232
208 246
208 247
208 256
208 264
208 277
208 282
208 309
208 310
208 360
208 361
208 370
208 375
208 391
208 399
208 420
208 450
208 470
208 488
209 224
209 226
209 230
209 257
209 272
209 283
209 292
209 302
209 307
209 354
209 400
209 440
209 446
209 470
209 479
210 241
210 243
210 256
210 259
210 276
210 290
210 314
210 328
210 331
210 341
210 346
210 358
210 364
210 380
210 388
210 396
210 435
210 446
210 457
210 483
210 493
211 241
211 244
211 249
211 265
211 294
211 320
211 349
211 351
211 357
211 358
211 362
211 366
211 378
211 389
211 419
211 438
211 464
212 216
212 223
212 224
212 225
212 226
212 237
212 268
212 318
212 334
212 420
212 436
212 449
212 451
212 455
212 466
213 221
213 224
213 229
213 251
213 253
213 275
213 305
213 314
213 315
213 320
213 340
213 376
213 384
213 389
213 402
213 403
213 406
213 407
213 457
213 466
213 475
213 483
214 226
214 228
214 252
214 261
214 284
214 290
214 303
214 309
214 316
214 352
214 369
214 381
214 396
214 422
214 434
214 474
214 493
215 219
215 249
215 267
215 299
215 310
215 333
215 336
215 355
215 366
215 392
215 401
215 410
215 411
215 427
215 429
215 430
215 438
216 222
216 235
216 250
216 261
216 279
216 292
216 297
216 303
216 326
216 359
216 376
216 381
216 392
216 393
216 425
216 429
216 431
216 436
216 445
216 448
216 458
216 488
216 493
217 219
217 229
217 240
217 252
217 253
217 259
217 266
217 274
217 298
217 322
217 350
217 452
217 462
217 490
218 230
218 234
218 268
218 288
218 290
218 320
218 350
218 352
218 362
218 386
218 388
218 409
218 439
218 473
219 235
219 276
219 288
219 291
219 336
219 346
219 347
219 373
219 383
219 392
219 394
219 404
219 406
219 429
219 460
219 467
219 477
220 231
220 251
220 271
220 290
220 291
220 303
220 310
220 321
220 342
220 364
220 383
220 390
220 402
220 407
220 412
220 424
220 436
220 449
220 477
220 481
220 488
220 499
221 284
221 340
221 370
221 377
221 446
221 464
221 479
221 480
221 485
221 489
222 235
222 268
222 270
222 287
222 317
222 336
222 337
222 357
222 359
222 362
222 377
222 395
222 402
222 418
222 437
222 439
222 446
222 457
222 466
222 488
222 489
223 240
223 243
223 248
223 284
223 301
223 305
223 315
223 338
223 348
223 356
223 379
223 381
223 385
223 401
223 410
223 436
223 441
223 471
223 480
223 486
224 233
224 244
224 249
224 253
224 288
224 309
224 337
224 351
224 358
224 368
224 370
224 371
224 382
224 401
224 402
224 461
224 464
224 471
224 473
224 479
224 490
225 238
225 266
225 273
225 282
225 287
225 296
225 302
225 307
225 319
225 374
225 393
225 409
225 420
225 434
225 443
225 446
225 447
225 451
225 476
225 477
225 484
226 228
226 232
226 233
226 257
226 279
226 294
226 333
226 361
226 362
226 377
226 380
226 382
226 413
226 457
226 488
227 237
227 239
227 274
227 285
227 317
227 332
227 379
227 388
227 393
227 401
227 421
227 451
227 456
227 457
227 471
227 473
227 487
228 260
228 262
228 279
228 284
228 291
228 299
228 304
228 307
228 343
228 357
228 378
228 379
228 384
228 396
228 406
228 412
228 430
228 451
228 456
228 459
228 490
229 233
229 239
229 250
229 268
229 338
229 342
229 346
229 355
229 364
229 397
229 404
229 409
229 415
229 417
229 481
230 233
230 246
230 257
230 277
230 290
230 305
230 306
230 333
230 365
230 368
230 467
230 471
230 489
230 490
231 233
231 266
231 286
231 336
231 337
231 357
231 370
231 380
231 385
231 425
231 428
231 429
231 430
231 468
231 482
232 233
232 317
232 322
232 325
232 328
232 363
232 409
232 410
232 415
232 417
232 433
232 437
232 440
232 461
232 480
232 497
233 266
233 272
233 280
233 307
233 322
233 339
233 340
233 341
233 343
233 358
233 363
233 366
233 403
233 416
233 417
233 430
233 438
233 442
233 465
233 472
233 489
234 238
234 239
234 265
234 277
234 315
234 349
234 386
234 400
234 417
234 420
234 443
234 463
234 477
234 482
235 240
235 305
235 315
235 333
235 351
235 383
235 404
235 436
235 437
235 440
235 442
235 464
236 240
236 247
236 262
236 267
236 288
236 298
236 310
236 335
236 363
236 375
236 390
236 404
236 405
236 406
236 426
236 433
236 470
237 251
237 262
237 264
237 299
237 314
237 350
237 353
237 375
237 384
237 404
237 410
237 440
237 492
238 246
238 259
238 278
238 283
238 322
238 323
238 332
238 339
238 381
238 398
238 405
238 408
238 426
238 460
238 469
238 475
238 477
238 492
238 494
239 243
239 256
239 274
239 290
239 316
239 323
239 331
239 344
239 345
239 363
239 377
239 394
239 430
239 475
239 483
240 252
240 255
240 274
240 275
240 278
240 346
240 363
240 383
240 385
240 404
240 411
240 431
240 450
240 495
241 256
241 265
241 272
241 289
241 295
241 327
241 350
241 356
241 369
241 409
241 413
241 416
241 425
241 432
241 443
241 451
241 453
241 461
241 490
242 248
242 261
242 277
242 282
242 299
242 326
242 335
242 347
242 358
242 368
242 411
242 414
242 437
242 452
243 276
243 282
243 284
243 322
243 337
243 354
243 358
243 377
243 383
243 409
243 411
243 413
243 416
243 450
243 458
243 482
243 489
243 499
244 260
244 279
244 288
244 353
244 359
244 361
244 379
244 380
244 390
244 396
244 413
244 417
244 438
244 447
244 456
244 458
244 496
245 294
245 299
245 303
245 307
245 313
245 315
245 366
245 373
245 393
245 398
245 409
245 416
245 427
245 447
245 479
246 251
246 335
246 337
246 349
246 402
246 404
246 429
246 440
246 449
246 452
246 462
246 487
246 491
246 495
247 253
247 259
247 264
247 273
247 284
247 287
247 300
247 310
247 313
247 328
247 337
247 344
247 361
247 366
247 382
247 386
247 393
247 402
247 404
247 416
247 445
247 466
248 250
248 254
248 268
248 288
248 290
248 293
248 298
248 326
248 334
248 347
248 360
248 438
248 456
248 457
248 469
248 476
248 496
249 259
249 260
249 262
249 299
249 307
249 314
249 318
249 335
249 361
249 372
249 425
249 426
249 446
249 448
249 449
249 461
249 463
249 470
250 256
250 259
250 278
250 281
250 289
250 299
250 302
250 317
250 320
250 321
250 332
250 335
250 342
250 372
250 379
250 399
250 427
250 431
250 439
250 457
250 479
251 260
251 273
251 297
251 335
251 350
251 354
251 357
251 367
251 373
251 374
251 411
251 418
251 426
251 428
251 431
251 437
251 488
251 494
251 499
252 270
252 301
252 304
252 307
252 317
252 343
252 366
252 405
252 433
252 447
252 453
252 467
252 479
253 255
253 293
253 346
253 362
253 383
253 385
253 418
253 426
253 432
253 447
253 478
253 488
254 269
254 276
254 278
254 284
254 292
254 298
254 310
254 315
254 319
254 339
254 342
254 408
254 429
254 441
254 446
254 455
254 471
254 484
254 497
255 271
255 282
255 283
255 309
255 324
255 335
255 338
255 342
255 366
255 367
255 383
255 388
255 392
255 422
255 423
255 462
255 466
255 479
255 499
256 269
256 270
256 271
256 315
256 348
256 361
256 364
256 371
256 372
256 386
256 393
256 395
256 398
256 407
256 408
256 418
256 436
256 444
256 449
256 457
256 481
256 492
257 258
257 295
257 312
257 340
257 342
257 351
257 367
257 368
257 393
257 407
257 415
257 419
257 432
257 455
257 487
257 489
257 495
258 273
258 283
258 286
258 295
258 299
258 349
258 408
258 413
258 454
258 464
258 465
258 484
259 264
259 276
259 305
259 307
259 326
259 353
259 379
259 380
259 407
259 422
259 424
259 458
259 467
259 486
260 269
260 275
260 286
260 316
260 321
260 322
260 323
260 362
260 396
260 400
260 418
260 436
260 488
260 493
261 271
261 274
261 294
261 362
261 373
261 380
261 389
261 407
261 412
261 425
261 444
261 447
261 450
261 485
262 302
262 362
262 388
262 410
262 428
262 436
262 438
262 461
262 491
262 497
262 499
263 267
263 276
263 281
263 284
263 344
263 368
263 375
263 388
263 410
263 426
263 435
263 447
263 474
263 481
263 491
264 283
264 289
264 327
264 347
264 388
264 396
264 397
264 412
264 465
264 467
265 267
265 277
265 280
265 299
265 328
265 358
265 366
265 367
265 370
265 375
265 377
265 380
265 404
265 419
265 421
265 433
265 441
265 444
265 448
265 488
265 492
266 271
266 275
266 276
266 277
266 281
266 291
266 298
266 299
266 313
266 346
266 410
266 416
266 418
266 461
267 282
267 314
267 337
267 370
267 396
267 402
267 406
267 408
267 409
267 411
267 425
267 435
267 436
267 438
267 455
267 462
267 465
267 467
267 474
267 480
268 286
268 310
268 359
268 363
268 365
268 395
268 398
268 432
268 440
268 448
268 462
268 472
268 476
268 493
269 275
269 286
269 324
269 344
269 360
269 391
269 403
269 406
269 411
269 432
269 435
269 444
269 455
269 458
269 473
270 278
270 291
270 294
270 299
270 308
270 311
270 316
270 344
270 349
270 372
270 430
270 433
270 467
270 470
270 480
271 278
271 279
271 296
271 314
271 322
271 333
271 337
271 345
271 347
271 354
271 364
271 368
271 385
271 386
271 406
271 410
271 423
271 444
271 445
271 451
271 497
272 280
272 312
272 316
272 352
272 386
272 390
272 396
272 414
272 423
272 429
272 430
272 448
272 456
272 469
272 476
273 281
273 288
273 296
273 299
273 356
273 364
273 383
273 394
273 419
273 438
273 492
274 290
274 292
274 321
274 344
274 366
274 368
274 369
274 392
274 419
274 432
274 434
274 497
275 277
275 295
275 307
275 310
275 353
275 361
275 400
275 402
275 425
275 428
275 489
276 280
276 282
276 285
276 293
276 295
276 309
276 319
276 323
276 326
276 331
276 339
276 348
276 378
276 379
276 382
276 389
276 406
276 437
276 440
276 469
276 489
277 288
277 332
277 337
277 340
277 377
277 386
277 388
277 401
277 402
277 409
277 414
277 421
277 422
277 425
278 282
278 283
278 298
278 337
278 357
278 388
278 394
278 404
278 420
278 429
278 433
278 435
278 468
278 469
278 470
278 480
278 481
278 493
278 495
278 496
278 499
279 286
279 302
279 354
279 356
279 378
279 398
279 402
280 283
280 287
280 295
280 313
280 321
280 330
280 333
280 363
280 411
280 423
280 435
280 448
280 456
280 495
281 311
281 331
281 370
281 386
281 429
281 432
281 444
281 454
281 458
281 480
281 490
281 493
281 498
282 289
282 305
282 314
282 322
282 331
282 339
282 349
282 380
282 394
282 400
282 435
282 445
282 446
282 473
283 304
283 328
283 340
283 355
283 399
283 417
283 419
283 435
283 445
283 448
283 496
284 302
284 306
284 308
284 310
284 368
284 412
284 433
284 436
284 438
284 447
284 472
284 485
285 294
285 295
285 296
285 302
285 321
285 328
285 344
285 355
285 377
285 419
285 427
285 442
285 446
285 467
285 469
285 478
285 489
286 331
286 338
286 372
286 394
286 428
286 463
286 484
286 485
286 490
286 499
287 304
287 334
287 338
287 393
287 429
287 445
287 483
287 496
288 295
288 299
288 307
288 334
288 337
288 409
288 417
288 421
288 438
288 456
288 465
288 484
288 487
289 293
289 294
289 297
289 336
289 350
289 396
289 426
289 429
289 477
289 497
290 293
290 305
290 321
290 335
290 346
290 355
290 359
290 378
290 397
290 400
290 424
290 484
291 293
291 297
291 328
291 379
291 389
291 417
291 429
291 462
291 484
292 294
292 317
292 323
292 332
292 337
292 358
292 363
292 386
292 390
292 394
292 436
292 453
292 456
292 462
292 485
292 487
293 352
293 364
293 368
293 377
293 378
293 380
293 381
293 394
293 406
293 407
293 419
293 425
294 299
294 300
294 314
294 318
294 345
294 351
294 366
294 377
294 391
294 393
294 407
294 420
294 422
294 430
294 434
294 455
294 459
294 460
294 469
294 473
295 308
295 313
295 319
295 370
295 382
295 385
295 466
296 298
296 334
296 337
296 357
296 377
296 378
296 392
296 425
296 492
296 494
296 496
297 326
297 334
297 363
297 377
297 380
297 394
297 404
297 416
297 444
297 466
297 473
297 481
297 485
297 490
298 325
298 337
298 343
298 351
298 359
298 421
298 422
298 432
298 444
298 470
298 492
298 497
299 304
299 307
299 354
299 356
299 357
299 368
299 383
299 384
299 436
299 442
299 456
299 459
299 461
299 465
299 474
299 499
300 303
300 308
300 315
300 357
300 368
300 403
300 414
300 427
300 463
300 474
300 488
301 304
301 336
301 338
301 345
301 357
301 380
301 391
301 434
301 447
302 306
302 307
302 329
302 337
302 344
302 387
302 392
302 397
302 400
302 413
302 422
302 433
302 473
303 313
303 314
303 315
303 345
303 351
303 352
303 358
303 399
303 421
303 444
303 456
303 462
303 466
303 489
304 363
304 375
304 423
304 433
304 441
304 444
304 446
304 459
304 460
304 468
304 488
304 489
304 497
305 330
305 337
305 347
305 355
305 367
305 375
305 414
305 418
305 433
305 441
305 448
305 469
305 494
305 496
306 315
306 319
306 320
306 333
306 363
306 366
306 381
306 396
306 417
306 429
306 434
306 453
306 462
306 468
306 469
306 484
307 347
307 364
307 373
307 375
307 381
307 397
307 399
307 407
307 413
307 417
307 449
307 467
307 484
308 318
308 354
308 363
308 455
308 484
308 492
309 329
309 360
309 406
309 409
309 415
309 437
309 438
309 448
309 449
309 469
309 480
309 496
310 336
310 348
310 400
310 413
310 435
310 441
310 450
310 451
310 464
310 473
310 475
310 477
310 484
310 487
310 495
311 414
311 421
311 441
311 462
311 464
311 467
311 491
311 494
312 317
312 332
312 338
312 353
312 365
312 391
312 404
312 436
312 437
312 477
312 478
312 493
313 355
313 384
313 412
313 458
314 315
314 334
314 335
314 357
314 359
314 370
314 371
314 382
314 383
314 410
314 428
314 446
314 455
314 461
314 464
314 480
315 323
315 335
315 336
315 410
315 424
315 432
315 436
315 445
315 450
315 453
316 324
316 331
316 337
316 356
316 370
316 374
316 460
316 498
317 349
317 352
317 357
317 371
317 469
317 474
317 488
317 498
318 328
318 353
318 370
318 425
318 466
319 352
319 390
319 410
319 458
319 462
319 472
319 494
320 333
320 350
320 360
320 374
320 424
320 427
320 430
320 451
320 457
320 462
320 499
321 333
321 352
321 363
321 365
321 366
321 371
321 378
321 387
321 408
321 429
321 458
321 465
321 471
321 473
321 478
321 489
321 492
322 327
322 358
322 362
322 373
322 374
322 388
322 389
322 405
322 415
322 422
322 423
322 431
322 442
322 452
322 479
322 484
323 345
323 359
323 374
323 381
323 395
323 418
323 430
323 442
323 462
323 471
323 472
323 479
323 480
323 491
324 325
324 330
324 338
324 340
324 358
324 375
324 388
324 401
324 405
324 408
324 409
324 425
324 436
324 437
324 449
324 454
324 493
325 377
325 394
325 431
325 441
325 472
325 475
325 482
325 486
326 337
326 339
326 352
326 368
326 405
326 436
326 460
326 465
326 476
326 478
326 492
327 328
327 354
327 361
327 378
327 393
327 443
327 452
327 457
327 499
328 340
328 371
328 389
328 410
328 411
328 412
328 416
328 426
328 427
328 442
328 448
328 451
328 469
329 336
329 339
329 350
329 357
329 370
329 374
329 412
329 446
329 457
329 460
329 469
329 472
330 341
330 367
330 379
330 405
330 415
330 422
330 453
330 458
330 464
330 483
330 496
331 334
331 355
331 374
331 415
331 428
331 451
331 457
331 473
331 482
331 484
331 491
332 346
332 358
332 373
332 378
332 410
332 434
332 450
332 453
332 457
332 459
332 462
332 464
333 346
333 390
333 396
333 402
333 416
333 450
333 456
333 460
333 477
334 347
334 359
334 381
334 382
334 398
334 406
334 407
334 472
334 490
334 492
335 375
335 389
335 392
335 405
335 433
335 439
335 448
335 451
335 467
335 486
335 489
335 491
336 349
336 370
336 376
336 386
336 406
336 409
336 412
336 418
336 448
336 449
336 466
336 478
336 494
337 364
337 392
337 397
337 404
337 417
337 419
337 425
337 450
338 351
338 361
338 366
338 372
338 393
338 405
338 415
338 428
338 446
339 340
339 345
339 360
339 370
339 397
339 400
339 406
339 416
339 423
339 434
339 442
339 463
339 475
339 476
339 481
339 494
340 353
340 383
340 391
340 407
340 421
340 442
340 446
340 454
340 475
340 489
341 360
341 361
341 386
341 392
341 395
341 397
341 398
341 399
341 416
341 425
341 433
341 434
341 439
341 449
341 467
341 475
341 490
341 494
342 347
342 424
342 462
343 357
343 365
343 366
343 370
343 398
343 407
343 464
343 475
343 489
343 491
343 494
344 374
344 382
344 424
344 427
344 451
344 471
344 474
344 487
345 354
345 375
345 380
345 387
345 394
345 458
345 492
346 356
346 363
346 394
346 406
346 422
346 459
346 471
347 368
347 392
347 403
347 419
347 435
347 444
347 481
348 357
348 374
348 399
348 406
348 414
348 438
348 479
349 391
349 393
349 396
349 477
350 358
350 388
350 399
350 432
350 436
350 460
351 352
351 384
351 389
351 396
351 406
351 421
351 440
351 453
351 492
352 377
352 393
352 397
352 434
352 479
352 488
352 493
353 379
353 380
353 399
353 400
353 425
353 433
353 440
353 450
353 458
353 465
353 480
353 485
354 358
354 363
354 367
354 403
354 408
354 429
354 435
354 458
354 489
355 357
355 360
355 441
355 445
355 486
356 358
356 388
356 421
356 426
356 468
356 498
356 499
357 365
357 403
357 416
357 429
357 430
357 461
357 469
357 474
357 480
358 359
358 383
358 429
358 430
358 475
358 478
359 371
359 394
359 425
359 442
359 475
359 490
360 379
360 431
360 434
360 445
360 461
360 486
360 489
360 493
361 368
361 381
361 404
361 423
361 428
361 464
361 488
361 489
361 497
362 365
362 366
362 396
362 401
362 437
362 460
362 484
363 377
363 378
363 432
363 454
363 468
364 371
364 376
364 388
364 396
364 433
364 435
364 439
364 467
364 488
365 366
365 380
365 395
365 400
365 446
365 456
365 473
365 488
366 382
366 421
366 437
366 439
366 440
366 459
366 466
366 471
366 475
366 483
367 369
367 376
367 383
367 398
367 406
367 411
367 421
368 376
368 392
368 395
368 397
368 430
368 431
368 442
368 470
368 480
368 495
369 370
369 373
369 379
369 397
369 412
369 437
370 374
370 376
370 377
370 404
370 405
370 432
370 437
370 450
370 461
371 391
371 417
371 421
371 435
371 463
371 479
372 429
372 433
372 437
372 443
372 462
372 473
372 477
372 478
372 490
372 495
373 375
373 395
373 427
373 453
373 461
373 471
373 472
373 486
373 491
374 382
374 389
374 420
374 474
374 484
375 378
375 392
375 414
375 422
375 429
375 440
375 447
375 449
375 494
376 451
376 460
376 463
376 475
376 482
376 488
376 496
377 385
377 390
377 428
377 453
377 461
377 496
378 414
378 430
378 432
378 461
378 462
378 465
378 469
378 471
378 491
378 494
379 433
379 475
379 478
380 384
380 386
380 421
380 440
380 466
380 480
381 396
381 415
381 421
381 422
381 433
381 435
381 449
381 459
381 491
382 384
382 410
382 442
382 462
382 467
382 469
382 496
382 499
383 399
383 402
383 415
383 429
383 456
383 472
383 473
383 488
383 498
384 391
384 425
384 444
384 447
384 457
384 488
385 386
385 399
385 406
385 431
385 448
385 456
385 462
385 472
385 488
387 430
387 436
387 438
387 441
387 446
387 467
388 449
388 461
388 465
388 470
388 486
388 488
389 455
389 472
389 489
390 392
390 400
390 414
390 419
390 455
390 461
390 464
390 482
390 491
391 420
391 425
391 436
391 470
391 488
391 490
392 424
392 437
392 442
392 446
392 498
393 403
393 429
393 431
393 433
393 444
394 415
394 427
395 409
395 425
395 426
395 429
395 433
395 469
395 475
396 446
397 411
397 413
397 417
397 444
397 478
398 423
398 431
398 434
398 437
398 441
398 445
398 457
398 475
399 408
399 420
399 436
399 437
400 405
400 420
400 429
400 430
400 440
400 445
400 449
400 487
401 416
401 433
401 459
401 491
401 495
402 411
402 427
402 438
402 447
402 462
402 466
402 468
402 498
403 419
403 426
403 439
403 446
403 462
403 468
403 475
403 477
404 433
404 444
404 476
404 480
404 489
405 438
405 464
405 472
405 484
406 410
406 411
406 427
406 440
406 442
406 459
406 464
406 473
406 487
407 426
407 440
407 444
407 446
407 449
407 459
407 463
407 466
407 469
408 430
408 454
408 455
408 457
408 482
409 457
409 461
409 471
409 489
409 496
410 424
410 456
410 464
410 477
410 482
410 483
410 498
411 420
411 441
411 465
411 471
411 474
411 475
412 420
412 423
412 430
412 444
412 487
413 415
413 457
413 487
413 490
413 493
413 499
414 425
414 433
414 491
415 419
415 430
415 442
415 452
415 467
415 496
416 425
416 427
416 434
416 446
416 458
416 469
416 493
416 499
417 418
417 440
417 450
417 457
417 473
417 480
417 492
418 433
418 445
418 453
418 463
418 474
418 496
419 426
419 427
419 432
419 433
419 450
419 456
419 485
419 491
419 496
420 447
420 468
420 480
421 458
421 465
421 469
421 484
421 491
422 433
422 442
422 445
422 457
422 493
423 439
423 456
423 477
423 482
423 494
424 425
424 447
424 482
425 442
425 453
425 458
425 481
425 490
425 493
426 434
426 436
426 482
427 461
427 487
427 490
428 434
428 441
428 444
428 454
428 461
428 462
428 466
428 488
429 438
429 444
429 474
429 482
429 489
430 465
430 468
430 483
430 486
430 491
431 449
431 453
431 455
432 433
432 463
432 465
433 450
433 451
433 459
433 493
434 445
434 490
435 436
435 438
435 466
435 471
435 473
435 478
435 488
436 453
437 464
437 468
438 454
438 463
438 488
439 453
439 455
439 459
439 465
439 486
439 487
439 498
440 442
440 446
440 470
440 475
440 491
440 499
441 469
441 493
441 498
442 446
442 460
443 453
443 466
443 495
443 496
444 481
444 485
445 467
445 477
445 478
445 490
445 498
446 458
446 462
446 489
446 498
447 470
448 469
449 453
449 479
449 481
449 494
450 456
450 462
450 483
450 488
450 489
451 457
451 466
452 468
452 499
453 457
453 459
453 470
453 472
453 486
454 456
454 490
454 492
455 476
455 486
455 497
456 468
456 488
457 460
457 466
458 481
458 483
458 487
460 476
460 485
461 471
461 473
461 486
461 492
462 469
462 472
462 487
463 471
463 478
463 481
463 482
464 466
464 485
465 473
465 481
466 473
466 487
467 493
468 473
468 488
469 480
469 486
470 474
470 497
470 499
471 484
471 493
471 498
472 489
472 494
474 486
474 488
475 478
475 484
475 491
475 493
477 482
478 497
479 493
479 495
481 493
482 485
482 487
483 490
483 494
484 492
485 495
486 487
488 490
491 498
