100 418 0.2
0 4
0 46
0 55
0 60
0 67
1 15
1 24
1 38
1 40
1 50
1 55
1 63
1 70
1 71
1 79
1 91
1 99
2 8
2 18
2 22
2 23
2 39
2 52
2 53
2 78
2 83
2 86
2 88
3 35
3 47
3 66
3 97
4 31
4 36
4 41
4 51
4 59
4 77
4 82
5 22
5 25
5 36
5 47
5 55
5 62
5 67
5 81
6 10
6 16
6 22
6 23
6 32
6 72
6 98
7 26
7 52
7 93
7 94
8 14
8 22
8 88
8 96
9 15
9 21
9 24
9 37
9 69
9 72
9 80
9 83
10 12
10 22
10 29
10 34
10 42
10 52
10 58
10 62
10 70
10 77
10 99
11 14
11 55
11 63
11 75
11 76
11 97
12 15
12 17
12 25
12 52
12 70
12 78
13 48
13 74
13 94
14 18
14 22
14 27
14 35
14 36
15 49
15 51
15 52
15 61
15 96
15 98
16 24
16 26
16 32
16 44
16 48
16 52
16 69
16 78
16 89
16 96
17 22
17 34
17 54
17 90
18 44
18 72
18 80
18 97
19 30
19 40
19 51
19 52
19 54
19 59
19 90
19 92
19 98
19 99
20 22
20 67
20 83
21 23
21 37
21 51
21 52
21 67
21 68
21 87
21 93
21 96
22 50
22 56
22 76
22 95
23 46
23 47
23 54
23 58
23 75
23 84
23 88
23 95
24 31
24 32
24 34
24 43
24 47
24 51
24 63
24 70
24 79
24 99
25 27
25 28
25 40
25 61
25 86
26 30
26 39
26 46
26 49
26 51
26 52
26 59
26 67
26 72
26 74
27 35
27 41
27 69
27 80
27 89
27 95
27 96
28 30
28 43
28 53
28 78
28 94
28 97
29 35
29 62
29 63
29 73
29 83
30 36
30 39
30 45
30 71
30 87
31 35
31 40
31 46
31 53
31 58
31 61
31 73
31 83
31 92
31 94
32 54
32 76
32 78
32 87
33 37
33 44
33 50
33 51
33 62
33 76
33 89
33 95
33 97
34 58
34 61
34 92
34 95
35 38
35 42
35 67
35 89
35 92
36 41
36 49
36 66
36 86
36 89
36 90
37 38
37 40
37 45
37 71
37 75
37 76
37 95
38 51
38 66
38 68
38 84
38 87
39 46
39 54
39 68
39 76
39 82
39 83
39 86
39 88
40 44
40 54
40 57
40 79
40 83
40 85
41 65
41 89
41 93
41 94
42 57
42 73
42 74
42 77
42 87
42 88
43 70
43 78
43 85
43 88
43 89
44 51
44 53
44 60
44 66
44 86
45 55
45 69
45 78
46 50
46 76
47 64
47 65
47 70
47 71
47 81
47 82
47 83
47 88
48 68
48 69
48 77
48 82
48 87
48 91
48 95
49 65
49 88
50 52
50 56
50 64
50 65
50 77
50 85
50 94
51 69
51 73
51 81
51 91
51 94
51 96
52 55
52 65
52 88
52 98
53 60
53 61
53 63
53 67
53 76
53 82
54 55
54 58
54 75
54 76
54 77
54 82
54 85
55 58
55 99
56 73
56 89
57 58
57 61
57 76
57 88
57 95
58 83
58 90
59 76
59 89
59 97
60 69
60 82
61 64
61 67
61 70
61 71
61 94
62 84
62 85
62 91
62 98
63 64
63 72
63 83
64 71
64 76
64 86
64 87
64 97
67 71
67 82
68 70
70 71
70 88
72 96
72 97
74 75
74 77
75 80
75 97
76 82
76 96
77 90
77 93
77 98
78 97
80 88
80 92
80 98
81 92
82 83
82 91
82 92
82 97
83 97
83 98
84 86
84 92
84 99
86 96
87 94
88 90
88 98
88 99
89 96
89 99
90 91
94 98
95 97
97 99
98 99
