400 4956 0.2
0 4
0 48
0 72
0 88
0 121
0 132
0 148
0 153
0 156
0 197
0 210
0 232
0 281
0 289
0 295
0 298
0 313
0 318
0 326
0 334
0 360
0 361
0 363
0 364
0 365
0 368
1 3
1 17
1 30
1 39
1 44
1 51
1 68
1 70
1 86
1 89
1 91
1 99
1 106
1 107
1 109
1 110
1 115
1 125
1 150
1 161
1 178
1 185
1 206
1 219
1 220
1 224
1 240
1 256
1 280
1 291
1 309
1 323
1 334
1 357
1 384
2 12
2 13
2 28
2 47
2 51
2 71
2 75
2 78
2 79
2 86
2 106
2 112
2 118
2 144
2 150
2 164
2 180
2 188
2 190
2 205
2 223
2 228
2 254
2 308
2 345
2 353
2 369
2 378
3 8
3 21
3 38
3 40
3 77
3 97
3 102
3 149
3 188
3 204
3 215
3 256
3 257
3 283
3 307
3 319
3 320
3 323
3 325
3 336
3 340
3 390
4 11
4 50
4 84
4 104
4 122
4 133
4 153
4 191
4 195
4 209
4 223
4 237
4 241
4 242
4 259
4 276
4 306
4 323
4 347
4 355
4 390
5 25
5 47
5 49
5 68
5 70
5 119
5 135
5 156
5 171
5 173
5 186
5 198
5 207
5 220
5 250
5 252
5 260
5 273
5 289
5 315
5 322
5 333
5 351
5 356
5 360
5 363
6 8
6 50
6 53
6 54
6 56
6 64
6 76
6 79
6 81
6 83
6 91
6 131
6 140
6 152
6 182
6 187
6 199
6 253
6 259
6 268
6 295
6 297
6 317
6 332
6 339
6 358
6 359
6 386
6 395
7 37
7 45
7 56
7 62
7 69
7 71
7 80
7 83
7 91
7 120
7 136
7 138
7 149
7 229
7 259
7 273
7 281
7 294
7 301
7 348
8 24
8 61
8 158
8 161
8 170
8 232
8 234
8 255
8 273
8 303
8 323
8 327
8 328
8 357
8 362
8 392
9 13
9 20
9 27
9 43
9 81
9 96
9 101
9 105
9 121
9 168
9 170
9 203
9 205
9 210
9 218
9 223
9 224
9 257
9 282
9 294
9 298
9 340
9 347
9 358
9 387
10 49
10 82
10 110
10 115
10 119
10 135
10 160
10 166
10 167
10 180
10 185
10 234
10 235
10 240
10 287
10 296
10 317
10 335
10 360
10 362
10 364
10 380
10 390
11 27
11 30
11 32
11 66
11 96
11 104
11 125
11 129
11 166
11 172
11 176
11 194
11 197
11 207
11 226
11 239
11 247
11 263
11 267
11 277
11 293
11 311
11 321
11 322
11 324
11 328
11 338
11 339
11 351
11 381
11 386
12 34
12 36
12 38
12 79
12 96
12 119
12 132
12 147
12 172
12 185
12 236
12 250
12 270
12 290
12 305
12 323
12 327
12 331
12 352
12 360
12 361
13 20
13 22
13 37
13 48
13 81
13 93
13 94
13 116
13 142
13 144
13 171
13 174
13 188
13 208
13 211
13 246
13 284
13 315
13 340
13 342
13 356
13 357
13 360
13 369
14 25
14 54
14 58
14 61
14 62
14 65
14 67
14 109
14 113
14 131
14 148
14 172
14 186
14 212
14 215
14 231
14 242
14 267
14 269
14 280
14 287
14 301
14 302
14 332
14 393
14 395
15 27
15 36
15 64
15 90
15 96
15 120
15 145
15 147
15 177
15 187
15 196
15 217
15 267
15 288
15 349
15 362
15 386
15 391
16 25
16 44
16 70
16 119
16 133
16 145
16 153
16 207
16 214
16 242
16 251
16 270
16 292
16 295
16 319
16 320
16 358
17 37
17 76
17 77
17 86
17 93
17 107
17 119
17 136
17 173
17 195
17 198
17 210
17 212
17 249
17 250
17 256
17 268
17 272
17 344
17 380
18 40
18 41
18 59
18 77
18 81
18 104
18 107
18 114
18 133
18 167
18 171
18 215
18 233
18 234
18 253
18 280
18 322
19 22
19 39
19 104
19 115
19 118
19 126
19 132
19 133
19 177
19 187
19 221
19 228
19 246
19 342
19 352
19 364
19 372
19 384
20 40
20 69
20 70
20 98
20 150
20 158
20 164
20 199
20 214
20 241
20 283
20 297
20 316
20 318
20 328
20 361
20 365
20 370
20 391
21 30
21 36
21 66
21 79
21 85
21 105
21 197
21 204
21 206
21 227
21 233
21 290
21 353
21 379
21 383
21 390
22 26
22 62
22 88
22 111
22 114
22 125
22 136
22 142
22 176
22 183
22 236
22 239
22 288
22 293
22 319
22 322
22 348
22 352
22 360
22 372
22 377
22 379
22 382
23 37
23 57
23 72
23 73
23 81
23 93
23 113
23 118
23 132
23 174
23 178
23 187
23 191
23 226
23 234
23 238
23 245
23 280
23 305
23 306
23 310
23 313
23 335
23 380
23 386
24 30
24 38
24 43
24 49
24 118
24 120
24 131
24 159
24 173
24 190
24 202
24 251
24 258
24 260
24 304
24 314
24 349
24 351
24 363
24 381
25 32
25 36
25 45
25 61
25 70
25 71
25 82
25 83
25 122
25 162
25 165
25 166
25 197
25 226
25 228
25 255
25 261
25 276
25 307
25 332
25 344
25 359
25 366
25 374
25 390
25 391
26 40
26 45
26 54
26 91
26 96
26 113
26 136
26 157
26 214
26 219
26 236
26 254
26 259
26 262
26 284
26 331
26 335
26 369
26 374
26 375
26 383
27 52
27 74
27 78
27 93
27 94
27 122
27 133
27 134
27 186
27 187
27 188
27 189
27 218
27 220
27 231
27 302
27 311
27 315
27 326
27 331
27 342
27 353
27 354
27 381
27 382
28 47
28 50
28 61
28 65
28 67
28 99
28 127
28 165
28 171
28 215
28 232
28 257
28 281
28 283
28 306
28 310
28 314
28 326
28 332
28 367
28 368
28 369
29 34
29 55
29 76
29 83
29 84
29 93
29 102
29 131
29 138
29 141
29 146
29 155
29 184
29 185
29 221
29 247
29 281
29 288
29 302
29 304
29 310
29 322
29 338
29 346
29 354
29 367
29 372
29 375
29 394
30 35
30 49
30 58
30 73
30 107
30 111
30 137
30 146
30 159
30 165
30 191
30 213
30 215
30 283
30 284
30 290
30 298
30 312
30 324
30 385
31 34
31 39
31 63
31 65
31 67
31 119
31 127
31 128
31 181
31 183
31 197
31 212
31 294
31 301
31 304
31 311
31 348
31 379
31 386
32 36
32 41
32 71
32 73
32 79
32 88
32 93
32 106
32 130
32 145
32 147
32 171
32 175
32 203
32 230
32 240
32 253
32 267
32 275
32 297
32 303
32 309
32 322
32 339
32 384
33 57
33 58
33 64
33 68
33 90
33 105
33 116
33 119
33 123
33 127
33 128
33 143
33 149
33 163
33 193
33 228
33 234
33 243
33 248
33 250
33 251
33 262
33 273
33 278
33 317
33 330
33 337
33 356
33 357
33 363
33 368
33 379
33 390
34 58
34 82
34 85
34 87
34 109
34 127
34 140
34 146
34 148
34 161
34 208
34 218
34 220
34 233
34 235
34 250
34 251
34 256
34 281
34 288
34 304
34 337
34 356
34 382
34 392
35 69
35 89
35 113
35 114
35 118
35 119
35 127
35 154
35 169
35 173
35 185
35 194
35 195
35 199
35 208
35 236
35 269
35 283
35 341
35 343
35 367
35 386
35 396
36 55
36 88
36 104
36 134
36 146
36 169
36 177
36 239
36 243
36 250
36 265
36 267
36 268
36 290
36 291
36 293
36 354
36 371
37 38
37 47
37 53
37 61
37 70
37 88
37 126
37 131
37 142
37 152
37 168
37 214
37 215
37 222
37 226
37 235
37 251
37 255
37 260
37 271
37 293
37 335
37 336
37 358
38 50
38 60
38 73
38 80
38 93
38 94
38 103
38 108
38 149
38 153
38 168
38 177
38 226
38 241
38 267
38 271
38 288
38 299
38 301
38 320
38 331
38 348
38 365
38 381
38 382
38 386
39 46
39 68
39 96
39 102
39 108
39 121
39 153
39 156
39 163
39 167
39 192
39 215
39 228
39 247
39 268
39 271
39 284
39 330
39 370
39 383
39 392
40 104
40 111
40 126
40 149
40 163
40 201
40 212
40 219
40 241
40 248
40 250
40 302
40 341
40 357
40 377
40 380
40 387
41 54
41 59
41 61
41 65
41 79
41 119
41 132
41 146
41 158
41 180
41 187
41 194
41 223
41 229
41 316
41 358
41 362
41 384
41 391
41 392
42 57
42 78
42 109
42 116
42 127
42 132
42 135
42 144
42 155
42 173
42 203
42 217
42 224
42 229
42 237
42 240
42 268
42 270
42 278
42 318
42 337
42 377
43 57
43 62
43 73
43 75
43 93
43 109
43 120
43 126
43 135
43 159
43 195
43 200
43 216
43 237
43 247
43 258
43 310
43 312
43 324
43 344
43 381
43 393
43 398
44 49
44 107
44 120
44 155
44 175
44 177
44 186
44 196
44 198
44 204
44 220
44 251
44 279
44 282
44 298
44 335
44 348
44 352
44 356
44 386
44 387
45 95
45 141
45 158
45 167
45 168
45 262
45 286
45 297
45 307
45 312
45 317
45 328
45 330
45 339
45 343
45 391
45 394
46 53
46 56
46 74
46 96
46 99
46 106
46 113
46 115
46 150
46 161
46 167
46 174
46 180
46 256
46 278
46 283
46 295
46 315
46 358
46 368
46 399
47 79
47 81
47 92
47 107
47 110
47 131
47 138
47 165
47 171
47 178
47 194
47 199
47 201
47 202
47 206
47 252
47 262
47 294
47 301
47 325
47 327
47 340
47 341
47 357
47 359
47 390
48 64
48 70
48 80
48 83
48 97
48 109
48 117
48 132
48 133
48 140
48 142
48 171
48 181
48 202
48 216
48 256
48 257
48 278
48 295
48 300
48 329
48 347
48 351
48 386
49 57
49 84
49 114
49 137
49 153
49 185
49 197
49 198
49 219
49 220
49 226
49 238
49 243
49 254
49 261
49 264
49 293
49 311
49 357
49 365
49 371
49 377
49 381
49 394
49 398
49 399
50 51
50 54
50 80
50 92
50 104
50 106
50 122
50 181
50 202
50 203
50 206
50 217
50 225
50 239
50 265
50 283
50 302
50 304
50 328
50 345
50 352
50 372
50 374
50 376
50 392
51 55
51 70
51 81
51 84
51 102
51 139
51 140
51 143
51 168
51 180
51 194
51 198
51 201
51 246
51 253
51 258
51 274
51 327
51 329
51 348
52 55
52 62
52 79
52 87
52 100
52 123
52 152
52 215
52 232
52 235
52 245
52 272
52 273
52 297
52 311
52 339
52 367
53 56
53 60
53 63
53 75
53 93
53 97
53 98
53 119
53 130
53 140
53 141
53 143
53 149
53 152
53 163
53 169
53 197
53 200
53 207
53 228
53 285
53 297
53 347
53 353
53 355
53 371
53 390
54 72
54 76
54 110
54 142
54 154
54 160
54 161
54 183
54 184
54 203
54 217
54 226
54 228
54 230
54 241
54 260
54 262
54 311
54 336
54 342
54 348
54 363
54 367
54 374
54 380
55 57
55 88
55 109
55 112
55 130
55 138
55 139
55 156
55 189
55 204
55 216
55 236
55 263
55 292
55 304
55 349
55 390
56 70
56 86
56 100
56 122
56 133
56 166
56 189
56 199
56 203
56 229
56 275
56 291
56 309
56 337
56 347
56 353
56 354
56 357
56 359
56 364
56 366
56 376
56 383
56 389
57 112
57 130
57 147
57 150
57 165
57 170
57 181
57 182
57 195
57 205
57 211
57 229
57 236
57 307
57 324
57 360
57 362
57 376
57 391
57 396
58 62
58 76
58 85
58 90
58 92
58 137
58 140
58 175
58 186
58 200
58 240
58 245
58 253
58 267
58 270
58 272
58 276
58 288
58 293
58 309
58 321
58 325
58 333
58 350
58 352
59 60
59 64
59 69
59 112
59 120
59 154
59 166
59 215
59 217
59 218
59 226
59 232
59 242
59 253
59 254
59 270
59 280
59 286
59 287
59 289
59 294
59 321
59 325
59 341
59 348
59 351
59 354
59 378
59 387
59 389
59 396
60 62
60 99
60 132
60 139
60 151
60 152
60 197
60 248
60 263
60 282
60 289
60 294
60 313
60 317
60 332
60 338
60 352
60 356
60 369
60 390
60 392
60 393
61 68
61 96
61 112
61 121
61 152
61 162
61 171
61 177
61 186
61 226
61 240
61 286
61 327
61 337
61 370
61 386
61 391
61 396
62 68
62 78
62 92
62 105
62 123
62 148
62 151
62 193
62 215
62 220
62 235
62 237
62 238
62 240
62 267
62 277
62 295
62 305
62 308
62 325
62 376
62 386
62 398
63 80
63 92
63 107
63 114
63 137
63 153
63 160
63 184
63 207
63 210
63 217
63 228
63 232
63 233
63 247
63 256
63 259
63 262
63 278
63 283
63 290
63 297
63 319
63 332
63 336
63 342
63 355
63 359
63 361
63 364
63 382
63 386
64 91
64 95
64 174
64 202
64 236
64 237
64 249
64 257
64 325
64 367
64 388
65 81
65 101
65 120
65 123
65 182
65 205
65 251
65 335
65 348
65 370
65 375
65 382
66 99
66 122
66 145
66 152
66 168
66 197
66 199
66 203
66 217
66 231
66 233
66 234
66 256
66 273
66 279
66 305
66 335
66 387
67 74
67 91
67 111
67 118
67 136
67 152
67 172
67 180
67 198
67 199
67 226
67 228
67 238
67 242
67 246
67 269
67 272
67 274
67 280
67 347
67 351
67 356
67 367
67 377
67 398
68 160
68 165
68 213
68 222
68 236
68 263
68 293
68 303
68 319
68 335
68 348
68 349
68 353
68 361
68 363
68 375
68 383
68 391
69 74
69 91
69 95
69 101
69 105
69 121
69 127
69 147
69 169
69 203
69 211
69 219
69 230
69 265
69 286
69 288
69 304
69 312
69 320
69 334
69 335
69 364
69 380
69 394
70 79
70 96
70 127
70 142
70 144
70 146
70 155
70 162
70 172
70 173
70 175
70 179
70 187
70 226
70 233
70 288
70 302
70 304
70 323
70 340
70 388
70 395
70 396
71 73
71 85
71 88
71 92
71 94
71 102
71 140
71 158
71 163
71 164
71 172
71 195
71 197
71 270
71 274
71 292
71 297
71 309
71 335
71 353
71 355
71 384
72 118
72 123
72 172
72 181
72 194
72 254
72 297
72 300
72 302
72 328
72 341
72 347
72 367
72 385
73 84
73 108
73 117
73 129
73 141
73 147
73 149
73 175
73 178
73 211
73 226
73 246
73 256
73 268
73 295
73 296
73 325
73 332
73 346
73 356
73 359
73 383
73 391
74 82
74 85
74 91
74 113
74 129
74 138
74 158
74 159
74 244
74 266
74 291
74 293
74 332
74 365
74 381
74 397
75 138
75 140
75 153
75 179
75 215
75 234
75 236
75 264
75 279
75 284
75 294
75 303
75 338
75 355
75 374
75 392
76 80
76 104
76 124
76 132
76 151
76 154
76 159
76 161
76 174
76 189
76 210
76 254
76 291
76 315
76 354
76 359
76 360
76 370
76 373
76 388
77 82
77 96
77 109
77 111
77 118
77 125
77 152
77 188
77 204
77 207
77 227
77 229
77 250
77 254
77 255
77 259
77 263
77 293
77 304
77 359
77 360
78 82
78 87
78 99
78 142
78 150
78 151
78 191
78 214
78 256
78 280
78 287
78 296
78 297
78 305
78 306
78 316
78 320
78 348
78 361
78 365
79 118
79 124
79 143
79 152
79 168
79 189
79 191
79 194
79 232
79 237
79 272
79 275
79 276
79 310
79 317
79 353
79 361
79 363
79 374
80 83
80 84
80 86
80 121
80 134
80 136
80 144
80 155
80 162
80 194
80 202
80 212
80 215
80 225
80 248
80 271
80 314
80 319
80 327
80 328
80 338
80 352
80 357
80 364
80 374
80 386
80 394
81 83
81 90
81 102
81 141
81 149
81 234
81 278
81 299
81 317
81 328
81 339
81 349
81 356
81 371
81 379
81 388
81 395
82 100
82 102
82 104
82 119
82 140
82 141
82 153
82 157
82 174
82 204
82 209
82 225
82 230
82 240
82 274
82 285
82 287
82 288
82 302
82 312
82 319
82 322
82 333
82 335
82 345
82 348
82 356
82 370
82 378
82 384
83 91
83 95
83 106
83 137
83 146
83 151
83 155
83 187
83 195
83 201
83 267
83 299
83 317
83 328
83 339
83 351
83 364
83 397
84 99
84 115
84 140
84 171
84 185
84 187
84 211
84 247
84 273
84 276
84 278
84 302
84 303
84 305
84 329
84 378
85 97
85 115
85 121
85 125
85 140
85 207
85 238
85 239
85 247
85 249
85 274
85 296
85 301
85 324
85 343
85 346
85 372
85 381
86 137
86 162
86 163
86 237
86 253
86 287
86 298
86 309
86 318
86 336
86 352
86 354
86 356
86 363
87 92
87 112
87 114
87 124
87 176
87 188
87 242
87 248
87 249
87 252
87 262
87 326
87 347
87 366
87 374
87 377
87 382
87 390
88 97
88 101
88 115
88 159
88 166
88 184
88 220
88 224
88 236
88 240
88 245
88 247
88 248
88 257
88 268
88 293
88 300
88 307
88 321
88 386
89 94
89 128
89 147
89 170
89 223
89 250
89 271
89 275
89 276
89 278
89 350
89 355
90 97
90 111
90 114
90 135
90 141
90 147
90 161
90 172
90 205
90 208
90 210
90 215
90 233
90 260
90 274
90 276
90 279
90 324
90 325
90 336
90 339
90 351
90 379
90 388
90 390
90 397
91 94
91 104
91 116
91 142
91 197
91 203
91 207
91 216
91 221
91 224
91 242
91 255
91 266
91 268
91 272
91 280
91 292
91 319
91 323
91 346
91 347
91 356
91 364
91 377
91 391
91 397
92 106
92 118
92 121
92 128
92 134
92 140
92 144
92 155
92 167
92 173
92 175
92 176
92 183
92 220
92 261
92 267
92 281
92 284
92 325
92 338
92 350
92 356
92 376
92 391
93 112
93 115
93 119
93 127
93 143
93 156
93 168
93 205
93 207
93 222
93 240
93 251
93 254
93 255
93 264
93 279
93 299
93 305
93 327
93 334
93 350
93 358
93 369
93 381
93 382
93 392
94 95
94 108
94 141
94 166
94 168
94 172
94 184
94 193
94 197
94 201
94 202
94 218
94 234
94 238
94 253
94 302
94 315
94 316
94 329
94 332
94 334
94 359
94 372
94 387
94 388
94 396
95 154
95 194
95 213
95 230
95 245
95 262
95 264
95 285
95 300
95 317
95 330
95 334
95 341
95 345
95 353
95 367
96 97
96 104
96 109
96 151
96 172
96 203
96 204
96 212
96 227
96 234
96 237
96 250
96 289
96 298
96 308
96 343
96 353
96 386
96 388
96 391
96 399
97 99
97 110
97 142
97 161
97 238
97 241
97 266
97 272
97 275
97 311
97 313
97 318
97 331
97 392
98 152
98 195
98 208
98 225
98 234
98 261
98 271
98 274
98 290
98 367
99 128
99 132
99 133
99 142
99 147
99 151
99 169
99 174
99 202
99 215
99 240
99 251
99 279
99 310
99 311
99 320
99 338
99 340
99 343
99 353
99 365
99 388
99 397
100 111
100 113
100 129
100 187
100 193
100 198
100 199
100 206
100 209
100 210
100 247
100 261
100 268
100 292
100 333
100 370
100 375
101 108
101 113
101 119
101 136
101 142
101 189
101 208
101 241
101 256
101 265
101 302
101 328
101 330
101 332
101 348
101 391
101 395
102 109
102 125
102 127
102 162
102 195
102 207
102 210
102 234
102 235
102 254
102 275
102 290
102 296
102 303
102 313
102 326
102 332
102 367
102 380
102 397
102 399
103 107
103 195
103 205
103 215
103 270
103 280
103 286
103 287
103 296
103 300
103 307
103 340
103 353
103 362
103 366
103 369
103 378
103 381
103 386
103 389
104 108
104 112
104 135
104 138
104 155
104 180
104 196
104 197
104 206
104 221
104 225
104 275
104 282
104 318
104 337
104 351
104 358
105 115
105 138
105 142
105 158
105 170
105 172
105 193
105 196
105 198
105 200
105 204
105 214
105 217
105 220
105 270
105 308
105 320
105 331
105 369
105 375
105 399
106 127
106 128
106 140
106 153
106 170
106 177
106 184
106 197
106 202
106 259
106 287
106 302
106 326
106 335
106 368
106 379
107 134
107 143
107 160
107 167
107 169
107 171
107 173
107 174
107 203
107 234
107 258
107 260
107 275
107 283
107 290
108 113
108 116
108 122
108 136
108 142
108 168
108 171
108 173
108 182
108 192
108 202
108 205
108 212
108 220
108 235
108 255
108 273
108 282
108 311
108 327
108 329
108 340
108 356
108 377
108 389
108 395
109 144
109 148
109 173
109 217
109 254
109 299
109 312
109 322
109 332
109 334
109 346
109 347
109 378
109 386
110 140
110 145
110 154
110 156
110 158
110 164
110 196
110 198
110 219
110 242
110 250
110 261
110 272
110 314
111 119
111 121
111 134
111 150
111 218
111 237
111 243
111 261
111 302
111 335
111 346
111 364
111 397
112 147
112 176
112 183
112 193
112 204
112 251
112 293
112 347
112 350
112 359
112 363
112 380
112 390
113 116
113 142
113 146
113 156
113 159
113 160
113 174
113 193
113 204
113 210
113 218
113 224
113 244
113 248
113 258
113 261
113 267
113 269
113 272
113 276
113 281
113 285
113 317
113 326
113 346
113 347
113 357
113 373
113 378
113 381
113 392
113 396
114 120
114 123
114 140
114 151
114 163
114 164
114 165
114 182
114 203
114 204
114 205
114 212
114 214
114 218
114 223
114 253
114 264
114 275
114 292
114 308
114 309
114 310
114 348
114 370
114 371
114 399
115 118
115 162
115 173
115 184
115 187
115 191
115 193
115 207
115 212
115 256
115 263
115 286
115 298
115 360
115 380
115 389
116 123
116 134
116 151
116 176
116 197
116 202
116 223
116 244
116 250
116 262
116 269
116 271
116 302
116 310
116 322
116 329
116 338
116 361
116 368
116 380
117 127
117 134
117 147
117 172
117 189
117 202
117 204
117 210
117 217
117 220
117 235
117 239
117 242
117 252
117 253
117 256
117 257
117 283
117 290
117 297
117 298
117 310
117 314
117 330
117 332
117 341
117 345
117 362
117 373
117 380
117 391
117 395
117 399
118 131
118 137
118 173
118 182
118 187
118 212
118 215
118 229
118 230
118 233
118 238
118 281
118 291
118 305
118 346
118 348
118 362
118 392
119 121
119 125
119 135
119 158
119 174
119 184
119 198
119 210
119 224
119 250
119 253
119 259
119 274
119 283
119 299
119 314
119 363
119 375
119 376
119 384
119 397
119 398
120 131
120 191
120 249
120 269
120 285
120 288
120 291
120 315
121 186
121 188
121 204
121 219
121 222
121 248
121 264
121 288
121 290
121 308
121 321
121 327
121 330
121 338
121 350
121 361
121 373
121 376
121 391
121 399
122 134
122 163
122 177
122 182
122 198
122 202
122 206
122 217
122 221
122 235
122 237
122 256
122 263
122 270
122 298
122 305
122 328
122 333
122 347
122 360
122 362
122 392
123 136
123 170
123 200
123 201
123 218
123 229
123 246
123 263
123 266
123 274
123 324
123 376
123 379
123 387
124 146
124 151
124 198
124 215
124 227
124 239
124 245
124 286
124 292
124 309
124 340
124 359
124 364
125 147
125 174
125 178
125 189
125 190
125 199
125 259
125 275
125 278
125 290
125 293
125 350
125 354
125 383
126 149
126 152
126 163
126 221
126 223
126 241
126 269
126 275
126 317
126 351
126 353
127 132
127 147
127 152
127 155
127 185
127 192
127 200
127 253
127 255
127 264
127 283
127 295
127 306
127 313
127 316
127 322
127 339
127 345
127 357
127 374
127 385
128 146
128 150
128 167
128 170
128 171
128 230
128 235
128 241
128 259
128 261
128 265
128 311
128 321
128 326
128 347
128 366
128 389
129 149
129 190
129 193
129 195
129 197
129 202
129 220
129 227
129 233
129 236
129 242
129 277
129 315
129 323
129 353
129 381
129 387
129 397
130 142
130 187
130 199
130 220
130 227
130 260
130 291
130 292
130 299
130 310
130 320
130 324
130 341
130 345
130 350
130 386
131 144
131 154
131 158
131 180
131 190
131 218
131 224
131 227
131 261
131 283
131 290
131 299
131 312
131 327
132 140
132 178
132 180
132 205
132 222
132 239
132 244
132 249
132 250
132 256
132 257
132 269
132 309
132 387
132 393
133 148
133 174
133 194
133 195
133 201
133 272
133 281
133 282
133 283
133 299
133 310
133 313
133 331
133 343
133 364
134 139
134 152
134 159
134 182
134 189
134 207
134 216
134 222
134 255
134 280
134 284
134 364
134 371
134 377
135 144
135 153
135 162
135 191
135 202
135 204
135 244
135 251
135 270
135 280
135 289
135 311
135 318
135 331
135 365
135 392
136 149
136 168
136 202
136 215
136 246
136 254
136 257
136 268
136 288
136 292
136 315
136 322
136 336
136 350
136 354
136 362
136 366
137 138
137 145
137 146
137 153
137 157
137 161
137 185
137 199
137 239
137 242
137 247
137 270
137 284
137 312
137 314
137 384
137 388
138 189
138 209
138 220
138 225
138 229
138 255
138 258
138 262
138 271
138 306
138 376
138 384
138 395
139 171
139 212
139 274
139 291
139 293
139 306
139 333
139 345
139 348
139 381
139 391
140 145
140 169
140 171
140 175
140 186
140 187
140 219
140 229
140 230
140 239
140 259
140 316
140 344
140 367
140 385
141 167
141 184
141 185
141 205
141 225
141 236
141 237
141 244
141 255
141 259
141 276
141 311
141 342
141 345
142 181
142 213
142 215
142 218
142 234
142 246
142 249
142 254
142 258
142 302
142 312
142 324
142 389
143 150
143 153
143 169
143 203
143 226
143 234
143 254
143 305
143 307
143 314
143 344
143 386
143 399
144 185
144 206
144 226
144 292
144 316
144 384
144 388
145 149
145 173
145 184
145 185
145 188
145 201
145 223
145 226
145 294
145 303
145 308
145 317
145 329
145 334
145 343
145 351
145 357
146 160
146 176
146 181
146 204
146 205
146 208
146 213
146 248
146 252
146 261
146 275
146 282
146 289
146 311
146 314
146 327
146 332
146 374
146 379
146 389
147 174
147 191
147 202
147 208
147 209
147 217
147 229
147 270
147 277
147 296
147 305
147 320
147 322
147 323
147 339
147 342
147 344
147 347
147 357
147 363
147 368
147 376
147 383
147 388
148 177
148 198
148 202
148 227
148 253
148 263
148 288
148 291
148 293
148 315
148 319
148 348
148 357
148 361
148 366
148 368
148 385
149 154
149 175
149 183
149 209
149 210
149 219
149 246
149 256
149 267
149 271
149 298
149 313
149 322
149 327
149 329
149 334
149 338
149 365
149 374
149 377
150 170
150 180
150 200
150 236
150 240
150 241
150 271
150 294
150 314
150 323
150 328
150 330
150 333
150 335
150 344
150 383
151 173
151 180
151 191
151 247
151 254
151 255
151 263
151 273
151 274
151 285
151 317
151 329
151 350
151 362
151 370
151 373
151 374
151 386
151 389
151 392
151 397
152 157
152 163
152 165
152 207
152 234
152 241
152 246
152 257
152 289
152 310
152 313
152 320
152 327
152 362
152 366
152 387
152 391
153 163
153 173
153 190
153 223
153 234
153 256
153 272
153 280
153 298
153 325
153 338
153 340
153 381
153 384
153 385
153 396
154 166
154 188
154 198
154 209
154 220
154 235
154 283
154 286
154 309
154 341
154 345
154 376
154 391
155 186
155 195
155 226
155 235
155 238
155 285
155 291
155 341
155 344
155 347
155 396
156 204
156 219
156 224
156 257
156 292
156 323
156 325
156 332
156 346
156 347
156 354
156 385
157 159
157 165
157 174
157 215
157 226
157 232
157 236
157 250
157 272
157 275
157 303
157 312
157 335
157 337
157 339
157 340
157 377
157 391
157 396
157 399
158 162
158 199
158 204
158 273
158 274
158 294
158 297
158 312
158 324
158 338
158 340
158 382
158 395
159 172
159 176
159 178
159 205
159 210
159 227
159 266
159 282
159 311
159 326
159 346
159 362
159 385
159 398
160 185
160 201
160 276
160 297
160 299
160 309
160 322
160 326
160 331
160 362
160 388
160 396
161 181
161 199
161 231
161 251
161 254
161 268
161 275
161 289
161 299
161 365
161 392
162 173
162 180
162 216
162 218
162 221
162 222
162 226
162 239
162 240
162 252
162 267
162 270
162 273
162 283
162 355
162 357
163 173
163 197
163 198
163 219
163 233
163 240
163 264
163 268
163 292
163 293
163 295
163 297
163 302
163 304
163 309
163 311
163 319
163 368
163 377
163 394
164 167
164 168
164 174
164 227
164 240
164 272
164 274
164 280
164 311
164 315
164 320
164 324
164 325
164 375
164 387
164 392
165 171
165 183
165 200
165 202
165 210
165 225
165 244
165 247
165 252
165 256
165 258
165 271
165 284
165 295
165 298
165 322
165 325
165 327
165 360
165 385
166 183
166 190
166 196
166 216
166 281
166 293
166 300
166 301
166 312
166 342
166 346
166 347
166 355
166 361
166 374
166 380
167 172
167 182
167 186
167 196
167 202
167 282
167 284
167 285
167 294
167 307
167 310
167 350
167 352
167 367
167 370
167 382
167 386
167 397
168 170
168 174
168 230
168 255
168 280
168 300
168 312
168 320
168 355
168 360
168 370
169 170
169 175
169 187
169 221
169 237
169 248
169 262
169 285
169 310
169 316
169 329
169 331
169 339
169 342
169 369
169 396
169 399
170 179
170 184
170 217
170 231
170 234
170 278
170 311
170 326
170 341
170 357
170 358
170 375
170 384
171 174
171 182
171 184
171 200
171 209
171 223
171 225
171 229
171 232
171 234
171 251
171 298
171 299
171 306
171 308
171 325
171 334
171 335
171 357
171 392
172 186
172 216
172 230
172 240
172 243
172 267
172 277
172 281
172 290
172 294
172 299
172 322
172 324
172 333
172 338
172 354
172 393
173 202
173 213
173 227
173 273
173 278
173 314
173 322
173 323
173 331
173 336
173 337
173 345
173 359
173 364
173 375
173 398
174 178
174 264
174 301
174 320
174 326
174 331
174 332
174 337
174 343
175 183
175 207
175 213
175 230
175 247
175 250
175 253
175 268
175 276
175 285
175 302
175 314
175 316
175 333
175 361
175 363
175 382
175 390
176 209
176 214
176 228
176 230
176 239
176 266
176 322
176 358
176 359
176 370
176 374
177 184
177 198
177 200
177 207
177 241
177 263
177 272
177 350
177 361
177 378
177 379
177 396
178 182
178 221
178 223
178 227
178 236
178 239
178 242
178 244
178 247
178 250
178 291
178 311
178 313
178 329
178 342
178 344
178 345
178 376
178 382
179 197
179 216
179 287
179 304
179 329
179 339
179 351
179 364
179 367
179 377
179 385
179 397
180 193
180 195
180 197
180 202
180 217
180 218
180 222
180 235
180 250
180 268
180 287
180 304
180 319
180 327
180 353
180 377
181 202
181 226
181 232
181 242
181 245
181 249
181 251
181 256
181 263
181 266
181 342
181 348
181 374
181 394
181 399
182 221
182 228
182 236
182 239
182 255
182 361
182 394
182 399
183 233
183 246
183 250
183 258
183 288
183 302
183 377
183 387
183 389
183 397
184 215
184 244
184 250
184 258
184 281
184 310
184 313
184 323
184 328
184 353
184 379
184 381
184 386
184 390
184 396
185 186
185 205
185 233
185 281
185 285
185 302
185 309
185 313
185 343
185 345
185 359
185 379
185 382
186 196
186 204
186 207
186 211
186 243
186 255
186 271
186 306
186 334
186 337
186 353
186 379
187 193
187 196
187 214
187 266
187 289
187 309
187 311
187 321
187 331
187 340
187 347
187 364
187 371
187 394
188 191
188 211
188 215
188 230
188 236
188 244
188 269
188 278
188 290
188 302
188 330
188 333
188 353
188 370
188 382
188 386
189 193
189 206
189 224
189 229
189 269
189 274
189 318
189 328
189 336
189 340
189 350
190 194
190 205
190 217
190 248
190 258
190 261
190 297
190 311
190 322
190 332
190 338
190 345
190 393
191 201
191 205
191 238
191 245
191 275
191 287
191 312
191 325
191 337
191 350
191 376
192 225
192 240
192 281
192 290
192 359
192 374
192 378
193 210
193 229
193 248
193 264
193 265
193 298
193 299
193 314
193 315
193 323
193 327
193 360
193 380
193 398
194 222
194 232
194 285
194 287
194 307
194 347
194 375
195 200
195 222
195 229
195 236
195 250
195 262
195 268
195 277
195 328
195 331
195 376
195 389
196 201
196 204
196 224
196 230
196 246
196 269
196 274
196 277
196 322
196 356
196 360
196 376
196 377
197 203
197 247
197 249
197 251
197 265
197 271
197 276
197 279
197 287
197 298
197 302
197 329
197 331
197 332
197 341
197 350
197 354
197 369
197 384
197 387
197 395
197 397
198 231
198 246
198 269
198 286
198 304
198 308
198 309
198 323
198 352
198 357
198 369
199 200
199 205
199 256
199 272
199 291
199 323
199 337
199 342
200 203
200 210
200 283
200 288
200 293
200 299
200 307
200 320
200 351
200 374
201 205
201 209
201 220
201 224
201 236
201 242
201 244
201 247
201 267
201 313
201 349
202 213
202 215
202 217
202 220
202 222
202 234
202 253
202 296
202 305
202 324
202 326
202 365
202 373
202 392
203 216
203 218
203 258
203 286
203 300
203 310
203 315
203 370
203 380
204 209
204 222
204 233
204 268
204 313
204 337
204 347
204 353
204 369
204 395
204 396
205 207
205 222
205 229
205 230
205 236
205 249
205 285
205 289
205 292
205 306
205 337
205 362
205 371
205 377
205 393
206 235
206 238
206 249
206 254
206 273
206 280
206 288
206 289
206 293
206 319
206 336
206 350
206 361
206 373
206 375
206 382
206 390
206 391
207 211
207 224
207 232
207 237
207 260
207 268
207 286
207 291
207 314
207 315
207 317
207 331
207 333
207 341
207 385
208 209
208 218
208 225
208 241
208 269
208 287
208 295
208 300
208 315
208 319
208 344
208 345
208 368
208 392
209 216
209 262
209 305
209 325
209 339
209 352
209 372
209 376
209 378
210 220
210 244
210 245
210 276
210 304
210 312
210 324
210 397
211 256
211 282
211 283
211 288
211 300
211 303
211 309
211 325
211 352
211 379
212 236
212 265
212 268
212 278
212 300
212 305
212 314
212 319
212 330
212 332
212 340
212 388
212 397
213 227
213 238
213 298
213 329
213 370
213 379
214 228
214 268
214 270
214 351
214 384
214 389
214 399
215 216
215 218
215 257
215 259
215 260
215 261
215 290
215 298
215 351
215 357
215 371
215 389
215 391
216 258
216 264
216 278
216 281
216 286
216 293
216 294
216 318
216 320
216 342
216 344
216 349
216 383
216 387
216 390
216 397
217 222
217 234
217 253
217 282
217 319
217 327
217 331
217 370
218 243
218 247
218 251
218 266
218 269
218 305
218 306
218 308
218 349
218 371
218 379
219 241
219 250
219 268
219 276
219 294
219 295
219 309
219 339
219 357
219 387
220 242
220 244
220 265
220 287
220 321
220 338
220 341
220 361
220 362
220 374
220 375
221 245
221 252
221 254
221 283
221 295
221 304
221 307
221 308
221 322
221 327
221 351
221 369
221 389
221 392
221 397
222 238
222 249
222 267
222 272
222 305
222 306
222 307
222 318
222 324
222 341
222 346
222 356
222 358
222 360
222 374
222 386
223 241
223 246
223 270
223 272
223 281
223 282
223 290
223 293
223 297
223 321
223 322
223 327
223 331
223 342
223 359
223 399
224 234
224 235
224 236
224 239
224 251
224 258
224 264
224 279
224 282
224 293
224 295
224 302
224 335
224 346
224 348
224 364
224 373
224 375
224 386
224 392
225 232
225 245
225 256
225 257
225 265
225 278
225 283
225 293
225 297
225 301
225 322
225 340
225 341
225 350
225 351
225 358
225 370
225 379
226 229
226 230
226 243
226 286
226 290
226 293
226 351
226 379
226 383
226 391
226 392
226 395
227 248
227 249
227 254
227 262
227 267
227 294
227 371
227 381
228 234
228 244
228 265
228 282
228 283
228 318
228 333
228 337
228 349
228 355
228 387
228 394
228 398
229 271
229 273
229 298
229 319
229 342
229 343
229 360
229 367
230 233
230 235
230 259
230 279
230 284
230 306
230 369
230 377
231 238
231 243
231 245
231 249
231 252
231 265
231 268
231 307
231 308
231 319
231 331
231 356
231 396
232 236
232 242
232 246
232 253
232 270
232 282
232 284
232 310
232 315
232 339
232 341
232 345
232 355
232 364
232 370
232 373
233 263
233 291
233 305
233 327
233 376
233 380
234 252
234 279
234 319
234 323
234 346
234 358
234 365
234 386
235 241
235 251
235 279
235 299
235 317
235 350
235 362
235 372
235 379
235 380
235 393
236 270
236 277
236 296
236 326
236 336
236 342
236 357
236 358
237 240
237 272
237 275
237 303
237 310
237 313
237 324
237 328
237 332
237 339
237 347
237 348
237 352
237 387
238 249
238 259
238 261
238 268
238 274
238 282
238 291
238 294
238 297
238 338
238 342
238 385
239 244
239 273
239 280
239 284
239 319
239 322
239 330
239 334
239 335
239 346
239 348
239 371
239 382
239 388
240 291
240 293
240 295
240 317
240 321
241 243
241 245
241 256
241 339
241 344
241 346
241 364
241 367
241 396
241 398
242 261
242 267
242 273
242 274
242 286
242 292
242 334
242 337
242 388
242 398
243 244
243 270
243 275
243 280
243 299
243 304
243 308
243 320
243 324
243 330
243 346
243 356
244 281
244 320
244 327
244 336
244 340
244 358
244 367
244 373
244 394
245 253
245 263
245 270
245 272
245 294
245 308
245 324
245 342
245 393
246 247
246 271
246 279
246 283
246 294
246 305
246 350
246 352
246 368
246 399
247 251
247 272
247 326
247 335
247 376
247 396
248 258
248 266
248 275
248 346
248 354
248 385
248 398
249 272
249 276
249 300
249 322
249 366
249 373
250 251
250 265
250 268
250 273
250 281
250 283
250 286
250 289
250 291
250 311
250 325
250 331
250 345
250 350
250 352
250 394
250 396
251 260
251 261
251 277
251 282
251 286
251 291
251 296
251 307
251 320
251 335
251 381
251 383
251 386
251 387
251 398
252 264
252 279
252 286
252 314
252 354
253 254
253 259
253 263
253 284
253 285
253 330
253 340
253 362
254 258
254 268
254 293
254 294
254 297
254 301
254 303
254 306
254 307
254 321
254 331
254 338
254 366
254 374
254 382
254 387
255 272
255 289
255 300
255 335
255 355
255 395
256 283
256 319
256 328
256 358
256 377
256 385
256 391
257 268
257 282
257 310
257 312
257 321
257 325
257 346
257 398
258 284
258 300
258 305
258 309
258 321
258 337
258 340
258 356
258 359
258 374
259 320
259 330
259 363
260 267
260 280
260 301
260 310
260 343
260 350
260 352
260 355
260 377
261 285
261 291
261 299
261 321
261 322
261 334
261 364
261 371
261 374
261 380
261 399
262 294
262 315
262 322
262 336
262 347
262 367
262 371
262 395
263 280
263 306
263 307
263 346
263 353
263 375
263 383
264 302
264 309
264 312
264 320
264 374
264 379
265 273
265 282
265 302
265 317
265 325
265 351
265 353
265 368
265 376
265 378
266 278
266 305
266 386
266 387
267 274
267 314
267 316
267 378
268 280
268 282
268 291
268 319
268 323
268 333
268 370
268 372
268 376
269 284
269 285
269 304
269 307
269 313
269 325
269 330
269 332
269 337
269 344
269 364
270 314
270 318
270 374
270 375
270 392
271 279
271 287
271 314
271 315
271 325
271 349
271 378
272 275
272 291
272 297
272 307
272 350
272 383
272 390
273 281
273 296
273 306
273 319
273 334
274 280
274 288
274 295
274 303
274 311
274 316
274 371
274 374
275 297
275 299
275 300
275 329
275 345
275 375
276 281
276 314
276 341
276 343
276 361
276 367
276 370
277 282
277 304
277 309
277 312
277 314
277 338
277 353
277 354
277 376
277 381
277 389
277 393
277 395
278 297
278 306
278 316
278 327
278 337
278 367
278 372
278 375
278 392
279 281
279 284
279 309
279 327
279 360
279 368
280 295
280 304
280 337
280 341
280 356
280 381
280 386
280 388
280 392
280 397
281 316
281 363
282 288
282 293
282 313
282 314
282 343
282 348
282 354
282 392
282 394
282 395
283 298
283 328
283 343
283 364
283 365
283 393
284 317
284 330
284 338
284 359
284 367
284 376
284 388
285 291
285 299
285 335
285 348
285 371
286 311
286 349
286 394
287 296
287 322
287 336
287 358
287 362
287 379
287 388
288 297
288 309
288 310
288 311
288 314
288 319
288 344
288 387
289 296
289 303
289 315
289 327
289 332
289 348
289 349
289 370
289 398
290 301
290 309
290 311
290 387
291 337
291 343
291 354
291 395
292 319
292 329
292 337
292 339
292 366
292 388
293 308
293 309
293 314
293 356
293 363
294 308
294 310
294 321
294 322
294 329
294 330
294 369
294 389
295 323
295 324
295 362
295 366
295 371
295 376
295 379
296 305
296 306
296 310
296 335
296 337
296 339
296 345
296 347
296 352
296 355
296 366
296 381
296 391
297 315
297 317
297 324
297 333
297 348
298 299
298 306
298 349
298 371
298 383
298 387
299 312
299 376
299 399
300 331
300 350
300 363
300 364
300 367
300 377
301 370
301 378
301 391
302 304
302 328
302 351
302 371
302 377
302 384
303 312
303 318
303 324
303 368
303 369
303 383
304 312
304 347
304 373
305 306
305 322
305 326
305 378
306 311
306 333
306 345
306 361
306 367
307 320
307 326
307 339
307 347
307 371
307 373
308 340
308 375
309 311
309 326
309 393
309 396
310 343
310 361
310 368
310 375
310 392
311 316
311 324
311 326
311 334
311 374
311 392
312 324
312 362
312 391
313 329
313 345
313 348
313 388
314 317
314 343
314 348
314 363
314 367
314 371
314 377
314 390
314 391
315 384
315 393
315 394
316 325
316 338
316 339
316 352
316 363
316 365
316 373
317 326
317 335
317 341
317 361
318 319
318 327
318 369
318 376
318 383
318 389
319 334
319 335
319 343
319 359
319 373
320 342
320 352
320 367
320 377
321 326
321 330
321 339
321 340
321 341
321 343
321 352
321 391
322 332
322 333
322 347
322 357
322 363
322 371
322 377
323 335
323 336
323 337
323 347
323 351
323 357
323 359
323 369
323 395
324 326
324 338
324 352
324 366
324 389
325 385
325 394
326 361
326 365
326 389
327 328
327 340
327 393
327 395
328 333
328 356
328 370
328 371
328 390
328 397
329 335
329 340
329 342
329 367
329 374
329 392
330 337
330 341
330 344
330 352
330 353
330 365
330 366
330 383
331 354
331 358
331 366
331 387
331 398
332 389
333 334
333 348
334 352
334 378
334 383
334 391
335 367
335 379
335 392
336 342
336 356
336 358
336 371
336 386
336 388
337 356
337 366
338 340
338 356
338 365
338 367
338 387
338 393
339 357
339 390
340 358
340 375
340 385
341 366
341 375
341 382
341 398
341 399
342 350
342 377
342 384
342 389
343 352
343 360
343 368
343 384
344 369
344 374
344 375
344 378
345 346
345 349
345 360
345 371
345 393
346 376
346 385
347 360
347 362
348 380
348 383
349 364
349 365
349 374
349 381
349 397
350 354
350 364
350 385
350 391
350 395
351 368
351 375
351 397
352 358
353 371
354 379
354 389
354 397
355 379
355 382
355 390
356 361
357 373
357 382
357 399
358 366
358 374
358 386
359 377
359 379
359 384
360 396
361 377
361 379
361 382
361 385
362 378
362 380
362 391
362 398
362 399
363 390
363 394
364 381
365 372
366 377
366 397
367 396
368 388
369 394
369 396
371 377
371 384
372 374
372 378
373 378
373 383
375 387
377 378
377 379
377 393
379 399
383 399
385 396
387 395
389 393
389 394
391 394
392 393
