300 3673 0.8
0 1
0 16
0 25
0 34
0 47
0 64
0 79
0 81
0 93
0 95
0 101
0 126
0 140
0 155
0 157
0 170
0 189
0 192
0 220
0 224
0 234
0 239
0 246
0 257
0 263
0 265
0 270
0 285
0 288
0 294
0 299
1 17
1 21
1 27
1 39
1 40
1 49
1 51
1 63
1 73
1 83
1 97
1 122
1 126
1 130
1 131
1 134
1 139
1 163
1 176
1 188
1 198
1 213
1 229
1 238
1 264
1 274
1 298
2 34
2 50
2 54
2 62
2 71
2 74
2 77
2 79
2 80
2 94
2 123
2 127
2 154
2 168
2 171
2 188
2 197
2 244
2 246
2 252
2 289
3 19
3 23
3 26
3 30
3 32
3 77
3 97
3 106
3 111
3 113
3 126
3 143
3 151
3 225
3 241
3 247
3 254
3 255
3 268
3 275
4 8
4 13
4 35
4 39
4 64
4 77
4 96
4 111
4 113
4 153
4 177
4 188
4 192
4 208
4 224
4 245
4 253
4 280
4 282
4 286
5 24
5 53
5 76
5 99
5 112
5 124
5 134
5 180
5 192
5 205
5 220
5 230
5 234
5 259
5 260
5 261
5 276
5 277
5 294
6 23
6 33
6 37
6 49
6 50
6 57
6 68
6 83
6 88
6 93
6 100
6 107
6 109
6 115
6 125
6 144
6 157
6 190
6 198
6 208
6 217
6 223
6 256
6 262
6 271
6 285
6 289
6 291
7 14
7 19
7 50
7 51
7 70
7 71
7 85
7 98
7 107
7 111
7 114
7 161
7 172
7 179
7 192
7 207
7 208
7 209
7 218
7 220
7 225
7 226
7 227
7 231
7 235
7 246
7 257
7 274
7 293
7 299
8 27
8 32
8 43
8 56
8 77
8 96
8 120
8 123
8 130
8 143
8 152
8 170
8 180
8 182
8 186
8 187
8 203
8 205
8 207
8 217
8 228
8 254
8 256
8 257
8 258
8 261
9 12
9 17
9 53
9 66
9 73
9 79
9 81
9 90
9 98
9 120
9 134
9 145
9 149
9 159
9 170
9 172
9 218
9 219
9 220
9 225
9 249
9 252
9 258
9 268
9 270
10 16
10 27
10 40
10 57
10 67
10 82
10 101
10 111
10 126
10 151
10 172
10 180
10 183
10 188
10 191
10 196
10 209
10 213
10 228
10 233
10 254
10 259
10 278
10 286
10 298
11 29
11 44
11 57
11 72
11 76
11 105
11 107
11 114
11 118
11 121
11 124
11 128
11 130
11 134
11 139
11 143
11 155
11 157
11 159
11 172
11 182
11 184
11 192
11 223
11 224
11 228
11 232
11 241
11 250
11 262
11 274
11 283
11 289
12 14
12 22
12 24
12 37
12 57
12 58
12 111
12 122
12 134
12 167
12 174
12 181
12 193
12 203
12 206
12 212
12 223
12 230
12 244
12 257
12 264
12 275
12 281
12 286
12 293
12 296
13 22
13 28
13 39
13 43
13 62
13 78
13 79
13 104
13 132
13 159
13 184
13 231
13 235
13 256
13 263
13 267
13 281
13 284
13 289
14 21
14 23
14 52
14 74
14 95
14 111
14 126
14 139
14 146
14 156
14 170
14 176
14 184
14 197
14 198
14 211
14 221
14 224
14 229
14 242
14 262
14 263
14 265
14 270
14 289
14 291
15 28
15 40
15 49
15 63
15 65
15 77
15 100
15 115
15 120
15 128
15 137
15 150
15 155
15 162
15 179
15 180
15 186
15 226
15 230
15 236
15 261
15 288
15 291
15 295
15 298
16 27
16 37
16 43
16 59
16 94
16 113
16 117
16 118
16 144
16 172
16 183
16 213
16 214
16 217
16 219
16 234
16 236
16 274
17 24
17 36
17 51
17 57
17 58
17 69
17 71
17 72
17 77
17 93
17 99
17 105
17 144
17 170
17 182
17 188
17 203
17 214
17 229
17 233
17 240
18 34
18 78
18 83
18 84
18 89
18 92
18 104
18 107
18 164
18 165
18 166
18 175
18 180
18 189
18 192
18 194
18 201
18 206
18 228
18 247
18 248
18 252
18 253
18 260
18 261
18 266
18 278
19 25
19 66
19 88
19 103
19 132
19 149
19 155
19 161
19 170
19 190
19 199
19 212
19 221
19 235
19 256
19 264
19 270
19 279
20 28
20 31
20 42
20 53
20 75
20 80
20 89
20 92
20 93
20 100
20 111
20 124
20 133
20 149
20 172
20 175
20 176
20 195
20 208
20 225
20 229
20 251
21 25
21 35
21 37
21 58
21 64
21 65
21 85
21 112
21 122
21 123
21 127
21 135
21 140
21 149
21 151
21 176
21 183
21 184
21 191
21 202
21 205
21 206
21 218
21 224
21 228
21 250
21 258
21 267
21 281
21 287
21 293
21 296
21 299
22 57
22 60
22 65
22 67
22 83
22 104
22 109
22 111
22 116
22 132
22 134
22 168
22 178
22 213
22 219
22 220
22 229
22 236
22 244
22 265
22 268
22 274
23 46
23 63
23 71
23 77
23 81
23 87
23 88
23 100
23 103
23 107
23 127
23 134
23 136
23 146
23 160
23 174
23 228
23 229
23 235
23 249
23 250
23 257
23 260
23 262
23 271
23 290
23 293
24 35
24 62
24 89
24 104
24 110
24 154
24 172
24 173
24 177
24 211
24 224
24 226
24 238
24 259
24 263
24 285
24 286
24 293
25 34
25 52
25 53
25 60
25 66
25 73
25 85
25 98
25 107
25 164
25 169
25 172
25 182
25 187
25 190
25 193
25 196
25 213
25 215
25 241
25 243
25 248
25 255
25 257
25 282
25 298
26 51
26 94
26 98
26 104
26 112
26 117
26 120
26 133
26 138
26 139
26 144
26 154
26 157
26 164
26 167
26 176
26 180
26 199
26 208
26 220
26 238
26 242
26 244
26 252
26 253
26 279
26 292
26 296
27 41
27 105
27 106
27 125
27 142
27 143
27 159
27 169
27 182
27 194
27 208
27 223
27 238
27 241
27 249
27 260
28 46
28 94
28 97
28 124
28 125
28 126
28 129
28 136
28 138
28 146
28 154
28 156
28 170
28 183
28 192
28 213
28 246
28 251
28 257
28 264
28 286
28 288
28 290
29 31
29 41
29 43
29 48
29 49
29 54
29 57
29 60
29 64
29 70
29 72
29 83
29 96
29 98
29 104
29 105
29 128
29 151
29 155
29 182
29 232
29 235
29 244
29 297
29 299
30 46
30 60
30 61
30 78
30 112
30 113
30 116
30 148
30 169
30 178
30 181
30 188
30 195
30 212
30 225
30 230
30 234
30 246
30 247
30 253
30 270
31 39
31 69
31 71
31 93
31 102
31 136
31 147
31 151
31 153
31 161
31 176
31 185
31 191
31 215
31 217
31 236
31 266
31 277
31 280
31 289
31 292
31 293
31 298
32 43
32 48
32 57
32 63
32 64
32 79
32 86
32 99
32 116
32 134
32 152
32 156
32 161
32 176
32 184
32 201
32 203
32 204
32 226
32 231
32 265
33 60
33 67
33 94
33 102
33 120
33 124
33 138
33 139
33 145
33 154
33 164
33 168
33 187
33 220
33 257
33 265
33 275
33 276
33 279
33 297
34 35
34 44
34 58
34 68
34 73
34 76
34 94
34 102
34 104
34 140
34 144
34 169
34 219
34 245
34 247
34 254
34 264
34 273
34 276
34 280
34 288
34 298
35 38
35 62
35 64
35 82
35 89
35 94
35 104
35 106
35 111
35 112
35 124
35 138
35 146
35 155
35 164
35 166
35 172
35 188
35 199
35 203
35 204
35 213
35 222
35 257
35 276
35 294
36 62
36 71
36 78
36 83
36 85
36 94
36 97
36 109
36 115
36 116
36 126
36 135
36 152
36 158
36 176
36 180
36 193
36 206
36 208
36 215
36 243
36 247
36 248
36 253
37 56
37 60
37 89
37 159
37 164
37 183
37 234
37 235
37 254
37 259
37 279
37 284
37 294
38 66
38 69
38 74
38 81
38 85
38 99
38 105
38 122
38 125
38 143
38 178
38 214
38 227
38 254
38 267
38 268
38 270
38 275
38 278
39 48
39 51
39 52
39 53
39 55
39 56
39 57
39 78
39 84
39 87
39 91
39 101
39 102
39 105
39 110
39 131
39 134
39 136
39 156
39 160
39 177
39 204
39 211
39 216
39 223
39 231
39 241
39 264
39 265
39 278
39 294
40 74
40 94
40 98
40 107
40 110
40 123
40 134
40 138
40 182
40 187
40 198
40 203
40 213
40 223
40 236
40 249
40 257
40 266
40 270
41 44
41 89
41 91
41 106
41 108
41 131
41 134
41 136
41 143
41 148
41 150
41 158
41 180
41 185
41 194
41 204
41 226
41 229
41 238
41 251
41 255
41 257
41 267
41 271
41 278
41 287
42 54
42 60
42 63
42 68
42 96
42 109
42 120
42 140
42 144
42 149
42 156
42 161
42 162
42 188
42 235
42 274
42 288
43 44
43 48
43 67
43 89
43 136
43 138
43 147
43 153
43 161
43 166
43 168
43 169
43 175
43 176
43 192
43 200
43 201
43 214
43 215
43 246
43 256
43 271
43 278
43 287
44 114
44 158
44 163
44 164
44 177
44 187
44 191
44 194
44 220
44 229
44 266
44 268
44 274
44 276
44 277
44 285
44 290
45 56
45 64
45 71
45 86
45 88
45 89
45 90
45 96
45 102
45 128
45 144
45 154
45 170
45 180
45 186
45 198
45 203
45 238
45 247
45 274
45 276
45 287
45 289
45 294
45 296
46 66
46 68
46 93
46 94
46 95
46 96
46 97
46 98
46 99
46 100
46 102
46 103
46 104
46 105
46 117
46 134
46 163
46 170
46 172
46 194
46 210
46 235
46 239
46 249
46 251
46 263
46 276
46 280
46 287
47 61
47 66
47 73
47 81
47 89
47 94
47 105
47 113
47 127
47 154
47 164
47 165
47 166
47 178
47 179
47 181
47 206
47 259
47 279
47 290
47 294
48 53
48 56
48 86
48 93
48 95
48 97
48 107
48 110
48 112
48 115
48 133
48 141
48 147
48 148
48 162
48 182
48 187
48 190
48 197
48 204
48 212
48 238
48 244
48 262
48 263
48 264
48 269
48 273
48 291
48 294
49 55
49 61
49 63
49 82
49 83
49 93
49 100
49 114
49 130
49 136
49 198
49 224
49 241
49 258
49 262
49 263
49 275
49 289
49 293
50 59
50 69
50 94
50 97
50 102
50 114
50 117
50 120
50 124
50 144
50 174
50 184
50 195
50 215
50 266
50 272
50 289
51 75
51 97
51 102
51 126
51 127
51 140
51 176
51 182
51 186
51 208
51 221
51 222
51 251
51 290
52 57
52 58
52 65
52 84
52 100
52 107
52 112
52 116
52 121
52 146
52 149
52 155
52 188
52 197
52 198
52 199
52 202
52 208
52 213
52 239
52 244
52 249
52 251
52 263
52 285
52 292
52 295
53 69
53 75
53 95
53 104
53 112
53 118
53 134
53 136
53 149
53 154
53 170
53 192
53 194
53 204
53 216
53 221
53 236
53 261
53 263
53 264
53 265
54 57
54 86
54 106
54 113
54 120
54 143
54 148
54 150
54 153
54 183
54 187
54 215
54 219
54 242
54 252
54 272
54 275
54 276
54 288
54 297
55 63
55 77
55 88
55 109
55 125
55 150
55 158
55 159
55 177
55 183
55 193
55 220
55 225
55 240
55 245
55 279
55 281
56 100
56 124
56 125
56 141
56 154
56 168
56 174
56 217
56 221
56 224
56 232
56 296
57 65
57 67
57 69
57 123
57 145
57 149
57 154
57 158
57 184
57 210
57 226
57 232
57 241
57 251
57 258
57 259
57 260
57 263
57 269
57 270
57 299
58 65
58 76
58 93
58 96
58 101
58 104
58 107
58 111
58 114
58 121
58 152
58 175
58 186
58 200
58 214
58 219
58 235
58 238
58 251
58 255
58 266
58 276
58 284
58 290
59 80
59 90
59 173
59 177
59 181
59 203
59 208
59 212
59 224
59 238
59 264
59 283
59 286
59 294
59 297
60 61
60 64
60 68
60 79
60 89
60 90
60 92
60 101
60 105
60 113
60 129
60 143
60 152
60 156
60 173
60 188
60 190
60 199
60 208
60 216
60 222
60 248
60 249
60 251
60 281
60 287
60 288
60 298
61 91
61 102
61 127
61 154
61 159
61 163
61 173
61 181
61 221
61 226
61 233
61 243
61 250
61 259
61 261
61 271
61 279
62 72
62 76
62 79
62 83
62 88
62 89
62 122
62 138
62 201
62 202
62 217
62 224
62 226
62 227
62 236
62 238
62 247
62 250
62 276
62 289
62 298
63 72
63 78
63 81
63 110
63 118
63 157
63 165
63 206
63 223
63 228
63 249
63 255
63 259
63 289
63 293
64 67
64 75
64 103
64 118
64 129
64 136
64 153
64 156
64 182
64 199
64 209
64 233
64 248
64 257
64 263
64 269
64 276
64 292
64 298
65 68
65 69
65 80
65 84
65 87
65 97
65 115
65 118
65 133
65 137
65 146
65 151
65 154
65 161
65 164
65 181
65 218
65 237
65 241
65 249
65 257
65 273
65 278
66 80
66 88
66 91
66 116
66 128
66 144
66 157
66 166
66 172
66 176
66 178
66 184
66 192
66 201
66 234
66 242
66 248
66 260
66 262
66 267
66 275
66 282
66 288
67 73
67 94
67 99
67 100
67 114
67 129
67 137
67 154
67 158
67 159
67 167
67 172
67 175
67 185
67 186
67 194
67 202
67 210
67 215
67 217
67 237
67 252
67 297
68 72
68 80
68 82
68 83
68 90
68 111
68 138
68 141
68 165
68 187
68 191
68 193
68 219
68 222
68 237
68 241
68 253
68 258
68 263
68 274
68 292
68 298
69 80
69 96
69 98
69 122
69 149
69 187
69 193
69 197
69 199
69 206
69 212
69 261
69 291
70 74
70 79
70 81
70 96
70 98
70 154
70 164
70 171
70 173
70 206
70 218
70 242
70 246
70 260
70 262
70 273
70 275
70 291
70 295
71 97
71 99
71 106
71 108
71 144
71 164
71 168
71 184
71 199
71 201
71 207
71 208
71 215
71 234
71 237
71 241
71 269
71 288
72 103
72 106
72 133
72 145
72 194
72 199
72 206
72 221
72 222
72 243
72 250
72 251
72 290
72 292
72 299
73 94
73 102
73 111
73 129
73 141
73 162
73 225
73 254
74 81
74 92
74 104
74 112
74 116
74 118
74 139
74 148
74 191
74 193
74 204
74 205
74 221
74 234
74 252
74 259
74 261
74 264
74 273
74 275
74 286
74 290
74 292
74 295
75 86
75 89
75 91
75 100
75 106
75 132
75 168
75 226
75 233
75 241
75 243
75 265
75 273
75 279
75 288
75 291
76 80
76 88
76 110
76 112
76 132
76 139
76 155
76 175
76 178
76 185
76 187
76 210
76 217
76 224
76 225
76 243
76 244
76 264
76 265
76 298
77 91
77 93
77 102
77 104
77 105
77 134
77 139
77 172
77 180
77 191
77 194
77 201
77 207
77 218
77 285
77 296
78 82
78 113
78 149
78 153
78 172
78 186
78 192
78 203
78 207
78 219
78 222
78 243
78 258
78 265
78 297
79 89
79 104
79 118
79 122
79 132
79 133
79 152
79 158
79 160
79 204
79 206
79 234
79 262
79 295
79 296
80 87
80 93
80 94
80 99
80 117
80 141
80 160
80 163
80 168
80 177
80 178
80 180
80 181
80 190
80 201
80 223
80 239
80 247
80 256
80 272
81 127
81 128
81 150
81 151
81 154
81 156
81 157
81 160
81 173
81 191
81 200
81 209
81 213
81 215
81 217
81 218
81 238
81 256
81 273
81 285
81 297
82 85
82 96
82 101
82 105
82 111
82 116
82 128
82 136
82 138
82 179
82 190
82 194
82 197
82 202
82 206
82 208
82 209
82 227
82 233
82 240
82 241
82 243
82 246
82 260
82 262
82 285
82 299
83 88
83 93
83 115
83 130
83 132
83 150
83 158
83 162
83 182
83 195
83 206
83 208
83 210
83 215
83 221
83 225
83 230
83 243
83 259
83 263
83 269
83 275
83 294
84 109
84 170
84 172
84 221
84 238
84 242
84 252
84 296
85 89
85 93
85 95
85 100
85 108
85 127
85 156
85 178
85 181
85 186
85 189
85 210
85 234
85 259
85 275
86 93
86 104
86 115
86 116
86 123
86 125
86 207
86 231
86 253
86 255
86 268
86 277
86 284
87 91
87 109
87 115
87 118
87 139
87 155
87 158
87 159
87 161
87 200
87 221
87 250
87 256
87 266
87 281
87 285
87 291
88 93
88 98
88 106
88 115
88 140
88 147
88 148
88 151
88 172
88 179
88 183
88 184
88 236
88 237
88 259
88 262
88 276
88 283
88 287
89 99
89 123
89 137
89 143
89 152
89 156
89 175
89 181
89 198
89 249
89 250
89 253
89 264
89 268
89 274
89 292
90 107
90 115
90 116
90 118
90 127
90 137
90 140
90 149
90 153
90 160
90 168
90 172
90 194
90 195
90 208
90 215
90 244
90 248
90 255
90 260
90 268
90 279
90 291
90 292
91 94
91 100
91 107
91 115
91 136
91 140
91 154
91 156
91 159
91 184
91 209
91 225
91 242
91 251
91 258
91 276
91 280
91 283
92 108
92 140
92 160
92 163
92 164
92 175
92 178
92 193
92 198
92 202
92 209
92 219
92 240
92 245
92 258
92 264
92 271
93 113
93 118
93 145
93 158
93 161
93 166
93 167
93 187
93 203
93 205
93 235
93 249
93 250
93 261
93 276
93 297
94 105
94 121
94 126
94 130
94 131
94 183
94 193
94 201
94 247
94 257
94 272
94 294
95 96
95 97
95 116
95 127
95 128
95 146
95 159
95 175
95 180
95 181
95 188
95 227
95 257
95 263
95 273
95 275
95 278
95 296
96 115
96 128
96 137
96 140
96 151
96 160
96 164
96 165
96 180
96 184
96 195
96 203
96 209
96 254
96 257
96 294
97 114
97 171
97 172
97 173
97 174
97 214
97 216
97 225
97 234
97 255
97 277
97 279
97 280
97 281
97 296
98 100
98 102
98 108
98 110
98 133
98 136
98 150
98 154
98 163
98 170
98 220
98 240
98 244
98 258
98 283
98 299
99 108
99 124
99 129
99 138
99 172
99 182
99 186
99 209
99 216
99 223
99 245
99 261
99 274
99 275
99 290
99 294
100 105
100 108
100 121
100 125
100 126
100 133
100 136
100 144
100 145
100 150
100 152
100 176
100 220
100 223
100 225
100 287
101 103
101 116
101 119
101 128
101 131
101 140
101 160
101 190
101 192
101 194
101 207
101 210
101 211
101 214
101 233
101 252
101 256
101 258
102 119
102 126
102 145
102 153
102 161
102 163
102 169
102 172
102 199
102 220
102 235
102 252
102 272
102 276
102 298
103 128
103 155
103 160
103 198
103 207
103 214
103 225
103 228
103 249
103 259
103 264
103 268
103 270
104 144
104 156
104 226
104 233
104 236
104 241
104 242
104 249
104 263
104 269
104 275
104 276
104 292
104 294
104 299
105 109
105 112
105 114
105 129
105 133
105 149
105 157
105 158
105 223
105 266
105 290
106 115
106 118
106 119
106 133
106 136
106 138
106 164
106 174
106 179
106 182
106 198
106 199
106 207
106 210
106 211
106 234
106 236
106 267
106 280
106 285
106 294
107 126
107 130
107 146
107 174
107 177
107 182
107 268
107 291
107 292
107 295
108 116
108 136
108 140
108 142
108 143
108 145
108 161
108 168
108 175
108 197
108 200
108 205
108 224
108 229
108 242
108 249
108 253
108 259
108 261
108 267
108 273
108 277
108 291
109 116
109 117
109 118
109 138
109 153
109 165
109 167
109 198
109 226
109 260
109 268
109 284
109 286
110 137
110 173
110 178
110 184
110 186
110 198
110 212
110 218
110 230
110 243
110 262
110 264
110 265
110 269
110 273
110 283
111 119
111 136
111 141
111 147
111 148
111 165
111 171
111 186
111 195
111 220
111 231
111 256
111 257
111 279
111 280
111 287
111 291
112 119
112 128
112 156
112 166
112 190
112 208
112 211
112 219
112 220
112 235
112 243
112 250
112 270
112 273
112 274
112 282
112 288
113 114
113 124
113 145
113 146
113 154
113 177
113 195
113 202
113 204
113 209
113 216
113 229
113 238
113 263
113 274
113 290
114 121
114 144
114 152
114 160
114 165
114 177
114 184
114 207
114 247
114 269
114 273
114 276
114 285
114 286
114 291
114 292
114 298
115 116
115 144
115 165
115 173
115 175
115 177
115 179
115 191
115 199
115 200
115 201
115 230
115 287
115 288
115 298
116 144
116 155
116 236
116 268
117 123
117 130
117 140
117 165
117 170
117 196
117 232
117 235
117 259
117 262
117 265
117 272
117 279
117 298
118 121
118 153
118 155
118 163
118 177
118 190
118 193
118 211
118 220
118 225
118 240
118 253
118 263
118 288
118 298
119 120
119 130
119 133
119 138
119 146
119 151
119 161
119 173
119 176
119 179
119 180
119 198
119 199
119 239
119 253
119 264
119 284
119 293
119 294
119 295
120 138
120 165
120 187
120 192
120 210
120 216
120 231
120 258
120 267
120 274
120 292
121 130
121 150
121 161
121 201
121 209
121 237
121 256
121 261
121 265
121 268
121 269
121 270
122 149
122 173
122 199
122 200
122 207
122 212
122 215
122 218
122 244
122 282
122 293
123 128
123 132
123 144
123 150
123 187
123 188
123 199
123 210
123 254
123 256
123 258
123 272
123 281
123 283
123 286
123 291
123 292
123 297
124 127
124 131
124 143
124 152
124 179
124 186
124 195
124 203
124 214
124 226
124 232
124 233
124 241
124 243
124 264
124 266
124 278
124 280
125 126
125 134
125 141
125 166
125 172
125 183
125 192
125 224
125 237
125 244
125 247
125 249
125 256
125 259
125 269
125 285
126 149
126 158
126 163
126 165
126 181
126 184
126 192
126 194
126 195
126 207
126 246
126 255
126 256
126 265
126 266
126 267
126 270
126 272
127 129
127 154
127 162
127 178
127 197
127 211
127 217
127 224
127 229
127 231
127 237
127 240
127 245
127 247
127 254
127 255
127 270
127 280
127 286
127 294
127 295
128 149
128 166
128 173
128 175
128 183
128 199
128 206
128 213
128 230
128 250
128 253
128 259
128 272
129 152
129 167
129 195
129 198
129 236
129 241
129 243
129 250
129 259
129 283
129 285
129 290
129 293
130 134
130 137
130 155
130 162
130 166
130 170
130 177
130 231
130 240
130 245
130 258
130 262
130 266
130 268
130 288
130 289
131 148
131 151
131 153
131 178
131 179
131 190
131 191
131 192
131 200
131 204
131 225
131 231
131 233
131 254
131 268
131 276
131 283
132 139
132 153
132 161
132 164
132 208
132 222
132 225
132 246
132 248
132 251
132 257
132 263
132 265
132 271
132 283
132 287
133 138
133 144
133 160
133 168
133 184
133 193
133 198
133 210
133 221
133 236
133 255
133 282
134 135
134 141
134 155
134 181
134 184
134 216
134 217
134 218
134 232
134 233
134 242
134 243
134 246
134 247
134 248
134 265
134 286
135 147
135 151
135 160
135 168
135 179
135 199
135 200
135 202
135 210
135 229
135 248
135 255
135 275
135 281
136 138
136 150
136 155
136 164
136 179
136 183
136 208
136 217
136 218
136 219
136 260
136 268
136 269
136 271
137 159
137 164
137 167
137 204
137 212
137 226
137 229
137 280
137 281
137 289
138 149
138 154
138 170
138 173
138 174
138 176
138 191
138 195
138 214
138 225
138 241
138 252
138 254
138 260
138 283
139 149
139 164
139 167
139 181
139 190
139 209
139 213
139 224
139 230
139 254
139 284
139 287
139 291
140 155
140 220
140 225
140 239
140 242
140 244
140 250
140 271
140 279
140 281
140 286
140 296
140 299
141 145
141 146
141 149
141 151
141 155
141 184
141 188
141 199
141 209
141 232
141 233
141 246
141 256
141 261
141 262
141 273
141 287
142 151
142 163
142 164
142 199
142 202
142 205
142 219
142 228
142 235
142 271
142 279
142 281
143 167
143 173
143 205
143 211
143 224
143 244
143 277
143 278
143 289
144 184
144 194
144 208
144 214
144 231
144 236
144 255
144 257
144 277
144 294
144 298
145 146
145 156
145 173
145 177
145 189
145 193
145 195
145 197
145 200
145 212
145 230
145 253
145 257
145 260
145 266
145 269
145 293
146 169
146 184
146 197
146 203
146 205
146 216
146 223
146 228
146 271
146 272
146 277
146 296
147 160
147 161
147 162
147 178
147 182
147 198
147 199
147 237
147 238
147 264
147 276
147 292
148 155
148 160
148 168
148 177
148 181
148 191
149 207
149 209
149 239
149 257
149 286
149 292
149 299
150 153
150 237
150 245
150 249
150 253
150 254
150 257
150 262
150 266
150 280
150 286
150 290
150 295
151 161
151 162
151 191
151 234
151 235
151 238
151 240
151 252
151 264
151 273
151 285
151 298
152 166
152 167
152 173
152 213
152 243
152 258
152 297
153 155
153 156
153 158
153 197
153 209
153 211
153 218
153 270
153 277
153 283
153 286
153 287
154 157
154 160
154 183
154 184
154 192
154 232
154 262
154 264
154 276
154 289
155 168
155 180
155 185
155 196
155 210
155 213
155 226
155 234
155 235
155 261
155 267
155 293
155 296
155 297
156 162
156 174
156 190
156 203
156 214
156 224
156 232
156 244
156 270
156 275
156 281
156 284
156 287
157 161
157 164
157 167
157 196
157 205
157 222
157 231
157 233
157 235
157 241
157 253
157 282
157 292
158 159
158 162
158 168
158 173
158 199
158 208
158 211
158 222
158 236
158 255
158 270
158 274
158 286
159 160
159 167
159 176
159 184
159 193
159 224
159 240
159 248
159 257
159 273
159 299
160 179
160 198
160 201
160 232
160 241
160 249
160 253
160 261
160 262
160 285
160 298
160 299
161 162
161 169
161 175
161 217
161 248
161 250
161 252
161 282
162 167
162 183
162 192
162 201
162 212
162 226
162 238
162 273
162 278
162 297
163 189
163 194
163 202
163 230
163 288
164 175
164 196
164 215
164 219
164 232
164 251
164 257
164 265
164 268
164 282
164 293
164 296
165 170
165 190
165 205
165 233
165 236
165 238
165 253
165 266
165 275
165 277
165 286
165 290
165 296
166 170
166 177
166 185
166 198
166 202
166 210
166 223
166 233
166 239
166 240
166 245
166 246
166 247
166 257
166 266
166 284
167 173
167 201
167 207
167 214
167 218
167 221
167 222
167 241
167 252
167 270
167 281
167 284
167 285
167 287
168 173
168 174
168 196
168 202
168 209
168 222
168 263
168 264
168 280
168 284
168 287
168 288
169 183
169 186
169 189
169 197
169 225
169 254
169 297
170 176
170 178
170 185
170 205
170 226
170 234
170 272
170 296
171 221
171 223
171 230
171 240
171 248
171 282
171 299
172 175
172 181
172 196
172 198
172 233
172 237
172 242
172 261
172 285
172 292
173 174
173 189
173 190
173 206
173 224
173 228
173 235
173 239
173 263
173 281
173 289
173 296
174 176
174 204
174 213
174 222
174 232
174 234
174 239
174 247
174 252
174 254
174 259
174 267
174 270
174 276
174 282
175 192
175 193
175 201
175 206
175 210
175 218
175 224
175 229
175 237
175 256
175 297
176 195
176 228
176 232
176 241
176 268
176 273
176 275
176 281
176 283
177 178
177 216
177 235
177 246
177 250
177 251
177 260
177 265
177 266
177 275
177 286
177 297
177 298
178 190
178 206
178 259
178 275
179 195
179 204
179 216
179 219
179 242
179 275
179 282
179 290
179 298
180 205
180 212
180 219
180 220
180 223
180 225
180 228
180 254
180 285
181 210
181 232
181 233
181 239
181 276
181 278
181 291
182 199
182 207
182 210
182 217
182 229
182 232
182 238
182 250
182 279
183 188
183 203
183 210
183 215
183 225
183 245
183 262
183 274
184 207
184 220
184 237
184 240
184 245
184 252
184 255
184 258
184 269
184 274
184 286
184 299
185 202
185 203
185 210
185 218
185 222
185 243
185 259
185 260
185 263
185 266
185 283
186 198
186 199
186 202
186 213
186 223
186 234
186 239
186 248
186 252
186 264
186 285
186 290
186 291
187 202
187 208
187 216
187 228
187 240
187 246
187 254
187 263
187 276
188 214
188 216
188 220
188 221
188 247
188 257
188 265
188 277
188 295
189 200
189 214
189 217
189 229
189 242
189 244
189 251
189 258
189 275
189 278
189 287
189 297
189 298
190 191
190 192
190 205
190 209
190 217
190 233
190 241
190 245
190 253
190 282
190 288
190 291
191 210
191 239
191 243
191 256
191 257
191 266
191 273
191 282
192 199
192 237
192 240
192 241
192 244
192 272
192 277
192 278
192 285
192 297
192 299
193 199
193 216
193 221
193 223
193 243
193 260
193 267
193 272
193 290
194 195
194 198
194 203
194 205
194 214
194 232
194 243
194 257
194 260
194 271
194 281
195 226
195 230
195 237
195 253
195 279
195 298
196 203
196 222
196 225
196 240
196 245
196 246
196 254
196 255
196 261
196 268
196 283
196 284
196 287
197 211
197 222
197 257
197 267
197 276
197 291
198 206
198 211
198 218
198 220
198 233
198 242
198 248
198 260
198 266
198 287
199 208
199 243
199 254
199 266
200 211
200 220
200 222
200 232
200 256
200 264
200 268
200 289
200 293
200 298
201 209
201 221
201 228
201 244
201 266
201 271
202 205
202 234
202 247
202 251
203 204
203 222
203 227
203 254
203 261
204 215
204 219
204 227
204 235
204 239
204 251
204 254
204 297
205 229
205 246
205 252
205 285
205 286
206 222
206 235
206 246
206 249
207 208
207 217
207 222
207 252
207 259
207 263
207 279
207 283
207 289
207 298
208 218
208 230
208 234
208 245
208 255
208 263
208 286
208 297
209 212
209 219
209 222
209 240
209 256
209 267
209 281
209 284
210 235
210 237
210 270
210 274
211 226
211 251
211 292
212 215
212 221
212 244
212 264
212 269
212 290
213 245
213 254
213 274
213 279
213 280
213 288
213 292
214 223
214 237
214 256
214 273
215 224
215 255
215 259
215 279
215 293
215 298
216 223
216 225
216 231
216 252
216 253
216 257
216 283
216 285
217 234
217 251
217 285
218 274
218 281
218 295
218 299
219 220
219 229
219 244
219 248
219 261
219 282
219 284
219 286
220 227
220 274
220 275
220 281
221 252
221 265
222 248
222 251
222 263
222 271
222 276
222 281
223 245
223 250
223 268
223 269
223 272
223 273
223 286
223 290
223 294
224 250
224 264
224 270
224 283
224 296
225 256
225 267
226 228
226 254
226 256
226 271
226 284
227 233
227 246
227 251
227 261
227 264
227 271
228 233
228 244
228 275
228 276
228 282
228 285
228 296
228 299
229 232
229 250
229 260
229 273
229 278
230 233
230 236
230 238
230 239
230 249
230 251
230 253
230 257
230 264
230 270
231 236
231 239
231 242
231 248
231 253
231 275
231 277
231 281
231 282
232 239
232 242
232 257
232 276
233 250
233 270
233 293
234 237
234 241
234 268
234 274
234 276
234 279
234 297
234 298
235 277
235 281
235 283
235 294
235 299
236 238
236 251
236 252
236 257
236 260
236 264
236 271
236 298
237 259
237 290
238 241
238 251
238 253
238 278
238 285
239 243
239 268
239 271
240 268
241 249
241 256
241 269
242 266
242 272
242 278
242 286
242 292
243 264
243 286
243 288
244 257
244 266
245 254
245 262
245 279
245 280
245 281
245 294
246 252
246 288
246 290
247 255
247 264
247 281
248 258
248 263
248 264
248 265
248 269
248 280
248 285
249 260
249 265
249 277
249 278
249 279
249 282
249 286
249 297
250 255
250 269
250 271
250 298
251 255
251 256
251 284
251 286
252 253
252 260
252 291
253 269
253 294
254 282
255 274
255 277
255 282
255 284
255 287
255 291
255 292
255 299
256 267
256 288
256 298
257 291
257 299
258 262
258 268
258 281
258 284
258 289
259 287
259 293
259 295
260 261
260 262
260 298
261 264
261 277
261 289
261 297
264 266
264 297
265 292
266 267
266 282
266 294
267 272
267 275
267 279
267 290
268 276
268 279
270 272
270 286
271 277
271 281
271 290
272 276
272 288
272 298
273 294
274 280
274 286
274 293
274 294
274 295
275 281
275 287
278 283
278 294
278 296
279 295
280 289
280 293
280 297
280 299
281 299
282 284
282 289
284 285
284 288
285 289
286 289
286 292
287 291
287 292
287 296
288 290
288 293
292 297
295 296
