500 8641 0.8
0 11
0 35
0 69
0 75
0 95
0 113
0 140
0 143
0 157
0 176
0 205
0 216
0 217
0 221
0 240
0 252
0 253
0 256
0 262
0 271
0 288
0 291
0 332
0 343
0 355
0 374
0 376
0 388
0 405
0 445
0 447
0 453
0 464
0 465
0 476
0 485
1 5
1 8
1 18
1 28
1 48
1 51
1 55
1 65
1 78
1 84
1 90
1 102
1 124
1 128
1 138
1 194
1 199
1 201
1 227
1 248
1 283
1 292
1 293
1 297
1 298
1 315
1 318
1 319
1 325
1 329
1 331
1 364
1 367
1 381
1 421
1 463
2 27
2 41
2 56
2 63
2 64
2 151
2 157
2 173
2 174
2 182
2 186
2 189
2 203
2 204
2 248
2 251
2 257
2 272
2 290
2 298
2 302
2 323
2 354
2 363
2 369
2 371
2 377
2 391
2 411
2 413
2 419
2 433
2 435
2 455
2 456
2 460
2 484
2 488
2 491
3 5
3 19
3 44
3 47
3 158
3 212
3 228
3 236
3 338
3 353
3 360
3 377
3 392
3 405
3 429
3 434
3 441
3 488
3 498
4 40
4 79
4 96
4 100
4 113
4 115
4 157
4 161
4 163
4 206
4 225
4 230
4 231
4 247
4 250
4 254
4 261
4 269
4 275
4 278
4 280
4 282
4 283
4 296
4 306
4 307
4 312
4 322
4 334
4 340
4 368
4 378
4 383
4 392
4 409
4 414
4 416
4 473
4 480
4 499
5 7
5 8
5 13
5 16
5 27
5 46
5 49
5 52
5 82
5 102
5 107
5 128
5 129
5 141
5 150
5 161
5 227
5 258
5 259
5 278
5 279
5 281
5 289
5 307
5 316
5 329
5 331
5 336
5 374
5 452
5 459
5 475
5 476
5 481
5 484
6 16
6 74
6 75
6 91
6 136
6 143
6 145
6 152
6 160
6 170
6 184
6 194
6 196
6 204
6 227
6 239
6 257
6 278
6 307
6 313
6 324
6 349
6 368
6 407
6 447
6 454
6 471
6 472
6 475
6 490
6 498
7 8
7 25
7 57
7 59
7 61
7 68
7 91
7 93
7 108
7 135
7 165
7 166
7 178
7 189
7 191
7 212
7 267
7 270
7 307
7 326
7 328
7 337
7 351
7 364
7 383
7 387
7 402
7 419
7 431
7 443
7 451
7 453
7 473
7 479
8 16
8 29
8 41
8 52
8 102
8 110
8 119
8 139
8 141
8 187
8 190
8 194
8 195
8 221
8 235
8 257
8 373
8 375
8 386
8 398
8 399
8 414
8 441
8 450
8 464
8 468
8 483
9 12
9 80
9 90
9 95
9 97
9 132
9 143
9 147
9 178
9 208
9 213
9 223
9 236
9 246
9 263
9 273
9 289
9 300
9 324
9 357
9 369
9 396
9 431
9 451
9 474
9 477
10 16
10 19
10 23
10 51
10 56
10 58
10 69
10 76
10 111
10 117
10 144
10 151
10 154
10 171
10 173
10 208
10 223
10 250
10 253
10 254
10 255
10 258
10 272
10 299
10 365
10 383
10 393
10 419
10 435
10 440
10 448
10 484
10 486
10 494
11 20
11 28
11 35
11 49
11 72
11 108
11 114
11 117
11 128
11 132
11 136
11 137
11 140
11 163
11 187
11 189
11 199
11 200
11 204
11 206
11 212
11 219
11 228
11 236
11 245
11 248
11 250
11 256
11 259
11 264
11 277
11 305
11 309
11 314
11 320
11 354
11 363
11 394
11 408
11 438
11 441
11 443
11 466
11 487
11 493
12 15
12 33
12 66
12 77
12 84
12 111
12 115
12 133
12 142
12 147
12 150
12 177
12 207
12 223
12 258
12 265
12 271
12 273
12 301
12 330
12 339
12 419
12 464
12 472
12 488
13 55
13 58
13 87
13 115
13 121
13 130
13 140
13 156
13 158
13 161
13 173
13 179
13 216
13 223
13 254
13 268
13 286
13 295
13 336
13 341
13 384
13 406
13 422
13 449
13 454
13 458
13 479
13 480
14 16
14 18
14 27
14 55
14 56
14 64
14 98
14 100
14 123
14 144
14 151
14 156
14 166
14 176
14 216
14 247
14 254
14 256
14 274
14 285
14 358
14 390
14 412
14 425
14 447
14 460
14 462
14 475
14 485
14 496
15 23
15 26
15 49
15 61
15 65
15 69
15 83
15 86
15 91
15 125
15 129
15 144
15 148
15 182
15 189
15 195
15 197
15 206
15 220
15 252
15 337
15 370
15 386
15 399
15 401
15 411
15 431
15 452
15 456
15 463
15 466
15 471
15 479
15 495
16 36
16 52
16 56
16 60
16 76
16 81
16 88
16 99
16 109
16 129
16 132
16 147
16 165
16 169
16 180
16 184
16 186
16 218
16 250
16 255
16 288
16 295
16 313
16 331
16 332
16 338
16 346
16 347
16 349
16 354
16 357
16 360
16 367
16 375
16 388
16 403
16 414
16 440
16 479
16 482
17 29
17 41
17 54
17 69
17 83
17 117
17 119
17 147
17 172
17 173
17 190
17 201
17 214
17 216
17 231
17 239
17 258
17 259
17 278
17 290
17 292
17 303
17 315
17 340
17 362
17 363
17 369
17 390
17 400
17 401
17 417
17 447
17 456
17 458
17 482
17 498
18 33
18 51
18 52
18 59
18 64
18 75
18 88
18 101
18 102
18 104
18 106
18 143
18 153
18 182
18 203
18 205
18 211
18 223
18 226
18 271
18 304
18 328
18 339
18 357
18 361
18 363
18 404
18 448
18 468
18 483
18 489
18 498
19 26
19 30
19 32
19 35
19 41
19 43
19 44
19 62
19 63
19 76
19 97
19 105
19 110
19 113
19 119
19 125
19 171
19 229
19 241
19 243
19 262
19 297
19 301
19 303
19 311
19 339
19 345
19 364
19 369
19 381
19 382
19 421
19 466
19 472
19 482
19 499
20 21
20 24
20 27
20 36
20 57
20 80
20 87
20 90
20 92
20 108
20 118
20 119
20 124
20 150
20 168
20 169
20 176
20 178
20 193
20 219
20 237
20 245
20 261
20 262
20 281
20 326
20 332
20 362
20 369
20 393
20 396
20 397
20 408
20 413
20 425
20 430
20 450
20 460
20 470
20 472
21 31
21 32
21 33
21 38
21 40
21 52
21 69
21 84
21 103
21 108
21 110
21 119
21 127
21 136
21 145
21 164
21 171
21 203
21 236
21 238
21 252
21 268
21 293
21 312
21 326
21 342
21 349
21 353
21 355
21 404
21 424
21 432
21 449
21 461
22 30
22 55
22 56
22 59
22 61
22 87
22 88
22 98
22 101
22 105
22 133
22 171
22 186
22 198
22 204
22 215
22 225
22 263
22 304
22 322
22 327
22 353
22 368
22 371
22 373
22 396
22 398
22 415
22 432
22 465
22 492
23 56
23 61
23 113
23 122
23 178
23 179
23 195
23 216
23 225
23 253
23 255
23 269
23 291
23 327
23 352
23 363
23 365
23 383
23 387
23 390
23 403
23 433
23 468
23 472
23 475
23 486
23 499
24 32
24 40
24 43
24 53
24 108
24 109
24 117
24 119
24 130
24 139
24 150
24 164
24 167
24 168
24 186
24 301
24 320
24 321
24 326
24 369
24 376
24 379
24 414
24 423
24 432
24 435
24 455
24 463
24 465
24 469
25 31
25 32
25 47
25 68
25 71
25 72
25 76
25 100
25 101
25 105
25 129
25 144
25 192
25 204
25 236
25 315
25 353
25 367
25 402
25 407
25 414
25 417
25 427
25 440
25 446
25 466
25 479
25 480
26 30
26 39
26 40
26 41
26 44
26 55
26 97
26 98
26 106
26 112
26 130
26 153
26 156
26 174
26 188
26 233
26 244
26 246
26 249
26 263
26 269
26 273
26 274
26 275
26 317
26 318
26 357
26 362
26 365
26 370
26 387
26 434
26 449
26 458
26 479
26 483
26 485
26 490
27 53
27 56
27 60
27 67
27 126
27 128
27 129
27 161
27 172
27 187
27 203
27 220
27 235
27 248
27 251
27 263
27 267
27 312
27 320
27 323
27 338
27 345
27 365
27 397
27 424
27 426
27 431
27 441
27 477
27 488
27 491
28 52
28 124
28 138
28 153
28 155
28 163
28 182
28 204
28 223
28 239
28 240
28 257
28 260
28 274
28 276
28 295
28 303
28 311
28 318
28 327
28 329
28 344
28 347
28 355
28 360
28 364
28 394
28 402
28 435
28 439
28 449
28 458
28 471
29 42
29 51
29 86
29 99
29 114
29 150
29 151
29 164
29 187
29 192
29 202
29 220
29 254
29 262
29 285
29 290
29 291
29 295
29 296
29 312
29 329
29 339
29 359
29 361
29 398
29 409
29 421
29 432
29 436
30 35
30 39
30 55
30 106
30 165
30 168
30 174
30 188
30 192
30 197
30 222
30 231
30 241
30 244
30 248
30 280
30 300
30 301
30 312
30 321
30 331
30 342
30 344
30 347
30 348
30 362
30 373
30 398
30 431
30 448
30 454
30 485
30 486
30 493
31 45
31 56
31 59
31 63
31 71
31 72
31 76
31 98
31 104
31 122
31 128
31 157
31 162
31 196
31 212
31 236
31 243
31 247
31 262
31 295
31 300
31 336
31 341
31 342
31 356
31 362
31 365
31 370
31 373
31 390
31 408
31 427
31 434
31 459
31 462
31 474
31 485
32 33
32 37
32 100
32 111
32 126
32 128
32 132
32 146
32 154
32 177
32 178
32 181
32 195
32 210
32 231
32 233
32 235
32 253
32 265
32 267
32 307
32 319
32 343
32 347
32 366
32 371
32 388
32 404
32 422
32 424
32 433
32 451
32 482
32 496
33 47
33 48
33 52
33 114
33 122
33 129
33 156
33 181
33 200
33 238
33 255
33 260
33 273
33 296
33 324
33 335
33 369
33 402
33 423
33 468
33 487
33 495
34 37
34 42
34 44
34 59
34 64
34 74
34 91
34 130
34 141
34 142
34 150
34 161
34 181
34 221
34 251
34 273
34 281
34 282
34 301
34 320
34 334
34 337
34 348
34 352
34 356
34 358
34 381
34 382
34 397
34 421
34 432
34 438
34 447
34 459
34 464
34 492
35 39
35 50
35 60
35 64
35 75
35 88
35 108
35 115
35 116
35 117
35 124
35 139
35 143
35 183
35 243
35 280
35 281
35 284
35 287
35 290
35 306
35 315
35 322
35 350
35 363
35 368
35 369
35 370
35 384
35 385
35 387
35 393
35 445
35 462
35 471
35 475
35 487
35 493
35 499
36 62
36 63
36 77
36 81
36 135
36 145
36 151
36 204
36 221
36 231
36 251
36 257
36 270
36 273
36 297
36 301
36 306
36 327
36 338
36 339
36 367
36 373
36 387
36 410
36 418
36 459
36 462
36 466
36 471
36 487
36 496
37 40
37 67
37 81
37 89
37 105
37 166
37 197
37 203
37 239
37 246
37 257
37 267
37 272
37 275
37 283
37 290
37 329
37 382
37 397
37 401
37 406
37 421
37 424
37 427
37 428
37 429
37 435
37 442
37 454
37 455
37 468
37 479
37 483
37 493
38 57
38 80
38 96
38 105
38 113
38 144
38 161
38 169
38 188
38 210
38 215
38 221
38 223
38 228
38 232
38 248
38 280
38 288
38 296
38 326
38 334
38 366
38 404
38 414
38 425
38 454
38 460
38 487
38 494
38 496
39 57
39 119
39 120
39 124
39 126
39 135
39 185
39 197
39 198
39 199
39 210
39 248
39 253
39 276
39 280
39 285
39 335
39 343
39 380
39 413
39 414
39 430
39 441
39 453
39 455
39 459
39 468
39 495
40 52
40 55
40 66
40 70
40 78
40 84
40 110
40 116
40 127
40 137
40 144
40 162
40 183
40 191
40 201
40 202
40 248
40 249
40 256
40 273
40 274
40 284
40 292
40 386
40 392
40 397
40 419
40 476
40 481
41 45
41 50
41 67
41 81
41 87
41 102
41 105
41 112
41 135
41 138
41 162
41 173
41 174
41 191
41 206
41 231
41 281
41 283
41 307
41 330
41 349
41 354
41 355
41 390
41 398
41 420
41 428
41 449
42 58
42 67
42 101
42 107
42 112
42 135
42 146
42 153
42 170
42 181
42 210
42 239
42 274
42 289
42 319
42 324
42 327
42 332
42 342
42 371
42 396
42 425
42 426
42 448
42 467
42 478
42 481
43 68
43 75
43 118
43 140
43 148
43 175
43 181
43 199
43 211
43 212
43 222
43 231
43 233
43 249
43 262
43 288
43 289
43 290
43 314
43 326
43 333
43 334
43 340
43 370
43 393
43 402
43 403
43 430
43 450
44 59
44 61
44 77
44 85
44 91
44 120
44 170
44 176
44 187
44 196
44 201
44 220
44 226
44 239
44 240
44 263
44 309
44 344
44 365
44 366
44 368
44 393
44 434
44 450
44 482
44 489
44 498
45 54
45 55
45 71
45 78
45 122
45 123
45 128
45 134
45 173
45 180
45 187
45 202
45 214
45 237
45 247
45 269
45 276
45 288
45 310
45 323
45 336
45 383
45 391
45 478
45 490
45 492
45 497
46 67
46 83
46 88
46 89
46 118
46 123
46 137
46 158
46 177
46 193
46 201
46 232
46 271
46 284
46 291
46 313
46 323
46 328
46 334
46 340
46 366
46 393
46 426
46 428
46 431
46 432
46 434
46 438
46 448
46 454
46 455
46 457
46 470
47 76
47 94
47 113
47 130
47 139
47 152
47 157
47 168
47 178
47 201
47 202
47 203
47 223
47 232
47 235
47 256
47 276
47 294
47 298
47 321
47 324
47 340
47 342
47 366
47 369
47 376
47 456
47 472
47 474
47 486
48 49
48 57
48 65
48 96
48 132
48 152
48 156
48 164
48 208
48 249
48 258
48 268
48 282
48 303
48 352
48 380
48 385
48 406
48 414
48 463
48 466
48 467
48 474
48 486
48 498
49 58
49 72
49 108
49 124
49 135
49 140
49 145
49 154
49 198
49 204
49 213
49 248
49 257
49 260
49 328
49 346
49 383
49 397
49 483
49 484
50 58
50 71
50 81
50 120
50 171
50 173
50 188
50 196
50 199
50 205
50 223
50 226
50 227
50 259
50 262
50 273
50 299
50 313
50 322
50 327
50 330
50 346
50 380
50 381
50 389
50 393
50 404
50 421
50 423
50 460
50 461
50 468
50 492
51 81
51 88
51 97
51 120
51 127
51 129
51 131
51 163
51 173
51 187
51 194
51 231
51 246
51 250
51 255
51 259
51 287
51 294
51 342
51 348
51 354
51 357
51 369
51 405
51 431
51 435
51 447
51 459
51 482
51 485
51 496
52 62
52 65
52 68
52 77
52 95
52 103
52 104
52 105
52 112
52 124
52 162
52 165
52 212
52 226
52 228
52 251
52 256
52 264
52 268
52 269
52 314
52 323
52 326
52 355
52 385
52 394
52 408
52 415
52 417
52 427
52 442
52 446
52 452
52 466
52 488
52 492
53 59
53 72
53 74
53 83
53 129
53 139
53 143
53 160
53 188
53 200
53 206
53 210
53 212
53 220
53 230
53 256
53 273
53 300
53 312
53 317
53 333
53 334
53 342
53 351
53 352
53 372
53 373
53 389
53 400
53 421
53 427
53 430
53 460
53 468
54 83
54 106
54 108
54 149
54 156
54 157
54 186
54 223
54 229
54 248
54 249
54 255
54 257
54 271
54 277
54 290
54 328
54 335
54 346
54 353
54 354
54 374
54 382
54 386
54 387
54 418
54 419
54 424
54 434
54 460
54 484
55 67
55 93
55 106
55 114
55 137
55 178
55 214
55 218
55 245
55 257
55 264
55 272
55 278
55 294
55 320
55 323
55 333
55 335
55 336
55 344
55 374
55 408
55 414
55 421
55 425
55 441
55 464
55 469
55 474
55 475
55 496
56 73
56 76
56 84
56 120
56 156
56 175
56 181
56 186
56 209
56 220
56 222
56 251
56 257
56 268
56 295
56 318
56 321
56 332
56 333
56 350
56 353
56 367
56 373
56 382
56 390
56 398
56 399
56 434
56 469
56 484
56 487
56 496
57 68
57 123
57 154
57 158
57 193
57 207
57 215
57 218
57 221
57 223
57 224
57 226
57 233
57 238
57 239
57 247
57 252
57 273
57 275
57 294
57 299
57 316
57 332
57 334
57 340
57 341
57 389
57 398
57 408
57 419
57 426
57 438
57 441
57 456
57 467
57 471
57 490
58 74
58 76
58 133
58 135
58 147
58 155
58 165
58 175
58 185
58 192
58 193
58 211
58 221
58 231
58 239
58 250
58 257
58 267
58 271
58 272
58 293
58 296
58 318
58 364
58 378
58 407
58 430
59 65
59 83
59 91
59 93
59 108
59 129
59 164
59 166
59 176
59 191
59 195
59 196
59 197
59 211
59 221
59 247
59 249
59 273
59 284
59 295
59 297
59 347
59 348
59 397
59 423
59 425
59 447
59 478
59 486
59 499
60 63
60 71
60 81
60 91
60 97
60 118
60 128
60 134
60 138
60 141
60 142
60 166
60 171
60 177
60 180
60 207
60 215
60 228
60 236
60 293
60 298
60 301
60 323
60 326
60 336
60 358
60 430
60 437
60 439
60 453
60 459
60 462
60 464
60 495
61 75
61 90
61 91
61 110
61 115
61 123
61 127
61 157
61 168
61 190
61 211
61 215
61 234
61 246
61 294
61 341
61 364
61 408
61 413
61 418
61 431
61 454
61 456
61 459
61 468
61 469
61 486
62 70
62 74
62 92
62 95
62 98
62 119
62 121
62 128
62 129
62 130
62 133
62 146
62 153
62 184
62 192
62 198
62 201
62 207
62 214
62 232
62 240
62 251
62 284
62 288
62 317
62 335
62 346
62 349
62 370
62 372
62 378
62 383
62 386
62 408
62 415
62 464
62 495
63 74
63 100
63 103
63 114
63 137
63 139
63 151
63 172
63 182
63 189
63 191
63 237
63 238
63 241
63 247
63 271
63 285
63 292
63 299
63 312
63 328
63 360
63 388
63 391
63 414
63 426
63 431
63 439
63 459
63 460
63 467
63 478
63 497
64 79
64 87
64 90
64 92
64 98
64 120
64 134
64 138
64 146
64 183
64 192
64 208
64 231
64 262
64 269
64 272
64 337
64 341
64 404
64 405
64 435
64 444
65 71
65 73
65 79
65 82
65 86
65 88
65 93
65 103
65 104
65 105
65 112
65 153
65 183
65 188
65 194
65 196
65 217
65 271
65 277
65 301
65 310
65 312
65 313
65 323
65 330
65 337
65 342
65 355
65 369
65 392
65 400
65 408
65 424
65 435
65 470
66 67
66 69
66 105
66 108
66 129
66 160
66 169
66 189
66 204
66 214
66 304
66 313
66 335
66 380
66 406
66 408
66 485
66 492
66 493
66 496
67 79
67 87
67 111
67 137
67 177
67 179
67 243
67 252
67 253
67 258
67 289
67 303
67 309
67 332
67 338
67 345
67 354
67 379
67 381
67 403
67 416
67 419
67 424
67 431
67 446
67 455
67 473
67 477
67 490
68 86
68 105
68 127
68 135
68 176
68 194
68 210
68 211
68 212
68 232
68 233
68 274
68 327
68 352
68 355
68 358
68 363
68 385
68 395
68 400
68 410
68 442
68 444
68 463
68 475
68 480
68 482
68 490
68 492
68 493
69 80
69 81
69 86
69 90
69 94
69 99
69 111
69 112
69 161
69 163
69 175
69 182
69 186
69 194
69 205
69 213
69 226
69 235
69 242
69 253
69 269
69 294
69 297
69 306
69 322
69 329
69 345
69 348
69 360
69 375
69 378
69 383
69 395
69 401
69 412
69 414
69 428
69 429
69 445
69 479
70 78
70 125
70 139
70 140
70 147
70 150
70 155
70 163
70 165
70 169
70 170
70 185
70 201
70 227
70 233
70 237
70 254
70 255
70 256
70 264
70 267
70 287
70 294
70 295
70 322
70 337
70 356
70 361
70 372
70 373
70 376
70 377
70 390
70 397
70 398
70 411
70 417
70 418
70 423
70 435
70 443
70 444
70 460
70 465
70 470
70 478
70 479
71 78
71 86
71 93
71 109
71 140
71 151
71 156
71 174
71 177
71 229
71 242
71 243
71 252
71 290
71 294
71 295
71 299
71 301
71 320
71 323
71 336
71 357
71 369
71 383
71 394
71 405
71 413
71 425
71 427
71 430
71 431
71 436
71 474
71 479
72 76
72 77
72 97
72 108
72 117
72 126
72 127
72 153
72 160
72 165
72 166
72 168
72 171
72 218
72 238
72 249
72 251
72 253
72 263
72 267
72 284
72 294
72 300
72 332
72 350
72 374
72 431
72 452
72 488
72 492
72 495
73 82
73 105
73 134
73 145
73 163
73 179
73 193
73 215
73 216
73 224
73 226
73 232
73 258
73 270
73 275
73 282
73 286
73 294
73 299
73 314
73 325
73 349
73 366
73 369
73 396
73 400
73 442
73 443
73 444
73 455
73 473
73 476
74 77
74 88
74 124
74 135
74 139
74 145
74 155
74 186
74 197
74 243
74 252
74 260
74 295
74 303
74 321
74 347
74 353
74 369
74 373
74 390
74 399
74 400
74 425
74 448
74 459
74 460
74 463
74 469
74 485
74 489
74 493
74 496
75 91
75 92
75 96
75 120
75 126
75 136
75 166
75 186
75 192
75 200
75 210
75 214
75 265
75 273
75 300
75 303
75 351
75 358
75 391
75 410
75 413
75 421
75 427
75 445
75 449
75 455
75 465
75 469
75 480
75 493
76 79
76 105
76 127
76 146
76 164
76 227
76 235
76 250
76 277
76 284
76 322
76 342
76 395
76 397
76 400
76 409
76 412
76 416
76 419
76 424
76 426
76 436
76 458
76 461
77 89
77 96
77 110
77 122
77 192
77 204
77 208
77 210
77 226
77 236
77 272
77 292
77 294
77 297
77 299
77 319
77 324
77 367
77 374
77 390
77 393
77 396
77 406
77 411
77 420
77 452
77 453
77 493
78 86
78 93
78 97
78 111
78 130
78 132
78 137
78 140
78 142
78 145
78 160
78 181
78 183
78 193
78 195
78 196
78 197
78 207
78 234
78 248
78 254
78 276
78 293
78 358
78 360
78 369
78 383
78 395
78 402
78 417
78 427
78 446
78 469
79 86
79 98
79 114
79 121
79 125
79 141
79 146
79 156
79 171
79 179
79 218
79 242
79 247
79 256
79 291
79 315
79 318
79 325
79 333
79 345
79 355
79 357
79 360
79 384
79 398
79 421
79 431
79 443
79 453
79 460
79 477
79 480
79 489
79 493
79 498
80 82
80 154
80 189
80 194
80 198
80 206
80 238
80 239
80 249
80 269
80 270
80 273
80 292
80 342
80 347
80 369
80 370
80 382
80 407
80 414
80 455
80 471
80 479
80 484
80 485
80 499
81 100
81 109
81 134
81 146
81 159
81 163
81 196
81 210
81 214
81 228
81 252
81 255
81 257
81 260
81 263
81 274
81 299
81 309
81 321
81 348
81 367
81 391
81 407
81 429
81 436
81 445
81 455
81 461
81 465
81 474
81 494
81 495
82 91
82 113
82 129
82 170
82 177
82 187
82 195
82 203
82 204
82 208
82 211
82 216
82 238
82 240
82 263
82 271
82 278
82 284
82 312
82 319
82 324
82 363
82 366
82 374
82 383
82 385
82 389
82 396
82 397
82 409
82 424
82 432
82 438
82 462
82 482
82 492
83 96
83 154
83 167
83 183
83 202
83 246
83 258
83 266
83 270
83 272
83 288
83 296
83 308
83 321
83 372
83 374
83 375
83 395
83 426
83 433
83 479
84 129
84 143
84 147
84 150
84 151
84 173
84 179
84 183
84 186
84 190
84 222
84 233
84 251
84 263
84 284
84 286
84 295
84 299
84 302
84 303
84 343
84 355
84 397
84 405
84 408
84 410
84 438
84 463
84 482
84 490
85 109
85 120
85 123
85 124
85 136
85 163
85 179
85 211
85 222
85 234
85 248
85 250
85 259
85 264
85 272
85 286
85 291
85 323
85 335
85 339
85 341
85 356
85 378
85 382
85 385
85 408
85 444
85 470
86 106
86 138
86 148
86 164
86 175
86 180
86 196
86 207
86 238
86 240
86 257
86 290
86 291
86 293
86 317
86 331
86 344
86 350
86 351
86 367
86 368
86 373
86 375
86 376
86 386
86 436
86 438
86 439
86 442
86 452
86 474
86 479
86 486
86 489
86 490
86 497
87 92
87 120
87 132
87 138
87 164
87 172
87 185
87 190
87 197
87 198
87 215
87 218
87 219
87 227
87 261
87 268
87 297
87 309
87 311
87 320
87 339
87 346
87 351
87 355
87 359
87 369
87 378
87 386
87 395
87 401
87 412
87 420
87 453
87 456
87 460
87 466
88 90
88 99
88 110
88 116
88 124
88 131
88 135
88 140
88 151
88 172
88 175
88 189
88 198
88 200
88 217
88 227
88 236
88 241
88 248
88 262
88 306
88 327
88 353
88 357
88 359
88 360
88 366
88 368
88 372
88 374
88 409
88 423
88 434
88 440
88 446
88 452
89 100
89 117
89 140
89 175
89 186
89 193
89 203
89 221
89 224
89 230
89 236
89 291
89 303
89 307
89 313
89 324
89 355
89 365
89 393
89 394
89 402
89 474
89 476
89 481
89 489
89 499
90 115
90 116
90 171
90 197
90 212
90 213
90 215
90 221
90 226
90 235
90 257
90 265
90 270
90 271
90 275
90 292
90 294
90 316
90 317
90 339
90 364
90 366
90 388
90 390
90 400
90 403
90 414
90 432
90 447
90 460
90 465
90 479
90 490
91 98
91 104
91 112
91 120
91 124
91 133
91 135
91 139
91 156
91 168
91 171
91 176
91 190
91 199
91 241
91 298
91 315
91 338
91 356
91 360
91 382
91 389
91 398
91 402
91 403
91 405
91 407
91 416
91 433
91 450
91 457
91 460
91 461
91 463
91 469
91 486
91 487
92 111
92 121
92 140
92 151
92 153
92 166
92 180
92 213
92 219
92 226
92 259
92 261
92 266
92 278
92 290
92 299
92 330
92 348
92 352
92 358
92 369
92 373
92 384
92 392
92 406
92 422
92 431
92 436
92 442
92 445
92 465
92 469
92 481
93 94
93 114
93 152
93 195
93 241
93 246
93 247
93 256
93 260
93 272
93 281
93 286
93 288
93 294
93 361
93 383
93 404
93 419
93 422
93 423
93 426
93 431
93 433
93 436
93 447
93 455
93 457
93 466
93 485
93 486
93 499
94 99
94 122
94 134
94 141
94 144
94 185
94 186
94 209
94 216
94 318
94 324
94 333
94 351
94 356
94 432
94 441
94 453
94 459
94 498
95 97
95 99
95 148
95 187
95 224
95 246
95 251
95 252
95 269
95 318
95 328
95 330
95 334
95 345
95 355
95 374
95 395
95 396
95 412
95 435
95 467
95 473
95 487
96 114
96 118
96 127
96 160
96 175
96 184
96 231
96 235
96 257
96 264
96 277
96 279
96 312
96 319
96 322
96 334
96 366
96 392
96 420
96 429
96 437
96 447
96 461
96 464
96 466
96 481
96 483
96 492
96 493
96 499
97 99
97 125
97 157
97 171
97 185
97 213
97 264
97 298
97 311
97 334
97 343
97 349
97 353
97 369
97 388
97 404
97 412
97 418
97 424
97 434
97 439
97 449
97 459
97 492
97 499
98 110
98 123
98 135
98 166
98 172
98 173
98 203
98 220
98 221
98 226
98 276
98 280
98 281
98 282
98 305
98 312
98 317
98 320
98 325
98 336
98 352
98 357
98 365
98 369
98 402
98 404
98 412
98 415
98 424
98 437
98 440
98 442
98 443
98 447
98 492
99 112
99 119
99 125
99 142
99 144
99 145
99 147
99 172
99 182
99 196
99 205
99 220
99 224
99 229
99 275
99 277
99 293
99 319
99 375
99 379
99 437
99 448
99 449
100 103
100 105
100 120
100 160
100 174
100 188
100 227
100 244
100 254
100 286
100 312
100 389
100 412
100 413
100 418
100 422
100 443
100 451
100 465
100 488
100 498
101 134
101 138
101 162
101 187
101 208
101 216
101 219
101 222
101 228
101 233
101 244
101 245
101 253
101 259
101 286
101 289
101 301
101 313
101 329
101 338
101 345
101 349
101 361
101 368
101 386
101 405
101 415
101 418
101 422
101 445
101 449
101 455
101 457
101 459
101 472
101 486
101 492
101 497
102 105
102 136
102 139
102 163
102 168
102 185
102 199
102 205
102 212
102 219
102 254
102 263
102 269
102 285
102 287
102 290
102 345
102 363
102 365
102 366
102 373
102 392
102 427
102 449
102 484
102 485
102 486
102 491
102 492
102 495
103 108
103 113
103 114
103 135
103 166
103 189
103 240
103 262
103 268
103 288
103 296
103 337
103 341
103 398
103 498
104 111
104 116
104 131
104 140
104 154
104 203
104 205
104 232
104 287
104 298
104 301
104 303
104 306
104 318
104 325
104 357
104 388
104 393
104 400
104 402
104 410
104 420
104 429
104 434
104 437
104 439
104 444
104 464
104 475
105 114
105 132
105 140
105 146
105 155
105 160
105 187
105 203
105 226
105 238
105 266
105 269
105 298
105 329
105 337
105 340
105 354
105 378
105 430
105 438
105 460
105 477
105 482
106 128
106 133
106 134
106 146
106 178
106 179
106 236
106 259
106 275
106 277
106 282
106 310
106 312
106 321
106 325
106 335
106 390
106 397
106 417
106 440
106 452
106 453
106 466
106 468
106 477
106 485
107 136
107 138
107 158
107 178
107 188
107 198
107 200
107 216
107 220
107 231
107 245
107 262
107 284
107 291
107 310
107 318
107 328
107 341
107 353
107 370
107 388
107 390
107 408
107 442
107 457
107 485
107 486
108 110
108 114
108 117
108 131
108 135
108 174
108 176
108 183
108 186
108 202
108 224
108 238
108 278
108 293
108 308
108 325
108 329
108 330
108 343
108 364
108 376
108 418
108 445
108 453
108 457
108 477
108 478
109 119
109 127
109 152
109 176
109 206
109 240
109 243
109 252
109 256
109 268
109 270
109 291
109 295
109 314
109 317
109 330
109 338
109 343
109 350
109 379
109 383
109 435
110 126
110 131
110 135
110 137
110 141
110 168
110 193
110 194
110 210
110 236
110 256
110 278
110 283
110 291
110 313
110 339
110 341
110 352
110 355
110 369
110 388
110 391
110 415
110 434
110 449
110 454
110 459
110 464
111 130
111 138
111 143
111 145
111 159
111 175
111 242
111 255
111 262
111 271
111 278
111 281
111 295
111 299
111 303
111 342
111 415
111 424
111 425
111 464
112 118
112 133
112 138
112 141
112 161
112 202
112 203
112 210
112 226
112 249
112 250
112 257
112 282
112 306
112 313
112 329
112 337
112 349
112 373
112 388
112 389
112 392
112 402
112 410
112 413
112 429
112 432
112 442
112 449
112 477
112 497
113 132
113 139
113 143
113 151
113 166
113 167
113 199
113 240
113 245
113 246
113 249
113 263
113 288
113 298
113 321
113 348
113 365
113 386
113 389
113 398
113 410
113 418
113 473
113 478
113 486
113 487
114 120
114 132
114 135
114 149
114 167
114 189
114 190
114 204
114 218
114 229
114 237
114 273
114 276
114 278
114 318
114 321
114 323
114 348
114 352
114 357
114 362
114 376
114 381
114 390
114 393
114 426
114 440
114 446
114 448
114 467
114 479
114 495
115 139
115 144
115 146
115 169
115 179
115 213
115 219
115 222
115 231
115 237
115 256
115 267
115 290
115 295
115 296
115 347
115 375
115 381
115 391
115 418
115 427
115 457
115 459
115 462
116 158
116 161
116 185
116 203
116 224
116 241
116 255
116 276
116 322
116 339
116 341
116 350
116 372
116 387
116 388
116 389
116 401
116 404
116 410
116 423
116 441
116 449
116 450
116 462
116 480
117 127
117 160
117 190
117 226
117 247
117 277
117 291
117 295
117 297
117 299
117 301
117 343
117 354
117 360
117 380
117 427
117 448
117 451
117 459
117 463
117 470
117 479
117 490
118 119
118 128
118 129
118 200
118 219
118 220
118 243
118 247
118 248
118 261
118 265
118 272
118 277
118 284
118 321
118 322
118 325
118 326
118 345
118 350
118 352
118 353
118 391
118 413
118 432
118 449
118 454
118 494
119 133
119 143
119 146
119 163
119 166
119 168
119 194
119 206
119 209
119 212
119 214
119 215
119 218
119 234
119 316
119 323
119 336
119 351
119 358
119 391
119 392
119 397
119 410
119 415
119 450
119 453
119 458
119 472
119 477
120 130
120 141
120 155
120 161
120 170
120 173
120 177
120 181
120 182
120 183
120 200
120 209
120 242
120 250
120 260
120 276
120 288
120 302
120 312
120 318
120 340
120 364
120 374
120 383
120 387
120 394
120 400
120 402
120 409
120 418
120 419
120 439
120 440
120 468
120 485
120 495
121 179
121 202
121 209
121 212
121 225
121 228
121 229
121 244
121 254
121 280
121 309
121 318
121 337
121 358
121 362
121 365
121 387
121 392
121 428
121 452
121 453
121 459
121 461
121 469
121 474
121 479
121 481
121 494
122 128
122 136
122 156
122 168
122 176
122 202
122 204
122 211
122 215
122 217
122 218
122 247
122 250
122 266
122 285
122 300
122 309
122 322
122 323
122 344
122 358
122 364
122 374
122 383
122 412
122 413
122 424
122 435
122 448
122 474
122 475
123 132
123 138
123 140
123 144
123 149
123 166
123 224
123 241
123 251
123 282
123 314
123 372
123 391
123 427
123 431
123 449
123 458
124 129
124 137
124 153
124 159
124 164
124 174
124 198
124 201
124 208
124 211
124 239
124 250
124 278
124 306
124 323
124 324
124 340
124 342
124 348
124 372
124 385
124 410
124 413
124 417
124 425
124 447
124 453
124 472
124 473
124 476
124 484
124 488
124 489
125 126
125 143
125 160
125 170
125 207
125 242
125 286
125 295
125 328
125 348
125 380
125 389
125 406
125 431
125 434
125 477
125 484
126 175
126 194
126 196
126 204
126 237
126 255
126 266
126 275
126 279
126 295
126 301
126 325
126 339
126 340
126 358
126 399
126 415
126 433
126 442
126 451
126 455
126 458
127 134
127 141
127 147
127 159
127 168
127 172
127 185
127 187
127 195
127 196
127 209
127 244
127 262
127 282
127 286
127 290
127 300
127 316
127 322
127 340
127 356
127 389
127 401
127 405
127 425
127 457
127 470
127 483
128 135
128 141
128 145
128 157
128 160
128 169
128 182
128 224
128 235
128 257
128 293
128 295
128 321
128 323
128 335
128 336
128 341
128 362
128 392
128 399
128 428
128 429
128 432
128 445
128 455
128 458
128 482
129 178
129 192
129 195
129 219
129 244
129 247
129 284
129 287
129 291
129 297
129 298
129 308
129 310
129 336
129 368
129 399
129 400
129 404
129 408
129 444
129 447
129 449
129 452
129 461
129 463
129 464
129 470
129 491
130 134
130 156
130 190
130 199
130 220
130 244
130 249
130 273
130 305
130 307
130 315
130 339
130 343
130 374
130 382
130 421
130 461
130 475
130 491
131 152
131 156
131 170
131 187
131 191
131 195
131 223
131 225
131 245
131 252
131 302
131 311
131 315
131 319
131 322
131 363
131 381
131 406
131 408
131 410
131 417
131 468
131 477
131 485
131 487
131 497
132 133
132 149
132 150
132 174
132 183
132 188
132 228
132 234
132 238
132 240
132 264
132 266
132 304
132 362
132 368
132 378
132 387
132 389
132 391
132 399
132 426
132 427
132 434
132 435
132 480
132 487
132 490
132 492
133 137
133 167
133 176
133 179
133 184
133 212
133 216
133 226
133 233
133 256
133 257
133 280
133 290
133 305
133 319
133 320
133 325
133 344
133 362
133 366
133 377
133 399
133 424
133 442
133 458
133 480
134 137
134 141
134 142
134 151
134 155
134 209
134 212
134 214
134 245
134 254
134 281
134 288
134 305
134 306
134 329
134 337
134 348
134 357
134 365
134 375
134 382
134 383
134 398
134 408
134 418
134 457
134 458
134 467
135 155
135 166
135 167
135 171
135 189
135 201
135 238
135 258
135 285
135 292
135 293
135 297
135 302
135 305
135 309
135 338
135 361
135 368
135 411
135 434
135 435
135 446
135 450
135 468
135 469
135 499
136 138
136 151
136 156
136 166
136 208
136 209
136 211
136 219
136 220
136 233
136 238
136 258
136 298
136 306
136 322
136 334
136 337
136 367
136 381
136 388
136 397
136 412
136 414
136 428
136 435
136 439
136 455
136 462
136 463
136 484
136 499
137 170
137 173
137 203
137 207
137 213
137 218
137 223
137 227
137 228
137 257
137 268
137 320
137 326
137 337
137 340
137 368
137 387
137 390
137 399
137 404
137 410
137 419
137 422
137 468
138 147
138 216
138 224
138 235
138 244
138 252
138 265
138 309
138 311
138 340
138 370
138 428
138 436
138 446
138 451
138 456
138 488
139 171
139 227
139 244
139 251
139 282
139 288
139 299
139 303
139 306
139 328
139 357
139 360
139 361
139 388
139 395
139 396
139 430
139 435
139 446
139 456
139 463
139 494
140 146
140 148
140 166
140 169
140 178
140 184
140 203
140 208
140 224
140 226
140 230
140 236
140 314
140 331
140 341
140 342
140 345
140 349
140 395
140 396
140 398
140 401
140 405
140 410
140 413
140 430
140 452
140 476
140 480
140 490
140 497
141 145
141 150
141 155
141 162
141 185
141 214
141 242
141 243
141 258
141 264
141 265
141 272
141 296
141 297
141 307
141 308
141 344
141 357
141 360
141 377
141 378
141 396
141 419
141 427
141 436
141 448
141 476
141 478
141 479
141 492
141 498
142 163
142 165
142 178
142 179
142 198
142 205
142 245
142 267
142 275
142 286
142 293
142 305
142 312
142 320
142 339
142 343
142 367
142 371
142 382
142 385
142 408
142 415
142 440
142 463
142 485
142 497
143 148
143 161
143 169
143 170
143 176
143 185
143 196
143 203
143 213
143 217
143 228
143 231
143 241
143 243
143 253
143 261
143 264
143 275
143 299
143 332
143 343
143 349
143 351
143 353
143 371
143 433
143 447
143 462
143 464
143 472
143 477
144 152
144 170
144 177
144 178
144 189
144 194
144 200
144 227
144 238
144 266
144 272
144 275
144 280
144 282
144 286
144 298
144 321
144 328
144 354
144 355
144 392
144 400
144 456
144 467
144 474
144 479
144 480
145 156
145 173
145 175
145 180
145 183
145 191
145 193
145 195
145 214
145 223
145 238
145 249
145 258
145 265
145 274
145 290
145 292
145 294
145 311
145 327
145 357
145 371
145 373
145 378
145 385
145 388
145 398
145 406
145 432
145 458
145 485
145 486
146 156
146 160
146 163
146 186
146 203
146 204
146 210
146 211
146 235
146 304
146 306
146 313
146 345
146 352
146 360
146 377
146 399
146 422
146 423
146 425
146 441
146 453
146 465
146 469
146 485
147 160
147 169
147 188
147 204
147 210
147 228
147 263
147 269
147 285
147 306
147 327
147 342
147 346
147 349
147 377
147 399
147 402
147 413
147 440
147 445
147 448
147 454
147 462
147 469
147 487
147 492
147 493
148 180
148 182
148 219
148 225
148 249
148 254
148 263
148 277
148 279
148 288
148 292
148 296
148 325
148 330
148 332
148 353
148 372
148 373
148 379
148 386
148 391
148 403
148 411
148 417
148 418
148 424
148 448
148 456
148 458
148 464
148 468
148 472
148 493
149 172
149 182
149 185
149 194
149 209
149 211
149 276
149 315
149 389
149 390
149 412
149 417
149 428
149 464
149 474
149 495
149 497
150 183
150 195
150 241
150 245
150 256
150 258
150 272
150 310
150 345
150 358
150 365
150 367
150 378
150 387
150 406
150 415
150 426
150 432
150 446
150 474
150 476
151 170
151 173
151 188
151 197
151 201
151 239
151 241
151 244
151 265
151 266
151 283
151 286
151 287
151 302
151 335
151 367
151 370
151 390
151 410
151 417
151 421
151 425
151 428
151 473
151 493
151 494
152 189
152 190
152 213
152 245
152 263
152 265
152 325
152 359
152 409
152 418
152 419
152 476
152 481
153 170
153 176
153 193
153 199
153 213
153 215
153 250
153 252
153 274
153 301
153 336
153 338
153 340
153 367
153 385
153 412
153 424
153 446
153 449
154 156
154 157
154 174
154 184
154 207
154 216
154 249
154 277
154 300
154 304
154 305
154 306
154 319
154 352
154 363
154 390
154 435
154 450
154 461
154 463
154 480
154 485
154 490
155 159
155 170
155 174
155 233
155 236
155 237
155 241
155 248
155 250
155 253
155 263
155 279
155 280
155 284
155 286
155 299
155 301
155 307
155 311
155 316
155 321
155 327
155 353
155 367
155 373
155 376
155 396
155 409
155 432
155 434
155 444
155 459
155 472
155 476
155 481
155 498
156 162
156 169
156 172
156 179
156 181
156 188
156 222
156 246
156 254
156 259
156 261
156 262
156 299
156 302
156 308
156 320
156 372
156 393
156 409
156 417
156 424
156 438
156 466
156 474
156 476
156 481
157 166
157 203
157 221
157 241
157 266
157 303
157 319
157 325
157 333
157 351
157 372
157 381
157 400
157 453
157 481
157 496
158 177
158 183
158 186
158 188
158 197
158 210
158 215
158 224
158 232
158 235
158 251
158 272
158 277
158 290
158 295
158 306
158 308
158 313
158 320
158 359
158 390
158 412
158 420
158 429
158 454
159 175
159 176
159 195
159 214
159 234
159 236
159 256
159 261
159 288
159 297
159 309
159 322
159 324
159 329
159 334
159 369
159 380
159 396
159 399
159 416
159 448
159 461
159 471
159 472
159 483
160 167
160 178
160 182
160 193
160 203
160 208
160 216
160 252
160 274
160 280
160 329
160 331
160 349
160 355
160 356
160 359
160 391
160 396
160 397
160 418
160 424
160 428
160 441
160 454
160 462
160 464
160 498
161 166
161 173
161 178
161 190
161 192
161 207
161 215
161 216
161 225
161 234
161 237
161 279
161 334
161 371
161 376
161 380
161 430
161 438
161 448
161 449
161 472
162 166
162 171
162 172
162 197
162 209
162 245
162 263
162 267
162 269
162 275
162 285
162 397
162 404
162 406
162 412
162 426
162 438
162 439
162 471
163 183
163 185
163 196
163 213
163 235
163 249
163 272
163 291
163 337
163 342
163 369
163 392
163 395
163 413
163 441
163 458
163 463
164 173
164 183
164 190
164 208
164 217
164 246
164 256
164 269
164 287
164 291
164 295
164 299
164 304
164 307
164 331
164 341
164 375
164 410
164 441
164 443
164 453
164 490
164 491
165 222
165 224
165 228
165 234
165 239
165 245
165 263
165 284
165 292
165 302
165 353
165 354
165 382
165 384
165 386
165 390
165 426
165 444
165 465
165 473
165 492
166 177
166 203
166 235
166 248
166 265
166 279
166 292
166 327
166 334
166 354
166 355
166 379
166 384
166 385
166 422
166 423
166 426
166 462
166 468
166 476
166 481
166 483
166 497
166 498
167 177
167 201
167 232
167 253
167 262
167 276
167 287
167 292
167 299
167 322
167 347
167 376
167 381
167 383
167 388
167 401
167 411
167 415
167 426
167 462
167 465
167 467
167 469
167 474
168 184
168 194
168 200
168 220
168 226
168 227
168 230
168 238
168 252
168 270
168 287
168 309
168 311
168 329
168 357
168 365
168 386
168 418
168 436
168 446
168 470
168 475
168 477
168 479
168 484
168 488
168 493
169 177
169 193
169 196
169 198
169 199
169 200
169 227
169 230
169 231
169 245
169 250
169 286
169 307
169 318
169 343
169 368
169 376
169 402
169 433
169 444
169 448
169 455
169 468
169 483
169 497
170 172
170 206
170 221
170 299
170 314
170 351
170 357
170 364
170 375
170 430
170 447
170 471
170 486
170 492
170 496
171 173
171 203
171 216
171 218
171 225
171 249
171 269
171 271
171 278
171 285
171 287
171 297
171 302
171 303
171 308
171 318
171 324
171 339
171 345
171 347
171 358
171 369
171 372
171 392
171 401
171 403
171 405
171 406
171 415
171 442
171 452
171 456
171 458
171 462
171 477
171 483
171 492
171 497
172 204
172 230
172 239
172 241
172 242
172 249
172 256
172 286
172 323
172 327
172 364
172 383
172 413
172 433
172 444
172 468
172 472
172 474
172 486
172 491
172 493
173 181
173 184
173 210
173 243
173 271
173 289
173 294
173 310
173 344
173 349
173 360
173 371
173 462
173 480
174 179
174 194
174 203
174 246
174 251
174 253
174 264
174 280
174 287
174 297
174 315
174 334
174 339
174 367
174 393
174 401
174 414
174 417
174 430
174 445
174 468
174 470
174 472
174 480
174 493
175 182
175 194
175 211
175 221
175 232
175 235
175 268
175 307
175 331
175 336
175 348
175 371
175 375
175 376
175 398
175 404
175 417
175 422
175 448
175 469
175 481
175 492
175 498
176 203
176 227
176 248
176 250
176 272
176 294
176 340
176 345
176 370
176 372
176 376
176 397
176 408
176 424
177 200
177 214
177 231
177 239
177 248
177 262
177 269
177 278
177 306
177 319
177 330
177 336
177 354
177 363
177 396
177 406
177 410
177 439
177 448
177 469
177 471
177 499
178 182
178 192
178 233
178 242
178 266
178 270
178 277
178 291
178 298
178 319
178 330
178 360
178 408
178 434
178 451
178 485
178 487
178 488
178 499
179 202
179 203
179 211
179 219
179 240
179 241
179 255
179 264
179 291
179 320
179 324
179 327
179 329
179 331
179 333
179 339
179 351
179 355
179 360
179 365
179 390
179 395
179 397
179 419
179 424
179 434
179 436
179 437
179 438
179 440
179 442
179 455
179 493
180 182
180 199
180 216
180 231
180 244
180 247
180 253
180 256
180 259
180 264
180 276
180 301
180 317
180 318
180 333
180 344
180 346
180 381
180 396
180 423
180 473
180 494
181 188
181 209
181 231
181 249
181 258
181 274
181 275
181 288
181 291
181 310
181 326
181 328
181 366
181 367
181 370
181 385
181 402
181 404
181 419
181 421
181 435
181 455
181 464
181 466
181 473
181 499
182 208
182 218
182 221
182 223
182 234
182 256
182 265
182 318
182 320
182 339
182 344
182 354
182 360
182 362
182 386
182 389
182 396
182 409
182 418
182 424
182 429
182 461
182 487
182 490
183 214
183 231
183 288
183 292
183 314
183 319
183 322
183 332
183 368
183 389
183 390
183 417
183 418
183 437
183 465
183 467
183 483
184 189
184 197
184 211
184 215
184 249
184 259
184 264
184 266
184 283
184 285
184 295
184 296
184 381
184 396
184 441
184 453
184 459
184 472
184 473
184 488
185 193
185 195
185 205
185 207
185 222
185 230
185 240
185 241
185 263
185 292
185 293
185 297
185 310
185 320
185 332
185 348
185 360
185 372
185 413
185 422
185 428
185 433
185 445
185 461
185 480
185 483
185 496
186 197
186 211
186 236
186 263
186 264
186 273
186 274
186 281
186 284
186 315
186 320
186 324
186 328
186 329
186 347
186 368
186 378
186 392
186 405
186 422
186 457
186 472
186 473
186 497
187 190
187 192
187 195
187 229
187 231
187 237
187 240
187 258
187 280
187 303
187 344
187 390
187 401
187 431
187 446
187 497
188 208
188 210
188 219
188 221
188 228
188 230
188 234
188 264
188 273
188 307
188 321
188 324
188 333
188 361
188 391
188 408
188 413
188 421
188 423
188 428
188 453
188 474
188 485
189 192
189 198
189 216
189 217
189 227
189 237
189 239
189 251
189 252
189 260
189 275
189 277
189 296
189 328
189 329
189 335
189 340
189 368
189 388
189 406
189 407
189 429
189 450
189 456
189 461
189 469
189 476
189 482
190 200
190 214
190 219
190 228
190 240
190 242
190 251
190 261
190 277
190 305
190 313
190 317
190 323
190 377
190 396
190 419
190 426
190 439
190 450
190 453
190 460
190 472
190 482
191 198
191 207
191 214
191 218
191 226
191 239
191 290
191 314
191 315
191 317
191 365
191 368
191 371
191 380
191 390
191 393
191 404
191 413
191 415
191 424
191 441
191 467
191 468
191 469
191 477
192 193
192 198
192 212
192 219
192 227
192 238
192 248
192 262
192 296
192 329
192 333
192 355
192 377
192 386
192 388
192 394
192 420
192 428
192 457
193 235
193 243
193 265
193 278
193 288
193 306
193 321
193 346
193 376
193 383
193 386
193 388
193 424
193 425
193 464
193 487
194 204
194 211
194 228
194 236
194 273
194 278
194 279
194 293
194 300
194 316
194 337
194 346
194 349
194 361
194 376
194 382
194 409
194 441
194 469
194 471
194 476
194 497
194 498
195 207
195 230
195 261
195 264
195 270
195 297
195 338
195 383
195 404
195 427
195 449
195 457
195 476
195 482
195 485
196 210
196 228
196 236
196 243
196 247
196 249
196 250
196 280
196 343
196 351
196 361
196 368
196 370
196 375
196 395
196 404
196 414
196 417
196 419
196 424
196 437
196 439
196 468
196 471
196 494
196 499
197 218
197 228
197 231
197 234
197 243
197 246
197 270
197 272
197 280
197 287
197 314
197 328
197 333
197 338
197 339
197 369
197 388
197 394
197 457
197 472
197 474
197 486
197 488
198 203
198 213
198 214
198 237
198 246
198 259
198 262
198 268
198 297
198 302
198 310
198 319
198 339
198 355
198 362
198 412
198 413
198 432
198 464
198 482
198 487
199 200
199 217
199 225
199 227
199 235
199 241
199 253
199 274
199 293
199 294
199 297
199 304
199 305
199 317
199 322
199 324
199 335
199 350
199 382
199 386
199 390
199 396
199 400
199 434
199 490
200 235
200 275
200 284
200 286
200 307
200 319
200 320
200 326
200 366
200 375
200 396
200 400
200 413
200 438
200 466
200 471
201 203
201 217
201 235
201 254
201 266
201 267
201 268
201 274
201 295
201 316
201 317
201 320
201 335
201 358
201 364
201 383
201 391
201 398
201 399
201 401
201 416
201 435
201 439
201 452
201 463
201 484
202 220
202 237
202 241
202 245
202 267
202 330
202 354
202 369
202 373
202 382
202 386
202 424
202 434
202 442
202 451
202 466
203 207
203 210
203 218
203 220
203 253
203 268
203 273
203 285
203 297
203 300
203 310
203 321
203 356
203 393
203 407
203 417
203 429
203 440
203 446
203 455
203 467
203 491
204 208
204 236
204 258
204 263
204 264
204 274
204 276
204 285
204 294
204 297
204 306
204 344
204 350
204 366
204 395
204 401
204 435
204 437
204 444
204 468
204 488
205 233
205 235
205 239
205 243
205 245
205 246
205 249
205 256
205 260
205 288
205 292
205 309
205 321
205 339
205 349
205 372
205 389
205 402
205 406
205 417
205 433
205 438
205 458
205 473
205 483
206 216
206 223
206 243
206 254
206 257
206 272
206 298
206 345
206 359
206 372
206 374
206 375
206 394
206 395
206 421
206 432
206 433
206 439
206 442
206 476
206 493
206 498
207 239
207 241
207 250
207 257
207 270
207 276
207 299
207 313
207 360
207 413
207 435
207 441
207 463
207 494
208 221
208 223
208 231
208 238
208 240
208 262
208 276
208 334
208 345
208 357
208 363
208 364
208 366
208 384
208 385
208 396
208 402
208 435
208 445
208 454
208 482
208 496
208 499
209 221
209 237
209 280
209 293
209 298
209 304
209 332
209 355
209 370
209 371
209 376
209 379
209 414
209 419
209 434
209 452
209 460
209 495
210 219
210 222
210 224
210 225
210 252
210 286
210 304
210 312
210 363
210 380
210 381
210 389
210 397
210 409
210 422
210 438
210 448
210 457
210 475
210 492
211 217
211 234
211 237
211 268
211 293
211 333
211 337
211 350
211 378
211 392
211 422
211 423
211 428
211 451
211 452
211 465
211 467
211 470
211 485
212 229
212 240
212 269
212 270
212 273
212 288
212 293
212 304
212 318
212 355
212 375
212 378
212 391
212 394
212 396
212 404
212 411
212 424
212 452
212 453
212 475
212 483
212 484
212 485
213 255
213 271
213 318
213 339
213 369
213 377
213 379
213 404
213 405
213 438
213 441
213 446
213 448
213 450
213 451
213 453
213 467
213 480
213 482
213 483
214 245
214 247
214 257
214 263
214 269
214 283
214 296
214 302
214 312
214 331
214 337
214 353
214 354
214 377
214 379
214 394
214 396
214 404
214 422
214 431
214 432
214 444
214 458
214 460
215 238
215 251
215 268
215 309
215 351
215 355
215 361
215 397
215 404
215 408
215 419
215 429
215 434
215 446
215 454
215 475
215 487
215 494
215 495
216 232
216 260
216 262
216 291
216 308
216 321
216 323
216 341
216 345
216 346
216 390
216 433
216 476
216 485
216 495
217 222
217 229
217 246
217 247
217 250
217 252
217 258
217 283
217 289
217 294
217 302
217 307
217 315
217 317
217 325
217 330
217 358
217 360
217 378
217 395
217 404
217 406
217 411
217 416
217 431
217 486
217 497
218 219
218 238
218 258
218 265
218 273
218 275
218 304
218 307
218 310
218 325
218 326
218 331
218 344
218 371
218 390
218 395
218 403
218 409
218 410
218 426
218 428
218 429
218 444
218 450
218 465
218 485
218 489
218 496
219 226
219 231
219 249
219 259
219 265
219 288
219 290
219 297
219 327
219 358
219 364
219 375
219 388
219 397
219 400
219 417
219 450
219 454
219 465
219 475
219 478
220 241
220 257
220 272
220 290
220 295
220 296
220 321
220 332
220 335
220 340
220 361
220 363
220 373
220 386
220 389
220 405
220 412
220 417
220 421
220 432
220 492
220 497
221 249
221 260
221 276
221 285
221 299
221 300
221 304
221 306
221 327
221 339
221 353
221 368
221 397
221 453
221 490
222 250
222 262
222 302
222 306
222 322
222 350
222 424
222 426
222 429
222 458
222 472
222 473
222 499
223 250
223 303
223 321
223 336
223 351
223 374
223 390
223 401
223 404
223 410
223 455
223 458
223 463
223 468
224 229
224 240
224 269
224 275
224 278
224 303
224 309
224 350
224 383
224 385
224 388
224 432
224 434
224 442
224 444
224 448
224 454
224 461
224 471
224 482
224 484
224 485
224 497
225 240
225 265
225 282
225 283
225 285
225 297
225 298
225 308
225 332
225 334
225 336
225 352
225 353
225 384
225 415
225 418
225 422
225 436
225 473
225 477
225 492
226 242
226 285
226 289
226 297
226 302
226 310
226 317
226 328
226 331
226 340
226 355
226 364
226 383
226 397
226 401
226 402
226 421
226 451
226 457
226 481
226 489
226 496
226 497
227 243
227 274
227 277
227 301
227 308
227 311
227 315
227 327
227 336
227 343
227 349
227 381
227 386
227 403
227 416
227 419
227 421
227 450
227 454
227 456
227 458
227 463
227 473
227 474
227 480
227 485
227 496
228 231
228 268
228 349
228 361
228 363
228 388
228 413
228 424
228 448
228 462
228 464
228 477
228 486
229 234
229 254
229 295
229 320
229 363
229 385
229 388
229 419
229 432
229 435
230 232
230 273
230 274
230 298
230 311
230 321
230 340
230 363
230 417
230 436
230 438
230 464
230 474
230 475
230 486
231 249
231 260
231 262
231 265
231 270
231 275
231 298
231 309
231 315
231 359
231 399
231 400
231 415
231 437
231 446
231 459
231 462
232 252
232 312
232 323
232 327
232 332
232 398
232 435
232 452
232 456
232 459
232 480
232 489
232 490
233 256
233 263
233 278
233 282
233 296
233 297
233 303
233 329
233 343
233 356
233 387
233 432
233 458
233 460
233 468
233 485
233 486
234 242
234 275
234 302
234 307
234 326
234 350
234 357
234 361
234 369
234 376
234 385
234 391
234 396
234 421
234 424
234 444
234 451
234 460
234 471
234 475
234 484
234 488
234 497
235 266
235 270
235 287
235 289
235 305
235 354
235 362
235 373
235 389
235 391
235 429
235 452
235 475
235 482
236 241
236 257
236 274
236 287
236 300
236 302
236 308
236 311
236 324
236 328
236 334
236 344
236 361
236 365
236 371
236 395
236 434
237 250
237 260
237 264
237 288
237 291
237 294
237 306
237 362
237 388
237 408
237 409
237 410
237 466
237 471
237 479
237 491
237 492
238 274
238 275
238 298
238 306
238 318
238 350
238 354
238 373
238 379
238 396
238 429
238 449
238 463
238 464
238 492
239 243
239 271
239 280
239 301
239 309
239 330
239 354
239 372
239 400
239 428
239 470
239 473
239 485
239 495
240 288
240 294
240 298
240 336
240 347
240 350
240 354
240 359
240 379
240 393
240 398
240 426
240 427
240 446
240 463
240 464
240 471
241 271
241 276
241 297
241 302
241 306
241 330
241 339
241 358
241 361
241 371
241 384
241 390
241 402
241 462
241 481
241 497
241 499
242 278
242 289
242 308
242 309
242 315
242 319
242 365
242 368
242 384
242 428
242 429
242 440
242 465
242 466
242 474
243 289
243 311
243 313
243 323
243 345
243 352
243 365
243 383
243 386
243 390
243 405
243 422
243 447
243 457
243 459
243 462
243 495
244 260
244 266
244 296
244 298
244 305
244 306
244 339
244 344
244 353
244 359
244 364
244 367
244 371
244 380
244 382
244 387
244 397
244 422
244 425
244 429
244 461
244 466
244 470
244 483
244 485
245 248
245 262
245 280
245 285
245 292
245 295
245 310
245 332
245 339
245 343
245 346
245 350
245 362
245 409
245 412
245 424
245 441
245 473
245 479
245 485
245 493
246 279
246 295
246 297
246 302
246 330
246 361
246 367
246 381
246 395
246 457
246 477
246 487
247 267
247 271
247 318
247 330
247 346
247 366
247 368
247 397
247 406
247 417
247 419
247 420
247 433
247 460
247 469
247 489
248 253
248 256
248 285
248 320
248 321
248 342
248 349
248 387
248 402
248 429
248 434
248 469
248 481
249 273
249 283
249 290
249 320
249 321
249 378
249 382
249 428
249 429
249 441
249 454
249 457
250 264
250 283
250 300
250 304
250 317
250 323
250 325
250 328
250 337
250 354
250 361
250 367
250 379
250 383
250 392
250 408
250 409
250 431
250 443
250 444
250 449
250 462
250 466
250 484
251 278
251 316
251 325
251 326
251 329
251 330
251 362
251 393
251 419
251 449
251 492
252 260
252 291
252 298
252 311
252 330
252 332
252 334
252 345
252 366
252 367
252 425
252 427
252 437
252 442
252 451
252 454
252 463
252 491
253 265
253 266
253 289
253 292
253 293
253 327
253 334
253 346
253 374
253 382
253 411
253 426
253 457
253 472
253 494
254 267
254 277
254 292
254 301
254 327
254 337
254 346
254 355
254 361
254 375
254 386
254 397
254 402
254 404
254 406
254 409
254 425
254 432
254 437
254 457
254 460
254 478
255 274
255 278
255 279
255 289
255 295
255 328
255 353
255 366
255 378
255 387
255 395
255 407
255 476
255 479
255 482
255 498
256 257
256 313
256 333
256 352
256 370
256 376
256 400
256 428
256 450
256 453
256 460
257 271
257 284
257 286
257 311
257 319
257 343
257 350
257 359
257 412
257 414
257 442
257 446
257 492
258 261
258 263
258 301
258 303
258 307
258 310
258 331
258 343
258 350
258 357
258 374
258 408
258 415
258 429
258 442
258 444
258 448
258 458
258 461
258 479
258 483
258 485
258 496
259 262
259 288
259 315
259 317
259 331
259 332
259 345
259 378
259 383
259 393
259 400
259 417
259 419
259 446
259 455
259 459
259 461
259 472
259 473
259 487
260 261
260 266
260 292
260 295
260 296
260 329
260 340
260 349
260 367
260 368
260 374
260 378
260 408
260 410
260 454
260 459
260 485
260 493
261 300
261 338
261 353
261 359
261 373
261 392
261 412
261 413
261 441
261 442
261 450
261 456
261 467
261 474
261 488
261 496
262 274
262 302
262 321
262 324
262 326
262 334
262 358
262 369
262 376
262 378
262 383
262 398
262 401
262 413
262 450
262 458
262 480
262 487
262 489
262 499
263 268
263 326
263 327
263 345
263 357
263 359
263 386
263 390
263 420
263 461
263 468
264 273
264 284
264 293
264 324
264 333
264 347
264 372
264 376
264 393
264 435
264 464
264 478
264 482
265 289
265 315
265 328
265 329
265 366
265 389
265 451
265 457
265 459
265 486
266 285
266 310
266 311
266 316
266 324
266 326
266 328
266 331
266 334
266 347
266 353
266 354
266 355
266 370
266 377
266 379
266 385
266 389
266 407
266 409
266 415
266 426
266 464
266 465
266 479
266 488
266 498
267 280
267 283
267 308
267 325
267 327
267 338
267 347
267 348
267 364
267 368
267 388
267 389
267 392
267 399
267 410
267 415
267 423
267 475
267 476
267 495
267 499
268 273
268 286
268 288
268 294
268 320
268 327
268 344
268 352
268 357
268 361
268 381
268 401
268 402
268 452
268 467
268 476
268 483
269 290
269 296
269 308
269 337
269 345
269 351
269 353
269 358
269 368
269 371
269 377
269 399
269 405
269 410
269 416
269 420
269 431
269 440
269 441
269 462
269 463
269 464
269 485
269 494
269 499
270 274
270 275
270 346
270 348
270 356
270 385
270 428
270 447
270 456
270 461
270 464
270 478
270 484
270 489
271 273
271 299
271 308
271 309
271 360
271 383
271 397
271 405
271 409
271 411
271 428
271 443
271 454
271 460
271 472
272 305
272 316
272 334
272 336
272 359
272 364
272 374
272 417
272 434
272 440
272 444
272 449
272 455
272 465
272 496
273 282
273 298
273 313
273 314
273 319
273 371
273 377
273 389
273 405
273 479
274 289
274 306
274 312
274 313
274 322
274 335
274 344
274 361
274 372
274 390
274 416
274 425
274 454
274 459
274 463
274 483
275 302
275 307
275 323
275 344
275 430
275 440
275 441
275 448
275 480
275 487
276 282
276 288
276 320
276 324
276 342
276 347
276 358
276 360
276 389
276 412
276 418
276 420
276 431
276 444
276 454
276 478
276 493
277 304
277 307
277 315
277 329
277 380
277 406
277 435
277 443
277 457
277 462
277 465
277 467
278 293
278 353
278 368
278 370
278 384
278 388
278 414
278 437
278 438
278 444
278 446
278 454
278 456
278 472
278 496
279 280
279 283
279 292
279 299
279 304
279 306
279 307
279 318
279 339
279 361
279 364
279 372
279 383
279 392
279 393
279 423
279 424
279 441
279 471
279 473
279 482
279 487
279 490
280 283
280 287
280 311
280 332
280 334
280 337
280 339
280 365
280 368
280 402
280 413
280 445
280 452
280 454
280 460
280 471
280 485
281 290
281 295
281 297
281 338
281 352
281 356
281 380
281 385
281 411
281 413
281 433
281 443
281 452
281 460
281 464
281 471
281 479
281 481
281 488
281 489
282 306
282 308
282 328
282 329
282 345
282 358
282 359
282 378
282 391
282 399
282 431
282 434
282 449
282 464
282 469
283 301
283 309
283 324
283 345
283 347
283 364
283 368
283 399
283 404
283 408
283 412
283 419
283 435
283 461
284 294
284 303
284 310
284 330
284 352
284 374
284 394
284 395
284 437
284 458
284 466
285 301
285 322
285 346
285 352
285 362
285 404
285 413
285 418
285 450
285 453
285 491
286 296
286 307
286 322
286 324
286 334
286 347
286 353
286 355
286 378
286 382
286 387
286 406
286 416
286 428
286 433
286 436
286 439
286 457
286 460
286 464
286 471
286 474
286 489
287 325
287 343
287 346
287 352
287 381
287 398
287 403
287 406
287 411
287 419
287 449
287 472
287 486
287 499
288 293
288 330
288 333
288 336
288 360
288 387
288 403
288 433
288 454
288 457
288 470
288 472
288 474
288 481
288 490
289 344
289 385
289 391
289 401
289 405
289 424
289 426
289 435
289 443
289 461
289 485
289 491
289 493
289 497
290 292
290 294
290 307
290 335
290 389
290 394
290 414
290 426
290 434
290 441
290 450
290 451
290 463
290 466
290 488
290 489
290 496
291 304
291 316
291 318
291 319
291 330
291 331
291 339
291 352
291 353
291 356
291 379
291 419
291 443
291 447
291 462
291 463
291 469
291 473
291 475
291 486
291 497
291 498
292 307
292 315
292 350
292 372
292 378
292 380
292 388
292 398
292 419
292 423
292 453
292 456
292 460
292 462
292 463
292 479
293 299
293 317
293 341
293 359
293 394
293 404
293 420
293 428
293 433
293 462
293 495
293 496
294 326
294 346
294 355
294 356
294 363
294 381
294 397
294 427
294 436
294 463
294 475
294 485
295 300
295 306
295 364
295 392
295 402
295 407
295 410
295 439
295 440
295 451
295 474
296 309
296 334
296 339
296 349
296 357
296 359
296 360
296 365
296 375
296 394
296 398
296 404
296 419
296 429
296 453
296 474
296 488
297 299
297 304
297 311
297 332
297 353
297 370
297 384
297 407
297 408
297 418
297 466
297 472
298 334
298 335
298 347
298 361
298 369
298 383
298 386
298 403
298 427
298 439
298 471
298 480
298 488
299 316
299 331
299 336
299 350
299 363
299 368
299 410
299 425
299 426
299 427
299 432
299 447
299 455
299 464
299 472
299 474
299 476
300 327
300 355
300 383
300 388
300 400
300 402
300 408
300 435
300 455
300 460
300 465
300 466
300 478
301 310
301 315
301 341
301 351
301 393
301 424
301 425
301 432
301 435
301 439
301 440
301 444
301 456
301 468
302 304
302 307
302 308
302 314
302 327
302 331
302 375
302 376
302 388
302 426
302 438
302 439
302 449
302 451
302 454
302 471
303 314
303 330
303 356
303 407
303 410
303 419
303 474
303 479
303 480
303 482
303 487
304 309
304 316
304 328
304 330
304 342
304 353
304 357
304 363
304 367
304 380
304 435
304 449
304 475
305 312
305 347
305 348
305 365
305 379
305 381
305 388
305 389
305 403
305 443
305 450
305 458
305 481
305 494
305 497
306 327
306 340
306 364
306 366
306 371
306 389
306 401
306 412
306 420
306 429
306 430
306 436
306 450
306 451
306 454
306 463
306 464
306 469
306 473
307 316
307 327
307 329
307 331
307 337
307 339
307 368
307 402
307 431
308 315
308 322
308 334
308 354
308 366
308 409
308 421
308 424
308 478
308 481
309 329
309 332
309 351
309 353
309 395
309 404
309 431
309 466
309 467
309 476
310 312
310 361
310 363
310 364
310 392
310 395
310 411
310 429
310 463
310 485
310 490
311 322
311 334
311 345
311 391
311 443
311 451
311 474
311 476
312 350
312 366
312 421
312 433
312 435
312 439
312 451
312 453
312 457
312 461
312 472
313 320
313 328
313 339
313 367
313 408
313 442
313 493
313 499
314 322
314 329
314 330
314 335
314 346
314 349
314 371
314 379
314 386
314 390
314 402
314 405
314 409
314 428
314 468
314 470
314 490
314 492
315 320
315 351
315 356
315 394
315 395
315 417
315 421
315 444
315 445
315 461
315 483
315 494
315 497
316 320
316 380
316 392
316 418
316 422
316 438
316 457
316 474
316 479
317 351
317 355
317 362
317 413
317 416
317 424
317 483
318 351
318 352
318 353
318 377
318 432
318 455
318 458
318 469
318 485
318 492
319 325
319 343
319 369
319 374
319 377
319 392
319 402
319 403
319 408
319 410
319 470
319 474
319 476
319 486
319 489
320 325
320 328
320 358
320 366
320 378
320 382
320 393
320 400
320 414
320 425
320 432
320 486
321 345
321 379
321 385
321 414
321 439
321 441
321 444
321 459
321 469
322 323
322 332
322 359
322 367
322 386
322 400
322 438
322 442
322 443
322 465
322 476
322 490
322 493
323 327
323 332
323 334
323 351
323 371
323 384
323 394
323 402
323 404
323 418
323 419
323 424
323 440
323 450
323 466
323 475
323 479
323 482
323 486
324 337
324 356
324 360
324 372
324 382
324 389
324 408
324 443
324 453
324 454
324 484
324 486
325 354
325 358
325 360
325 368
325 411
325 425
325 428
325 433
325 482
325 483
325 492
326 334
326 362
326 412
326 466
326 477
326 493
326 497
327 337
327 363
327 386
327 427
327 429
327 434
327 441
327 459
327 463
327 479
327 480
328 333
328 385
328 417
328 461
328 479
328 497
329 344
329 357
329 370
329 380
329 383
329 415
329 418
329 420
329 421
329 435
329 440
329 442
329 445
329 450
329 454
329 465
329 471
329 480
330 362
330 392
330 399
330 405
330 439
330 449
331 348
331 364
331 393
331 403
331 411
331 419
331 422
331 431
331 440
331 451
331 455
331 464
331 472
331 491
332 333
332 360
332 375
332 377
332 434
332 438
332 445
332 453
332 471
332 490
333 337
333 348
333 357
333 390
333 392
333 399
333 429
333 465
333 468
333 475
333 483
333 484
333 493
334 342
334 378
334 385
334 388
334 396
334 399
334 400
334 417
334 437
334 442
334 497
335 338
335 341
335 344
335 358
335 370
335 378
335 436
335 444
335 447
335 455
335 470
335 481
335 488
336 338
336 340
336 378
336 401
336 407
336 429
336 454
336 467
336 479
336 481
336 496
336 498
337 355
337 397
337 416
337 418
337 422
337 453
337 454
337 482
337 485
337 495
338 354
338 359
338 366
338 388
338 400
338 408
338 412
338 481
338 494
339 346
339 351
339 364
339 372
339 374
339 391
339 409
339 411
339 429
339 433
339 451
339 478
339 484
339 491
340 343
340 350
340 363
340 373
340 392
340 401
340 436
340 437
340 447
340 464
340 465
340 482
340 484
341 354
341 363
341 369
341 388
341 394
341 399
341 402
341 411
341 415
341 420
341 465
341 482
342 373
342 383
342 384
342 386
342 395
342 400
342 403
342 420
342 443
342 457
342 478
342 486
343 350
343 364
343 377
343 395
343 413
343 440
343 442
343 448
343 476
343 480
343 481
344 345
344 364
344 366
344 404
344 405
344 447
344 450
344 452
344 460
344 466
344 490
344 498
345 358
345 371
345 376
345 415
345 450
345 458
345 459
345 468
345 470
345 477
345 482
345 496
345 497
345 499
346 406
346 408
346 458
346 467
346 471
346 497
347 366
347 387
347 419
347 448
347 464
347 480
348 355
348 364
348 376
348 426
348 429
348 459
348 479
348 492
349 355
349 357
349 358
349 360
349 381
349 399
349 413
349 423
349 429
349 442
349 454
349 459
349 463
349 475
349 478
349 482
349 491
350 357
350 360
350 363
350 376
350 381
350 399
350 422
350 430
350 432
350 440
350 452
351 376
351 414
351 420
351 431
351 454
351 466
351 485
352 359
352 360
352 362
352 388
352 392
352 437
352 441
352 461
352 466
352 468
352 472
353 367
353 369
353 370
353 393
353 397
353 403
353 417
353 430
353 443
353 447
353 459
353 469
353 479
353 485
353 490
354 357
354 373
354 377
354 378
354 388
354 390
354 397
354 424
354 435
354 436
354 444
354 474
354 479
355 364
355 391
355 410
355 421
355 474
355 494
356 392
356 410
356 423
356 460
356 468
356 487
356 490
357 367
357 370
357 373
357 385
357 397
357 405
357 413
357 430
357 434
357 460
357 474
358 372
358 399
358 407
358 452
358 458
358 492
359 366
359 386
359 412
359 413
359 440
359 441
359 460
359 476
359 477
359 490
360 386
360 407
360 468
360 486
361 365
361 375
361 404
361 416
361 441
361 442
361 471
361 499
362 397
362 417
362 437
362 440
362 452
362 479
362 483
362 499
363 369
363 378
363 397
363 424
363 442
363 458
363 460
363 461
364 380
364 387
364 415
364 440
364 445
364 461
364 486
365 370
365 387
365 401
365 403
365 404
365 420
365 429
366 367
366 371
366 397
366 400
366 425
366 440
366 447
366 454
366 497
367 409
367 413
367 426
367 437
367 447
367 452
367 463
367 498
368 414
368 423
368 430
368 474
368 486
369 382
369 401
369 439
369 448
369 450
369 477
370 375
370 408
370 420
370 421
370 458
370 477
370 499
371 383
371 411
371 417
371 438
371 444
371 478
371 490
371 493
372 374
372 377
372 411
372 426
372 438
372 451
372 461
372 470
372 482
372 484
372 485
372 490
373 375
373 382
373 383
373 404
373 409
373 420
373 428
373 430
373 439
373 449
373 451
373 454
373 467
374 385
374 402
374 403
374 415
374 438
374 440
374 486
375 379
375 383
375 387
375 392
375 393
375 398
375 406
375 409
375 431
375 434
375 435
375 443
375 460
375 463
375 477
375 479
375 484
375 487
375 488
376 396
376 413
376 428
376 433
376 454
376 461
376 490
377 379
377 392
377 404
377 412
377 447
377 485
378 385
378 396
378 407
378 415
378 418
378 432
378 435
378 459
378 460
378 461
378 462
378 465
378 486
378 490
379 410
379 416
379 427
379 454
379 462
379 467
379 476
379 481
380 400
380 403
380 423
380 454
380 459
381 402
381 419
381 467
381 487
382 386
382 403
382 422
382 434
382 436
382 449
382 472
382 473
382 478
382 497
383 386
383 387
383 390
383 413
383 418
383 433
383 440
383 452
384 390
384 393
384 399
384 453
384 455
384 461
384 481
384 490
384 497
385 399
385 410
385 414
385 433
385 440
385 443
385 445
385 462
385 471
385 472
385 494
386 415
386 423
386 436
386 454
386 491
387 394
387 404
387 469
387 471
387 474
388 425
388 426
388 436
388 452
388 459
389 401
389 420
389 429
389 438
389 442
389 492
389 499
390 396
390 409
390 438
390 466
390 471
390 485
391 395
391 397
391 411
391 412
391 428
391 436
391 437
391 455
391 468
391 474
391 479
391 480
391 488
391 489
391 490
392 421
392 439
392 461
392 472
392 486
392 489
393 396
393 413
393 434
393 439
393 465
393 469
393 491
393 493
394 412
394 413
394 442
394 447
394 448
394 459
394 470
394 483
394 487
394 496
395 416
395 439
395 446
395 448
395 451
395 454
395 476
395 478
395 488
395 490
396 411
396 414
396 455
397 404
397 418
397 429
397 447
397 467
397 472
397 486
398 409
398 410
398 417
398 431
398 435
398 459
398 462
398 472
398 480
398 493
398 496
399 417
399 436
399 450
399 469
399 477
400 420
400 425
400 433
400 434
400 449
400 458
400 459
400 475
400 493
401 411
401 414
401 424
401 428
401 437
401 450
401 465
401 473
401 492
401 496
402 420
402 431
402 450
402 453
402 466
402 472
402 480
402 486
402 489
402 490
403 404
403 419
403 424
403 433
403 437
403 453
403 458
403 486
403 488
403 496
403 499
404 411
404 423
404 457
404 462
405 436
405 438
405 453
405 481
405 492
406 411
406 452
406 463
406 475
406 482
406 489
406 490
407 422
407 436
407 442
408 446
408 484
408 489
409 429
409 430
409 448
409 461
409 475
409 481
410 412
410 422
410 453
411 419
411 431
411 433
411 454
411 463
411 492
411 497
412 422
412 423
412 449
412 470
412 483
412 496
413 461
413 478
413 496
414 442
414 484
414 485
415 430
415 459
415 480
416 419
416 422
416 432
416 460
416 465
416 478
417 420
417 435
417 448
417 457
417 472
417 482
418 420
418 422
418 465
419 430
419 478
419 483
419 498
420 438
420 467
420 471
420 479
420 482
420 496
421 433
421 434
421 450
421 452
421 455
421 488
421 490
421 497
422 440
422 443
422 444
422 447
422 453
422 472
422 473
422 480
422 487
422 490
422 496
423 437
423 448
423 449
423 455
423 461
424 475
424 485
425 430
425 470
425 484
426 447
426 449
426 451
426 452
426 468
426 472
427 476
427 478
427 498
428 429
428 452
428 456
428 459
428 470
429 448
429 460
429 465
429 490
430 447
430 458
430 467
430 489
431 432
431 470
431 481
432 438
432 446
432 461
432 465
432 475
432 482
433 454
433 470
433 486
434 484
434 490
435 438
435 474
435 477
435 495
436 470
436 487
436 488
436 494
437 472
437 492
437 494
438 464
438 474
438 490
438 492
439 450
439 478
439 479
439 492
440 454
440 459
440 468
440 477
440 480
441 455
441 473
441 484
441 485
442 444
442 459
442 472
442 479
442 486
443 446
443 456
443 459
443 461
443 476
443 478
443 479
443 494
444 450
444 462
444 464
444 482
444 495
445 481
445 487
446 463
446 471
446 488
446 497
447 458
447 459
447 464
447 478
447 479
447 481
447 483
447 494
448 467
448 471
448 473
448 487
449 461
449 493
449 495
450 452
450 476
451 455
451 462
451 469
451 470
451 475
451 476
451 489
452 462
452 477
453 485
453 492
453 496
454 461
454 474
454 489
454 492
455 459
455 464
455 474
455 494
456 460
457 470
457 479
457 490
458 466
459 475
460 465
460 466
460 491
461 469
461 471
461 489
461 492
461 494
462 466
462 470
463 486
463 494
463 496
464 483
465 467
465 478
465 480
465 484
465 491
466 479
467 469
467 478
468 470
468 471
468 473
468 483
469 483
469 484
469 487
469 488
469 490
469 497
470 482
471 473
471 480
471 487
471 497
473 495
473 498
474 487
474 490
474 495
475 476
475 484
475 497
476 481
476 494
477 483
477 492
481 484
481 490
484 493
485 495
488 496
489 493
491 496
493 499
