400 6382 0.2
0 10
0 27
0 44
0 56
0 115
0 126
0 133
0 140
0 236
0 248
0 259
0 261
0 266
0 287
0 288
0 302
0 303
0 314
0 315
0 325
0 335
0 341
0 353
0 359
0 360
0 361
0 368
0 370
0 399
1 7
1 14
1 21
1 52
1 53
1 64
1 94
1 102
1 108
1 116
1 123
1 126
1 159
1 212
1 233
1 262
1 269
1 274
1 291
1 292
1 297
1 303
1 320
1 341
1 342
1 345
1 358
1 374
1 376
1 392
2 6
2 13
2 24
2 37
2 39
2 43
2 49
2 58
2 64
2 87
2 91
2 98
2 102
2 129
2 170
2 190
2 203
2 250
2 257
2 271
2 287
2 298
2 311
2 346
2 348
2 353
2 375
2 392
3 17
3 23
3 29
3 75
3 77
3 78
3 91
3 92
3 119
3 120
3 176
3 182
3 208
3 222
3 224
3 255
3 269
3 281
3 285
3 304
3 335
3 341
3 347
3 350
3 359
3 361
3 365
3 366
3 369
3 378
3 380
4 54
4 58
4 63
4 74
4 78
4 97
4 99
4 100
4 106
4 110
4 125
4 133
4 141
4 142
4 146
4 154
4 181
4 190
4 269
4 303
4 321
4 329
4 335
4 362
5 6
5 17
5 20
5 29
5 33
5 38
5 43
5 62
5 74
5 91
5 102
5 107
5 111
5 112
5 137
5 139
5 140
5 158
5 163
5 175
5 186
5 188
5 196
5 202
5 211
5 217
5 232
5 243
5 247
5 251
5 257
5 269
5 273
5 276
5 288
5 308
5 311
5 319
5 338
5 386
5 393
6 7
6 13
6 43
6 45
6 51
6 97
6 122
6 123
6 136
6 137
6 156
6 241
6 258
6 287
6 315
6 316
6 317
6 321
6 326
6 329
6 330
6 352
6 364
6 377
6 392
7 19
7 40
7 47
7 58
7 62
7 65
7 79
7 82
7 115
7 127
7 184
7 210
7 234
7 237
7 246
7 258
7 290
7 297
7 311
7 330
7 332
7 349
7 358
7 366
7 375
7 393
8 9
8 34
8 41
8 49
8 55
8 56
8 70
8 98
8 99
8 110
8 116
8 120
8 133
8 151
8 175
8 179
8 180
8 186
8 193
8 219
8 233
8 256
8 297
8 307
8 310
8 313
8 320
8 338
8 350
8 354
8 360
8 364
8 371
8 381
8 386
8 394
8 395
9 13
9 26
9 44
9 46
9 50
9 54
9 55
9 61
9 63
9 65
9 78
9 93
9 102
9 106
9 113
9 125
9 165
9 212
9 216
9 220
9 221
9 224
9 226
9 241
9 248
9 275
9 281
9 288
9 306
9 307
9 316
9 319
9 322
9 335
9 352
9 385
9 388
9 392
10 43
10 50
10 54
10 59
10 104
10 132
10 141
10 190
10 192
10 202
10 220
10 247
10 257
10 258
10 266
10 283
10 287
10 298
10 302
10 309
10 314
10 332
10 333
10 351
10 362
10 367
11 16
11 24
11 39
11 79
11 81
11 95
11 104
11 116
11 126
11 175
11 192
11 195
11 204
11 206
11 207
11 209
11 213
11 226
11 230
11 237
11 246
11 251
11 254
11 288
11 289
11 295
11 300
11 302
11 303
11 322
11 369
11 376
11 380
11 389
11 398
12 22
12 29
12 33
12 38
12 41
12 83
12 93
12 112
12 158
12 172
12 177
12 193
12 221
12 229
12 294
12 296
12 297
12 334
12 345
12 358
12 368
12 387
13 68
13 103
13 131
13 156
13 158
13 166
13 217
13 219
13 227
13 237
13 248
13 251
13 253
13 257
13 264
13 267
13 279
13 292
13 298
13 309
13 314
13 316
13 331
13 338
13 359
13 364
13 365
13 367
13 369
13 373
13 390
14 16
14 25
14 41
14 67
14 75
14 79
14 88
14 119
14 128
14 142
14 145
14 146
14 150
14 151
14 166
14 170
14 178
14 192
14 204
14 227
14 234
14 246
14 250
14 259
14 267
14 287
14 304
14 318
14 326
14 329
14 338
14 342
14 367
14 368
14 372
14 377
14 394
15 38
15 49
15 72
15 77
15 86
15 91
15 96
15 102
15 103
15 105
15 124
15 135
15 138
15 148
15 154
15 195
15 208
15 223
15 225
15 226
15 227
15 228
15 231
15 234
15 240
15 272
15 282
15 289
15 297
15 299
15 300
15 305
15 313
15 321
15 322
15 341
15 367
15 373
15 389
16 62
16 117
16 124
16 125
16 143
16 144
16 145
16 149
16 157
16 166
16 176
16 183
16 196
16 203
16 224
16 235
16 256
16 276
16 286
16 304
16 307
16 328
16 377
16 386
17 25
17 40
17 55
17 62
17 63
17 86
17 89
17 123
17 124
17 137
17 155
17 176
17 251
17 258
17 259
17 298
17 339
17 341
17 345
17 357
17 369
17 382
18 46
18 77
18 82
18 83
18 91
18 173
18 179
18 181
18 192
18 208
18 222
18 245
18 254
18 301
18 305
18 355
18 360
18 373
18 379
18 381
18 392
19 23
19 27
19 31
19 75
19 84
19 98
19 104
19 111
19 125
19 129
19 132
19 146
19 148
19 169
19 178
19 192
19 221
19 233
19 238
19 262
19 267
19 288
19 314
19 321
19 335
19 336
19 350
19 375
19 380
19 394
20 22
20 31
20 32
20 37
20 71
20 80
20 82
20 84
20 97
20 108
20 113
20 114
20 137
20 145
20 149
20 154
20 164
20 179
20 236
20 275
20 284
20 290
20 291
20 311
20 316
20 335
20 350
20 363
20 384
21 53
21 56
21 60
21 113
21 142
21 144
21 177
21 192
21 202
21 209
21 213
21 217
21 224
21 229
21 249
21 257
21 269
21 270
21 285
21 286
21 293
21 294
21 315
21 340
21 350
21 357
21 370
21 376
21 381
21 392
22 23
22 40
22 45
22 53
22 61
22 66
22 76
22 94
22 99
22 123
22 126
22 128
22 139
22 148
22 161
22 188
22 208
22 226
22 229
22 236
22 242
22 248
22 284
22 311
22 320
22 337
22 349
22 362
22 368
22 382
22 383
22 399
23 24
23 26
23 33
23 61
23 79
23 91
23 101
23 105
23 107
23 131
23 135
23 148
23 154
23 157
23 162
23 179
23 189
23 192
23 203
23 216
23 222
23 227
23 231
23 235
23 258
23 274
23 279
23 289
23 302
23 374
23 396
24 36
24 42
24 57
24 59
24 62
24 66
24 77
24 85
24 106
24 116
24 117
24 131
24 174
24 188
24 190
24 197
24 209
24 227
24 245
24 249
24 258
24 279
24 304
24 311
24 328
24 334
24 339
24 345
24 354
24 362
24 374
24 381
25 26
25 27
25 31
25 41
25 46
25 50
25 71
25 72
25 73
25 77
25 95
25 96
25 97
25 105
25 112
25 113
25 115
25 121
25 157
25 167
25 171
25 172
25 175
25 176
25 185
25 207
25 236
25 240
25 248
25 259
25 273
25 281
25 288
25 308
25 342
25 358
25 382
25 389
25 395
26 30
26 38
26 39
26 53
26 64
26 88
26 108
26 118
26 135
26 144
26 146
26 157
26 165
26 173
26 174
26 214
26 222
26 226
26 227
26 235
26 247
26 248
26 250
26 252
26 257
26 267
26 272
26 328
26 329
26 338
26 348
26 350
26 354
26 364
26 366
26 381
26 382
27 67
27 81
27 82
27 89
27 92
27 143
27 157
27 182
27 184
27 191
27 266
27 271
27 273
27 276
27 301
27 319
27 342
27 359
27 380
28 30
28 47
28 49
28 83
28 90
28 110
28 112
28 126
28 131
28 133
28 144
28 153
28 157
28 159
28 167
28 170
28 171
28 186
28 205
28 218
28 237
28 249
28 251
28 290
28 310
28 329
28 338
28 353
28 375
28 376
28 381
28 383
28 393
28 395
29 30
29 43
29 45
29 55
29 60
29 62
29 66
29 76
29 89
29 90
29 134
29 144
29 147
29 148
29 161
29 165
29 172
29 174
29 176
29 213
29 225
29 248
29 261
29 263
29 269
29 281
29 294
29 305
29 314
29 331
29 336
29 338
29 354
29 368
29 377
29 386
30 37
30 51
30 78
30 102
30 108
30 114
30 131
30 136
30 164
30 166
30 217
30 224
30 226
30 233
30 237
30 239
30 241
30 245
30 263
30 280
30 328
30 329
30 336
30 355
30 366
30 369
30 376
31 38
31 56
31 79
31 92
31 93
31 95
31 103
31 106
31 131
31 136
31 139
31 156
31 163
31 167
31 181
31 182
31 185
31 189
31 190
31 195
31 213
31 232
31 254
31 259
31 276
31 277
31 292
31 330
31 336
31 343
31 345
31 350
31 359
31 398
32 46
32 51
32 63
32 73
32 83
32 96
32 100
32 104
32 119
32 135
32 136
32 150
32 154
32 155
32 163
32 164
32 165
32 171
32 231
32 232
32 241
32 248
32 254
32 275
32 277
32 280
32 338
32 348
32 350
32 369
32 376
32 377
32 382
32 390
33 41
33 58
33 66
33 82
33 85
33 121
33 141
33 142
33 145
33 184
33 195
33 196
33 199
33 228
33 232
33 250
33 252
33 279
33 286
33 293
33 300
33 307
33 334
33 345
33 363
33 370
33 371
33 372
33 374
33 383
34 51
34 62
34 76
34 89
34 100
34 115
34 120
34 133
34 134
34 136
34 144
34 151
34 166
34 171
34 183
34 189
34 196
34 203
34 207
34 224
34 235
34 237
34 240
34 250
34 280
34 283
34 285
34 296
34 312
34 346
34 363
34 372
34 388
35 52
35 64
35 75
35 106
35 113
35 132
35 138
35 144
35 147
35 148
35 156
35 177
35 197
35 206
35 212
35 224
35 230
35 248
35 253
35 278
35 280
35 294
35 314
35 324
35 326
35 358
35 359
35 361
35 373
35 390
36 60
36 76
36 100
36 110
36 121
36 122
36 162
36 171
36 181
36 194
36 226
36 232
36 247
36 254
36 268
36 280
36 283
36 298
36 306
36 310
36 348
36 350
36 378
37 57
37 66
37 69
37 72
37 153
37 158
37 159
37 161
37 171
37 190
37 221
37 225
37 228
37 263
37 275
37 303
37 318
37 337
37 346
37 353
37 359
37 372
37 387
37 399
38 44
38 52
38 54
38 56
38 67
38 76
38 117
38 145
38 154
38 171
38 183
38 206
38 209
38 220
38 231
38 233
38 240
38 269
38 277
38 280
38 302
38 306
38 335
38 366
38 369
38 375
38 376
39 50
39 65
39 75
39 76
39 79
39 86
39 87
39 130
39 135
39 171
39 173
39 179
39 181
39 196
39 201
39 255
39 265
39 274
39 296
39 299
39 305
39 332
39 341
39 349
39 350
39 356
39 360
39 392
39 393
40 46
40 50
40 53
40 54
40 62
40 66
40 106
40 127
40 141
40 142
40 191
40 199
40 212
40 256
40 262
40 268
40 275
40 277
40 279
40 283
40 295
40 302
40 304
40 321
40 330
40 339
40 342
40 362
41 57
41 151
41 155
41 216
41 219
41 243
41 244
41 253
41 263
41 264
41 266
41 299
41 318
41 323
41 335
41 340
41 347
41 352
41 372
42 54
42 97
42 121
42 187
42 193
42 194
42 223
42 224
42 231
42 243
42 245
42 248
42 252
42 265
42 275
42 278
42 289
42 309
42 314
42 319
42 340
42 357
42 382
42 389
42 391
42 392
43 54
43 66
43 67
43 79
43 82
43 100
43 101
43 109
43 122
43 126
43 129
43 140
43 141
43 143
43 178
43 181
43 194
43 216
43 219
43 230
43 231
43 240
43 253
43 268
43 273
43 274
43 281
43 284
43 294
43 317
43 328
43 348
43 353
43 354
43 359
43 366
43 369
43 392
43 395
43 397
43 398
44 57
44 58
44 70
44 77
44 80
44 85
44 96
44 100
44 106
44 114
44 122
44 129
44 136
44 139
44 157
44 203
44 211
44 214
44 222
44 231
44 262
44 269
44 282
44 288
44 295
44 307
44 316
44 352
44 353
44 375
44 381
44 382
44 387
44 394
44 397
44 399
45 75
45 118
45 127
45 130
45 136
45 202
45 207
45 226
45 244
45 245
45 250
45 256
45 266
45 305
45 310
45 332
45 345
46 47
46 69
46 72
46 79
46 91
46 117
46 133
46 134
46 146
46 147
46 153
46 155
46 162
46 164
46 177
46 188
46 201
46 207
46 211
46 240
46 244
46 245
46 264
46 268
46 275
46 278
46 319
46 350
46 359
46 360
46 381
46 386
46 390
47 62
47 87
47 88
47 91
47 116
47 137
47 141
47 150
47 152
47 157
47 184
47 189
47 190
47 210
47 226
47 241
47 259
47 278
47 300
47 309
47 318
47 338
47 351
47 367
47 376
47 379
47 389
47 399
48 53
48 55
48 58
48 68
48 69
48 77
48 79
48 87
48 94
48 108
48 122
48 130
48 142
48 143
48 154
48 165
48 188
48 217
48 233
48 239
48 255
48 257
48 278
48 308
48 313
48 323
48 325
48 335
48 338
48 355
48 362
48 366
48 388
49 67
49 77
49 93
49 96
49 104
49 147
49 164
49 183
49 188
49 228
49 253
49 286
49 299
49 306
49 313
49 331
49 333
49 340
49 343
49 345
49 361
50 61
50 64
50 72
50 77
50 121
50 127
50 138
50 156
50 182
50 184
50 199
50 205
50 207
50 210
50 216
50 217
50 234
50 262
50 278
50 303
50 307
50 312
50 359
50 361
50 368
50 384
51 56
51 58
51 70
51 76
51 77
51 84
51 91
51 128
51 138
51 144
51 148
51 158
51 164
51 175
51 183
51 184
51 187
51 205
51 209
51 213
51 221
51 232
51 265
51 290
51 325
51 346
51 354
51 365
51 370
51 372
51 375
51 381
52 54
52 57
52 63
52 71
52 124
52 131
52 136
52 140
52 142
52 149
52 152
52 211
52 218
52 230
52 243
52 249
52 259
52 299
52 309
52 317
52 331
52 348
52 354
52 368
52 372
52 373
52 377
52 382
52 383
52 389
53 74
53 81
53 86
53 116
53 121
53 127
53 133
53 153
53 156
53 160
53 195
53 202
53 205
53 211
53 237
53 239
53 249
53 254
53 257
53 270
53 276
53 285
53 292
53 302
53 322
53 346
53 347
53 358
53 369
53 384
53 388
53 399
54 72
54 90
54 107
54 115
54 123
54 126
54 149
54 158
54 166
54 176
54 189
54 198
54 200
54 202
54 235
54 253
54 261
54 269
54 305
54 328
54 341
54 343
54 347
54 355
54 356
54 377
54 399
55 61
55 69
55 78
55 81
55 84
55 92
55 113
55 145
55 147
55 168
55 171
55 172
55 180
55 191
55 207
55 291
55 308
55 316
55 334
55 349
55 353
55 359
55 369
55 379
56 64
56 65
56 88
56 90
56 95
56 97
56 102
56 103
56 118
56 119
56 126
56 134
56 144
56 170
56 171
56 185
56 195
56 218
56 220
56 226
56 237
56 270
56 301
56 309
56 310
56 322
56 329
56 331
56 338
56 340
56 352
56 368
56 380
56 398
57 58
57 73
57 87
57 109
57 114
57 123
57 159
57 168
57 186
57 208
57 215
57 217
57 232
57 238
57 244
57 246
57 248
57 256
57 260
57 278
57 292
57 305
57 313
57 316
57 353
57 355
57 361
57 366
57 382
57 386
58 60
58 94
58 114
58 122
58 137
58 171
58 185
58 188
58 189
58 197
58 210
58 223
58 230
58 264
58 273
58 274
58 275
58 289
58 291
58 295
58 305
58 311
58 324
58 337
58 341
58 357
58 360
58 365
58 366
58 367
58 368
58 371
58 384
58 388
58 395
59 72
59 74
59 97
59 98
59 115
59 116
59 122
59 127
59 129
59 135
59 148
59 157
59 160
59 163
59 164
59 174
59 195
59 205
59 207
59 237
59 244
59 264
59 268
59 277
59 295
59 311
59 320
59 351
59 353
59 356
59 368
59 373
59 381
59 396
60 70
60 78
60 80
60 102
60 112
60 119
60 146
60 158
60 171
60 180
60 183
60 185
60 205
60 210
60 220
60 263
60 281
60 289
60 294
60 303
60 306
60 321
60 322
60 360
61 65
61 89
61 95
61 101
61 123
61 127
61 128
61 140
61 141
61 144
61 154
61 175
61 176
61 212
61 255
61 278
61 283
61 311
61 350
61 362
61 374
61 382
61 385
61 396
62 77
62 98
62 108
62 119
62 154
62 168
62 188
62 212
62 271
62 272
62 290
62 299
62 303
62 304
62 305
62 307
62 323
62 341
62 344
62 367
62 375
62 390
62 393
63 71
63 84
63 87
63 96
63 102
63 105
63 106
63 133
63 139
63 163
63 176
63 179
63 180
63 210
63 215
63 217
63 219
63 222
63 251
63 280
63 286
63 310
63 367
64 69
64 83
64 106
64 113
64 147
64 180
64 191
64 193
64 209
64 210
64 221
64 225
64 265
64 293
64 303
64 305
64 324
64 376
64 384
64 399
65 67
65 103
65 119
65 156
65 158
65 222
65 223
65 231
65 238
65 262
65 271
65 275
65 302
65 306
65 314
65 326
65 334
65 347
65 355
65 366
65 368
65 376
65 379
66 78
66 81
66 87
66 94
66 98
66 115
66 126
66 127
66 128
66 150
66 163
66 178
66 204
66 228
66 229
66 274
66 278
66 291
66 302
66 305
66 316
66 359
66 368
66 380
66 386
67 68
67 73
67 79
67 113
67 123
67 166
67 207
67 227
67 254
67 257
67 274
67 287
67 289
67 291
67 303
67 329
67 340
67 354
67 365
67 377
68 73
68 78
68 93
68 112
68 120
68 124
68 135
68 146
68 167
68 189
68 208
68 213
68 234
68 240
68 284
68 285
68 298
68 313
68 322
68 357
68 364
68 370
68 394
69 75
69 81
69 106
69 108
69 119
69 124
69 125
69 174
69 176
69 182
69 190
69 205
69 206
69 214
69 225
69 251
69 256
69 257
69 259
69 271
69 281
69 299
69 303
69 309
69 330
69 354
69 356
69 375
69 397
70 115
70 120
70 124
70 133
70 147
70 153
70 159
70 176
70 191
70 196
70 207
70 224
70 234
70 237
70 257
70 260
70 295
70 297
70 307
70 309
70 338
70 340
70 342
70 353
70 361
70 363
70 373
70 397
71 73
71 86
71 91
71 95
71 129
71 145
71 150
71 175
71 228
71 234
71 236
71 257
71 267
71 297
71 327
71 341
71 351
71 354
71 356
71 360
71 366
71 381
72 73
72 87
72 99
72 105
72 113
72 126
72 128
72 129
72 141
72 152
72 159
72 165
72 181
72 188
72 189
72 194
72 197
72 221
72 223
72 242
72 245
72 253
72 256
72 258
72 268
72 271
72 327
72 329
72 334
72 345
72 367
72 383
72 392
73 92
73 96
73 98
73 106
73 125
73 144
73 161
73 166
73 179
73 187
73 192
73 199
73 218
73 252
73 255
73 269
73 274
73 281
73 285
73 299
73 323
73 354
73 356
73 359
73 365
73 369
73 378
73 383
73 386
73 387
73 388
74 82
74 113
74 114
74 116
74 120
74 128
74 129
74 132
74 136
74 138
74 162
74 171
74 172
74 188
74 191
74 204
74 212
74 220
74 235
74 261
74 277
74 296
74 297
74 302
74 308
74 310
74 322
74 326
74 335
74 345
74 372
74 375
74 380
74 390
74 393
75 93
75 98
75 109
75 112
75 116
75 138
75 162
75 182
75 183
75 187
75 190
75 200
75 201
75 204
75 215
75 217
75 221
75 234
75 243
75 248
75 266
75 271
75 289
75 293
75 296
75 298
75 303
75 322
75 341
75 344
75 358
75 362
75 369
75 374
75 375
75 377
76 87
76 90
76 100
76 113
76 114
76 116
76 132
76 150
76 163
76 172
76 173
76 188
76 206
76 217
76 227
76 272
76 281
76 284
76 286
76 308
76 342
76 351
76 352
76 379
76 383
77 78
77 83
77 98
77 136
77 144
77 152
77 162
77 163
77 217
77 227
77 234
77 250
77 259
77 267
77 277
77 280
77 288
77 314
77 319
77 322
77 341
77 377
77 384
77 386
77 396
78 82
78 91
78 95
78 102
78 108
78 117
78 127
78 135
78 136
78 146
78 155
78 160
78 166
78 187
78 197
78 203
78 208
78 212
78 226
78 238
78 250
78 255
78 271
78 286
78 304
78 309
78 310
78 331
78 336
78 341
78 362
78 374
78 390
79 81
79 83
79 86
79 87
79 89
79 90
79 95
79 110
79 121
79 147
79 172
79 177
79 179
79 226
79 242
79 244
79 251
79 292
79 303
79 304
79 306
79 320
79 375
79 379
79 385
79 391
80 89
80 108
80 111
80 116
80 144
80 146
80 149
80 161
80 163
80 166
80 170
80 247
80 257
80 260
80 280
80 292
80 310
80 316
80 317
80 323
80 324
80 329
80 330
80 375
80 377
80 392
81 85
81 106
81 118
81 120
81 123
81 128
81 138
81 140
81 145
81 149
81 156
81 167
81 173
81 177
81 190
81 201
81 268
81 273
81 281
81 282
81 288
81 300
81 305
81 318
81 324
81 328
81 335
81 341
81 364
81 367
81 383
81 387
81 389
81 391
82 101
82 105
82 108
82 109
82 112
82 136
82 150
82 173
82 181
82 183
82 184
82 190
82 198
82 228
82 232
82 238
82 242
82 244
82 245
82 248
82 262
82 265
82 267
82 269
82 306
82 322
82 323
82 332
82 341
82 353
83 119
83 161
83 170
83 196
83 200
83 218
83 227
83 232
83 238
83 240
83 251
83 257
83 260
83 274
83 293
83 326
83 341
83 350
83 364
83 368
84 95
84 101
84 102
84 129
84 142
84 146
84 158
84 169
84 174
84 191
84 200
84 205
84 209
84 211
84 234
84 247
84 263
84 310
84 329
84 331
84 340
84 356
84 362
84 369
84 382
85 97
85 115
85 118
85 124
85 135
85 160
85 168
85 175
85 183
85 184
85 205
85 207
85 222
85 237
85 247
85 253
85 257
85 265
85 299
85 300
85 319
85 328
85 363
85 365
85 367
85 378
85 399
86 105
86 109
86 112
86 170
86 179
86 192
86 195
86 202
86 209
86 221
86 224
86 253
86 264
86 275
86 280
86 283
86 298
86 302
86 307
86 312
86 328
86 333
86 348
86 359
86 364
86 386
86 388
86 393
87 108
87 116
87 131
87 134
87 136
87 145
87 146
87 158
87 162
87 168
87 183
87 209
87 220
87 233
87 236
87 237
87 279
87 289
87 303
87 323
87 341
87 351
87 368
87 372
87 379
87 381
87 383
88 92
88 119
88 144
88 170
88 181
88 196
88 218
88 223
88 229
88 235
88 250
88 266
88 268
88 270
88 303
88 305
88 311
88 321
88 354
88 363
88 368
89 90
89 103
89 104
89 107
89 111
89 125
89 159
89 174
89 179
89 195
89 231
89 234
89 242
89 276
89 299
89 308
89 317
89 319
89 355
89 367
89 374
89 381
89 392
89 397
89 398
90 113
90 122
90 152
90 153
90 178
90 192
90 196
90 197
90 207
90 215
90 239
90 262
90 266
90 270
90 271
90 290
90 302
90 308
90 329
90 342
90 356
90 381
90 384
91 93
91 94
91 105
91 106
91 112
91 125
91 131
91 150
91 152
91 157
91 170
91 175
91 181
91 193
91 200
91 201
91 215
91 233
91 241
91 257
91 258
91 266
91 274
91 281
91 293
91 302
91 320
91 323
91 337
91 340
91 355
91 360
91 376
91 394
92 100
92 104
92 132
92 154
92 181
92 191
92 195
92 208
92 218
92 225
92 233
92 301
92 302
92 339
92 361
92 383
92 396
93 100
93 102
93 122
93 132
93 141
93 158
93 168
93 200
93 207
93 238
93 258
93 278
93 298
93 322
93 325
93 335
93 337
93 346
93 364
93 379
93 388
93 398
94 95
94 102
94 114
94 136
94 168
94 171
94 177
94 180
94 181
94 184
94 187
94 188
94 203
94 206
94 252
94 266
94 269
94 274
94 281
94 288
94 295
94 304
94 324
94 327
94 334
94 341
94 345
94 350
94 364
94 368
94 373
94 393
95 99
95 116
95 121
95 124
95 126
95 141
95 152
95 158
95 184
95 190
95 193
95 240
95 245
95 255
95 263
95 275
95 297
95 315
95 321
95 329
95 345
95 380
95 383
95 386
96 117
96 137
96 155
96 177
96 209
96 211
96 215
96 227
96 269
96 271
96 280
96 287
96 288
96 289
96 292
96 300
96 309
96 311
96 316
96 318
96 323
96 333
96 350
96 355
96 356
96 357
96 359
96 365
96 382
96 394
97 103
97 108
97 115
97 134
97 157
97 158
97 168
97 170
97 173
97 191
97 207
97 222
97 224
97 226
97 231
97 272
97 279
97 285
97 288
97 298
97 301
97 307
97 348
97 366
97 375
97 378
98 112
98 117
98 118
98 134
98 138
98 144
98 162
98 196
98 200
98 214
98 227
98 242
98 264
98 277
98 278
98 307
98 332
98 351
98 359
98 366
98 367
98 373
98 381
99 107
99 156
99 160
99 161
99 182
99 193
99 202
99 210
99 222
99 236
99 242
99 250
99 271
99 283
99 292
99 334
99 337
99 351
99 353
99 362
99 371
99 378
99 385
99 395
100 124
100 133
100 167
100 172
100 182
100 193
100 198
100 214
100 228
100 231
100 240
100 249
100 263
100 272
100 276
100 286
100 288
100 310
100 340
100 350
100 352
100 364
100 365
100 379
100 385
100 396
100 399
101 116
101 125
101 166
101 184
101 199
101 205
101 206
101 217
101 262
101 268
101 278
101 282
101 307
101 308
101 317
101 326
101 333
101 339
101 356
101 371
101 375
101 376
101 378
101 383
101 387
102 103
102 112
102 130
102 154
102 170
102 185
102 196
102 205
102 228
102 270
102 299
102 310
102 327
102 330
102 348
102 361
103 109
103 118
103 121
103 127
103 141
103 168
103 170
103 203
103 209
103 216
103 257
103 258
103 262
103 282
103 283
103 298
103 337
103 363
103 364
103 368
103 374
103 394
104 109
104 116
104 117
104 137
104 144
104 148
104 175
104 196
104 208
104 209
104 219
104 221
104 241
104 318
104 331
104 335
104 343
104 367
104 376
104 378
104 381
105 109
105 114
105 116
105 124
105 138
105 151
105 184
105 200
105 205
105 259
105 310
105 314
105 329
105 344
105 357
105 374
106 123
106 136
106 156
106 219
106 236
106 261
106 264
106 283
106 293
106 322
106 330
106 332
106 345
106 346
106 386
106 392
106 395
107 109
107 118
107 129
107 136
107 142
107 143
107 150
107 167
107 168
107 198
107 228
107 240
107 248
107 249
107 264
107 278
107 287
107 299
107 302
107 312
107 314
107 321
107 342
107 388
107 389
108 110
108 114
108 115
108 116
108 125
108 136
108 149
108 155
108 157
108 194
108 202
108 218
108 233
108 242
108 243
108 258
108 261
108 265
108 280
108 281
108 284
108 294
108 295
108 306
108 312
108 314
108 320
108 331
108 335
108 352
108 361
108 371
108 397
109 142
109 151
109 179
109 196
109 209
109 211
109 224
109 225
109 251
109 265
109 303
109 315
109 320
109 343
109 356
109 358
109 372
109 379
109 398
110 112
110 114
110 133
110 152
110 167
110 169
110 174
110 211
110 212
110 261
110 262
110 269
110 275
110 278
110 285
110 304
110 336
110 341
110 367
110 372
110 384
110 394
110 395
111 159
111 192
111 200
111 213
111 229
111 233
111 242
111 246
111 257
111 276
111 283
111 287
111 325
111 335
111 336
111 349
111 362
111 367
111 378
111 380
112 139
112 140
112 159
112 174
112 178
112 213
112 219
112 236
112 248
112 273
112 299
112 300
112 301
112 319
112 332
112 369
112 398
113 127
113 128
113 129
113 138
113 148
113 174
113 203
113 216
113 221
113 234
113 260
113 264
113 282
113 296
113 310
113 311
113 335
113 339
113 341
113 345
113 346
113 350
113 362
114 118
114 125
114 146
114 147
114 164
114 172
114 178
114 179
114 191
114 194
114 240
114 271
114 279
114 287
114 304
114 313
114 315
114 372
114 379
114 391
114 398
115 128
115 138
115 141
115 169
115 170
115 176
115 189
115 220
115 236
115 271
115 272
115 279
115 281
115 306
115 308
115 327
115 331
115 334
115 358
115 392
115 397
116 147
116 156
116 170
116 182
116 223
116 231
116 244
116 248
116 262
116 266
116 274
116 308
116 343
116 361
116 366
116 380
117 119
117 131
117 155
117 159
117 196
117 205
117 211
117 215
117 237
117 250
117 251
117 259
117 271
117 293
117 318
117 322
117 329
117 331
117 344
117 351
117 357
117 361
117 376
117 378
117 379
117 389
117 396
117 397
118 138
118 141
118 157
118 161
118 187
118 219
118 231
118 256
118 264
118 282
118 333
118 335
118 353
118 367
118 382
118 399
119 124
119 127
119 140
119 143
119 173
119 180
119 212
119 237
119 238
119 244
119 278
119 281
119 345
119 346
119 363
119 367
119 369
119 390
120 136
120 155
120 159
120 187
120 201
120 202
120 208
120 213
120 222
120 223
120 226
120 236
120 241
120 260
120 261
120 273
120 302
120 344
120 349
120 356
120 359
121 123
121 125
121 127
121 131
121 132
121 136
121 141
121 142
121 144
121 146
121 153
121 176
121 179
121 198
121 206
121 209
121 219
121 223
121 226
121 239
121 250
121 257
121 285
121 309
121 319
121 347
121 350
121 354
121 358
121 365
121 370
121 376
121 381
121 383
122 123
122 128
122 142
122 149
122 155
122 174
122 190
122 196
122 207
122 209
122 218
122 227
122 228
122 237
122 254
122 261
122 264
122 267
122 283
122 292
122 303
122 304
122 319
122 320
122 346
122 362
122 386
123 129
123 132
123 134
123 147
123 153
123 164
123 170
123 171
123 172
123 177
123 183
123 194
123 215
123 217
123 247
123 252
123 274
123 283
123 286
123 298
123 299
123 324
123 325
123 326
123 330
123 346
123 350
123 370
123 384
124 141
124 144
124 151
124 157
124 192
124 201
124 212
124 215
124 228
124 233
124 236
124 250
124 271
124 300
124 311
124 313
124 321
124 335
124 350
124 363
124 370
124 378
124 383
125 140
125 152
125 169
125 175
125 178
125 187
125 197
125 198
125 202
125 216
125 237
125 240
125 249
125 257
125 310
125 311
125 340
125 359
125 362
125 378
125 381
125 396
126 131
126 150
126 152
126 162
126 176
126 196
126 209
126 230
126 250
126 270
126 273
126 282
126 291
126 301
126 302
126 303
126 307
126 314
126 328
126 344
126 359
126 360
126 365
126 371
126 372
126 390
127 133
127 143
127 181
127 212
127 218
127 221
127 235
127 244
127 256
127 277
127 307
127 322
127 340
127 342
127 345
127 357
127 359
127 382
127 389
128 177
128 192
128 198
128 200
128 205
128 206
128 207
128 209
128 217
128 218
128 230
128 245
128 249
128 250
128 266
128 271
128 272
128 273
128 299
128 314
128 327
128 334
128 340
128 341
128 343
128 347
128 393
129 159
129 162
129 166
129 173
129 206
129 215
129 226
129 245
129 248
129 250
129 259
129 330
129 349
129 357
129 374
129 395
130 134
130 143
130 157
130 161
130 172
130 181
130 184
130 208
130 209
130 213
130 228
130 235
130 249
130 254
130 280
130 283
130 287
130 309
130 312
130 321
130 328
130 336
130 339
130 358
130 363
130 369
130 372
130 392
130 396
131 133
131 158
131 161
131 169
131 192
131 220
131 240
131 265
131 306
131 311
131 341
131 342
131 344
131 373
131 390
131 399
132 140
132 151
132 152
132 154
132 171
132 172
132 175
132 184
132 198
132 229
132 236
132 254
132 262
132 271
132 281
132 285
132 286
132 291
132 326
132 332
132 337
132 340
132 342
132 349
132 350
132 360
132 397
133 134
133 142
133 156
133 161
133 165
133 179
133 182
133 185
133 193
133 197
133 198
133 212
133 218
133 221
133 230
133 235
133 263
133 303
133 306
133 311
133 317
133 321
133 322
133 325
133 327
133 329
133 343
133 357
133 377
133 378
133 384
133 397
133 399
134 142
134 159
134 160
134 166
134 170
134 172
134 180
134 203
134 212
134 216
134 228
134 248
134 257
134 262
134 289
134 296
134 307
134 314
134 336
134 348
134 349
134 376
134 384
134 392
135 142
135 158
135 162
135 167
135 172
135 176
135 184
135 222
135 230
135 237
135 260
135 261
135 262
135 304
135 344
135 346
135 347
135 349
135 357
135 364
135 387
135 396
136 139
136 152
136 154
136 157
136 164
136 166
136 189
136 193
136 197
136 213
136 220
136 221
136 245
136 252
136 256
136 291
136 323
136 346
136 347
136 356
136 384
136 385
137 141
137 177
137 194
137 206
137 213
137 214
137 234
137 239
137 249
137 265
137 270
137 309
137 327
137 329
137 330
137 367
137 368
137 373
137 375
137 384
138 147
138 149
138 158
138 170
138 172
138 181
138 192
138 194
138 209
138 220
138 227
138 231
138 243
138 255
138 259
138 267
138 269
138 280
138 289
138 299
138 315
138 322
138 341
138 360
138 364
138 365
139 143
139 174
139 184
139 191
139 203
139 209
139 223
139 228
139 255
139 258
139 272
139 275
139 279
139 290
139 294
139 301
139 304
139 320
139 344
139 360
139 366
139 368
139 390
140 158
140 169
140 181
140 186
140 201
140 224
140 226
140 232
140 233
140 239
140 242
140 260
140 270
140 280
140 303
140 315
140 316
140 317
140 328
140 355
140 360
140 390
141 147
141 163
141 164
141 182
141 194
141 206
141 230
141 234
141 237
141 254
141 257
141 272
141 275
141 300
141 335
141 336
141 359
141 374
141 389
141 398
142 143
142 156
142 164
142 169
142 194
142 198
142 201
142 228
142 233
142 238
142 258
142 264
142 275
142 278
142 282
142 291
142 301
142 302
142 310
142 311
142 314
142 324
142 334
142 337
142 338
142 358
142 366
142 368
143 151
143 152
143 180
143 186
143 190
143 203
143 235
143 255
143 265
143 268
143 281
143 311
143 326
143 334
143 337
143 349
143 363
143 366
143 373
143 389
144 153
144 186
144 199
144 225
144 230
144 235
144 239
144 246
144 248
144 250
144 257
144 260
144 317
144 319
144 323
144 338
144 363
144 372
144 391
144 399
145 152
145 154
145 169
145 172
145 174
145 176
145 204
145 207
145 218
145 228
145 230
145 241
145 244
145 249
145 266
145 274
145 281
145 306
145 307
145 327
145 331
145 346
145 352
145 370
145 376
146 160
146 189
146 191
146 223
146 236
146 247
146 248
146 250
146 276
146 291
146 312
146 327
146 336
146 376
147 164
147 202
147 203
147 212
147 215
147 218
147 219
147 251
147 265
147 282
147 284
147 292
147 316
147 325
147 339
147 348
147 398
148 168
148 174
148 202
148 203
148 205
148 218
148 244
148 261
148 265
148 276
148 280
148 282
148 295
148 306
148 307
148 310
148 314
148 353
148 373
148 394
148 396
148 397
149 179
149 232
149 241
149 268
149 286
149 295
149 298
149 303
149 315
149 316
149 323
149 325
149 335
149 374
149 379
150 152
150 157
150 158
150 182
150 202
150 210
150 227
150 228
150 234
150 235
150 237
150 252
150 276
150 277
150 286
150 288
150 289
150 295
150 311
150 338
150 363
150 367
150 372
150 381
151 153
151 158
151 162
151 205
151 213
151 223
151 227
151 244
151 246
151 247
151 248
151 255
151 259
151 277
151 298
151 301
151 310
151 316
151 329
151 337
151 343
151 346
151 353
151 361
151 391
151 392
152 170
152 171
152 173
152 175
152 177
152 181
152 184
152 214
152 222
152 239
152 267
152 277
152 284
152 302
152 312
152 319
152 335
152 339
152 358
152 380
152 385
152 386
152 396
153 157
153 169
153 183
153 223
153 225
153 243
153 244
153 255
153 258
153 259
153 266
153 279
153 280
153 285
153 320
153 344
153 350
153 360
154 157
154 167
154 226
154 240
154 248
154 262
154 270
154 276
154 322
154 325
154 329
154 334
154 337
154 352
154 392
154 396
155 158
155 160
155 163
155 186
155 209
155 211
155 220
155 240
155 241
155 247
155 284
155 287
155 289
155 292
155 294
155 306
155 324
155 336
155 339
155 342
155 358
155 367
155 385
156 163
156 182
156 183
156 188
156 237
156 296
156 300
156 301
156 302
156 306
156 317
156 343
156 347
156 349
156 357
156 385
156 386
156 395
157 192
157 196
157 219
157 220
157 224
157 239
157 240
157 245
157 294
157 309
157 310
157 337
157 340
157 350
157 351
157 358
157 371
157 373
157 385
157 386
157 390
157 396
158 175
158 201
158 209
158 214
158 233
158 239
158 264
158 275
158 277
158 299
158 305
158 310
158 312
158 323
158 343
158 351
158 356
158 389
159 162
159 191
159 192
159 201
159 203
159 277
159 288
159 296
159 375
159 376
159 379
159 381
160 179
160 209
160 211
160 222
160 230
160 233
160 246
160 247
160 271
160 278
160 297
160 327
160 335
160 352
160 359
160 368
160 381
161 162
161 190
161 200
161 202
161 203
161 213
161 274
161 276
161 282
161 304
161 307
161 316
161 318
161 332
161 345
161 364
161 366
161 374
161 380
161 390
161 399
162 174
162 198
162 214
162 217
162 224
162 251
162 259
162 311
162 321
162 346
162 370
162 378
162 380
163 169
163 171
163 174
163 193
163 209
163 228
163 230
163 233
163 234
163 255
163 307
163 326
163 369
163 377
164 180
164 181
164 222
164 261
164 265
164 266
164 274
164 280
164 283
164 301
164 303
164 323
164 354
164 357
164 360
164 367
164 385
165 166
165 168
165 178
165 182
165 194
165 202
165 210
165 216
165 223
165 229
165 273
165 277
165 290
165 315
165 320
165 324
165 326
165 335
165 342
165 358
165 365
165 368
165 372
165 377
165 381
165 393
166 171
166 223
166 238
166 240
166 241
166 257
166 258
166 261
166 269
166 276
166 279
166 292
166 301
166 305
166 317
166 335
166 336
166 345
166 349
166 363
166 370
166 373
166 376
166 390
167 169
167 177
167 215
167 275
167 288
167 294
167 322
167 365
167 381
167 382
168 187
168 220
168 227
168 229
168 236
168 249
168 251
168 258
168 267
168 270
168 273
168 275
168 298
168 322
168 330
168 365
168 383
168 389
168 394
169 171
169 175
169 180
169 208
169 219
169 237
169 239
169 245
169 264
169 274
169 275
169 338
169 367
169 393
169 398
170 187
170 197
170 204
170 218
170 220
170 250
170 254
170 284
170 304
170 308
170 311
170 323
170 325
170 344
170 352
170 353
170 367
170 374
170 378
170 395
171 179
171 201
171 205
171 217
171 227
171 277
171 280
171 285
171 289
171 306
171 393
171 397
172 187
172 193
172 213
172 215
172 229
172 239
172 281
172 297
172 302
172 334
172 345
172 357
172 391
173 193
173 195
173 196
173 208
173 222
173 223
173 251
173 257
173 297
173 301
173 311
173 315
173 316
173 319
173 334
173 360
173 362
173 381
174 182
174 208
174 219
174 221
174 226
174 232
174 236
174 241
174 265
174 268
174 273
174 290
174 302
174 304
174 339
174 340
174 360
174 365
174 383
174 397
175 176
175 183
175 185
175 200
175 211
175 258
175 259
175 268
175 270
175 277
175 289
175 317
175 326
175 340
175 353
175 355
175 359
175 363
175 391
176 189
176 194
176 206
176 256
176 309
176 317
176 319
176 327
176 328
176 330
176 336
176 348
176 358
177 192
177 226
177 235
177 239
177 243
177 252
177 287
177 289
177 305
177 309
177 332
177 338
177 342
177 377
177 385
178 183
178 208
178 225
178 297
178 313
178 329
178 338
178 343
178 344
178 368
178 370
178 385
179 183
179 189
179 194
179 203
179 207
179 214
179 239
179 241
179 251
179 255
179 278
179 288
179 290
179 294
179 297
179 303
179 308
179 322
179 326
179 338
179 347
179 362
179 386
179 394
180 189
180 196
180 201
180 210
180 231
180 234
180 256
180 284
180 289
180 299
180 303
180 317
180 336
180 345
180 347
180 364
180 367
180 369
180 374
180 393
180 396
181 192
181 220
181 224
181 247
181 248
181 256
181 299
181 305
181 307
181 318
181 322
181 329
181 330
181 356
181 368
181 374
181 380
181 381
182 191
182 194
182 212
182 226
182 243
182 335
182 338
182 343
182 354
182 366
182 382
182 393
183 205
183 229
183 235
183 255
183 271
183 283
183 308
183 310
183 344
183 345
183 378
184 188
184 201
184 214
184 221
184 233
184 235
184 242
184 247
184 253
184 254
184 289
184 297
184 305
184 314
184 326
184 360
184 364
184 380
184 386
184 392
185 190
185 210
185 213
185 215
185 234
185 251
185 258
185 267
185 285
185 308
185 332
185 351
185 362
185 398
186 214
186 235
186 244
186 245
186 265
186 282
186 290
186 292
186 299
186 308
186 314
186 323
186 328
186 339
186 364
186 385
186 391
187 215
187 232
187 247
187 249
187 255
187 260
187 271
187 296
187 308
187 316
187 324
187 325
187 329
187 341
187 378
187 379
187 381
187 389
187 394
188 209
188 227
188 229
188 242
188 256
188 284
188 326
188 329
188 333
189 202
189 221
189 262
189 267
189 269
189 299
189 309
189 365
189 373
189 375
189 378
190 192
190 211
190 263
190 282
190 321
190 329
190 345
190 356
190 357
190 360
190 370
190 390
191 195
191 199
191 206
191 211
191 213
191 227
191 288
191 320
191 322
191 323
191 325
191 345
191 362
191 363
191 394
191 396
192 204
192 218
192 267
192 273
192 280
192 281
192 291
192 294
192 318
192 321
192 323
192 330
192 347
192 350
192 351
192 363
192 398
193 228
193 231
193 234
193 236
193 243
193 255
193 279
193 282
193 306
193 308
193 353
193 377
193 381
193 388
193 393
194 201
194 209
194 227
194 228
194 243
194 254
194 272
194 273
194 280
194 282
194 285
194 287
194 328
194 337
194 354
194 363
194 367
194 384
194 389
195 217
195 231
195 234
195 246
195 258
195 267
195 272
195 296
195 315
195 345
195 359
195 364
196 202
196 205
196 207
196 209
196 225
196 270
196 293
196 295
196 303
196 305
196 308
196 322
196 323
196 331
196 339
196 359
196 372
196 380
196 390
197 206
197 218
197 225
197 249
197 263
197 266
197 294
197 312
197 374
197 383
197 389
197 393
197 394
198 222
198 270
198 275
198 276
198 307
198 331
198 339
198 342
198 345
198 361
198 363
199 218
199 228
199 243
199 247
199 256
199 270
199 331
199 336
199 348
199 359
199 368
199 380
199 385
200 210
200 234
200 235
200 239
200 252
200 254
200 289
200 290
200 294
200 311
200 323
200 382
200 386
200 399
201 203
201 217
201 251
201 258
201 269
201 289
201 291
201 292
201 301
201 304
201 318
201 342
201 360
201 374
201 378
201 396
202 216
202 225
202 250
202 255
202 257
202 260
202 267
202 280
202 282
202 286
202 291
202 317
202 348
202 351
202 363
202 373
203 224
203 263
203 267
203 268
203 271
203 289
203 312
203 317
203 331
203 367
203 377
203 397
204 211
204 222
204 225
204 236
204 269
204 271
204 318
204 332
204 343
204 373
204 380
204 384
204 386
204 387
204 393
204 394
204 395
205 210
205 219
205 234
205 245
205 290
205 342
205 347
205 348
205 365
205 379
205 380
205 395
206 229
206 234
206 243
206 247
206 250
206 256
206 281
206 291
206 302
206 309
206 318
206 335
206 343
206 348
206 357
206 359
206 372
206 373
206 379
206 390
207 220
207 223
207 279
207 306
207 352
207 367
207 372
207 385
208 214
208 250
208 262
208 265
208 268
208 286
208 290
208 297
208 309
208 344
208 350
208 355
208 364
208 373
209 214
209 219
209 222
209 226
209 245
209 249
209 272
209 311
209 318
209 363
209 378
209 382
210 223
210 244
210 249
210 253
210 256
210 259
210 270
210 271
210 274
210 288
210 292
210 294
210 295
210 297
210 303
210 308
210 312
210 319
210 343
210 344
210 364
210 365
210 378
210 380
210 383
210 386
210 388
210 395
211 245
211 247
211 262
211 267
211 284
211 296
211 298
211 310
211 319
211 335
211 336
211 353
211 356
211 388
212 228
212 233
212 248
212 262
212 288
212 290
212 297
212 317
212 321
212 324
212 334
212 341
212 345
212 375
212 387
212 399
213 215
213 241
213 256
213 270
213 275
213 292
213 298
213 299
213 311
213 340
213 355
213 359
214 216
214 241
214 252
214 257
214 261
214 273
214 274
214 276
214 278
214 279
214 286
214 302
214 308
214 315
214 333
214 367
214 392
214 398
215 220
215 226
215 238
215 245
215 249
215 295
215 306
215 328
215 340
215 342
215 362
215 366
215 369
215 372
215 382
215 393
216 246
216 251
216 259
216 276
216 294
216 309
216 323
216 333
216 347
216 350
216 385
216 396
217 240
217 247
217 258
217 271
217 295
217 305
217 329
217 335
217 339
217 342
217 348
217 358
218 219
218 235
218 251
218 262
218 273
218 298
218 305
218 314
218 361
218 386
218 394
218 397
218 398
218 399
219 220
219 221
219 234
219 235
219 264
219 300
219 336
219 346
219 360
219 380
220 224
220 236
220 237
220 267
220 286
220 310
220 325
220 328
220 353
220 389
220 396
221 234
221 246
221 247
221 260
221 261
221 286
221 289
221 299
221 310
221 312
221 343
221 358
221 380
222 241
222 243
222 272
222 291
222 292
222 305
222 313
222 323
222 342
222 352
222 366
222 371
222 380
222 387
223 250
223 256
223 259
223 280
223 296
223 300
223 308
223 351
223 376
223 392
224 231
224 238
224 249
224 254
224 260
224 270
224 286
224 295
224 305
224 309
224 323
224 336
224 340
224 348
224 359
224 370
224 380
224 383
224 385
224 386
224 392
224 399
225 231
225 232
225 233
225 243
225 247
225 274
225 279
225 288
225 292
225 309
225 311
225 337
225 356
225 374
225 375
225 392
226 229
226 244
226 252
226 260
226 271
226 299
226 306
226 317
226 321
226 336
226 350
226 354
226 357
226 376
227 280
227 289
227 290
227 303
227 306
227 310
227 313
227 324
227 358
227 360
227 385
227 399
228 237
228 247
228 251
228 254
228 258
228 260
228 270
228 283
228 302
228 304
228 307
228 328
228 334
228 347
228 348
228 359
228 370
228 393
228 396
229 257
229 260
229 277
229 279
229 283
229 284
229 287
229 330
229 365
229 386
229 397
230 237
230 241
230 243
230 251
230 284
230 289
230 291
230 293
230 298
230 316
230 322
230 331
230 357
230 379
230 380
230 382
231 239
231 245
231 256
231 260
231 277
231 280
231 357
231 395
232 234
232 237
232 247
232 253
232 262
232 271
232 286
232 288
232 296
232 307
232 314
232 317
232 333
232 337
232 343
232 367
232 370
232 371
232 378
233 237
233 249
233 253
233 278
233 291
233 306
233 339
233 344
233 346
233 360
233 371
233 389
234 248
234 250
234 252
234 261
234 272
234 275
234 278
234 280
234 317
234 341
234 342
234 349
234 374
234 379
234 384
234 387
234 396
234 397
234 398
235 252
235 259
235 317
235 346
235 382
235 394
235 398
236 247
236 253
236 265
236 266
236 278
236 316
236 329
236 367
236 380
236 399
237 238
237 244
237 266
237 284
237 328
237 339
237 342
237 366
237 367
237 371
237 372
237 376
237 377
237 381
238 246
238 267
238 290
238 325
238 339
238 343
238 351
238 358
238 361
239 258
239 259
239 260
239 270
239 273
239 276
239 277
239 284
239 290
239 301
239 328
239 345
239 372
239 373
239 377
239 388
239 389
240 243
240 267
240 276
240 278
240 290
240 291
240 293
240 309
240 337
240 341
240 350
240 376
240 381
240 383
240 385
240 386
240 389
240 393
241 288
241 292
241 305
241 310
241 319
241 333
241 341
241 353
241 361
242 254
242 256
242 266
242 313
242 333
242 358
242 368
242 372
242 376
243 252
243 253
243 255
243 258
243 266
243 268
243 306
243 308
243 314
243 326
243 336
243 337
243 339
243 341
243 347
243 349
243 371
243 390
243 392
243 399
244 277
244 283
244 335
244 366
244 374
244 378
244 390
245 257
245 258
245 278
245 285
245 287
245 291
245 294
245 298
245 303
245 323
245 331
245 351
245 366
245 367
245 377
245 379
245 382
245 388
245 398
246 261
246 270
246 282
246 284
246 294
246 300
246 316
246 323
246 324
246 331
246 362
246 366
246 374
247 254
247 258
247 261
247 281
247 289
247 299
247 312
247 313
247 316
247 344
247 352
247 353
247 365
247 368
247 382
247 385
247 389
247 392
247 397
247 398
248 252
248 254
248 274
248 298
248 301
248 311
248 316
248 346
248 347
248 369
248 383
249 266
249 268
249 286
249 289
249 298
249 310
249 348
249 364
249 374
249 375
249 381
250 277
250 282
250 295
250 316
250 318
250 361
250 398
250 399
251 255
251 261
251 304
251 316
251 348
251 357
251 372
251 378
251 387
251 388
252 307
252 312
252 320
252 332
252 337
252 339
252 379
252 381
252 397
253 261
253 270
253 280
253 283
253 285
253 301
253 302
253 306
253 345
253 350
253 368
253 387
253 389
253 395
253 398
254 269
254 288
254 295
254 316
254 324
254 333
254 352
254 354
254 355
254 371
254 374
254 375
254 378
254 382
254 385
254 399
255 257
255 268
255 286
255 292
255 302
255 305
255 316
255 322
255 349
255 371
255 399
256 285
256 290
256 295
256 306
256 313
256 314
256 318
256 327
256 342
256 345
256 353
256 376
257 272
257 285
257 336
257 337
257 342
257 343
257 346
257 357
257 368
257 370
257 396
258 261
258 285
258 299
258 315
258 323
258 348
258 353
258 372
258 374
258 375
258 386
259 271
259 275
259 280
259 284
259 358
259 361
259 370
259 374
259 388
259 393
260 279
260 299
260 353
261 263
261 267
261 275
261 282
261 313
261 324
261 326
261 341
261 356
261 374
261 381
261 395
262 304
262 330
262 331
262 343
262 364
262 373
263 265
263 272
263 282
263 298
263 304
263 332
263 352
263 363
263 368
263 385
264 268
264 271
264 273
264 276
264 282
264 291
264 298
264 305
264 311
264 345
264 372
264 380
264 381
264 384
264 385
264 396
264 399
265 290
265 336
265 337
265 338
265 346
265 374
265 386
266 310
266 318
266 319
266 324
266 348
266 363
266 372
266 375
266 390
266 395
267 292
267 311
267 323
267 371
267 377
267 391
267 392
267 393
267 398
268 270
268 272
268 307
268 317
268 322
268 354
268 372
268 386
268 393
269 280
269 289
269 292
269 319
269 347
269 348
269 360
269 395
270 282
270 313
270 323
270 332
270 356
270 374
270 386
270 387
270 392
271 313
271 318
271 326
271 331
271 347
271 366
271 375
271 384
271 386
271 393
272 275
272 279
272 330
272 334
272 335
272 340
272 352
272 376
272 380
272 384
272 390
272 392
273 284
273 298
273 299
273 310
273 311
273 325
273 364
273 370
273 376
273 385
273 389
274 295
274 317
274 330
274 347
274 375
274 385
274 392
275 283
275 285
275 311
275 315
275 322
275 329
275 332
275 380
275 399
276 296
276 297
276 328
276 376
276 378
276 382
277 297
277 323
277 324
277 370
277 387
278 285
278 291
278 299
278 302
278 305
278 309
278 311
278 318
278 324
278 336
278 338
278 360
278 378
279 292
279 300
279 311
279 317
279 325
279 331
279 340
279 347
279 361
279 373
279 387
279 398
280 299
280 313
280 361
280 370
281 297
281 319
281 321
281 331
281 335
281 340
281 344
281 347
281 355
281 377
282 290
282 300
282 306
282 314
282 315
282 323
282 325
282 334
282 335
282 339
282 340
282 341
282 343
282 348
282 349
282 353
282 371
282 378
282 383
283 294
283 305
283 311
283 323
283 354
283 375
283 384
284 308
284 309
284 316
284 324
284 326
284 335
284 349
284 359
284 364
284 374
284 394
285 289
285 294
285 297
285 298
285 301
285 302
285 317
285 331
286 288
286 293
286 305
286 311
286 317
286 322
286 337
286 354
286 358
286 372
286 373
286 374
287 328
287 337
287 349
287 357
287 358
287 361
287 372
287 381
287 383
288 293
288 321
288 327
288 329
288 343
288 345
288 366
288 386
288 388
288 392
288 399
289 292
289 295
289 305
289 313
289 327
289 336
289 356
289 365
289 376
289 389
289 399
290 303
290 305
290 309
290 320
290 334
290 354
290 362
290 368
290 376
290 382
291 293
291 298
291 311
291 321
291 323
291 355
291 390
292 321
292 327
292 339
292 368
292 369
292 383
292 387
292 389
292 397
293 294
293 307
293 310
293 313
293 319
293 392
293 396
294 325
294 331
294 342
294 378
294 387
294 394
295 313
295 316
295 334
295 335
295 340
295 366
295 373
295 374
295 399
296 297
296 300
296 325
296 334
296 356
296 357
296 363
296 380
296 388
296 392
297 304
297 317
297 319
297 342
297 349
297 357
297 361
297 365
297 372
297 377
297 383
297 386
297 389
298 299
298 307
298 331
298 332
298 339
298 354
298 360
298 364
299 301
299 308
299 314
299 345
299 357
299 367
299 371
299 376
299 397
300 310
300 311
300 318
300 320
300 340
300 349
300 381
300 385
300 391
301 319
301 327
301 340
301 365
301 370
301 371
301 380
301 382
302 322
302 350
302 354
302 369
302 379
303 306
303 308
303 329
303 337
303 339
303 342
303 347
303 363
303 398
304 313
304 323
304 334
304 346
304 357
304 381
304 386
304 395
305 308
305 310
305 314
305 335
305 337
305 354
305 359
305 362
305 363
306 328
306 352
307 325
307 336
307 356
307 373
307 377
307 393
308 311
308 322
308 326
308 350
308 356
308 357
308 375
308 380
308 381
309 318
309 364
309 375
310 321
310 324
310 341
310 353
310 356
310 357
310 359
310 364
310 365
310 371
310 372
310 387
311 317
311 319
311 320
311 323
311 340
311 345
311 364
311 388
311 392
312 316
312 329
312 371
312 374
312 379
312 390
313 315
313 321
313 335
313 349
313 355
313 359
313 367
313 378
313 383
313 385
313 388
313 399
314 334
314 335
314 341
315 330
315 336
315 341
315 355
315 356
315 366
315 383
316 325
316 334
316 337
316 338
316 359
316 362
316 363
316 369
317 357
317 361
317 366
318 325
318 327
318 328
318 339
318 365
318 373
318 376
318 381
318 382
318 396
319 335
319 352
319 393
320 332
320 336
320 341
320 350
320 373
321 340
321 346
321 348
321 350
321 351
321 354
321 361
321 373
321 384
322 329
322 332
322 346
322 349
322 372
323 328
323 348
323 357
323 362
323 379
323 385
324 353
324 365
324 379
324 380
324 385
324 399
325 330
325 343
325 352
325 357
325 368
325 388
325 391
325 394
326 342
326 357
326 373
326 376
326 395
326 399
327 337
327 346
327 365
327 381
328 333
328 357
328 365
328 380
328 385
328 386
328 397
329 351
329 360
329 385
329 386
330 333
330 338
330 348
331 339
331 344
331 382
331 392
332 333
332 338
332 359
332 365
332 367
333 339
333 372
333 379
334 345
334 353
334 375
334 376
334 382
334 396
334 399
335 336
335 339
335 344
335 353
335 366
335 378
335 381
335 382
336 342
336 346
336 351
336 364
336 368
336 370
336 390
336 392
336 395
337 340
337 342
337 365
337 390
337 399
338 345
338 352
338 365
338 373
338 390
338 393
339 353
339 378
339 386
340 365
340 378
340 399
341 356
341 373
342 390
343 359
343 364
343 373
343 378
344 346
344 351
344 355
344 364
344 384
345 348
345 350
345 353
345 370
345 380
345 381
345 393
346 352
346 369
347 348
347 355
347 361
347 363
347 374
347 378
347 391
347 399
348 362
348 384
348 386
348 387
349 352
349 370
349 371
349 375
349 393
350 353
350 365
350 368
350 373
350 388
350 389
351 352
351 362
351 375
351 386
352 356
352 388
352 394
353 355
353 369
353 382
353 385
353 396
354 390
354 399
355 385
355 396
356 370
356 382
356 394
356 396
357 363
357 367
357 375
357 378
357 386
357 396
358 363
358 392
359 376
359 382
360 374
360 399
361 365
361 366
361 369
361 374
361 380
361 386
361 395
361 398
362 366
362 381
362 384
363 364
363 387
363 394
363 399
364 396
364 399
365 370
365 376
365 381
366 386
367 392
368 373
368 380
369 376
369 382
369 386
369 387
369 389
370 386
371 387
371 389
371 392
372 376
373 384
373 386
374 378
374 391
375 381
375 386
375 391
375 394
376 383
377 383
377 388
377 393
378 379
378 382
378 393
379 380
379 397
379 398
380 388
382 389
382 394
383 394
385 394
385 399
387 391
388 396
390 394
390 397
391 394
392 393
392 398
393 394
