300 4068 0.8
0 1
0 5
0 46
0 75
0 113
0 140
0 144
0 219
0 237
0 242
0 246
0 272
0 286
0 289
0 290
0 297
1 8
1 9
1 19
1 40
1 60
1 68
1 70
1 89
1 95
1 96
1 121
1 125
1 143
1 158
1 166
1 170
1 178
1 186
1 188
1 197
1 199
1 200
1 207
1 210
1 215
1 217
1 220
1 240
1 243
1 272
2 18
2 46
2 49
2 59
2 62
2 70
2 119
2 134
2 135
2 139
2 143
2 152
2 212
2 232
2 252
2 253
2 268
2 284
2 292
2 294
3 12
3 28
3 37
3 65
3 110
3 112
3 114
3 129
3 133
3 147
3 168
3 171
3 183
3 190
3 199
3 209
3 212
3 215
3 225
3 244
3 278
3 295
4 10
4 25
4 51
4 57
4 63
4 65
4 71
4 72
4 78
4 80
4 86
4 93
4 96
4 104
4 119
4 121
4 129
4 184
4 190
4 202
4 204
4 205
4 222
4 225
4 243
4 245
4 246
4 253
4 254
4 280
4 290
5 12
5 23
5 48
5 50
5 57
5 64
5 79
5 85
5 90
5 97
5 100
5 107
5 119
5 140
5 177
5 186
5 195
5 203
5 220
5 230
5 232
5 234
5 262
5 264
5 271
6 30
6 36
6 57
6 60
6 61
6 68
6 79
6 92
6 144
6 178
6 185
6 191
6 206
6 223
6 227
6 231
6 236
6 239
6 240
6 255
6 257
6 264
6 269
6 272
6 291
6 297
6 299
7 8
7 10
7 15
7 19
7 29
7 68
7 88
7 106
7 107
7 117
7 139
7 148
7 177
7 185
7 197
7 214
7 240
7 247
7 264
7 270
7 274
7 281
7 297
8 16
8 21
8 26
8 33
8 75
8 78
8 95
8 110
8 111
8 122
8 128
8 138
8 172
8 182
8 187
8 190
8 192
8 199
8 211
8 252
8 261
8 262
8 269
8 285
8 292
8 299
9 18
9 22
9 63
9 64
9 86
9 89
9 116
9 126
9 130
9 141
9 171
9 193
9 202
9 209
9 213
9 219
9 220
9 235
9 250
9 257
9 260
9 291
9 298
10 19
10 24
10 39
10 47
10 56
10 90
10 114
10 135
10 161
10 165
10 169
10 171
10 172
10 176
10 190
10 191
10 199
10 202
10 217
10 236
10 273
10 275
10 289
11 19
11 35
11 36
11 52
11 64
11 70
11 77
11 81
11 82
11 88
11 100
11 137
11 146
11 167
11 174
11 181
11 184
11 206
11 220
11 230
11 239
11 247
11 260
11 265
11 280
11 283
11 285
11 292
11 298
12 19
12 22
12 28
12 34
12 45
12 52
12 87
12 101
12 116
12 119
12 133
12 134
12 136
12 137
12 142
12 156
12 193
12 204
12 213
12 242
12 259
12 273
12 287
13 43
13 53
13 83
13 106
13 107
13 115
13 155
13 167
13 173
13 183
13 205
13 207
13 213
13 220
13 223
13 258
13 260
13 265
13 268
13 270
13 272
13 278
13 280
14 15
14 28
14 36
14 98
14 103
14 110
14 114
14 119
14 121
14 125
14 126
14 130
14 135
14 150
14 152
14 183
14 192
14 200
14 212
14 225
14 236
14 272
14 286
14 292
15 23
15 36
15 47
15 59
15 77
15 89
15 92
15 93
15 98
15 124
15 139
15 150
15 158
15 162
15 178
15 196
15 204
15 238
15 249
15 271
15 275
15 293
16 19
16 23
16 36
16 37
16 42
16 43
16 44
16 81
16 86
16 92
16 96
16 106
16 108
16 122
16 153
16 166
16 168
16 171
16 173
16 181
16 206
16 210
16 211
16 219
16 233
16 262
16 266
16 278
16 283
16 288
16 299
17 19
17 26
17 35
17 36
17 63
17 117
17 118
17 120
17 134
17 159
17 168
17 172
17 173
17 179
17 198
17 202
17 211
17 226
17 240
17 247
17 264
17 277
17 294
17 299
18 41
18 45
18 55
18 62
18 66
18 90
18 93
18 94
18 98
18 102
18 108
18 133
18 144
18 163
18 171
18 186
18 188
18 197
18 205
18 213
18 225
18 244
18 251
18 257
18 260
18 271
18 278
18 281
19 20
19 38
19 40
19 42
19 45
19 49
19 77
19 81
19 84
19 85
19 105
19 118
19 143
19 168
19 182
19 194
19 195
19 225
19 265
19 267
19 270
19 276
20 26
20 44
20 48
20 53
20 104
20 112
20 114
20 126
20 141
20 157
20 165
20 193
20 210
20 223
20 257
20 264
20 272
20 277
20 284
21 24
21 26
21 54
21 75
21 107
21 112
21 119
21 122
21 136
21 149
21 153
21 158
21 175
21 178
21 185
21 190
21 192
21 202
21 207
21 209
21 240
21 247
21 251
21 262
21 270
21 278
21 282
21 299
22 59
22 74
22 79
22 81
22 99
22 108
22 113
22 115
22 154
22 168
22 182
22 196
22 211
22 214
22 215
22 227
22 248
22 253
22 266
22 293
22 296
22 299
23 56
23 70
23 74
23 82
23 101
23 110
23 115
23 118
23 122
23 129
23 136
23 138
23 147
23 157
23 160
23 173
23 207
23 213
23 215
23 232
23 249
23 256
23 264
23 274
23 280
23 284
23 289
24 25
24 35
24 36
24 37
24 50
24 73
24 74
24 78
24 84
24 94
24 99
24 101
24 118
24 124
24 133
24 136
24 157
24 169
24 180
24 196
24 204
24 209
24 222
24 223
24 226
24 228
24 232
24 241
24 245
24 250
24 252
24 261
24 269
25 37
25 45
25 56
25 68
25 83
25 90
25 91
25 100
25 102
25 121
25 123
25 144
25 150
25 159
25 161
25 170
25 188
25 190
25 197
25 211
25 221
25 228
25 229
25 247
25 267
25 271
25 275
25 279
25 288
26 31
26 36
26 45
26 48
26 66
26 72
26 74
26 90
26 105
26 124
26 136
26 143
26 150
26 163
26 172
26 187
26 207
26 223
26 232
26 247
26 249
26 254
26 255
26 262
26 263
26 270
26 272
26 274
26 275
26 282
26 288
27 76
27 77
27 95
27 96
27 102
27 103
27 105
27 108
27 109
27 111
27 143
27 147
27 154
27 156
27 175
27 201
27 202
27 212
27 223
27 245
27 252
27 266
27 278
27 286
27 294
28 66
28 93
28 108
28 119
28 121
28 126
28 129
28 143
28 153
28 165
28 175
28 181
28 187
28 200
28 210
28 211
28 215
28 216
28 238
28 256
28 274
28 278
28 280
28 294
29 33
29 43
29 51
29 53
29 61
29 84
29 91
29 93
29 94
29 96
29 99
29 102
29 117
29 123
29 125
29 139
29 149
29 152
29 153
29 156
29 159
29 164
29 171
29 186
29 204
29 226
29 228
29 229
29 243
29 279
29 285
29 294
30 41
30 43
30 44
30 48
30 54
30 87
30 118
30 119
30 131
30 132
30 144
30 146
30 184
30 208
30 222
30 231
30 235
30 242
30 258
30 263
30 288
30 290
30 291
30 297
31 58
31 59
31 73
31 104
31 107
31 116
31 123
31 128
31 133
31 140
31 141
31 160
31 177
31 178
31 179
31 189
31 199
31 224
31 233
31 249
31 264
31 271
31 282
31 288
31 290
31 292
32 36
32 43
32 60
32 67
32 69
32 81
32 86
32 92
32 103
32 106
32 119
32 125
32 134
32 136
32 172
32 178
32 198
32 254
32 259
32 263
32 267
32 268
32 288
33 35
33 57
33 68
33 74
33 104
33 128
33 158
33 180
33 181
33 208
33 225
33 231
33 236
33 240
33 265
33 273
33 280
33 284
34 44
34 59
34 66
34 70
34 79
34 112
34 113
34 117
34 128
34 154
34 159
34 161
34 177
34 208
34 221
34 225
34 235
34 237
34 240
34 242
34 246
34 259
34 266
34 271
34 279
34 293
35 67
35 69
35 76
35 78
35 88
35 95
35 139
35 140
35 150
35 164
35 165
35 167
35 168
35 178
35 183
35 194
35 199
35 217
35 219
35 236
35 237
35 264
35 267
35 268
35 269
35 274
35 286
35 289
35 290
35 291
36 48
36 58
36 73
36 77
36 83
36 87
36 109
36 122
36 129
36 135
36 140
36 156
36 171
36 182
36 217
36 243
36 245
36 250
36 253
36 261
36 265
36 288
36 297
37 40
37 49
37 63
37 70
37 80
37 131
37 161
37 165
37 177
37 194
37 197
37 199
37 222
37 223
37 265
37 277
37 279
37 293
38 47
38 49
38 65
38 71
38 72
38 73
38 82
38 83
38 85
38 98
38 136
38 153
38 161
38 177
38 180
38 181
38 188
38 207
38 213
38 227
38 256
38 270
38 292
39 43
39 54
39 55
39 64
39 98
39 101
39 105
39 106
39 117
39 125
39 138
39 142
39 148
39 162
39 163
39 186
39 203
39 209
39 215
39 232
39 238
39 258
39 271
39 282
39 295
40 55
40 62
40 63
40 72
40 75
40 76
40 81
40 95
40 112
40 116
40 130
40 136
40 180
40 185
40 188
40 198
40 204
40 212
40 238
40 267
40 268
40 277
40 288
41 64
41 69
41 74
41 91
41 98
41 100
41 145
41 163
41 175
41 234
41 242
41 249
41 262
41 272
41 276
41 278
41 283
42 62
42 68
42 71
42 78
42 84
42 105
42 108
42 110
42 128
42 142
42 173
42 195
42 197
42 204
42 213
42 214
42 232
42 238
42 239
42 270
42 280
42 282
42 286
43 44
43 56
43 61
43 93
43 101
43 103
43 123
43 145
43 164
43 165
43 166
43 175
43 182
43 189
43 210
43 236
43 260
43 262
43 269
43 276
43 277
43 286
43 292
43 293
44 46
44 53
44 58
44 91
44 100
44 102
44 103
44 105
44 112
44 128
44 140
44 142
44 155
44 166
44 169
44 174
44 180
44 208
44 217
44 250
44 254
44 257
44 275
44 286
45 46
45 69
45 103
45 123
45 125
45 129
45 138
45 139
45 141
45 148
45 156
45 167
45 168
45 172
45 183
45 184
45 194
45 206
45 207
45 219
45 227
45 236
45 239
45 247
45 263
45 265
45 276
45 280
45 286
46 52
46 53
46 64
46 74
46 76
46 77
46 84
46 102
46 109
46 125
46 126
46 130
46 133
46 186
46 192
46 194
46 198
46 203
46 216
46 217
46 236
46 245
46 250
46 251
46 268
46 271
46 280
46 281
46 283
46 288
46 289
46 296
47 52
47 53
47 70
47 90
47 91
47 94
47 95
47 116
47 137
47 139
47 147
47 154
47 156
47 166
47 180
47 183
47 186
47 226
47 227
47 228
47 248
47 252
47 254
48 51
48 55
48 57
48 73
48 75
48 81
48 84
48 86
48 91
48 102
48 129
48 132
48 164
48 188
48 190
48 208
48 214
48 216
48 222
48 234
48 252
48 254
48 264
48 267
48 272
48 287
48 299
49 61
49 69
49 75
49 85
49 90
49 95
49 109
49 112
49 115
49 142
49 156
49 159
49 174
49 238
49 250
49 290
49 292
49 293
49 298
50 55
50 72
50 79
50 89
50 96
50 100
50 124
50 133
50 135
50 140
50 154
50 156
50 163
50 167
50 178
50 180
50 190
50 208
50 242
50 250
50 262
50 278
50 288
50 289
51 53
51 90
51 94
51 100
51 117
51 125
51 128
51 153
51 165
51 173
51 181
51 217
51 225
51 244
51 255
51 259
51 261
51 274
51 277
51 299
52 73
52 83
52 87
52 103
52 111
52 146
52 150
52 163
52 167
52 178
52 182
52 187
52 196
52 206
52 221
52 244
52 251
52 265
52 271
52 277
52 284
52 294
52 299
53 80
53 85
53 98
53 99
53 100
53 149
53 157
53 177
53 195
53 200
53 208
53 249
53 260
53 281
54 82
54 152
54 162
54 166
54 175
54 209
54 217
54 224
54 257
54 268
54 275
55 63
55 74
55 118
55 121
55 142
55 143
55 145
55 159
55 167
55 173
55 178
55 190
55 197
55 201
55 210
55 247
55 285
55 293
56 57
56 78
56 80
56 86
56 88
56 89
56 91
56 103
56 138
56 151
56 153
56 164
56 184
56 193
56 203
56 204
56 215
56 218
56 222
56 226
56 227
56 228
56 229
56 231
56 241
56 244
56 247
56 259
56 287
56 297
56 299
57 58
57 75
57 78
57 97
57 119
57 124
57 165
57 183
57 202
57 228
57 232
57 237
57 241
57 255
57 259
57 265
57 266
57 287
57 289
58 62
58 64
58 90
58 94
58 113
58 117
58 132
58 134
58 150
58 179
58 199
58 202
58 204
58 213
58 233
58 239
58 242
58 254
58 276
58 279
58 287
58 290
58 296
59 66
59 71
59 76
59 84
59 88
59 92
59 99
59 105
59 130
59 138
59 139
59 142
59 149
59 157
59 159
59 165
59 187
59 204
59 206
59 212
59 215
59 223
59 255
59 256
59 261
59 268
59 277
59 280
59 296
59 298
60 61
60 65
60 86
60 87
60 115
60 122
60 142
60 150
60 160
60 166
60 171
60 172
60 176
60 179
60 182
60 188
60 192
60 196
60 214
60 217
60 226
60 227
60 236
60 255
60 284
61 75
61 79
61 97
61 100
61 106
61 120
61 124
61 127
61 132
61 134
61 158
61 162
61 164
61 165
61 168
61 169
61 181
61 186
61 200
61 206
61 225
61 252
61 260
61 289
62 66
62 92
62 106
62 110
62 116
62 134
62 137
62 160
62 161
62 164
62 168
62 184
62 203
62 207
62 222
62 234
62 236
62 237
62 246
62 280
62 282
62 291
62 295
62 296
63 66
63 67
63 73
63 81
63 82
63 83
63 86
63 92
63 93
63 106
63 107
63 109
63 112
63 113
63 141
63 162
63 168
63 169
63 177
63 194
63 199
63 206
63 217
63 241
63 242
63 245
63 254
63 256
63 259
63 264
63 276
63 281
64 71
64 92
64 157
64 167
64 172
64 190
64 197
64 219
64 221
64 223
64 239
64 248
64 267
64 285
65 66
65 69
65 72
65 84
65 89
65 126
65 152
65 164
65 180
65 194
65 207
65 214
65 225
65 238
65 240
65 242
65 243
65 253
65 256
65 260
65 268
65 274
65 283
65 286
65 299
66 69
66 76
66 108
66 114
66 117
66 125
66 137
66 142
66 153
66 162
66 164
66 171
66 185
66 188
66 199
66 211
66 212
66 220
66 228
66 239
66 246
66 248
66 252
66 253
66 254
66 265
66 284
66 291
67 79
67 89
67 117
67 126
67 127
67 173
67 180
67 185
67 203
67 208
67 245
67 261
67 262
67 273
67 284
67 292
67 297
67 298
68 81
68 86
68 91
68 92
68 108
68 112
68 120
68 121
68 128
68 140
68 143
68 149
68 166
68 180
68 209
68 226
68 230
68 261
68 284
69 71
69 85
69 88
69 102
69 123
69 143
69 151
69 186
69 224
69 236
69 248
69 255
69 289
69 290
70 73
70 76
70 85
70 100
70 104
70 119
70 138
70 164
70 182
70 185
70 205
70 208
70 222
70 230
70 231
70 233
70 234
70 256
70 259
70 267
70 273
70 286
70 291
71 82
71 98
71 114
71 116
71 123
71 127
71 139
71 155
71 165
71 169
71 179
71 182
71 188
71 202
71 218
71 243
71 272
71 274
72 76
72 107
72 112
72 114
72 124
72 127
72 147
72 166
72 173
72 175
72 177
72 183
72 208
72 222
72 232
72 237
72 242
72 246
72 253
72 258
72 269
72 272
72 275
72 283
72 295
73 101
73 105
73 107
73 114
73 119
73 132
73 142
73 148
73 155
73 178
73 179
73 182
73 186
73 199
73 200
73 208
73 226
73 248
73 254
73 259
73 268
73 284
73 290
73 291
74 77
74 82
74 85
74 94
74 108
74 127
74 131
74 139
74 140
74 164
74 172
74 220
74 229
74 233
74 252
74 256
74 265
74 267
74 271
74 290
75 84
75 99
75 103
75 104
75 105
75 108
75 127
75 132
75 187
75 188
75 210
75 213
75 224
75 243
75 257
75 265
75 275
76 82
76 84
76 94
76 95
76 100
76 108
76 110
76 131
76 136
76 147
76 163
76 200
76 221
76 240
76 243
76 252
76 256
76 259
76 263
76 269
76 280
76 292
77 80
77 90
77 103
77 124
77 133
77 157
77 172
77 177
77 178
77 190
77 192
77 196
77 197
77 204
77 221
77 223
77 225
77 227
77 230
77 238
77 247
77 251
77 264
77 281
77 284
77 294
78 82
78 88
78 94
78 95
78 117
78 120
78 129
78 130
78 146
78 173
78 174
78 176
78 180
78 183
78 187
78 193
78 196
78 200
78 204
78 224
78 242
78 264
78 280
78 282
78 286
78 293
78 298
79 93
79 94
79 108
79 124
79 139
79 148
79 150
79 159
79 163
79 165
79 189
79 235
79 243
79 265
79 269
79 270
79 278
79 287
79 289
79 290
80 114
80 116
80 130
80 141
80 176
80 182
80 202
80 228
80 241
80 243
80 254
80 278
80 279
80 289
80 291
80 295
81 82
81 87
81 90
81 100
81 124
81 153
81 154
81 165
81 168
81 180
81 184
81 189
81 196
81 200
81 221
81 229
81 232
81 237
81 242
81 251
81 256
81 285
81 295
82 119
82 146
82 154
82 156
82 167
82 176
82 184
82 189
82 201
82 205
82 220
82 221
82 227
82 237
82 238
82 243
82 244
82 251
82 255
82 259
82 266
82 269
82 274
82 278
82 291
82 292
82 297
83 108
83 152
83 168
83 188
83 195
83 217
83 221
83 224
83 227
83 233
83 234
83 240
83 247
83 257
83 276
83 280
83 285
83 288
83 290
84 90
84 103
84 109
84 121
84 138
84 149
84 154
84 155
84 158
84 170
84 173
84 180
84 193
84 203
84 222
84 237
84 246
84 272
84 279
85 86
85 104
85 105
85 139
85 146
85 153
85 162
85 165
85 178
85 181
85 182
85 183
85 203
85 215
85 223
85 228
85 234
85 241
85 250
85 254
85 275
85 280
85 284
85 293
85 294
86 104
86 106
86 110
86 126
86 138
86 141
86 158
86 171
86 174
86 175
86 181
86 213
86 219
86 224
86 292
87 102
87 111
87 165
87 167
87 178
87 182
87 194
87 214
87 228
87 249
87 267
88 91
88 107
88 112
88 124
88 143
88 160
88 170
88 184
88 193
88 200
88 209
88 218
88 228
88 231
88 235
88 247
88 249
88 266
88 283
88 284
89 95
89 102
89 117
89 142
89 148
89 149
89 186
89 187
89 195
89 199
89 222
89 231
89 234
89 263
89 266
89 267
90 127
90 142
90 183
90 206
90 211
90 215
90 217
90 218
90 240
90 243
90 267
90 269
90 271
90 272
90 282
90 291
90 298
91 98
91 99
91 138
91 147
91 153
91 187
91 188
91 204
91 214
91 234
91 262
91 264
91 273
91 275
91 284
91 296
92 97
92 109
92 121
92 152
92 163
92 189
92 196
92 206
92 211
92 213
92 216
92 218
92 245
92 247
92 290
92 295
92 299
93 126
93 128
93 130
93 145
93 163
93 172
93 176
93 184
93 194
93 217
93 225
93 226
93 248
93 262
93 274
93 279
93 288
93 291
94 100
94 110
94 111
94 122
94 165
94 167
94 171
94 183
94 194
94 206
94 215
94 223
94 236
94 253
94 262
94 267
94 276
94 286
94 298
95 103
95 127
95 136
95 160
95 172
95 185
95 190
95 193
95 213
95 217
95 227
95 232
95 241
95 272
95 278
95 297
96 98
96 99
96 103
96 121
96 132
96 134
96 140
96 143
96 145
96 146
96 148
96 177
96 182
96 185
96 186
96 194
96 199
96 200
96 208
96 211
96 218
96 244
96 250
96 256
96 261
96 264
96 278
97 117
97 154
97 159
97 172
97 174
97 175
97 194
97 209
97 210
97 238
97 241
97 243
97 254
97 257
97 267
97 275
97 278
97 280
97 281
97 286
97 288
98 102
98 104
98 110
98 134
98 144
98 168
98 179
98 180
98 182
98 190
98 204
98 211
98 222
98 228
98 246
98 259
98 264
98 266
98 271
98 295
99 116
99 121
99 125
99 157
99 183
99 188
99 196
99 233
99 237
99 265
99 274
99 292
100 131
100 149
100 151
100 166
100 192
100 202
100 210
100 217
100 222
100 233
100 249
100 286
100 292
101 110
101 130
101 161
101 176
101 182
101 201
101 203
101 225
101 227
101 231
101 259
101 286
101 294
102 117
102 131
102 146
102 155
102 167
102 171
102 182
102 183
102 188
102 194
102 209
102 222
102 224
102 233
102 235
102 241
102 244
102 248
102 253
102 257
102 259
102 268
102 278
102 280
102 289
102 294
103 111
103 114
103 115
103 119
103 121
103 134
103 160
103 166
103 170
103 211
103 213
103 218
103 224
103 228
103 229
103 237
103 251
103 255
103 262
103 296
104 108
104 116
104 130
104 147
104 148
104 155
104 178
104 180
104 203
104 214
104 225
104 229
104 236
104 242
104 253
104 255
104 295
104 299
105 110
105 112
105 115
105 121
105 129
105 179
105 192
105 203
105 207
105 220
105 221
105 230
105 240
105 257
105 270
105 283
105 288
105 289
105 294
106 110
106 125
106 135
106 144
106 148
106 150
106 157
106 161
106 163
106 168
106 170
106 184
106 187
106 200
106 218
106 252
106 256
106 260
106 271
106 272
106 273
106 293
106 298
107 122
107 148
107 159
107 167
107 190
107 200
107 229
107 239
107 240
107 245
107 248
107 252
107 264
107 268
107 274
107 294
108 114
108 125
108 126
108 155
108 156
108 162
108 165
108 167
108 186
108 191
108 192
108 209
108 210
108 218
108 228
108 238
108 246
108 249
108 261
108 285
108 290
108 292
108 294
109 121
109 150
109 156
109 160
109 182
109 195
109 227
109 241
109 251
109 256
109 258
109 288
109 296
109 298
110 133
110 163
110 168
110 170
110 186
110 198
110 202
110 205
110 213
110 225
110 228
110 233
110 236
110 249
110 251
110 279
111 113
111 124
111 133
111 142
111 177
111 179
111 184
111 189
111 217
111 226
111 228
111 243
111 246
111 254
111 280
111 290
111 292
111 296
111 297
112 117
112 135
112 144
112 149
112 162
112 169
112 177
112 178
112 179
112 183
112 194
112 224
112 231
112 257
112 260
112 264
112 281
112 282
112 288
112 297
113 116
113 118
113 129
113 130
113 170
113 174
113 198
113 210
113 219
113 223
113 225
113 237
113 247
113 249
113 256
113 261
113 276
113 284
114 115
114 147
114 164
114 199
114 205
114 220
114 225
114 247
114 251
114 260
114 270
114 276
114 279
114 298
115 126
115 135
115 154
115 207
115 211
115 212
115 216
115 217
115 221
115 233
115 239
115 258
115 265
115 272
115 291
115 297
116 121
116 123
116 124
116 128
116 150
116 157
116 159
116 199
116 210
116 213
116 230
116 239
116 248
116 253
116 258
116 286
117 120
117 121
117 123
117 128
117 131
117 145
117 164
117 172
117 190
117 204
117 233
117 249
117 251
117 276
118 130
118 165
118 182
118 196
118 199
118 210
118 238
118 240
118 241
118 243
118 253
118 261
118 279
118 294
118 295
118 299
119 127
119 139
119 140
119 151
119 171
119 203
119 205
119 209
119 216
119 219
119 257
119 272
120 137
120 147
120 193
120 195
120 200
120 212
120 229
120 251
120 252
120 287
120 288
120 298
121 135
121 144
121 162
121 176
121 177
121 182
121 193
121 217
121 250
121 251
121 266
121 277
121 281
121 284
122 130
122 140
122 156
122 185
122 202
122 212
122 221
122 226
122 233
122 247
123 127
123 136
123 144
123 167
123 174
123 193
123 205
123 207
123 234
123 246
123 248
123 262
123 263
123 266
123 271
123 272
123 287
123 297
124 126
124 149
124 161
124 172
124 203
124 211
124 222
124 242
124 251
124 257
124 268
124 269
124 293
124 294
125 160
125 194
125 197
125 206
125 210
125 214
125 216
125 219
125 230
125 261
125 294
125 296
126 135
126 180
126 201
126 219
126 223
126 226
126 238
126 240
126 251
126 252
126 289
127 135
127 137
127 138
127 139
127 140
127 179
127 180
127 181
127 190
127 214
127 218
127 221
127 222
127 223
127 240
127 256
127 258
127 263
128 141
128 156
128 159
128 163
128 167
128 174
128 178
128 181
128 185
128 187
128 194
128 209
128 222
128 225
128 227
128 235
128 249
128 262
128 267
128 284
128 292
129 137
129 141
129 156
129 179
129 182
129 199
129 208
129 237
129 270
129 271
129 278
129 279
129 283
130 135
130 152
130 163
130 179
130 197
130 202
130 234
130 251
130 262
130 266
130 276
130 297
131 135
131 141
131 148
131 167
131 171
131 176
131 183
131 188
131 192
131 195
131 217
131 226
131 228
131 236
131 242
131 246
131 267
131 273
131 279
131 290
131 291
131 294
132 141
132 156
132 163
132 168
132 169
132 172
132 187
132 195
132 197
132 227
132 236
132 249
132 250
132 257
132 293
132 295
132 296
133 153
133 157
133 170
133 181
133 186
133 187
133 201
133 203
133 204
133 210
133 219
133 221
133 245
133 270
133 292
133 298
134 138
134 148
134 166
134 172
134 179
134 197
134 198
134 199
134 223
134 254
134 257
134 266
134 271
135 147
135 155
135 163
135 166
135 182
135 187
135 189
135 210
135 227
135 228
135 229
135 241
135 253
135 257
135 271
135 274
136 155
136 166
136 185
136 200
136 209
136 217
136 223
136 226
136 231
136 255
136 257
136 260
136 267
136 272
136 279
137 163
137 169
137 195
137 198
137 204
137 225
137 248
137 252
137 259
137 264
137 292
138 139
138 144
138 145
138 165
138 178
138 189
138 198
138 200
138 209
138 225
138 247
138 251
138 261
138 266
138 268
138 273
138 280
138 289
138 291
139 145
139 155
139 159
139 176
139 180
139 215
139 222
139 223
139 225
139 233
139 245
139 266
139 267
139 275
139 278
139 280
139 285
139 287
139 296
139 298
140 151
140 152
140 154
140 163
140 165
140 167
140 169
140 178
140 185
140 189
140 219
140 250
140 265
140 268
140 280
140 287
140 295
141 152
141 156
141 176
141 198
141 214
141 227
141 238
141 246
141 251
141 255
141 258
141 261
141 290
142 150
142 191
142 219
142 230
142 231
142 236
142 256
142 259
142 274
142 287
142 289
142 295
143 168
143 169
143 184
143 195
143 197
143 204
143 206
143 221
143 233
143 235
143 241
143 275
143 290
144 149
144 151
144 174
144 179
144 208
144 211
144 215
144 224
144 225
144 228
144 252
144 286
144 287
145 166
145 177
145 196
145 199
145 205
145 237
145 242
145 271
145 274
146 176
146 197
146 200
146 211
146 213
146 219
146 229
146 236
146 243
146 254
146 257
146 263
146 273
146 278
147 151
147 158
147 159
147 164
147 172
147 179
147 186
147 193
147 199
147 202
147 216
147 222
147 226
147 243
147 245
147 250
147 253
147 277
147 297
148 160
148 164
148 175
148 190
148 194
148 199
148 207
148 242
148 251
148 260
148 283
148 284
149 156
149 191
149 204
149 213
149 219
149 235
149 250
149 259
149 269
149 270
149 272
150 152
150 162
150 176
150 197
150 200
150 205
150 229
150 237
150 250
150 258
150 261
150 266
150 272
150 278
150 293
150 299
151 154
151 158
151 159
151 161
151 166
151 181
151 187
151 220
151 221
151 238
151 252
151 258
151 264
151 291
152 173
152 199
152 204
152 206
152 240
152 244
152 250
152 267
152 269
153 166
153 173
153 184
153 186
153 187
153 203
153 205
153 208
153 220
153 223
153 227
153 248
153 257
153 266
153 267
153 275
153 281
153 289
153 296
153 299
154 170
154 182
154 187
154 207
154 230
154 242
154 272
155 157
155 161
155 164
155 186
155 192
155 215
155 239
155 240
155 249
155 262
155 268
155 278
155 291
156 169
156 173
156 187
156 200
156 221
156 226
156 232
156 247
156 254
156 258
157 158
157 163
157 175
157 176
157 177
157 180
157 184
157 189
157 193
157 242
157 245
157 262
157 271
157 274
157 277
157 291
157 297
158 159
158 160
158 162
158 164
158 166
158 175
158 179
158 183
158 197
158 199
158 201
158 203
158 210
158 222
158 233
158 250
158 253
158 262
158 270
158 279
159 169
159 171
159 172
159 177
159 197
159 205
159 215
159 217
159 224
159 225
159 253
160 193
160 194
160 196
160 201
160 210
160 247
160 254
160 263
160 265
160 292
160 293
160 295
160 296
161 163
161 170
161 171
161 172
161 186
161 202
161 231
161 243
161 258
161 259
161 261
161 265
161 268
161 275
161 278
161 287
162 172
162 182
162 189
162 199
162 206
162 221
162 229
162 233
162 237
162 242
162 261
162 276
162 280
162 284
162 289
163 178
163 200
163 201
163 211
163 227
163 232
163 234
163 255
163 258
163 264
163 276
163 278
163 284
163 285
164 167
164 169
164 188
164 195
164 198
164 201
164 225
164 241
164 289
164 298
165 166
165 169
165 170
165 182
165 191
165 196
165 215
165 218
165 220
165 235
165 255
165 276
165 290
166 174
166 179
166 185
166 187
166 189
166 197
166 199
166 219
166 228
166 275
167 180
167 201
167 211
167 221
167 230
167 232
167 240
167 254
167 257
167 269
167 286
167 289
168 169
168 239
168 240
168 241
168 244
168 248
168 261
168 276
168 292
168 296
169 176
169 189
169 195
169 203
169 216
169 217
169 225
169 241
169 243
169 246
169 261
169 265
169 279
170 180
170 187
170 202
170 208
170 223
170 232
170 235
170 243
170 254
170 261
170 273
170 275
170 295
170 296
170 298
171 180
171 181
171 259
171 289
171 295
171 296
172 173
172 174
172 185
172 196
172 211
172 214
172 235
172 238
172 241
172 251
172 285
172 291
173 179
173 185
173 198
173 200
173 203
173 219
173 220
173 222
173 228
173 231
173 239
173 246
173 249
173 251
173 254
173 278
173 286
173 297
174 180
174 191
174 194
174 221
174 251
174 265
174 271
174 273
174 282
175 191
175 194
175 207
175 214
175 235
175 243
175 244
175 259
175 268
175 283
175 286
175 297
176 181
176 191
176 205
176 242
176 280
176 282
177 206
177 220
177 237
177 240
177 257
177 258
177 262
177 263
177 278
177 279
177 282
177 285
177 291
178 192
178 193
178 197
178 203
178 212
178 223
178 224
178 252
178 253
178 263
178 268
178 279
178 295
179 195
179 196
179 197
179 202
179 204
179 212
179 224
179 228
179 242
179 244
179 253
179 254
179 256
179 266
179 275
179 283
179 288
180 190
180 198
180 209
180 214
180 236
180 247
180 248
180 252
180 256
180 273
180 286
180 288
180 298
181 188
181 189
181 197
181 241
181 253
181 255
182 190
182 220
182 221
182 224
182 249
182 253
182 261
182 298
183 196
183 218
183 222
183 230
183 240
183 251
183 257
183 260
183 271
183 287
183 292
183 297
184 188
184 193
184 216
184 221
184 231
184 239
184 241
184 253
184 260
184 269
184 287
184 298
184 299
185 193
185 206
185 222
185 227
185 230
185 241
186 202
186 203
186 221
186 231
186 248
186 253
186 261
186 289
186 296
186 298
187 195
187 200
187 213
187 221
187 228
187 241
187 244
187 249
187 252
187 282
187 283
187 286
187 298
188 197
188 212
188 218
188 252
188 261
188 265
188 268
188 281
188 293
188 296
189 191
189 193
189 195
189 230
189 243
189 255
189 259
189 273
189 276
189 284
189 285
189 292
190 193
190 194
190 204
190 211
190 223
190 233
190 252
190 253
190 271
190 285
190 291
190 297
190 298
191 192
191 201
191 212
191 217
191 221
191 230
191 241
191 259
191 268
191 274
191 286
192 201
192 206
192 209
192 212
192 219
192 238
192 244
192 270
192 284
192 286
192 297
193 210
193 220
193 227
193 228
193 229
193 230
193 233
193 249
193 265
193 285
194 204
194 208
194 224
194 245
194 257
194 259
194 276
195 214
195 217
195 234
195 255
195 263
195 273
195 283
195 292
195 295
196 197
196 198
196 199
196 221
196 229
196 237
196 247
196 249
196 254
196 255
196 256
196 274
196 288
196 296
197 198
197 224
197 252
197 256
197 270
197 276
197 286
198 211
198 213
198 215
198 218
198 236
198 259
198 280
198 286
198 287
199 201
199 202
199 216
199 217
199 218
199 232
199 239
199 254
199 261
199 270
199 277
199 282
199 292
199 294
200 205
200 212
200 249
200 262
200 277
200 281
200 294
201 203
201 207
201 208
201 211
201 219
201 229
201 232
201 236
201 237
201 240
201 252
201 254
201 264
201 287
202 241
202 254
202 280
202 284
202 293
203 232
203 255
203 261
203 264
203 266
203 268
203 270
203 277
203 286
204 211
204 217
204 221
204 279
204 290
204 297
205 226
205 245
205 246
205 255
205 266
205 273
206 224
206 235
206 236
206 250
206 262
206 263
206 273
206 297
207 212
207 242
207 244
207 249
207 251
207 254
207 273
207 274
208 211
208 219
208 232
208 238
208 251
208 259
209 212
209 236
209 253
209 263
209 264
209 297
210 212
210 229
210 232
210 236
210 244
210 258
210 267
210 273
210 296
211 224
211 239
211 251
211 268
211 271
211 278
211 290
211 299
212 228
212 238
212 242
212 276
212 281
213 223
213 243
213 265
213 268
213 279
213 287
213 290
214 241
214 267
214 270
214 272
214 279
214 282
214 299
215 227
215 229
215 257
215 258
215 270
215 293
215 298
216 238
216 250
216 260
216 267
216 268
216 271
216 287
216 289
217 225
217 239
217 240
217 255
217 269
217 273
217 275
217 298
218 221
218 226
218 233
218 242
218 243
218 250
218 251
218 266
218 268
218 273
218 284
218 287
218 289
218 295
218 297
219 238
219 244
219 245
219 246
219 270
219 276
219 298
220 225
220 237
220 242
220 246
220 247
220 263
220 287
221 228
221 252
221 262
221 267
221 275
221 284
221 285
221 293
222 275
223 247
223 270
223 272
223 278
223 286
224 228
224 229
224 233
224 239
224 241
224 242
224 258
224 286
225 235
225 257
225 265
225 272
225 287
225 292
225 298
226 249
226 250
226 251
226 254
226 272
226 294
226 298
227 239
227 242
227 250
227 259
227 272
227 277
227 285
228 257
228 264
228 278
228 283
228 285
228 298
229 233
229 239
229 241
229 263
229 271
229 293
229 297
229 298
230 240
230 241
230 247
230 259
230 260
230 261
230 290
231 241
231 244
231 257
231 267
231 269
231 276
231 287
231 295
231 298
232 236
232 246
232 251
232 262
232 268
233 251
233 256
233 265
233 267
233 271
233 273
233 282
233 290
233 291
233 294
234 256
234 258
234 272
234 285
234 299
235 254
235 261
236 244
236 259
236 278
236 285
236 290
237 242
237 249
237 254
237 258
237 291
237 297
238 242
238 260
239 267
239 269
239 284
239 285
239 290
239 292
241 246
241 254
241 258
241 276
241 287
242 250
242 273
242 274
242 279
242 294
243 248
243 256
243 270
243 282
243 284
244 253
244 257
244 277
245 249
245 252
245 259
245 274
245 275
245 276
245 295
246 268
246 269
246 282
247 251
247 259
247 264
247 270
247 273
247 283
248 282
249 262
249 264
249 281
249 282
249 294
249 295
250 259
250 263
251 260
251 263
251 270
251 272
251 274
251 287
252 261
252 271
253 254
253 256
253 265
253 266
253 276
253 288
253 289
254 268
254 297
255 262
255 264
255 271
256 266
256 276
256 279
256 283
257 275
257 279
257 288
257 293
258 266
259 278
259 286
260 261
260 270
261 268
262 264
263 269
263 292
264 271
264 289
264 291
265 294
266 273
266 293
266 296
267 278
268 272
268 273
268 276
268 278
268 280
268 284
268 290
269 270
269 283
269 284
269 288
270 277
270 292
270 293
270 296
271 276
271 287
271 289
271 293
272 279
272 293
272 295
273 288
273 292
273 296
274 282
274 286
274 288
275 283
275 287
275 299
276 277
276 292
276 294
276 298
277 282
277 284
277 287
277 292
277 294
280 284
280 293
286 290
287 290
287 295
288 291
288 293
288 294
290 292
290 296
290 297
290 299
291 294
293 298
295 296
295 297
295 299
