100 300 0.8
0 9
0 15
0 17
0 24
0 53
0 74
0 80
0 83
0 90
0 91
0 97
1 15
1 31
1 55
1 63
2 24
2 32
2 35
2 84
2 85
3 15
3 17
3 28
3 34
3 39
3 43
3 53
3 57
3 79
4 9
4 15
4 21
4 38
4 40
4 41
4 46
4 56
4 60
4 83
5 7
5 16
5 27
5 31
5 71
5 73
6 14
6 53
6 70
6 72
6 76
6 77
6 94
6 97
7 67
7 78
7 98
8 21
8 64
8 69
8 74
8 84
8 88
9 17
9 29
9 42
9 63
9 73
10 32
10 53
10 75
10 96
11 15
11 23
11 35
11 40
11 50
11 59
11 60
12 14
12 25
12 26
12 37
12 45
12 69
12 76
12 93
13 25
13 33
13 42
13 81
13 82
13 86
14 21
14 37
14 64
14 79
15 16
15 22
15 67
15 71
15 74
16 21
16 28
16 31
16 37
16 43
16 45
16 93
17 18
17 76
17 77
17 79
18 25
18 37
18 50
18 60
18 72
18 83
18 86
19 38
19 54
19 80
19 89
19 91
20 27
20 40
20 67
20 71
20 73
20 76
21 35
21 47
21 76
22 50
22 74
22 84
23 65
23 70
23 74
23 89
23 90
24 48
24 51
25 39
25 40
25 58
25 66
25 98
26 45
26 53
26 98
27 45
27 70
27 79
27 88
27 89
28 44
28 50
28 56
28 58
28 60
28 67
28 69
28 76
28 99
29 35
29 69
29 78
29 79
29 85
29 90
30 56
30 68
32 55
33 35
33 38
33 91
33 95
34 45
34 62
34 97
35 42
35 61
35 76
35 80
35 94
36 38
36 47
36 78
37 98
38 52
39 66
39 69
39 99
40 46
40 58
40 68
40 73
40 95
40 99
41 44
42 64
42 87
42 88
42 99
43 44
43 59
43 74
43 77
43 85
43 93
43 94
43 99
45 69
45 90
45 91
45 94
45 95
45 96
45 99
46 50
46 64
46 65
46 72
46 84
46 95
47 56
47 66
47 88
48 67
48 70
48 83
49 98
50 68
50 69
50 93
50 95
51 74
51 78
54 86
55 71
55 78
55 81
55 86
55 98
56 58
57 71
57 77
57 93
58 67
59 79
60 73
60 77
61 62
61 68
61 80
61 85
62 66
62 70
63 73
63 77
63 83
63 93
64 74
64 99
67 71
67 85
67 94
67 95
68 91
69 95
69 99
70 71
70 72
70 81
70 97
71 79
71 87
71 88
72 79
72 89
74 78
74 86
74 90
74 95
74 96
75 82
76 80
76 90
76 98
77 96
78 84
79 92
80 91
80 99
82 97
91 94
91 95
91 98
93 97
