100 310 0.5
0 43
0 65
0 72
1 17
1 34
1 42
1 70
1 84
2 30
2 88
2 94
3 11
3 27
3 54
3 92
4 30
4 32
4 39
4 43
4 51
4 53
4 58
4 65
4 84
4 91
5 17
5 46
5 54
5 88
5 91
5 99
6 22
6 34
6 38
6 43
6 98
7 34
7 85
8 22
8 37
8 41
8 46
8 49
8 62
8 64
8 67
8 68
9 28
9 39
9 64
9 93
10 20
10 25
10 28
10 50
10 58
10 88
10 93
11 18
11 20
11 25
11 45
11 56
11 57
11 65
11 99
12 83
12 99
13 19
13 28
13 41
13 52
13 75
14 20
14 36
14 66
14 72
14 86
14 90
15 25
15 54
15 56
15 92
16 28
16 76
17 20
17 80
18 77
19 21
19 33
19 46
19 48
19 56
20 28
20 29
20 37
20 38
20 57
20 82
20 97
21 28
21 30
21 47
21 48
21 60
21 74
22 29
22 34
22 46
22 60
22 61
22 72
22 73
22 80
22 87
22 92
23 40
23 50
23 61
23 72
24 29
24 60
24 99
25 50
25 59
25 62
25 81
26 30
26 31
26 54
26 59
26 83
26 84
26 91
26 97
27 70
27 76
27 85
27 89
27 96
28 33
28 43
28 60
28 63
28 66
28 99
29 72
30 32
30 37
30 42
30 71
30 85
31 32
31 60
31 71
31 94
32 68
32 73
32 76
32 78
32 86
33 46
33 68
33 82
33 83
33 94
34 43
34 63
34 72
35 38
35 51
35 64
35 75
35 76
35 81
35 89
36 55
37 38
37 42
37 47
37 57
37 85
37 87
38 52
38 70
38 94
39 56
39 62
39 68
40 53
40 61
40 67
40 71
40 72
41 51
41 59
41 62
41 68
41 91
41 99
42 46
42 63
42 64
42 65
42 67
42 69
42 71
42 90
42 98
43 54
43 78
43 95
44 58
44 78
45 98
46 73
46 79
47 63
47 69
47 70
47 76
47 81
48 51
48 55
48 79
48 87
49 81
49 91
50 67
50 71
50 73
51 98
52 90
53 65
53 74
53 83
54 74
54 98
55 57
55 68
55 72
55 86
56 61
56 66
56 72
56 73
56 75
56 80
56 96
57 62
57 69
57 87
57 96
58 61
58 68
58 69
58 72
58 94
60 72
60 79
61 84
61 87
61 89
62 92
63 69
63 73
63 96
64 94
65 74
68 91
69 94
70 90
70 93
70 95
71 81
71 84
71 92
71 96
71 98
72 78
72 83
73 77
74 80
74 83
74 88
76 77
76 78
77 83
77 91
77 96
78 81
78 93
79 80
79 92
79 97
80 81
80 91
81 86
81 93
81 94
84 88
84 89
84 92
86 92
86 94
87 90
87 94
90 93
91 94
91 99
