500 8644 0.2
0 13
0 16
0 58
0 60
0 63
0 82
0 101
0 104
0 119
0 132
0 145
0 146
0 151
0 162
0 179
0 194
0 217
0 218
0 244
0 246
0 247
0 248
0 255
0 271
0 272
0 283
0 315
0 331
0 334
0 342
0 343
0 351
0 352
0 392
0 400
0 405
0 422
0 442
0 448
0 489
1 35
1 49
1 53
1 112
1 114
1 133
1 135
1 144
1 149
1 161
1 176
1 182
1 184
1 190
1 206
1 210
1 219
1 221
1 225
1 237
1 243
1 264
1 268
1 279
1 309
1 315
1 320
1 324
1 338
1 341
1 367
1 370
1 389
1 399
1 422
1 431
1 432
1 434
1 457
1 459
1 461
1 467
1 476
1 494
2 50
2 59
2 77
2 83
2 86
2 108
2 114
2 117
2 122
2 144
2 167
2 171
2 189
2 252
2 267
2 268
2 277
2 284
2 289
2 319
2 334
2 344
2 346
2 365
2 372
2 379
2 403
2 404
2 406
2 413
2 443
3 4
3 23
3 48
3 53
3 68
3 70
3 78
3 80
3 90
3 94
3 113
3 123
3 128
3 191
3 196
3 198
3 203
3 209
3 212
3 213
3 215
3 217
3 219
3 238
3 241
3 250
3 259
3 306
3 311
3 318
3 329
3 335
3 338
3 353
3 354
3 379
3 452
3 454
3 496
3 499
4 16
4 17
4 30
4 36
4 41
4 53
4 59
4 71
4 74
4 82
4 124
4 150
4 157
4 175
4 177
4 183
4 219
4 227
4 264
4 275
4 280
4 283
4 287
4 300
4 314
4 345
4 363
4 396
4 397
4 414
4 444
4 453
4 457
4 461
4 480
4 486
4 499
5 57
5 65
5 78
5 80
5 117
5 118
5 121
5 128
5 147
5 231
5 245
5 255
5 258
5 280
5 312
5 331
5 344
5 346
5 350
5 355
5 380
5 396
5 401
5 403
5 414
5 421
5 422
5 426
5 429
5 447
5 482
6 13
6 34
6 41
6 44
6 45
6 62
6 72
6 73
6 75
6 78
6 87
6 99
6 101
6 109
6 125
6 128
6 159
6 164
6 172
6 179
6 211
6 214
6 218
6 233
6 246
6 261
6 282
6 306
6 309
6 320
6 321
6 322
6 335
6 349
6 351
6 376
6 385
6 433
6 483
6 495
7 15
7 99
7 110
7 145
7 146
7 154
7 176
7 192
7 208
7 216
7 228
7 256
7 287
7 289
7 298
7 309
7 320
7 335
7 354
7 381
7 434
7 443
7 444
7 460
7 472
7 478
7 489
7 497
8 12
8 74
8 79
8 91
8 96
8 119
8 133
8 205
8 216
8 231
8 238
8 244
8 259
8 269
8 270
8 279
8 302
8 314
8 316
8 322
8 332
8 336
8 389
8 410
8 411
8 412
8 416
8 427
8 428
8 440
8 442
8 443
8 461
9 11
9 17
9 26
9 42
9 49
9 56
9 63
9 75
9 90
9 91
9 94
9 113
9 119
9 135
9 148
9 149
9 167
9 168
9 183
9 194
9 210
9 220
9 226
9 243
9 247
9 259
9 271
9 283
9 290
9 309
9 310
9 317
9 331
9 368
9 369
9 381
9 388
9 395
9 427
9 436
9 442
9 452
9 457
9 462
9 474
10 16
10 22
10 67
10 88
10 92
10 103
10 117
10 123
10 128
10 132
10 135
10 144
10 152
10 158
10 192
10 208
10 231
10 232
10 238
10 245
10 278
10 289
10 297
10 299
10 305
10 319
10 330
10 332
10 358
10 363
10 364
10 370
10 384
10 392
10 404
10 405
10 425
10 428
10 449
10 455
10 482
11 65
11 104
11 114
11 134
11 158
11 175
11 176
11 180
11 190
11 221
11 241
11 273
11 294
11 304
11 311
11 317
11 324
11 325
11 344
11 346
11 349
11 354
11 361
11 365
11 373
11 382
11 383
11 407
11 410
11 416
11 450
11 455
11 470
11 471
11 476
12 44
12 86
12 169
12 173
12 201
12 204
12 219
12 237
12 239
12 241
12 247
12 249
12 258
12 264
12 298
12 306
12 333
12 342
12 355
12 382
12 400
12 410
12 418
12 430
12 434
12 443
12 444
12 445
12 466
13 42
13 51
13 53
13 69
13 93
13 102
13 103
13 106
13 107
13 124
13 126
13 130
13 149
13 174
13 221
13 227
13 268
13 287
13 296
13 345
13 346
13 378
14 19
14 22
14 29
14 31
14 61
14 62
14 69
14 74
14 80
14 93
14 105
14 106
14 118
14 128
14 129
14 151
14 163
14 166
14 178
14 190
14 202
14 204
14 212
14 216
14 241
14 289
14 298
14 299
14 311
14 316
14 343
14 347
14 349
14 386
14 389
14 399
14 402
14 435
14 446
14 467
14 474
14 494
15 22
15 50
15 52
15 78
15 94
15 151
15 180
15 185
15 195
15 247
15 249
15 258
15 275
15 297
15 303
15 318
15 319
15 323
15 324
15 333
15 396
15 409
15 419
15 430
15 448
15 458
15 486
15 497
15 498
16 63
16 121
16 128
16 141
16 151
16 169
16 194
16 201
16 214
16 240
16 265
16 281
16 288
16 296
16 303
16 305
16 307
16 318
16 322
16 327
16 329
16 337
16 349
16 358
16 377
16 401
16 409
16 416
16 424
16 438
16 455
16 459
16 474
16 482
16 487
17 29
17 32
17 49
17 51
17 78
17 84
17 96
17 102
17 109
17 113
17 115
17 154
17 159
17 170
17 174
17 176
17 182
17 187
17 218
17 220
17 230
17 262
17 269
17 273
17 278
17 280
17 306
17 323
17 339
17 350
17 358
17 359
17 376
17 379
17 382
17 426
17 429
17 430
17 438
17 443
17 466
17 468
17 492
17 498
18 37
18 65
18 74
18 95
18 120
18 134
18 150
18 152
18 163
18 187
18 197
18 211
18 227
18 233
18 239
18 297
18 298
18 323
18 349
18 353
18 364
18 391
18 395
18 398
18 403
18 409
18 427
18 433
18 441
18 444
18 461
18 484
18 489
19 46
19 72
19 73
19 139
19 168
19 173
19 200
19 228
19 229
19 246
19 282
19 299
19 304
19 308
19 330
19 335
19 344
19 361
19 392
19 400
19 414
19 432
19 443
19 452
19 470
19 481
19 485
20 28
20 45
20 81
20 84
20 85
20 97
20 99
20 107
20 109
20 139
20 149
20 181
20 186
20 189
20 190
20 195
20 205
20 224
20 238
20 247
20 249
20 273
20 308
20 319
20 337
20 404
20 422
20 434
21 29
21 30
21 87
21 94
21 95
21 99
21 122
21 152
21 182
21 198
21 201
21 205
21 216
21 231
21 243
21 262
21 279
21 284
21 293
21 299
21 335
21 362
21 366
21 382
21 399
21 401
21 408
21 434
21 443
21 473
21 497
22 23
22 25
22 38
22 103
22 133
22 147
22 165
22 184
22 197
22 218
22 228
22 239
22 250
22 256
22 258
22 267
22 273
22 278
22 279
22 281
22 283
22 284
22 298
22 299
22 301
22 371
22 374
22 386
22 389
22 430
22 433
22 452
22 455
22 470
22 472
22 474
23 46
23 53
23 63
23 86
23 89
23 127
23 172
23 189
23 193
23 196
23 218
23 261
23 267
23 276
23 279
23 280
23 293
23 303
23 321
23 325
23 340
23 354
23 357
23 368
23 369
23 373
23 431
23 457
23 467
23 468
23 480
23 485
24 35
24 42
24 48
24 57
24 87
24 92
24 95
24 136
24 148
24 167
24 171
24 177
24 190
24 198
24 201
24 203
24 250
24 270
24 284
24 293
24 301
24 307
24 354
24 367
24 377
24 380
24 389
24 399
24 404
24 412
24 416
24 418
24 428
24 443
24 469
24 488
25 28
25 36
25 46
25 69
25 84
25 85
25 114
25 147
25 219
25 229
25 233
25 261
25 282
25 291
25 293
25 303
25 312
25 352
25 355
25 367
25 374
25 379
25 383
25 408
25 422
25 424
25 443
25 448
25 473
25 483
25 491
26 30
26 31
26 33
26 43
26 95
26 115
26 151
26 161
26 167
26 180
26 219
26 237
26 239
26 251
26 253
26 284
26 316
26 320
26 343
26 347
26 352
26 390
26 393
26 406
26 412
26 430
26 441
26 455
26 458
26 462
26 476
26 497
27 49
27 58
27 61
27 86
27 108
27 117
27 125
27 128
27 149
27 150
27 151
27 162
27 171
27 191
27 199
27 251
27 252
27 271
27 278
27 282
27 289
27 300
27 303
27 322
27 364
27 366
27 378
27 380
27 383
27 404
27 413
27 418
27 448
27 450
27 464
27 467
27 475
27 480
28 40
28 44
28 46
28 65
28 69
28 85
28 109
28 130
28 144
28 159
28 187
28 188
28 189
28 200
28 204
28 220
28 223
28 232
28 236
28 264
28 276
28 287
28 291
28 296
28 312
28 316
28 346
28 350
28 366
28 379
28 382
28 400
28 407
28 408
28 427
28 444
28 452
28 474
28 487
28 488
29 49
29 77
29 122
29 166
29 169
29 172
29 189
29 201
29 237
29 243
29 244
29 253
29 260
29 267
29 275
29 276
29 279
29 286
29 296
29 298
29 321
29 322
29 323
29 348
29 353
29 354
29 356
29 374
29 375
29 394
29 402
29 404
29 433
29 454
29 482
29 484
29 494
30 34
30 52
30 53
30 58
30 70
30 76
30 84
30 85
30 94
30 110
30 114
30 120
30 122
30 126
30 129
30 179
30 206
30 228
30 231
30 251
30 266
30 270
30 295
30 309
30 324
30 344
30 364
30 371
30 383
30 403
30 438
30 439
30 451
30 456
30 482
31 58
31 59
31 86
31 89
31 111
31 116
31 127
31 139
31 180
31 196
31 205
31 230
31 233
31 251
31 292
31 303
31 315
31 321
31 332
31 336
31 349
31 383
31 388
31 422
31 440
31 456
31 465
31 489
31 497
32 53
32 88
32 94
32 96
32 108
32 112
32 119
32 122
32 130
32 131
32 142
32 146
32 155
32 160
32 162
32 169
32 173
32 184
32 199
32 224
32 230
32 281
32 288
32 302
32 315
32 316
32 345
32 349
32 383
32 384
32 418
32 475
32 480
32 488
32 490
33 40
33 49
33 51
33 62
33 64
33 72
33 76
33 77
33 93
33 95
33 99
33 130
33 136
33 141
33 154
33 160
33 167
33 186
33 212
33 214
33 217
33 229
33 248
33 254
33 258
33 265
33 289
33 299
33 312
33 319
33 330
33 333
33 334
33 347
33 351
33 366
33 411
33 413
33 428
33 431
33 454
33 484
33 487
34 49
34 56
34 83
34 96
34 99
34 114
34 153
34 193
34 225
34 244
34 248
34 250
34 311
34 321
34 338
34 357
34 399
34 414
34 415
34 416
34 419
34 434
34 444
34 449
34 453
34 469
34 475
34 488
34 493
34 494
34 496
35 72
35 80
35 94
35 101
35 157
35 191
35 194
35 215
35 216
35 222
35 228
35 240
35 242
35 270
35 308
35 330
35 386
35 392
35 393
35 397
35 405
35 416
35 428
35 439
35 441
35 455
35 470
36 39
36 61
36 93
36 94
36 102
36 119
36 147
36 179
36 180
36 198
36 223
36 235
36 251
36 254
36 267
36 282
36 301
36 305
36 324
36 337
36 342
36 376
36 377
36 400
36 404
36 419
36 424
36 426
36 430
36 431
36 432
36 434
36 435
36 444
36 452
37 38
37 47
37 50
37 51
37 61
37 74
37 81
37 88
37 91
37 124
37 153
37 165
37 184
37 200
37 221
37 222
37 228
37 256
37 288
37 300
37 301
37 321
37 335
37 392
37 397
37 398
37 421
37 445
37 458
37 474
37 484
37 497
37 499
38 46
38 61
38 71
38 72
38 76
38 86
38 107
38 111
38 115
38 118
38 136
38 139
38 144
38 169
38 221
38 223
38 261
38 272
38 297
38 305
38 306
38 320
38 357
38 362
38 372
38 378
38 381
38 398
38 443
38 465
38 492
38 495
39 47
39 49
39 50
39 61
39 80
39 134
39 136
39 144
39 174
39 242
39 244
39 246
39 258
39 259
39 260
39 278
39 297
39 323
39 364
39 376
39 399
39 405
39 406
39 423
39 453
39 469
39 477
39 493
39 494
40 59
40 73
40 75
40 78
40 79
40 80
40 88
40 112
40 136
40 145
40 157
40 160
40 175
40 176
40 179
40 207
40 215
40 221
40 230
40 232
40 243
40 252
40 260
40 264
40 284
40 288
40 337
40 345
40 384
40 413
40 448
40 462
40 465
40 467
40 469
41 58
41 59
41 98
41 116
41 128
41 145
41 149
41 172
41 179
41 181
41 192
41 253
41 257
41 299
41 328
41 343
41 355
41 357
41 363
41 364
41 369
41 372
41 378
41 390
41 402
41 429
41 444
41 455
41 485
41 487
41 488
41 492
42 49
42 71
42 74
42 113
42 119
42 184
42 193
42 204
42 210
42 255
42 271
42 279
42 296
42 330
42 355
42 372
42 379
42 381
42 444
42 447
42 466
42 473
42 474
43 52
43 60
43 69
43 90
43 98
43 109
43 121
43 126
43 129
43 148
43 198
43 200
43 210
43 228
43 240
43 261
43 264
43 266
43 267
43 294
43 296
43 298
43 304
43 320
43 333
43 341
43 343
43 346
43 362
43 376
43 384
43 389
43 390
43 392
43 402
43 412
43 433
43 444
43 478
43 484
43 494
44 49
44 57
44 103
44 112
44 131
44 164
44 170
44 172
44 179
44 183
44 184
44 187
44 193
44 220
44 227
44 232
44 249
44 250
44 277
44 281
44 363
44 380
44 398
44 422
44 439
44 441
45 80
45 98
45 121
45 130
45 159
45 163
45 179
45 181
45 201
45 255
45 274
45 278
45 281
45 291
45 296
45 317
45 328
45 339
45 398
45 421
45 437
45 444
45 446
45 449
45 450
45 472
45 475
45 483
45 492
46 85
46 138
46 226
46 228
46 230
46 254
46 272
46 274
46 287
46 291
46 310
46 323
46 336
46 341
46 357
46 375
46 397
46 398
46 410
46 438
46 445
46 452
46 457
46 487
47 57
47 65
47 85
47 132
47 146
47 186
47 195
47 197
47 200
47 210
47 221
47 222
47 242
47 246
47 260
47 269
47 281
47 293
47 329
47 334
47 363
47 369
47 389
47 415
47 424
47 435
47 436
47 439
47 487
47 493
48 51
48 60
48 73
48 94
48 100
48 106
48 137
48 167
48 224
48 235
48 250
48 254
48 264
48 282
48 308
48 333
48 340
48 356
48 367
48 391
48 399
48 431
48 449
48 479
48 497
49 77
49 97
49 107
49 116
49 131
49 177
49 188
49 228
49 232
49 242
49 247
49 281
49 294
49 313
49 316
49 362
49 366
49 388
49 426
49 428
49 450
49 472
49 487
49 489
49 493
50 51
50 53
50 115
50 125
50 138
50 153
50 194
50 213
50 221
50 226
50 238
50 240
50 246
50 248
50 256
50 282
50 287
50 290
50 304
50 306
50 310
50 321
50 328
50 343
50 357
50 358
50 388
50 393
50 400
50 425
50 448
50 455
50 490
51 77
51 96
51 97
51 100
51 102
51 118
51 134
51 137
51 146
51 173
51 205
51 228
51 234
51 248
51 260
51 288
51 301
51 313
51 337
51 347
51 354
51 369
51 388
51 396
51 408
51 452
51 454
51 464
51 471
51 481
51 485
51 486
51 494
51 497
52 64
52 65
52 106
52 108
52 135
52 231
52 282
52 292
52 304
52 330
52 333
52 343
52 370
52 399
52 407
52 435
52 439
52 448
52 487
53 80
53 108
53 125
53 139
53 155
53 159
53 163
53 168
53 204
53 234
53 243
53 249
53 262
53 284
53 290
53 298
53 326
53 355
53 370
53 386
53 387
53 396
53 405
53 435
53 449
53 488
54 68
54 72
54 76
54 83
54 153
54 162
54 165
54 171
54 184
54 192
54 193
54 202
54 218
54 241
54 296
54 310
54 319
54 334
54 365
54 377
54 389
54 402
54 404
54 428
54 442
54 479
55 70
55 80
55 86
55 94
55 108
55 110
55 121
55 124
55 155
55 172
55 184
55 191
55 192
55 196
55 215
55 217
55 236
55 244
55 266
55 307
55 310
55 311
55 346
55 353
55 381
55 383
55 407
55 414
55 415
55 438
55 440
55 465
55 481
55 486
55 497
56 77
56 80
56 88
56 98
56 124
56 125
56 126
56 138
56 139
56 153
56 184
56 194
56 202
56 204
56 220
56 238
56 250
56 260
56 278
56 291
56 304
56 307
56 308
56 339
56 346
56 349
56 381
56 391
56 405
56 419
56 421
56 438
56 447
56 452
56 464
56 477
56 499
57 60
57 66
57 105
57 107
57 110
57 112
57 123
57 126
57 135
57 155
57 162
57 171
57 191
57 207
57 284
57 340
57 351
57 362
57 372
57 377
57 382
57 383
57 384
57 390
57 427
57 458
57 466
57 467
57 481
58 63
58 84
58 121
58 123
58 128
58 134
58 137
58 172
58 207
58 222
58 224
58 226
58 233
58 264
58 266
58 278
58 305
58 320
58 351
58 354
58 360
58 373
58 387
58 447
58 456
58 467
59 82
59 100
59 106
59 120
59 199
59 207
59 234
59 261
59 272
59 283
59 315
59 318
59 325
59 326
59 333
59 343
59 372
59 401
59 415
59 421
59 422
59 441
59 471
60 64
60 75
60 76
60 94
60 124
60 163
60 176
60 188
60 202
60 234
60 240
60 259
60 300
60 317
60 371
60 386
60 389
60 405
60 424
60 434
60 459
60 486
61 67
61 85
61 105
61 119
61 123
61 139
61 143
61 146
61 151
61 164
61 188
61 205
61 211
61 225
61 227
61 251
61 258
61 311
61 320
61 363
61 390
61 446
61 491
62 65
62 73
62 84
62 88
62 90
62 112
62 123
62 126
62 153
62 160
62 175
62 176
62 180
62 184
62 187
62 196
62 200
62 212
62 257
62 261
62 263
62 279
62 286
62 308
62 309
62 323
62 324
62 403
62 416
62 417
62 435
62 439
62 453
62 461
62 463
62 465
62 491
63 65
63 75
63 76
63 134
63 150
63 153
63 155
63 175
63 200
63 205
63 252
63 254
63 276
63 278
63 287
63 288
63 298
63 305
63 309
63 368
63 369
63 393
63 447
63 468
63 470
63 477
63 492
64 68
64 72
64 84
64 93
64 115
64 135
64 146
64 185
64 200
64 214
64 218
64 221
64 241
64 244
64 256
64 259
64 285
64 294
64 306
64 307
64 316
64 345
64 357
64 361
64 373
64 400
64 424
64 434
64 446
64 452
64 466
64 475
65 75
65 78
65 96
65 107
65 162
65 179
65 186
65 197
65 202
65 207
65 224
65 247
65 250
65 254
65 269
65 270
65 271
65 282
65 296
65 312
65 342
65 347
65 446
65 455
65 483
66 77
66 102
66 104
66 130
66 168
66 169
66 178
66 186
66 187
66 197
66 203
66 210
66 215
66 252
66 253
66 254
66 266
66 288
66 299
66 316
66 332
66 360
66 366
66 406
66 425
66 460
66 461
66 467
66 485
66 488
67 69
67 76
67 90
67 119
67 120
67 134
67 135
67 136
67 150
67 162
67 164
67 172
67 182
67 214
67 236
67 250
67 260
67 310
67 313
67 314
67 344
67 360
67 363
67 398
67 399
67 419
68 85
68 102
68 108
68 122
68 128
68 167
68 211
68 240
68 273
68 285
68 289
68 290
68 312
68 319
68 326
68 330
68 332
68 337
68 340
68 346
68 397
68 405
68 441
68 442
68 446
68 482
68 498
69 72
69 75
69 76
69 88
69 97
69 106
69 115
69 116
69 130
69 146
69 154
69 161
69 166
69 171
69 174
69 184
69 185
69 193
69 222
69 228
69 242
69 278
69 321
69 326
69 340
69 362
69 387
69 414
69 420
69 434
69 484
69 498
70 73
70 79
70 95
70 127
70 148
70 189
70 190
70 207
70 210
70 237
70 255
70 296
70 307
70 336
70 344
70 356
70 361
70 367
70 390
70 410
70 426
70 435
70 436
70 445
70 465
70 486
70 489
70 494
71 73
71 92
71 96
71 101
71 112
71 128
71 137
71 186
71 219
71 231
71 236
71 279
71 294
71 303
71 304
71 305
71 326
71 332
71 334
71 353
71 374
71 386
71 391
71 399
71 417
71 452
71 474
71 488
72 73
72 85
72 88
72 108
72 120
72 136
72 139
72 145
72 190
72 194
72 206
72 220
72 235
72 289
72 294
72 296
72 312
72 324
72 325
72 326
72 353
72 360
72 367
72 375
72 376
72 407
72 411
72 416
72 443
73 77
73 78
73 79
73 109
73 130
73 134
73 137
73 149
73 174
73 206
73 280
73 290
73 300
73 317
73 338
73 364
73 370
73 383
73 399
73 405
73 416
73 419
73 445
73 457
73 463
74 78
74 80
74 87
74 89
74 92
74 114
74 118
74 140
74 142
74 160
74 166
74 200
74 205
74 222
74 231
74 240
74 273
74 274
74 298
74 299
74 302
74 307
74 319
74 327
74 336
74 342
74 374
74 376
74 402
74 416
74 417
74 433
74 437
74 443
74 474
74 476
75 86
75 121
75 162
75 165
75 203
75 253
75 257
75 304
75 306
75 327
75 344
75 349
75 364
75 372
75 391
75 435
75 440
75 453
75 470
75 471
75 475
76 94
76 102
76 117
76 128
76 145
76 162
76 176
76 178
76 185
76 189
76 196
76 237
76 251
76 257
76 278
76 281
76 304
76 308
76 311
76 326
76 342
76 355
76 382
76 406
76 419
76 422
76 435
76 437
76 469
76 476
76 486
77 79
77 111
77 116
77 128
77 151
77 154
77 174
77 177
77 184
77 187
77 194
77 196
77 199
77 220
77 221
77 240
77 242
77 253
77 260
77 265
77 276
77 281
77 300
77 330
77 346
77 375
77 376
77 382
77 385
77 387
77 402
77 406
77 426
77 440
77 460
77 461
78 90
78 96
78 101
78 103
78 114
78 122
78 136
78 147
78 148
78 164
78 189
78 231
78 278
78 315
78 324
78 330
78 349
78 359
78 367
78 382
78 384
78 395
78 405
78 413
78 427
78 428
78 431
78 432
78 440
78 444
78 482
79 87
79 100
79 109
79 116
79 120
79 128
79 149
79 183
79 197
79 198
79 204
79 214
79 217
79 238
79 250
79 293
79 325
79 348
79 353
79 357
79 360
79 366
79 374
79 376
79 385
79 388
79 408
79 411
79 432
79 445
79 447
79 457
79 477
79 478
79 480
79 481
80 84
80 99
80 104
80 105
80 116
80 162
80 170
80 176
80 182
80 204
80 212
80 213
80 221
80 229
80 247
80 270
80 317
80 320
80 343
80 352
80 382
80 406
80 420
80 457
80 472
80 473
80 481
80 490
80 496
81 99
81 185
81 193
81 204
81 228
81 271
81 327
81 347
81 415
81 417
81 431
81 451
81 459
81 464
81 467
81 480
82 83
82 86
82 93
82 108
82 111
82 129
82 142
82 144
82 162
82 211
82 220
82 221
82 235
82 252
82 253
82 268
82 276
82 289
82 293
82 307
82 349
82 350
82 358
82 374
82 388
82 447
82 451
82 452
82 460
82 465
82 468
82 470
82 473
83 86
83 91
83 99
83 101
83 104
83 120
83 147
83 153
83 159
83 185
83 190
83 227
83 231
83 253
83 257
83 265
83 266
83 273
83 291
83 375
83 381
83 415
83 441
83 456
83 481
83 484
83 487
84 124
84 193
84 194
84 214
84 217
84 221
84 242
84 257
84 269
84 279
84 283
84 302
84 335
84 339
84 366
84 401
84 415
84 440
84 453
84 466
84 471
84 481
84 494
85 108
85 115
85 125
85 177
85 185
85 209
85 231
85 249
85 250
85 261
85 273
85 279
85 289
85 294
85 302
85 308
85 337
85 370
85 386
85 387
85 390
85 410
85 411
85 441
85 478
85 498
86 87
86 90
86 114
86 125
86 149
86 150
86 170
86 209
86 265
86 275
86 282
86 307
86 320
86 321
86 324
86 367
86 373
86 379
86 394
86 403
86 409
86 444
86 455
86 477
86 484
87 92
87 100
87 101
87 103
87 124
87 140
87 147
87 148
87 150
87 170
87 183
87 186
87 213
87 215
87 228
87 243
87 253
87 261
87 272
87 296
87 305
87 306
87 313
87 327
87 340
87 350
87 365
87 384
87 398
87 402
87 440
87 448
87 455
87 468
87 479
87 487
87 496
88 132
88 133
88 137
88 138
88 142
88 155
88 156
88 158
88 166
88 178
88 195
88 214
88 229
88 261
88 280
88 283
88 287
88 291
88 333
88 336
88 348
88 378
88 382
88 395
88 410
88 413
88 418
88 435
88 436
88 440
88 453
88 481
89 102
89 113
89 140
89 151
89 152
89 173
89 174
89 178
89 192
89 200
89 252
89 266
89 288
89 308
89 317
89 322
89 323
89 330
89 364
89 369
89 382
89 433
89 443
89 446
89 458
90 104
90 116
90 154
90 157
90 165
90 197
90 213
90 226
90 235
90 238
90 252
90 282
90 285
90 289
90 300
90 311
90 314
90 317
90 329
90 330
90 348
90 352
90 363
90 365
90 370
90 372
90 376
90 386
90 398
90 403
90 415
90 422
90 445
90 468
90 478
90 479
90 481
90 484
91 110
91 115
91 125
91 134
91 148
91 153
91 181
91 183
91 213
91 227
91 243
91 263
91 272
91 322
91 326
91 335
91 361
91 375
91 435
91 456
91 473
91 483
91 484
91 493
92 95
92 111
92 122
92 162
92 202
92 206
92 235
92 251
92 269
92 284
92 288
92 311
92 330
92 346
92 368
92 371
92 399
92 433
92 470
92 481
93 96
93 116
93 141
93 148
93 149
93 214
93 215
93 264
93 291
93 297
93 321
93 344
93 356
93 360
93 374
93 404
93 445
93 457
93 469
93 474
93 486
93 487
94 98
94 100
94 106
94 127
94 162
94 189
94 192
94 194
94 196
94 199
94 235
94 236
94 239
94 247
94 268
94 277
94 288
94 336
94 370
94 382
94 384
94 406
94 409
94 431
94 443
94 448
94 464
94 471
95 105
95 117
95 145
95 157
95 161
95 168
95 192
95 196
95 222
95 225
95 229
95 241
95 272
95 276
95 288
95 294
95 299
95 303
95 309
95 329
95 336
95 340
95 377
95 390
95 391
95 433
95 441
95 444
95 462
95 465
95 469
95 477
95 492
95 499
96 178
96 181
96 191
96 194
96 203
96 216
96 235
96 240
96 242
96 249
96 255
96 286
96 296
96 299
96 341
96 345
96 359
96 364
96 388
96 394
96 397
96 420
96 423
96 444
96 448
96 466
96 489
97 129
97 144
97 207
97 208
97 220
97 276
97 281
97 285
97 298
97 316
97 329
97 340
97 348
97 379
97 382
97 387
97 396
97 409
97 419
97 456
97 459
97 468
97 479
97 487
98 103
98 111
98 120
98 121
98 142
98 150
98 160
98 171
98 215
98 217
98 246
98 276
98 288
98 336
98 342
98 363
98 365
98 373
98 374
98 385
98 412
98 439
98 462
98 474
98 490
99 112
99 140
99 160
99 174
99 175
99 193
99 203
99 205
99 212
99 231
99 232
99 233
99 242
99 258
99 262
99 304
99 367
99 377
99 380
99 382
99 391
99 400
99 437
99 439
99 450
99 472
99 480
99 487
99 488
100 102
100 108
100 111
100 126
100 141
100 161
100 169
100 190
100 208
100 249
100 295
100 300
100 355
100 382
100 397
100 419
100 425
100 431
100 438
100 448
100 450
100 453
100 460
100 463
100 466
100 491
101 102
101 105
101 106
101 163
101 169
101 184
101 195
101 197
101 199
101 201
101 226
101 228
101 235
101 239
101 262
101 286
101 316
101 331
101 364
101 391
101 392
101 402
101 418
101 419
101 476
101 480
101 491
102 129
102 141
102 153
102 165
102 181
102 186
102 196
102 205
102 210
102 213
102 258
102 266
102 269
102 276
102 322
102 335
102 362
102 381
102 393
102 416
102 420
102 433
102 445
102 454
102 464
102 474
102 484
102 485
102 489
102 495
102 497
103 109
103 113
103 142
103 152
103 192
103 210
103 227
103 232
103 234
103 241
103 251
103 277
103 279
103 286
103 312
103 336
103 361
103 398
103 442
103 445
103 459
103 464
103 498
104 108
104 118
104 144
104 159
104 165
104 186
104 214
104 225
104 226
104 240
104 241
104 244
104 246
104 274
104 279
104 283
104 291
104 311
104 318
104 327
104 331
104 407
104 441
104 447
104 455
104 470
104 472
104 475
105 116
105 140
105 148
105 165
105 166
105 171
105 182
105 192
105 227
105 243
105 291
105 306
105 310
105 352
105 367
105 376
105 401
105 418
105 421
105 423
105 437
105 447
105 451
105 478
105 489
106 123
106 141
106 142
106 184
106 191
106 203
106 225
106 251
106 257
106 276
106 284
106 290
106 301
106 315
106 329
106 349
106 352
106 402
106 410
106 446
106 449
106 471
106 479
107 117
107 124
107 125
107 132
107 167
107 168
107 195
107 200
107 217
107 239
107 240
107 254
107 281
107 293
107 299
107 312
107 334
107 342
107 347
107 357
107 385
107 429
107 460
107 478
107 481
107 489
107 494
107 495
108 112
108 131
108 138
108 140
108 170
108 185
108 198
108 205
108 221
108 258
108 269
108 270
108 296
108 321
108 335
108 340
108 352
108 371
108 372
108 393
108 399
108 402
108 417
108 442
108 477
109 114
109 140
109 146
109 192
109 204
109 217
109 223
109 303
109 322
109 325
109 339
109 385
109 394
109 412
109 429
109 447
109 477
109 490
110 132
110 134
110 147
110 153
110 169
110 193
110 201
110 206
110 207
110 209
110 216
110 229
110 284
110 301
110 311
110 346
110 350
110 359
110 364
110 367
110 382
110 396
110 414
110 423
110 426
110 438
110 443
110 462
110 474
111 116
111 128
111 143
111 148
111 150
111 190
111 240
111 242
111 250
111 264
111 292
111 299
111 329
111 330
111 350
111 355
111 359
111 368
111 384
111 396
111 421
111 422
111 428
111 435
111 441
111 486
111 492
111 495
112 119
112 127
112 168
112 180
112 208
112 216
112 221
112 242
112 265
112 279
112 304
112 305
112 308
112 320
112 357
112 372
112 382
112 403
112 486
112 492
112 499
113 137
113 157
113 217
113 255
113 265
113 267
113 281
113 288
113 292
113 314
113 318
113 339
113 345
113 363
113 367
113 368
113 371
113 384
113 391
113 393
113 396
113 398
113 407
113 414
113 450
113 456
113 468
113 481
113 483
113 489
114 128
114 133
114 154
114 158
114 169
114 203
114 235
114 247
114 298
114 341
114 370
114 374
114 397
114 408
114 434
114 437
114 446
114 451
114 460
114 484
115 149
115 157
115 165
115 168
115 184
115 194
115 207
115 223
115 224
115 231
115 238
115 243
115 245
115 253
115 276
115 277
115 286
115 287
115 299
115 303
115 310
115 321
115 325
115 345
115 359
115 396
115 402
115 410
115 411
115 458
115 466
115 471
116 126
116 148
116 158
116 186
116 196
116 199
116 209
116 248
116 254
116 262
116 294
116 302
116 336
116 339
116 353
116 356
116 369
116 411
116 423
116 453
116 462
116 488
117 118
117 124
117 127
117 136
117 152
117 158
117 195
117 209
117 219
117 224
117 244
117 247
117 285
117 305
117 320
117 324
117 325
117 340
117 347
117 357
117 364
117 377
117 392
117 396
117 397
117 398
117 423
117 432
117 440
117 446
117 466
117 493
117 499
118 134
118 140
118 153
118 160
118 170
118 187
118 192
118 193
118 203
118 213
118 272
118 281
118 283
118 284
118 294
118 297
118 310
118 341
118 352
118 353
118 357
118 383
118 391
118 395
118 408
118 409
118 414
118 416
118 427
118 441
118 462
118 464
118 467
118 468
118 488
118 491
119 147
119 171
119 196
119 214
119 216
119 217
119 264
119 275
119 284
119 295
119 320
119 347
119 389
119 397
119 401
119 404
119 409
119 412
119 413
119 440
119 454
120 121
120 145
120 153
120 171
120 172
120 183
120 188
120 195
120 219
120 222
120 226
120 273
120 280
120 301
120 310
120 327
120 359
120 367
120 384
120 401
120 409
120 414
120 417
120 418
120 437
120 446
120 448
120 483
120 485
121 134
121 155
121 200
121 260
121 265
121 309
121 317
121 322
121 328
121 339
121 340
121 398
121 415
121 423
121 445
121 464
121 484
121 497
122 147
122 160
122 199
122 211
122 245
122 249
122 274
122 291
122 304
122 338
122 348
122 364
122 371
122 407
122 410
122 411
122 440
122 455
122 471
122 485
122 486
123 157
123 163
123 166
123 176
123 180
123 203
123 213
123 216
123 217
123 221
123 255
123 258
123 267
123 289
123 318
123 329
123 350
123 353
123 358
123 359
123 376
123 378
123 397
123 402
123 414
123 425
123 435
123 450
123 466
123 474
123 475
123 487
123 497
124 132
124 142
124 146
124 168
124 240
124 243
124 253
124 254
124 266
124 269
124 270
124 279
124 293
124 309
124 321
124 323
124 339
124 353
124 359
124 372
124 381
124 382
124 384
124 387
124 395
124 416
124 432
124 452
124 455
125 128
125 169
125 172
125 217
125 227
125 267
125 276
125 286
125 289
125 294
125 295
125 300
125 301
125 305
125 323
125 328
125 331
125 337
125 338
125 398
125 411
125 433
125 480
126 163
126 200
126 212
126 213
126 227
126 235
126 259
126 308
126 316
126 328
126 331
126 333
126 334
126 343
126 355
126 374
126 381
126 412
126 429
126 431
126 436
126 449
126 455
126 456
126 467
126 482
126 485
127 142
127 143
127 171
127 173
127 175
127 186
127 232
127 240
127 270
127 298
127 317
127 379
127 388
127 407
127 408
127 419
127 429
127 432
127 434
127 460
127 461
127 486
127 490
127 496
128 142
128 143
128 169
128 183
128 186
128 192
128 198
128 217
128 226
128 237
128 242
128 243
128 256
128 266
128 277
128 282
128 283
128 284
128 294
128 299
128 300
128 301
128 331
128 346
128 386
128 392
128 393
128 397
128 413
128 452
128 455
128 459
128 465
128 489
129 133
129 148
129 171
129 192
129 250
129 257
129 266
129 286
129 291
129 301
129 332
129 340
129 369
129 374
129 380
129 382
129 387
129 394
129 409
129 432
129 436
129 449
129 454
129 471
129 485
129 491
130 149
130 155
130 189
130 241
130 250
130 267
130 271
130 272
130 274
130 276
130 296
130 299
130 328
130 333
130 355
130 412
130 416
130 420
130 426
130 433
130 434
130 463
130 467
130 480
131 147
131 159
131 168
131 181
131 196
131 226
131 234
131 241
131 251
131 253
131 271
131 272
131 276
131 294
131 344
131 346
131 352
131 354
131 370
131 379
131 399
131 421
131 424
131 435
131 440
131 450
131 456
131 472
132 133
132 141
132 172
132 176
132 183
132 213
132 243
132 259
132 279
132 281
132 298
132 332
132 351
132 396
132 406
132 411
132 417
132 427
132 428
132 456
132 467
132 472
132 473
132 482
132 495
133 135
133 141
133 174
133 190
133 203
133 209
133 214
133 218
133 220
133 222
133 253
133 279
133 297
133 314
133 317
133 325
133 326
133 339
133 344
133 359
133 364
133 365
133 409
133 412
133 447
133 449
133 460
133 487
134 142
134 160
134 168
134 170
134 177
134 194
134 222
134 242
134 248
134 252
134 254
134 262
134 280
134 287
134 345
134 411
134 413
134 420
134 425
134 429
134 436
134 447
134 450
134 462
134 469
134 490
134 494
135 142
135 153
135 160
135 181
135 190
135 224
135 251
135 266
135 289
135 293
135 299
135 302
135 323
135 324
135 349
135 352
135 367
135 380
135 384
135 396
135 401
135 411
135 418
135 426
135 433
135 451
135 454
135 475
135 498
136 137
136 142
136 152
136 162
136 181
136 210
136 222
136 240
136 255
136 261
136 274
136 284
136 312
136 326
136 332
136 339
136 353
136 356
136 397
136 409
136 440
136 460
136 464
136 498
137 138
137 161
137 162
137 163
137 166
137 168
137 185
137 201
137 202
137 217
137 229
137 231
137 237
137 283
137 284
137 307
137 326
137 328
137 340
137 361
137 373
137 391
137 392
137 396
137 405
137 416
137 417
137 437
137 465
137 466
137 472
137 490
137 493
138 148
138 151
138 152
138 154
138 178
138 179
138 188
138 195
138 206
138 207
138 215
138 225
138 250
138 251
138 252
138 268
138 271
138 277
138 282
138 309
138 320
138 336
138 341
138 375
138 391
138 395
138 442
138 443
138 458
138 463
139 157
139 158
139 184
139 189
139 211
139 215
139 224
139 232
139 235
139 243
139 267
139 289
139 318
139 325
139 358
139 363
139 371
139 398
139 412
139 417
139 429
139 431
139 441
139 449
139 479
139 486
140 149
140 160
140 176
140 180
140 214
140 224
140 229
140 259
140 263
140 276
140 277
140 288
140 293
140 307
140 315
140 323
140 356
140 364
140 366
140 369
140 373
140 398
140 409
140 427
140 434
140 438
140 439
140 481
140 487
141 142
141 144
141 153
141 156
141 169
141 170
141 185
141 189
141 194
141 212
141 257
141 262
141 273
141 279
141 295
141 322
141 324
141 341
141 355
141 362
141 390
141 396
141 404
141 405
141 428
141 460
141 461
141 462
141 485
141 499
142 170
142 182
142 184
142 188
142 223
142 245
142 258
142 270
142 272
142 305
142 306
142 315
142 323
142 346
142 377
142 406
142 411
142 442
142 453
142 473
142 496
143 144
143 151
143 157
143 166
143 173
143 175
143 199
143 213
143 216
143 227
143 265
143 282
143 284
143 329
143 353
143 363
143 373
143 405
143 426
143 434
143 436
143 490
144 151
144 159
144 176
144 191
144 219
144 287
144 295
144 299
144 305
144 307
144 317
144 324
144 334
144 355
144 413
144 470
144 491
145 152
145 162
145 169
145 193
145 203
145 225
145 256
145 301
145 308
145 314
145 338
145 371
145 395
145 398
145 415
145 428
145 433
145 441
145 446
146 161
146 201
146 204
146 208
146 220
146 224
146 225
146 271
146 276
146 318
146 325
146 331
146 332
146 368
146 372
146 394
146 399
146 414
146 435
146 437
146 449
146 472
146 494
147 152
147 206
147 213
147 214
147 259
147 262
147 263
147 274
147 281
147 290
147 311
147 332
147 362
147 408
147 416
147 445
147 469
147 477
147 478
147 487
148 153
148 157
148 164
148 168
148 184
148 187
148 191
148 203
148 240
148 264
148 273
148 283
148 286
148 289
148 300
148 311
148 322
148 324
148 337
148 343
148 354
148 356
148 369
148 379
148 380
148 398
148 402
148 424
148 433
148 440
148 493
148 496
149 183
149 222
149 226
149 254
149 256
149 260
149 281
149 289
149 303
149 308
149 326
149 333
149 337
149 358
149 373
149 378
149 382
149 397
149 412
149 414
149 430
149 440
149 449
149 450
149 463
149 476
149 479
150 177
150 214
150 215
150 242
150 248
150 267
150 270
150 286
150 308
150 328
150 341
150 349
150 356
150 364
150 368
150 369
150 394
150 403
150 413
150 425
150 427
150 458
151 196
151 210
151 220
151 254
151 255
151 262
151 264
151 267
151 269
151 270
151 292
151 321
151 330
151 331
151 335
151 338
151 360
151 392
151 406
151 420
151 425
151 447
151 462
151 481
151 485
151 496
152 193
152 200
152 234
152 235
152 289
152 291
152 298
152 299
152 308
152 368
152 381
152 386
152 405
152 407
152 439
153 162
153 172
153 182
153 203
153 206
153 208
153 253
153 255
153 279
153 280
153 286
153 289
153 294
153 299
153 316
153 319
153 337
153 340
153 343
153 355
153 371
153 410
153 417
153 434
153 441
153 443
153 478
153 480
153 486
153 487
153 490
154 159
154 201
154 243
154 265
154 269
154 271
154 281
154 329
154 345
154 362
154 382
154 383
154 393
154 452
154 489
154 494
154 499
155 161
155 175
155 178
155 180
155 216
155 220
155 224
155 237
155 266
155 279
155 294
155 301
155 312
155 314
155 335
155 378
155 379
155 384
155 393
155 404
155 405
155 413
155 467
155 491
156 162
156 194
156 195
156 252
156 255
156 290
156 315
156 318
156 341
156 342
156 344
156 378
156 386
156 393
156 403
156 408
156 433
156 436
156 448
156 457
156 488
157 179
157 213
157 252
157 274
157 277
157 289
157 327
157 331
157 344
157 372
157 374
157 452
157 470
157 471
157 478
158 163
158 196
158 199
158 209
158 211
158 225
158 229
158 232
158 259
158 272
158 277
158 284
158 285
158 286
158 302
158 309
158 314
158 365
158 389
158 391
158 410
158 424
158 430
158 434
158 449
159 172
159 189
159 214
159 233
159 247
159 248
159 255
159 257
159 260
159 278
159 290
159 325
159 326
159 333
159 334
159 350
159 373
159 391
159 395
159 397
159 427
159 447
159 470
159 487
160 162
160 200
160 207
160 210
160 211
160 226
160 233
160 261
160 318
160 323
160 331
160 366
160 420
160 422
160 425
160 431
160 437
161 170
161 187
161 188
161 192
161 208
161 230
161 232
161 233
161 277
161 292
161 293
161 309
161 320
161 332
161 407
161 428
161 448
161 489
162 164
162 189
162 191
162 215
162 224
162 227
162 253
162 294
162 310
162 316
162 351
162 359
162 400
162 409
162 415
162 463
162 466
162 481
163 168
163 181
163 201
163 228
163 229
163 234
163 244
163 255
163 273
163 299
163 309
163 318
163 322
163 326
163 330
163 335
163 348
163 377
163 392
163 399
163 402
163 413
163 425
163 446
163 455
163 458
163 469
163 470
164 201
164 231
164 267
164 270
164 272
164 358
164 362
164 379
164 447
164 450
164 454
164 492
165 176
165 189
165 192
165 210
165 212
165 233
165 241
165 265
165 277
165 279
165 319
165 358
165 412
165 413
165 425
165 441
165 460
165 489
165 490
165 493
165 499
166 172
166 176
166 190
166 195
166 197
166 202
166 206
166 231
166 248
166 261
166 269
166 302
166 303
166 304
166 313
166 315
166 329
166 331
166 354
166 355
166 361
166 367
166 375
166 404
166 413
166 439
166 447
166 473
166 480
166 485
167 169
167 182
167 204
167 240
167 314
167 325
167 329
167 345
167 348
167 356
167 401
167 413
167 431
167 432
167 456
167 464
168 169
168 173
168 182
168 195
168 204
168 208
168 256
168 262
168 282
168 290
168 296
168 314
168 316
168 326
168 327
168 341
168 346
168 353
168 355
168 380
168 404
168 421
168 424
168 435
168 439
168 460
168 464
168 490
169 185
169 189
169 191
169 212
169 222
169 257
169 288
169 365
169 367
169 384
169 406
169 411
169 420
169 422
169 441
169 444
169 491
170 193
170 202
170 212
170 225
170 229
170 236
170 242
170 263
170 270
170 278
170 289
170 300
170 303
170 306
170 316
170 350
170 387
170 405
170 413
170 419
170 426
170 427
170 436
170 445
170 450
170 451
170 452
170 454
170 464
170 476
170 489
170 497
171 229
171 240
171 244
171 253
171 268
171 299
171 317
171 325
171 327
171 339
171 340
171 352
171 358
171 368
171 388
171 412
171 424
171 436
171 458
171 476
171 486
171 492
171 497
172 175
172 243
172 252
172 253
172 290
172 310
172 313
172 331
172 334
172 382
172 384
172 390
172 396
172 455
172 458
172 463
172 481
172 491
172 498
173 185
173 195
173 271
173 281
173 286
173 289
173 322
173 324
173 338
173 340
173 353
173 355
173 358
173 427
173 434
173 436
173 439
173 452
173 456
173 457
173 459
173 465
173 468
173 481
173 496
174 178
174 196
174 205
174 220
174 227
174 298
174 321
174 334
174 339
174 353
174 367
174 377
174 396
174 410
174 446
174 458
174 479
174 483
175 176
175 182
175 193
175 194
175 213
175 219
175 223
175 236
175 239
175 241
175 298
175 327
175 354
175 359
175 376
175 388
175 423
175 427
175 437
175 451
175 463
175 465
175 473
175 492
176 182
176 191
176 193
176 212
176 226
176 240
176 245
176 265
176 276
176 278
176 285
176 295
176 298
176 330
176 331
176 333
176 367
176 368
176 376
176 380
176 388
176 433
176 439
176 489
177 197
177 218
177 230
177 249
177 259
177 273
177 285
177 297
177 346
177 350
177 367
177 389
177 402
177 411
177 422
177 429
177 472
178 181
178 208
178 211
178 251
178 260
178 271
178 281
178 293
178 295
178 303
178 347
178 363
178 367
178 376
178 405
178 418
178 458
178 466
179 185
179 188
179 190
179 203
179 209
179 217
179 219
179 222
179 254
179 285
179 297
179 316
179 335
179 363
179 367
179 382
179 399
179 409
179 412
179 415
179 426
179 429
179 459
179 469
179 485
179 489
180 187
180 202
180 212
180 239
180 242
180 259
180 289
180 299
180 323
180 324
180 331
180 336
180 357
180 359
180 370
180 385
180 405
180 413
180 415
180 422
180 425
180 431
180 454
180 481
180 484
180 485
180 489
181 236
181 245
181 255
181 267
181 283
181 294
181 298
181 350
181 369
181 383
181 385
181 396
181 397
181 403
181 418
181 428
181 429
181 469
181 475
181 478
181 493
182 184
182 188
182 196
182 233
182 272
182 298
182 336
182 337
182 349
182 357
182 365
182 370
182 384
182 393
182 425
182 495
183 205
183 211
183 217
183 244
183 270
183 285
183 317
183 320
183 322
183 382
183 391
183 403
183 458
183 475
183 477
184 186
184 199
184 227
184 237
184 242
184 248
184 266
184 273
184 296
184 298
184 301
184 304
184 320
184 331
184 339
184 353
184 384
184 408
184 421
184 422
184 428
184 442
184 443
184 454
184 470
184 495
184 499
185 193
185 210
185 214
185 261
185 266
185 272
185 290
185 303
185 310
185 325
185 330
185 352
185 374
185 423
185 432
185 451
185 497
186 199
186 245
186 251
186 253
186 270
186 298
186 317
186 324
186 328
186 332
186 371
186 397
186 417
186 429
186 441
186 445
186 456
186 457
187 189
187 197
187 251
187 257
187 281
187 293
187 294
187 302
187 303
187 308
187 309
187 317
187 337
187 347
187 372
187 394
187 399
187 412
187 433
187 445
187 448
187 493
187 499
188 208
188 223
188 240
188 254
188 256
188 258
188 260
188 311
188 313
188 342
188 364
188 415
188 430
188 458
188 467
188 468
188 473
188 475
188 489
189 192
189 194
189 200
189 216
189 219
189 222
189 229
189 235
189 262
189 286
189 291
189 296
189 327
189 346
189 354
189 357
189 372
189 408
189 437
189 447
189 452
189 456
189 464
189 477
190 213
190 221
190 229
190 254
190 303
190 315
190 344
190 353
190 358
190 390
190 392
190 405
190 428
190 434
190 457
190 473
190 478
190 489
190 496
191 194
191 206
191 208
191 225
191 266
191 297
191 325
191 330
191 331
191 344
191 347
191 349
191 356
191 357
191 377
191 396
191 410
191 417
191 420
191 448
191 457
192 200
192 209
192 213
192 216
192 245
192 260
192 261
192 263
192 273
192 279
192 297
192 320
192 348
192 350
192 351
192 360
192 363
192 401
192 414
192 420
192 421
192 434
192 441
192 452
192 458
192 461
192 465
192 473
192 476
193 199
193 206
193 211
193 231
193 245
193 250
193 253
193 269
193 289
193 290
193 301
193 320
193 372
193 374
193 387
193 398
193 406
193 417
193 453
193 466
194 218
194 225
194 227
194 231
194 255
194 256
194 261
194 262
194 270
194 272
194 275
194 285
194 287
194 291
194 299
194 300
194 322
194 329
194 358
194 381
194 393
194 403
194 421
194 422
194 431
194 436
194 490
194 497
195 213
195 220
195 235
195 238
195 241
195 254
195 259
195 265
195 286
195 353
195 357
195 361
195 367
195 374
195 403
195 412
195 422
195 424
195 433
195 437
195 453
195 476
195 483
196 236
196 241
196 257
196 264
196 279
196 282
196 301
196 308
196 320
196 349
196 385
196 396
196 397
196 428
196 466
196 478
196 485
196 491
197 215
197 217
197 228
197 246
197 259
197 262
197 277
197 293
197 333
197 380
197 445
197 457
197 460
197 463
197 468
197 470
198 238
198 241
198 250
198 258
198 270
198 275
198 284
198 288
198 297
198 337
198 342
198 348
198 359
198 361
198 367
198 380
198 388
198 397
198 404
198 425
198 431
198 448
198 450
198 452
198 460
198 466
199 217
199 219
199 221
199 284
199 292
199 293
199 344
199 354
199 403
199 404
199 414
199 423
199 429
199 435
199 479
199 480
199 499
200 220
200 258
200 265
200 323
200 330
200 350
200 352
200 374
200 397
200 404
200 405
200 441
200 468
200 470
201 217
201 219
201 223
201 225
201 227
201 229
201 262
201 284
201 297
201 341
201 347
201 349
201 363
201 364
201 374
201 390
201 392
201 397
201 409
201 436
201 439
201 457
201 481
201 487
201 488
201 499
202 226
202 292
202 302
202 303
202 310
202 315
202 329
202 364
202 373
202 377
202 382
202 409
202 434
202 464
202 473
202 482
202 488
202 491
203 213
203 219
203 221
203 233
203 240
203 241
203 243
203 249
203 261
203 273
203 290
203 306
203 313
203 327
203 337
203 368
203 370
203 401
203 417
203 433
203 464
203 494
204 234
204 244
204 258
204 281
204 292
204 302
204 305
204 325
204 345
204 378
204 414
204 416
204 422
204 428
204 432
204 436
204 450
204 456
204 457
204 490
205 208
205 212
205 225
205 226
205 253
205 266
205 268
205 273
205 278
205 281
205 295
205 297
205 306
205 341
205 350
205 368
205 389
205 423
205 452
205 476
205 477
205 479
205 489
206 208
206 257
206 267
206 270
206 280
206 293
206 295
206 302
206 312
206 323
206 330
206 331
206 356
206 362
206 381
206 417
206 418
206 426
206 428
206 430
206 449
206 468
207 221
207 249
207 267
207 282
207 294
207 300
207 303
207 324
207 329
207 335
207 349
207 360
207 366
207 423
207 434
207 436
207 475
207 494
207 499
208 229
208 243
208 316
208 342
208 355
208 374
208 391
208 394
208 397
208 411
208 449
208 454
208 456
208 485
209 222
209 243
209 286
209 303
209 304
209 306
209 330
209 332
209 372
209 384
209 385
209 396
209 407
209 409
209 410
209 411
209 443
209 454
209 464
209 495
210 251
210 263
210 271
210 279
210 286
210 301
210 310
210 337
210 345
210 349
210 357
210 358
210 368
210 370
210 395
210 407
210 425
210 451
210 464
210 478
210 488
210 490
211 218
211 226
211 258
211 261
211 263
211 274
211 300
211 303
211 305
211 340
211 342
211 344
211 422
211 438
211 453
211 462
211 486
211 491
211 492
212 216
212 221
212 222
212 240
212 296
212 307
212 328
212 354
212 367
212 369
212 384
212 434
212 435
212 462
212 485
212 490
213 254
213 270
213 281
213 282
213 297
213 303
213 311
213 338
213 346
213 349
213 357
213 367
213 373
213 396
213 399
213 415
213 443
213 456
213 463
213 485
213 492
213 496
214 223
214 234
214 243
214 311
214 334
214 361
214 366
214 397
214 418
214 454
214 470
214 473
214 478
214 493
215 241
215 246
215 269
215 286
215 293
215 313
215 323
215 358
215 364
215 384
215 391
215 393
215 422
215 441
215 442
215 443
215 464
215 474
215 491
215 493
215 494
216 219
216 227
216 234
216 238
216 249
216 251
216 255
216 278
216 289
216 300
216 306
216 314
216 337
216 338
216 349
216 351
216 354
216 355
216 358
216 360
216 363
216 372
216 382
216 414
216 431
216 432
216 440
216 447
216 453
216 454
216 462
216 491
217 254
217 272
217 285
217 320
217 345
217 390
217 407
217 414
217 424
217 448
217 457
217 471
217 473
217 477
217 481
218 220
218 255
218 299
218 303
218 307
218 328
218 360
218 370
218 397
218 399
218 401
218 410
218 412
218 418
218 431
218 446
218 470
218 487
218 493
219 225
219 242
219 264
219 266
219 271
219 286
219 314
219 334
219 340
219 341
219 350
219 363
219 375
219 376
219 387
219 392
219 400
219 409
219 439
219 448
219 452
219 454
219 475
219 483
220 221
220 237
220 240
220 247
220 252
220 267
220 279
220 286
220 287
220 290
220 293
220 298
220 321
220 358
220 369
220 394
220 404
220 423
220 425
220 440
220 455
220 466
220 470
220 471
220 479
220 489
221 248
221 273
221 277
221 284
221 326
221 361
221 375
221 387
221 396
221 417
221 434
221 435
221 447
221 474
221 482
221 491
222 232
222 238
222 256
222 285
222 288
222 312
222 326
222 351
222 378
222 384
222 438
222 443
222 471
222 478
222 480
223 228
223 244
223 247
223 269
223 282
223 284
223 293
223 325
223 331
223 333
223 359
223 365
223 378
223 387
223 388
223 390
223 420
223 480
224 231
224 243
224 260
224 265
224 275
224 287
224 298
224 308
224 312
224 319
224 406
224 416
224 450
224 454
224 459
224 472
224 473
224 479
224 486
225 233
225 234
225 236
225 245
225 249
225 254
225 289
225 305
225 312
225 332
225 340
225 354
225 356
225 377
225 378
225 381
225 383
225 407
225 448
225 472
225 488
226 244
226 257
226 288
226 292
226 293
226 310
226 327
226 353
226 358
226 398
226 421
226 430
226 444
226 459
226 481
227 267
227 295
227 336
227 344
227 353
227 384
227 405
227 410
227 423
227 431
227 441
227 449
227 476
227 478
228 254
228 262
228 269
228 305
228 311
228 340
228 352
228 357
228 361
228 363
228 368
228 372
228 387
228 433
228 435
228 441
228 452
228 472
228 478
228 485
229 255
229 265
229 266
229 278
229 279
229 282
229 300
229 304
229 319
229 334
229 339
229 353
229 355
229 360
229 368
229 375
229 388
229 393
229 394
229 395
229 415
229 417
229 421
229 422
229 426
229 438
229 471
230 234
230 235
230 264
230 267
230 280
230 282
230 315
230 319
230 352
230 356
230 384
230 389
230 407
230 417
230 423
230 446
230 447
230 450
230 457
230 476
231 266
231 272
231 275
231 294
231 302
231 310
231 317
231 351
231 369
231 400
231 402
231 412
231 417
231 440
231 447
231 448
232 247
232 282
232 314
232 320
232 321
232 324
232 371
232 390
232 442
232 473
233 240
233 246
233 262
233 267
233 274
233 310
233 317
233 326
233 332
233 349
233 354
233 388
233 414
233 431
233 453
233 460
233 482
233 484
233 485
233 496
234 244
234 245
234 265
234 288
234 289
234 338
234 371
234 372
234 380
234 405
234 413
234 431
234 459
234 473
234 481
234 490
235 239
235 249
235 257
235 264
235 272
235 291
235 360
235 389
235 397
235 432
235 435
235 439
235 455
235 472
235 492
235 493
235 498
236 267
236 274
236 280
236 301
236 304
236 308
236 309
236 310
236 313
236 315
236 318
236 319
236 343
236 347
236 356
236 363
236 369
236 381
236 388
236 390
236 404
236 450
236 463
236 486
237 255
237 256
237 257
237 259
237 262
237 267
237 271
237 278
237 286
237 292
237 300
237 303
237 333
237 382
237 406
237 410
237 443
237 444
237 450
237 468
237 481
237 492
238 252
238 289
238 311
238 317
238 325
238 346
238 347
238 353
238 360
238 363
238 384
238 389
238 394
238 409
238 416
238 420
238 458
238 460
238 486
238 490
238 499
239 244
239 248
239 282
239 285
239 301
239 363
239 375
239 381
239 414
239 427
239 431
239 462
239 466
239 485
240 242
240 256
240 259
240 262
240 263
240 273
240 283
240 295
240 309
240 336
240 337
240 363
240 388
240 400
240 424
240 432
240 464
240 493
240 498
240 499
241 274
241 310
241 338
241 340
241 361
241 383
241 393
241 405
241 419
241 426
241 439
241 480
241 489
242 255
242 273
242 357
242 362
242 386
242 396
242 399
242 412
242 415
242 445
242 465
242 470
242 474
242 476
242 486
242 488
242 499
243 270
243 283
243 313
243 318
243 325
243 369
243 391
243 407
243 411
243 450
243 452
243 467
243 474
243 491
243 493
244 266
244 268
244 294
244 345
244 350
244 361
244 363
244 367
244 388
244 433
244 461
244 481
245 294
245 303
245 315
245 330
245 341
245 355
245 376
245 388
245 406
245 409
245 431
245 459
245 468
245 469
245 483
245 492
246 254
246 265
246 293
246 296
246 301
246 302
246 315
246 324
246 331
246 335
246 366
246 383
246 385
246 392
246 477
247 258
247 261
247 296
247 305
247 315
247 332
247 356
247 365
247 379
247 391
247 404
247 435
247 436
247 456
247 460
247 465
247 490
248 258
248 267
248 276
248 300
248 318
248 321
248 329
248 334
248 343
248 351
248 352
248 358
248 379
248 408
248 409
248 446
248 456
248 464
248 471
248 476
248 485
248 491
248 499
249 250
249 270
249 275
249 278
249 279
249 302
249 322
249 336
249 339
249 353
249 355
249 364
249 403
249 418
249 450
249 461
249 486
250 251
250 266
250 285
250 292
250 295
250 296
250 310
250 316
250 360
250 361
250 440
250 442
250 452
250 465
250 483
251 282
251 291
251 296
251 326
251 374
251 378
251 385
251 389
251 418
251 466
251 480
251 497
252 254
252 266
252 271
252 276
252 279
252 284
252 287
252 314
252 315
252 319
252 321
252 326
252 329
252 348
252 356
252 366
252 376
252 392
252 393
252 403
252 404
252 407
252 408
252 418
252 424
252 480
252 485
252 492
253 262
253 287
253 288
253 292
253 330
253 332
253 357
253 366
253 382
253 390
253 421
253 449
253 461
253 475
254 257
254 260
254 269
254 297
254 303
254 309
254 322
254 332
254 369
254 381
254 386
254 389
254 397
254 401
254 409
254 414
254 416
254 427
254 431
254 446
254 477
254 478
254 481
254 496
255 268
255 291
255 293
255 300
255 308
255 311
255 339
255 348
255 373
255 374
255 380
255 400
255 402
255 463
255 464
255 480
255 485
255 489
255 493
256 270
256 284
256 286
256 294
256 317
256 330
256 335
256 343
256 351
256 356
256 378
256 411
256 413
256 421
256 424
256 441
256 444
256 460
256 477
257 261
257 307
257 308
257 311
257 317
257 342
257 367
257 393
257 408
257 416
257 422
257 426
257 437
257 456
257 459
257 486
258 276
258 291
258 292
258 303
258 309
258 336
258 346
258 374
258 379
258 382
258 385
258 387
258 388
258 474
258 480
259 269
259 283
259 296
259 302
259 308
259 309
259 310
259 313
259 334
259 338
259 353
259 366
259 385
259 397
259 405
259 409
259 426
259 439
259 453
259 483
259 495
260 299
260 302
260 313
260 324
260 335
260 337
260 341
260 379
260 380
260 386
260 392
260 402
260 407
260 418
260 430
260 439
260 450
260 479
260 497
261 262
261 268
261 288
261 325
261 332
261 372
261 394
261 404
261 418
261 427
261 434
261 457
261 471
261 490
262 266
262 267
262 281
262 286
262 332
262 373
262 374
262 376
262 418
262 425
262 443
262 456
262 467
262 472
263 268
263 277
263 297
263 315
263 352
263 361
263 363
263 377
263 379
263 383
263 384
263 386
263 409
263 421
263 422
263 435
263 439
263 446
263 448
263 457
263 458
263 467
263 484
263 498
264 281
264 286
264 295
264 296
264 319
264 330
264 361
264 379
264 387
264 391
264 400
264 410
264 418
264 422
264 451
264 458
264 460
264 472
264 474
264 475
264 482
265 285
265 296
265 298
265 303
265 308
265 316
265 323
265 351
265 398
265 437
265 439
265 453
265 465
266 282
266 285
266 303
266 334
266 337
266 344
266 359
266 365
266 367
266 378
266 393
266 400
266 414
266 424
266 429
266 444
266 446
266 456
266 478
266 484
266 499
267 284
267 294
267 342
267 344
267 354
267 372
267 375
267 395
267 405
267 410
267 421
267 428
267 457
267 459
267 466
267 491
267 495
267 496
268 292
268 310
268 312
268 318
268 321
268 322
268 330
268 345
268 350
268 385
268 387
268 389
268 396
268 403
268 415
268 435
268 477
268 480
269 272
269 280
269 284
269 301
269 312
269 339
269 342
269 381
269 385
269 390
269 397
269 411
269 427
269 434
269 435
269 439
269 440
269 449
269 457
270 289
270 327
270 328
270 367
270 410
270 412
270 441
270 466
270 497
271 284
271 294
271 295
271 303
271 314
271 318
271 336
271 338
271 343
271 350
271 351
271 363
271 377
271 382
271 384
271 393
271 395
271 404
271 410
271 423
271 426
271 438
271 468
271 475
271 498
272 280
272 285
272 286
272 297
272 306
272 310
272 317
272 376
272 403
272 406
272 410
272 475
272 479
272 482
272 492
272 499
273 276
273 287
273 311
273 317
273 330
273 342
273 343
273 348
273 349
273 359
273 380
273 387
273 466
274 279
274 299
274 302
274 311
274 356
274 371
274 373
274 380
274 446
274 482
274 484
274 498
275 296
275 339
275 343
275 344
275 363
275 376
275 382
275 384
275 388
275 395
275 406
275 433
275 441
275 448
275 451
275 452
275 453
275 454
275 464
275 478
275 481
275 484
275 498
276 334
276 372
276 414
276 418
276 442
276 445
276 461
276 477
276 478
276 497
276 498
277 294
277 321
277 339
277 375
277 392
277 393
277 434
277 440
277 451
277 454
277 464
277 483
277 489
278 303
278 307
278 324
278 328
278 329
278 331
278 332
278 346
278 356
278 360
278 392
278 407
278 433
278 439
278 452
278 456
278 493
279 284
279 296
279 301
279 308
279 328
279 329
279 354
279 373
279 375
279 387
279 394
279 397
279 410
279 421
279 424
279 442
279 457
279 460
279 470
279 484
279 499
280 307
280 338
280 340
280 355
280 448
280 450
281 284
281 289
281 293
281 305
281 307
281 329
281 336
281 342
281 364
281 398
281 403
281 431
281 472
281 488
281 498
282 305
282 306
282 338
282 355
282 368
282 440
283 297
283 298
283 327
283 344
283 358
283 365
283 381
283 456
283 459
283 466
283 477
283 479
283 497
283 499
284 288
284 290
284 301
284 310
284 314
284 319
284 324
284 361
284 370
284 380
284 389
284 390
284 410
284 459
284 479
284 486
284 495
284 497
285 293
285 304
285 306
285 308
285 330
285 333
285 447
285 450
285 457
285 462
285 463
285 477
286 288
286 295
286 303
286 311
286 328
286 335
286 347
286 358
286 363
286 365
286 372
286 380
286 383
286 392
286 398
286 405
286 415
286 424
286 428
286 433
286 440
286 445
286 456
286 471
286 481
286 482
287 288
287 291
287 296
287 297
287 350
287 355
287 362
287 368
287 371
287 373
287 397
287 417
288 293
288 303
288 316
288 333
288 334
288 353
288 361
288 370
288 379
288 393
288 406
288 430
288 442
288 443
288 450
288 460
288 475
288 476
288 483
288 492
289 296
289 306
289 338
289 343
289 349
289 362
289 380
289 381
289 387
289 394
289 395
289 396
289 401
289 419
289 437
289 438
289 439
289 444
289 461
289 482
289 494
289 496
290 303
290 312
290 313
290 325
290 367
290 389
290 390
290 400
290 405
290 414
290 463
290 481
290 487
291 317
291 324
291 336
291 341
291 355
291 371
291 375
291 382
291 441
291 443
291 445
291 448
291 460
291 497
292 293
292 305
292 330
292 338
292 355
292 372
292 373
292 395
292 430
292 434
292 492
292 494
293 298
293 302
293 309
293 325
293 340
293 349
293 350
293 357
293 358
293 359
293 363
293 371
293 387
293 388
293 422
293 443
293 453
293 454
293 457
293 467
293 476
293 479
293 482
293 494
294 336
294 385
294 398
294 409
294 414
294 419
294 428
294 451
294 460
294 464
294 472
294 498
295 310
295 312
295 313
295 340
295 342
295 359
295 363
295 367
295 393
295 397
295 400
295 426
295 435
295 482
295 494
296 304
296 317
296 380
296 403
296 407
296 421
296 424
296 452
296 478
296 481
297 301
297 317
297 326
297 354
297 408
297 422
297 428
297 438
297 451
297 465
298 301
298 338
298 344
298 351
298 368
298 398
298 414
298 435
298 436
298 439
298 455
298 468
298 472
299 300
299 315
299 328
299 344
299 357
299 362
299 380
299 408
299 443
299 449
299 454
299 456
299 474
299 497
300 306
300 309
300 313
300 317
300 321
300 388
300 392
300 397
300 419
300 426
300 458
300 463
300 465
300 489
300 494
300 499
301 342
301 349
301 351
301 372
301 399
301 401
301 406
301 416
301 419
301 432
301 442
301 488
302 311
302 318
302 326
302 338
302 342
302 343
302 361
302 364
302 371
302 372
302 374
302 386
302 390
302 393
302 404
302 436
302 463
302 467
302 483
302 497
303 308
303 309
303 311
303 358
303 366
303 381
303 389
303 401
303 405
303 425
303 426
303 428
303 444
303 446
303 471
303 478
303 488
303 493
304 310
304 313
304 330
304 333
304 340
304 341
304 401
304 403
304 409
304 412
304 418
304 453
304 462
304 479
304 486
304 491
304 493
305 340
305 357
305 360
305 376
305 386
305 396
305 401
305 419
305 431
305 471
305 483
305 486
306 309
306 318
306 333
306 338
306 342
306 344
306 376
306 388
306 401
306 411
306 424
306 425
306 446
306 454
306 460
306 471
306 479
307 316
307 327
307 332
307 339
307 344
307 373
307 395
307 407
307 419
307 423
307 435
307 481
307 499
308 327
308 329
308 331
308 333
308 347
308 363
308 368
308 386
308 413
308 416
308 444
308 448
308 451
308 455
308 484
309 327
309 334
309 343
309 347
309 348
309 358
309 364
309 385
309 400
309 412
309 414
309 418
309 420
309 422
309 424
309 427
309 431
309 432
309 434
309 442
309 452
309 477
309 488
309 496
310 321
310 334
310 345
310 371
310 375
310 378
310 393
310 397
310 425
310 427
310 428
310 429
310 474
310 497
311 331
311 339
311 362
311 438
311 449
311 454
311 460
311 491
312 409
312 424
312 425
312 429
312 433
312 449
312 474
312 491
313 328
313 342
313 361
313 371
313 399
313 403
313 441
313 460
313 493
314 330
314 335
314 372
314 375
314 387
314 412
314 416
314 438
314 468
314 487
314 490
314 498
315 320
315 338
315 363
315 381
315 427
315 439
315 488
315 490
315 496
316 351
316 365
316 368
316 372
316 386
316 394
316 412
316 442
316 448
316 489
317 349
317 366
317 394
317 398
317 399
317 411
317 420
317 425
317 435
317 450
317 460
317 473
317 488
318 338
318 418
318 419
318 423
318 452
318 454
318 461
318 471
318 472
319 333
319 347
319 362
319 367
319 376
319 382
319 412
319 430
319 432
319 440
319 460
319 465
319 475
320 329
320 330
320 331
320 333
320 340
320 359
320 382
320 393
320 421
320 438
320 453
320 494
321 329
321 348
321 363
321 368
321 372
321 384
321 386
321 387
321 407
321 415
321 416
321 443
321 473
321 491
321 492
321 498
322 328
322 330
322 334
322 351
322 353
322 359
322 364
322 390
322 391
322 416
322 429
322 436
322 437
322 473
322 479
323 326
323 327
323 333
323 341
323 363
323 366
323 375
323 400
323 444
323 459
323 494
324 346
324 355
324 368
324 409
324 410
324 419
324 422
324 425
324 430
324 485
325 332
325 334
325 348
325 355
325 360
325 371
325 372
325 379
325 442
325 466
325 491
326 329
326 338
326 341
326 378
326 390
326 398
326 401
326 420
326 422
326 428
326 438
326 444
326 472
326 490
327 329
327 330
327 334
327 354
327 361
327 388
327 393
327 396
327 397
327 438
327 477
327 498
328 343
328 345
328 350
328 361
328 394
328 407
328 409
328 456
329 336
329 338
329 348
329 355
329 357
329 381
329 382
329 383
329 389
329 394
329 396
329 410
329 417
329 424
329 432
329 434
329 465
329 473
329 474
329 481
329 495
330 339
330 359
330 362
330 365
330 366
330 384
330 394
330 404
330 415
330 446
330 459
330 473
330 486
331 345
331 347
331 357
331 373
331 382
331 393
331 406
331 423
331 429
331 449
331 458
332 339
332 340
332 345
332 347
332 352
332 353
332 356
332 364
332 378
332 416
332 425
332 426
332 435
332 462
333 347
333 363
333 378
333 392
333 410
333 424
333 475
333 481
333 486
334 364
334 365
334 366
334 370
334 371
334 387
334 400
334 408
334 415
334 418
334 423
334 448
334 476
334 485
335 347
335 363
335 372
335 390
335 392
335 402
335 406
335 436
335 443
335 455
335 474
335 498
335 499
336 354
336 386
336 391
336 393
336 418
336 422
336 450
336 489
337 345
337 375
337 394
337 404
337 408
337 411
337 417
337 418
337 422
337 424
337 429
337 446
337 491
338 350
338 365
338 397
338 413
338 415
338 416
338 417
338 426
338 440
338 441
338 442
338 448
338 457
338 467
338 469
338 476
338 481
338 497
339 357
339 395
339 406
339 414
339 470
339 493
340 366
340 398
340 423
340 440
340 447
340 457
340 497
341 345
341 349
341 355
341 358
341 367
341 386
341 401
341 403
341 436
341 456
341 459
341 483
341 497
341 499
342 369
342 378
342 383
342 390
342 400
342 404
342 431
342 432
342 435
342 437
342 444
342 461
342 462
342 463
342 491
342 493
343 364
343 371
343 378
343 382
343 449
343 469
343 473
343 481
344 347
344 352
344 361
344 365
344 366
344 371
344 391
344 392
344 396
344 405
344 454
344 460
344 461
344 463
344 491
345 347
345 349
345 350
345 356
345 366
345 385
345 392
345 397
345 407
345 433
345 441
345 452
345 464
345 465
345 475
345 478
345 499
346 368
346 374
346 396
346 403
346 452
346 455
346 462
346 474
346 485
346 490
346 495
346 496
347 350
347 408
347 415
347 427
347 447
347 466
347 486
348 360
348 367
348 425
348 430
348 454
348 478
348 490
349 350
349 379
349 387
349 393
349 408
349 409
349 428
349 445
349 454
349 457
349 464
349 492
349 494
349 498
350 358
350 362
350 375
350 397
350 404
350 412
350 424
350 429
350 455
350 469
350 483
350 487
350 496
351 362
351 379
351 383
351 384
351 404
351 420
351 425
351 431
351 444
351 446
351 467
351 470
351 485
351 489
351 491
351 499
352 357
352 359
352 398
352 428
352 435
352 444
352 463
352 468
352 484
352 496
353 366
353 375
353 400
353 408
353 410
353 426
353 440
353 466
353 484
353 493
353 495
353 497
354 367
354 397
354 398
354 402
354 412
354 429
354 439
354 452
354 460
354 473
354 480
354 484
354 487
355 395
355 411
355 427
355 470
355 481
355 487
356 369
356 375
356 379
356 405
356 431
356 434
356 440
356 442
356 495
356 499
357 362
357 363
357 372
357 392
357 412
357 419
357 421
357 424
357 427
357 435
357 451
357 460
357 477
357 495
358 367
358 368
358 386
358 418
358 428
358 447
358 463
358 499
359 372
359 382
359 390
359 429
359 437
359 438
359 448
359 451
359 453
359 459
359 473
359 485
359 486
359 495
359 496
360 373
360 376
360 406
360 418
360 457
361 373
361 390
361 396
361 405
361 406
361 431
361 463
361 469
361 475
361 481
361 492
362 371
362 378
362 383
362 385
362 390
362 413
362 432
362 453
362 460
362 463
362 467
362 481
362 485
362 490
362 493
363 368
363 369
363 372
363 374
363 387
363 414
363 484
364 366
364 374
364 376
364 412
364 423
364 461
364 475
364 483
365 371
365 389
365 410
365 412
365 414
365 447
365 449
365 454
365 456
365 471
365 473
366 390
366 391
366 394
366 419
366 423
366 433
366 434
366 457
366 462
366 463
366 484
366 490
366 493
367 394
367 446
367 468
368 385
368 411
368 420
368 422
368 431
368 434
368 459
368 470
368 473
369 418
369 419
369 444
369 455
369 468
370 373
370 389
370 390
370 398
370 400
370 421
370 430
370 433
370 434
370 439
370 444
370 459
370 473
370 476
370 488
371 376
371 385
371 391
371 405
371 411
371 425
371 428
371 435
371 471
371 479
372 402
372 404
372 405
372 424
372 429
372 452
372 459
372 476
372 485
372 495
372 497
373 401
373 403
373 423
373 434
373 461
373 466
373 470
373 475
373 476
373 480
373 491
373 493
374 376
374 381
374 387
374 405
374 408
374 418
374 420
374 450
374 454
374 468
374 487
375 382
375 393
375 399
375 417
375 425
375 436
375 471
375 473
375 474
375 482
375 485
376 378
376 381
376 391
376 407
376 421
376 422
376 428
376 449
376 463
376 487
377 391
377 408
377 409
377 417
377 451
377 466
378 409
378 411
378 418
378 453
378 455
378 458
378 481
378 482
378 490
378 493
379 393
379 413
379 414
379 429
379 457
379 462
379 465
379 491
379 495
380 385
380 387
380 408
380 449
380 467
380 475
380 486
380 493
380 498
381 403
381 421
381 432
381 443
381 456
381 463
381 480
381 486
382 391
382 400
382 451
382 462
382 464
382 465
382 470
382 472
382 477
382 485
383 394
383 397
383 398
383 410
383 414
383 449
383 450
383 454
383 462
383 486
384 414
384 463
384 470
384 476
384 498
385 408
385 414
385 435
385 447
385 450
385 470
385 471
385 472
385 474
385 487
385 499
386 419
386 428
386 432
386 435
387 398
387 416
387 423
387 448
387 457
387 463
387 498
388 399
388 407
388 409
388 417
388 421
388 426
388 446
388 471
388 481
388 494
389 420
389 490
390 416
390 423
390 466
390 497
391 424
391 428
391 443
391 444
391 455
391 467
391 470
391 495
392 417
392 461
392 464
392 466
392 471
392 482
392 490
392 497
393 412
393 421
393 473
393 493
393 494
394 404
394 415
394 454
394 467
394 468
394 473
394 488
394 495
395 419
395 443
395 447
395 454
395 465
395 473
395 481
395 488
395 492
395 496
396 427
396 435
396 442
396 450
396 461
396 477
397 412
397 439
397 472
397 480
397 491
397 495
398 409
398 412
398 443
398 448
398 449
399 412
399 420
399 441
399 463
399 466
399 483
399 492
399 497
400 429
400 431
400 438
400 447
400 455
400 475
400 482
400 490
401 425
401 428
401 446
401 456
401 468
401 470
401 487
402 414
402 419
402 430
402 435
402 482
402 485
402 486
403 404
403 415
403 436
403 481
404 412
404 423
404 430
404 435
404 436
404 459
404 463
404 487
404 488
404 491
405 467
405 478
405 487
406 415
406 441
406 465
406 473
406 482
407 427
407 441
407 455
407 477
407 492
407 496
408 440
408 444
408 464
408 490
408 492
409 412
409 419
409 428
409 433
409 439
409 449
409 462
409 469
409 494
410 414
410 428
410 440
410 456
411 440
411 474
411 484
412 427
412 430
412 436
412 441
412 443
412 478
412 493
412 498
413 421
413 446
413 475
413 478
413 479
414 420
414 427
414 437
414 438
414 451
414 463
414 470
414 486
415 426
415 430
415 443
415 476
415 481
415 496
416 437
416 445
416 448
416 458
416 462
416 463
416 467
416 488
416 490
417 436
417 440
417 450
417 465
417 469
417 471
417 478
417 496
418 421
418 428
418 446
418 476
418 482
418 488
418 489
418 490
419 443
419 463
419 477
420 422
420 441
420 445
420 462
420 467
420 474
420 479
420 481
421 445
421 447
421 449
421 451
421 459
421 465
421 482
421 487
422 454
422 471
422 485
422 491
423 428
423 431
423 442
423 463
423 464
423 465
423 480
424 428
424 446
424 456
424 464
424 471
424 496
425 429
425 454
425 457
425 468
425 481
426 459
426 462
426 473
426 497
427 433
427 467
427 473
427 487
428 441
428 452
428 454
428 457
428 459
428 483
428 499
429 447
429 472
429 480
429 483
430 446
430 456
430 460
430 472
430 492
431 440
431 457
431 461
431 464
431 484
431 487
432 437
432 440
432 449
432 455
432 463
432 469
432 477
432 497
433 468
433 475
433 497
434 437
434 438
434 457
434 459
434 482
434 490
435 437
435 456
435 479
435 492
436 445
436 461
436 472
436 474
436 496
437 455
437 457
437 466
438 473
438 480
438 484
438 485
439 443
439 465
439 473
439 485
439 490
440 443
440 453
440 459
440 493
441 444
441 481
442 459
442 460
442 478
442 491
442 496
443 458
443 466
445 468
445 484
445 485
445 489
445 492
446 447
446 460
446 467
446 497
447 450
447 451
447 456
447 482
447 485
447 490
448 454
448 460
448 465
448 467
448 476
448 485
449 480
449 488
450 468
450 482
451 470
451 471
452 454
452 465
452 470
452 499
453 454
453 457
453 477
454 478
454 495
455 456
455 458
455 465
455 466
455 488
456 470
456 484
456 490
457 469
457 493
457 494
457 498
457 499
458 464
458 485
458 499
459 480
459 487
460 487
460 488
460 490
460 499
461 480
461 495
461 499
462 475
463 488
463 497
464 474
464 481
465 477
465 485
466 467
466 472
466 499
467 490
468 471
468 487
469 470
469 478
470 477
470 490
470 492
470 496
471 479
471 481
471 483
471 498
474 480
474 494
475 499
476 490
476 498
477 487
478 495
479 494
480 493
480 499
482 497
483 496
486 489
486 496
489 491
490 492
490 495
494 497
