400 7216 0.8
0 23
0 42
0 60
0 70
0 78
0 121
0 129
0 142
0 147
0 166
0 170
0 179
0 185
0 193
0 198
0 207
0 211
0 231
0 258
0 288
0 313
0 358
0 362
0 382
0 397
1 2
1 25
1 33
1 42
1 44
1 46
1 69
1 73
1 84
1 92
1 106
1 139
1 151
1 171
1 175
1 188
1 263
1 271
1 288
1 300
1 303
1 307
1 315
1 317
1 318
1 328
1 351
1 362
1 374
1 388
1 397
2 3
2 20
2 38
2 42
2 57
2 74
2 94
2 95
2 100
2 114
2 126
2 135
2 143
2 154
2 158
2 176
2 178
2 188
2 209
2 240
2 257
2 259
2 284
2 286
2 293
2 298
2 299
2 303
2 313
2 322
2 323
2 325
2 338
2 343
2 348
2 359
2 361
2 364
2 369
2 387
2 390
2 398
3 52
3 68
3 70
3 71
3 76
3 104
3 112
3 120
3 139
3 142
3 146
3 154
3 158
3 161
3 171
3 176
3 186
3 200
3 206
3 225
3 239
3 254
3 261
3 275
3 281
3 283
3 301
3 316
3 317
3 320
3 330
3 334
3 352
3 370
3 374
4 11
4 13
4 34
4 51
4 59
4 68
4 70
4 76
4 82
4 83
4 94
4 115
4 157
4 160
4 162
4 175
4 178
4 182
4 186
4 187
4 212
4 224
4 228
4 230
4 248
4 279
4 286
4 288
4 292
4 312
4 313
4 321
4 338
4 342
4 348
4 349
4 352
4 360
4 361
4 362
4 366
4 371
4 375
4 384
5 12
5 13
5 18
5 24
5 46
5 53
5 56
5 63
5 80
5 89
5 95
5 101
5 110
5 114
5 119
5 130
5 147
5 151
5 152
5 154
5 167
5 169
5 189
5 191
5 218
5 228
5 235
5 239
5 242
5 255
5 259
5 264
5 270
5 276
5 282
5 291
5 292
5 294
5 311
5 319
5 323
5 324
5 341
5 351
5 372
5 375
5 399
6 13
6 20
6 22
6 30
6 32
6 40
6 44
6 72
6 79
6 98
6 102
6 103
6 165
6 179
6 183
6 185
6 193
6 198
6 212
6 213
6 216
6 241
6 242
6 259
6 270
6 273
6 278
6 291
6 310
6 311
6 348
6 354
6 355
6 363
6 374
6 388
7 50
7 72
7 79
7 80
7 84
7 115
7 116
7 135
7 137
7 146
7 150
7 155
7 166
7 185
7 186
7 187
7 206
7 216
7 250
7 252
7 253
7 257
7 260
7 278
7 279
7 290
7 297
7 315
7 324
7 328
7 338
7 339
7 378
7 387
7 390
8 9
8 31
8 34
8 62
8 68
8 71
8 98
8 102
8 105
8 112
8 116
8 127
8 139
8 150
8 170
8 171
8 172
8 175
8 187
8 191
8 192
8 207
8 212
8 223
8 226
8 230
8 252
8 263
8 285
8 302
8 313
8 324
8 329
8 344
8 356
8 363
8 371
8 390
9 21
9 23
9 61
9 78
9 80
9 92
9 93
9 107
9 116
9 121
9 125
9 143
9 144
9 150
9 195
9 201
9 203
9 207
9 221
9 226
9 237
9 247
9 251
9 255
9 256
9 260
9 272
9 290
9 295
9 330
9 340
9 345
9 355
9 359
9 366
9 369
9 384
9 387
9 389
9 392
9 395
10 11
10 12
10 14
10 19
10 23
10 42
10 47
10 51
10 60
10 99
10 135
10 158
10 174
10 177
10 205
10 209
10 211
10 221
10 226
10 227
10 235
10 257
10 265
10 279
10 280
10 288
10 290
10 300
10 301
10 307
10 321
10 327
10 334
10 348
10 357
10 359
10 371
10 397
11 16
11 74
11 85
11 107
11 126
11 138
11 141
11 143
11 174
11 179
11 183
11 194
11 209
11 211
11 215
11 219
11 227
11 268
11 279
11 281
11 284
11 285
11 293
11 302
11 315
11 347
11 355
11 374
11 376
11 379
11 385
11 398
12 33
12 35
12 55
12 58
12 61
12 78
12 89
12 97
12 98
12 99
12 100
12 114
12 115
12 117
12 131
12 136
12 145
12 151
12 186
12 189
12 205
12 210
12 245
12 250
12 263
12 272
12 273
12 292
12 293
12 298
12 301
12 307
12 316
12 318
12 327
12 328
12 367
12 371
12 373
13 14
13 19
13 29
13 69
13 84
13 90
13 91
13 125
13 129
13 143
13 144
13 157
13 161
13 174
13 208
13 218
13 222
13 234
13 235
13 245
13 296
13 315
13 319
13 323
13 350
13 381
13 391
14 26
14 45
14 50
14 58
14 72
14 90
14 92
14 112
14 135
14 137
14 145
14 160
14 172
14 175
14 187
14 210
14 217
14 218
14 247
14 275
14 284
14 298
14 302
14 303
14 308
14 320
14 326
14 329
14 330
14 339
14 347
14 348
14 349
14 357
14 370
14 393
15 16
15 33
15 44
15 59
15 65
15 68
15 73
15 79
15 85
15 97
15 109
15 113
15 130
15 154
15 166
15 171
15 172
15 204
15 206
15 208
15 212
15 217
15 220
15 226
15 233
15 244
15 267
15 268
15 278
15 281
15 298
15 320
15 323
15 325
15 343
15 369
15 376
15 377
15 386
16 40
16 70
16 72
16 83
16 92
16 93
16 112
16 161
16 171
16 179
16 182
16 210
16 219
16 235
16 274
16 276
16 285
16 288
16 291
16 298
16 299
16 317
16 324
16 327
16 329
16 350
16 372
16 375
16 386
17 19
17 20
17 28
17 31
17 37
17 38
17 60
17 86
17 94
17 107
17 111
17 116
17 129
17 133
17 144
17 154
17 163
17 167
17 183
17 190
17 198
17 201
17 222
17 225
17 227
17 229
17 234
17 241
17 274
17 276
17 286
17 292
17 302
17 303
17 314
17 337
17 343
17 345
17 353
17 362
17 363
17 373
17 380
17 389
18 34
18 42
18 55
18 76
18 95
18 112
18 117
18 140
18 145
18 169
18 180
18 199
18 206
18 214
18 222
18 231
18 249
18 255
18 258
18 274
18 291
18 294
18 305
18 326
18 338
18 345
18 350
18 355
18 358
18 367
18 368
18 375
18 379
18 383
18 399
19 26
19 29
19 51
19 66
19 102
19 107
19 145
19 164
19 166
19 185
19 195
19 207
19 210
19 213
19 218
19 219
19 263
19 277
19 297
19 309
19 313
19 316
19 320
19 328
19 342
19 343
19 345
19 349
19 386
19 395
20 36
20 42
20 54
20 63
20 89
20 102
20 108
20 109
20 111
20 114
20 121
20 126
20 144
20 149
20 164
20 175
20 195
20 205
20 206
20 213
20 215
20 221
20 248
20 250
20 256
20 270
20 272
20 278
20 282
20 285
20 291
20 292
20 295
20 326
20 329
20 341
20 346
20 348
20 359
20 367
20 379
20 389
20 392
21 30
21 67
21 73
21 143
21 152
21 161
21 162
21 181
21 184
21 194
21 202
21 214
21 226
21 233
21 243
21 247
21 260
21 264
21 284
21 285
21 296
21 303
21 308
21 325
21 329
21 336
21 337
21 350
21 351
21 361
21 362
21 366
21 375
21 393
22 28
22 40
22 51
22 57
22 63
22 96
22 108
22 121
22 127
22 146
22 165
22 166
22 168
22 173
22 187
22 199
22 201
22 210
22 255
22 277
22 283
22 305
22 311
22 338
22 339
22 341
22 353
22 383
23 32
23 40
23 52
23 70
23 81
23 109
23 130
23 134
23 144
23 152
23 175
23 196
23 203
23 213
23 215
23 227
23 238
23 245
23 251
23 256
23 265
23 275
23 292
23 298
23 330
23 333
23 361
23 366
23 392
24 26
24 28
24 39
24 46
24 71
24 75
24 98
24 120
24 122
24 132
24 146
24 174
24 183
24 215
24 218
24 221
24 231
24 239
24 240
24 245
24 254
24 278
24 288
24 295
24 299
24 302
24 306
24 319
24 321
24 344
24 349
24 382
24 395
24 399
25 27
25 39
25 108
25 115
25 120
25 130
25 131
25 136
25 140
25 158
25 184
25 192
25 193
25 213
25 217
25 234
25 243
25 283
25 291
25 297
25 316
25 317
25 318
25 320
25 326
25 340
25 342
25 348
25 352
25 362
25 380
25 389
26 27
26 30
26 31
26 39
26 45
26 48
26 66
26 95
26 96
26 114
26 127
26 137
26 157
26 176
26 183
26 193
26 197
26 204
26 218
26 219
26 232
26 256
26 297
26 310
26 342
26 343
26 350
26 355
26 368
26 388
27 36
27 39
27 40
27 49
27 59
27 73
27 96
27 113
27 149
27 160
27 170
27 188
27 191
27 195
27 207
27 213
27 219
27 224
27 226
27 227
27 234
27 255
27 263
27 264
27 291
27 315
27 316
27 317
27 337
27 358
27 377
27 389
27 390
28 40
28 50
28 55
28 73
28 74
28 85
28 95
28 97
28 99
28 117
28 121
28 128
28 133
28 136
28 152
28 156
28 175
28 176
28 195
28 222
28 226
28 251
28 253
28 254
28 276
28 278
28 294
28 302
28 318
28 322
28 335
28 347
28 358
28 388
28 391
28 396
28 399
29 41
29 67
29 69
29 93
29 98
29 99
29 109
29 123
29 127
29 136
29 142
29 157
29 167
29 176
29 181
29 185
29 189
29 199
29 203
29 226
29 252
29 255
29 263
29 281
29 284
29 286
29 288
29 292
29 297
29 299
29 316
29 317
29 329
29 331
29 335
29 343
29 345
29 350
29 351
29 360
29 366
29 375
30 31
30 36
30 64
30 67
30 74
30 111
30 113
30 132
30 144
30 169
30 180
30 181
30 208
30 216
30 221
30 222
30 237
30 238
30 241
30 251
30 252
30 293
30 299
30 318
30 325
30 330
30 331
30 353
30 360
30 361
30 370
30 397
31 48
31 61
31 64
31 74
31 88
31 103
31 104
31 108
31 150
31 165
31 168
31 176
31 182
31 190
31 196
31 198
31 213
31 214
31 233
31 250
31 255
31 262
31 272
31 279
31 286
31 292
31 294
31 313
31 323
31 324
31 328
31 333
31 338
31 344
31 365
31 372
31 383
31 394
31 395
32 36
32 39
32 50
32 68
32 70
32 77
32 78
32 85
32 87
32 102
32 112
32 115
32 129
32 131
32 135
32 136
32 138
32 154
32 177
32 178
32 179
32 181
32 182
32 184
32 186
32 207
32 229
32 265
32 313
32 314
32 334
32 335
32 369
32 378
32 389
33 37
33 39
33 40
33 56
33 88
33 94
33 106
33 107
33 118
33 122
33 134
33 137
33 150
33 160
33 197
33 200
33 201
33 206
33 214
33 234
33 242
33 251
33 263
33 283
33 313
33 324
33 337
33 347
33 348
33 351
33 384
34 45
34 54
34 55
34 95
34 151
34 159
34 165
34 174
34 194
34 223
34 230
34 245
34 251
34 257
34 288
34 289
34 299
34 312
34 330
34 339
34 347
34 351
34 358
34 365
34 368
34 376
34 390
34 397
35 37
35 40
35 43
35 49
35 70
35 72
35 95
35 110
35 117
35 125
35 138
35 146
35 147
35 160
35 166
35 176
35 224
35 237
35 258
35 259
35 283
35 300
35 308
35 322
35 332
35 340
35 353
35 358
35 363
35 380
35 390
35 399
36 55
36 70
36 79
36 87
36 97
36 100
36 111
36 133
36 139
36 197
36 216
36 218
36 229
36 236
36 244
36 276
36 277
36 282
36 287
36 294
36 298
36 318
36 325
36 331
36 335
36 338
36 343
36 348
36 374
37 56
37 72
37 83
37 85
37 98
37 106
37 117
37 118
37 120
37 168
37 183
37 197
37 199
37 202
37 205
37 206
37 208
37 218
37 224
37 243
37 252
37 296
37 313
37 329
37 335
37 340
37 346
37 355
37 364
37 366
37 375
37 376
37 387
37 389
38 42
38 46
38 49
38 60
38 73
38 74
38 75
38 85
38 86
38 99
38 109
38 116
38 141
38 143
38 156
38 182
38 195
38 196
38 198
38 200
38 243
38 247
38 249
38 256
38 275
38 285
38 302
38 327
38 340
38 345
38 347
38 358
38 360
38 386
38 391
38 399
39 76
39 83
39 106
39 122
39 123
39 139
39 141
39 144
39 156
39 157
39 164
39 166
39 184
39 192
39 193
39 194
39 201
39 205
39 207
39 209
39 217
39 223
39 234
39 245
39 250
39 252
39 254
39 271
39 276
39 281
39 296
39 309
39 312
39 322
39 331
39 336
39 344
39 356
39 357
39 359
39 376
39 386
39 388
39 391
40 52
40 62
40 74
40 75
40 81
40 87
40 89
40 114
40 128
40 135
40 137
40 154
40 155
40 161
40 176
40 181
40 198
40 233
40 247
40 269
40 299
40 306
40 325
40 327
40 349
40 356
40 359
40 360
40 380
41 60
41 62
41 86
41 89
41 91
41 92
41 99
41 110
41 124
41 127
41 131
41 134
41 137
41 160
41 166
41 192
41 197
41 227
41 257
41 268
41 273
41 301
41 310
41 318
41 329
41 338
41 339
41 346
41 352
41 359
41 364
41 365
41 371
41 387
41 394
41 399
42 51
42 65
42 83
42 111
42 113
42 117
42 121
42 123
42 131
42 137
42 142
42 145
42 159
42 181
42 193
42 227
42 246
42 251
42 265
42 266
42 275
42 286
42 290
42 299
42 319
42 324
42 325
42 333
42 339
42 346
42 356
42 375
42 376
42 399
43 45
43 51
43 58
43 59
43 67
43 75
43 105
43 117
43 132
43 148
43 154
43 175
43 178
43 183
43 200
43 219
43 222
43 223
43 289
43 324
43 325
43 329
43 330
43 336
43 341
43 345
43 349
43 354
43 375
43 379
43 380
43 384
43 386
43 393
44 54
44 64
44 85
44 86
44 87
44 89
44 91
44 98
44 111
44 137
44 144
44 160
44 182
44 184
44 194
44 234
44 240
44 243
44 246
44 249
44 253
44 258
44 280
44 291
44 294
44 327
44 328
44 346
44 347
44 354
44 360
44 361
44 363
44 366
45 53
45 56
45 70
45 76
45 83
45 93
45 102
45 134
45 165
45 192
45 200
45 219
45 220
45 249
45 257
45 282
45 286
45 288
45 310
45 338
45 369
45 372
45 381
45 386
45 394
46 67
46 78
46 82
46 101
46 105
46 125
46 148
46 154
46 156
46 174
46 185
46 187
46 188
46 204
46 205
46 208
46 210
46 223
46 234
46 241
46 251
46 274
46 288
46 290
46 323
46 353
46 359
46 370
46 371
46 395
47 110
47 114
47 142
47 147
47 155
47 163
47 172
47 178
47 198
47 207
47 213
47 214
47 227
47 237
47 242
47 253
47 260
47 267
47 273
47 288
47 301
47 304
47 310
47 314
47 346
47 392
48 70
48 72
48 85
48 89
48 96
48 102
48 111
48 117
48 146
48 154
48 155
48 156
48 157
48 166
48 175
48 179
48 213
48 222
48 243
48 244
48 261
48 263
48 275
48 302
48 321
48 335
48 339
48 350
48 354
48 365
48 366
49 50
49 57
49 59
49 65
49 70
49 75
49 88
49 108
49 119
49 151
49 154
49 170
49 172
49 182
49 205
49 209
49 214
49 216
49 225
49 226
49 235
49 252
49 253
49 255
49 263
49 267
49 282
49 284
49 285
49 297
49 305
49 318
49 323
49 324
49 356
49 383
49 399
50 53
50 57
50 82
50 96
50 120
50 129
50 167
50 177
50 179
50 188
50 195
50 198
50 208
50 209
50 224
50 245
50 259
50 274
50 277
50 280
50 283
50 289
50 301
50 347
50 348
50 368
50 373
50 382
50 387
50 392
51 68
51 95
51 97
51 110
51 127
51 130
51 131
51 133
51 137
51 150
51 152
51 157
51 167
51 176
51 236
51 237
51 249
51 256
51 257
51 264
51 266
51 277
51 279
51 293
51 294
51 296
51 299
51 300
51 329
51 331
51 339
51 385
51 387
51 390
52 63
52 81
52 87
52 102
52 113
52 115
52 141
52 144
52 151
52 153
52 167
52 174
52 176
52 181
52 183
52 190
52 202
52 206
52 219
52 222
52 244
52 247
52 269
52 271
52 275
52 296
52 304
52 321
52 323
52 326
52 327
52 330
52 333
52 345
52 366
52 370
52 397
53 61
53 80
53 81
53 84
53 89
53 94
53 100
53 106
53 108
53 116
53 117
53 130
53 150
53 151
53 153
53 163
53 181
53 188
53 195
53 201
53 208
53 227
53 230
53 231
53 235
53 237
53 256
53 286
53 292
53 304
53 305
53 320
53 323
53 341
53 351
53 365
53 373
53 382
53 386
53 390
54 59
54 95
54 100
54 134
54 135
54 141
54 143
54 163
54 192
54 205
54 208
54 212
54 227
54 256
54 274
54 275
54 279
54 291
54 295
54 319
54 324
54 342
54 343
54 370
54 375
54 380
54 387
54 389
54 392
55 129
55 151
55 155
55 170
55 173
55 178
55 180
55 183
55 189
55 195
55 204
55 206
55 212
55 216
55 217
55 240
55 252
55 256
55 270
55 278
55 280
55 302
55 313
55 319
55 324
55 327
55 335
55 337
55 353
55 362
55 363
55 369
56 61
56 70
56 85
56 91
56 113
56 115
56 139
56 155
56 163
56 170
56 190
56 208
56 275
56 290
56 296
56 297
56 300
56 375
56 380
57 66
57 80
57 87
57 99
57 106
57 130
57 137
57 139
57 140
57 172
57 196
57 204
57 206
57 208
57 232
57 252
57 281
57 283
57 309
57 314
57 319
57 330
57 336
57 351
57 357
57 393
58 67
58 95
58 104
58 120
58 129
58 143
58 152
58 153
58 154
58 156
58 174
58 218
58 223
58 227
58 236
58 246
58 276
58 285
58 291
58 294
58 322
58 339
58 340
58 344
58 355
58 362
58 394
59 61
59 75
59 94
59 96
59 116
59 117
59 135
59 137
59 144
59 146
59 161
59 165
59 167
59 175
59 177
59 198
59 202
59 219
59 221
59 237
59 254
59 258
59 263
59 265
59 267
59 272
59 278
59 288
59 300
59 301
59 304
59 309
59 310
59 312
59 317
59 347
59 356
59 377
59 384
59 388
59 399
60 62
60 73
60 74
60 86
60 110
60 117
60 119
60 121
60 125
60 133
60 146
60 150
60 159
60 164
60 171
60 173
60 183
60 187
60 205
60 227
60 239
60 255
60 259
60 260
60 284
60 316
60 331
60 363
60 371
60 376
60 386
61 62
61 64
61 76
61 130
61 144
61 145
61 156
61 169
61 176
61 177
61 186
61 189
61 191
61 231
61 238
61 259
61 291
61 314
61 322
61 325
61 358
61 359
61 361
61 381
62 68
62 118
62 128
62 150
62 152
62 159
62 172
62 176
62 178
62 187
62 207
62 211
62 243
62 252
62 258
62 272
62 280
62 281
62 288
62 292
62 300
62 312
62 313
62 319
62 326
62 334
62 355
62 361
62 377
62 386
63 91
63 105
63 122
63 123
63 127
63 133
63 173
63 181
63 190
63 195
63 205
63 214
63 220
63 221
63 243
63 264
63 269
63 271
63 275
63 282
63 319
63 322
63 328
63 360
63 361
63 365
63 373
63 396
64 67
64 86
64 95
64 118
64 135
64 137
64 149
64 180
64 183
64 184
64 186
64 198
64 201
64 222
64 225
64 231
64 240
64 245
64 249
64 260
64 266
64 310
64 314
64 338
64 349
64 377
64 394
64 398
65 82
65 89
65 106
65 111
65 113
65 170
65 173
65 190
65 200
65 225
65 230
65 250
65 255
65 262
65 266
65 274
65 282
65 285
65 287
65 300
65 310
65 311
65 327
65 333
65 337
65 359
65 366
65 368
66 72
66 80
66 148
66 158
66 161
66 162
66 169
66 185
66 197
66 208
66 219
66 228
66 254
66 282
66 285
66 295
66 312
66 333
66 342
66 349
66 356
66 386
66 387
66 398
67 72
67 87
67 90
67 93
67 95
67 108
67 115
67 118
67 121
67 130
67 132
67 133
67 136
67 139
67 155
67 166
67 170
67 173
67 176
67 177
67 202
67 209
67 218
67 223
67 224
67 229
67 240
67 250
67 258
67 260
67 262
67 270
67 278
67 296
67 299
67 313
67 316
67 334
67 345
67 351
67 371
67 378
67 393
68 78
68 107
68 131
68 136
68 139
68 144
68 176
68 213
68 218
68 221
68 240
68 246
68 254
68 255
68 269
68 277
68 299
68 317
68 319
68 322
68 362
68 363
68 366
68 375
68 382
68 395
69 71
69 77
69 85
69 89
69 95
69 101
69 123
69 139
69 143
69 162
69 169
69 180
69 209
69 212
69 227
69 250
69 261
69 263
69 286
69 291
69 301
69 306
69 309
69 311
69 312
69 328
69 330
69 340
69 364
69 374
70 87
70 90
70 116
70 119
70 126
70 133
70 145
70 150
70 166
70 170
70 202
70 203
70 205
70 216
70 228
70 229
70 257
70 270
70 300
70 307
70 318
70 327
70 332
70 336
70 381
70 383
70 395
71 76
71 104
71 106
71 108
71 111
71 127
71 143
71 155
71 159
71 174
71 184
71 185
71 191
71 196
71 201
71 220
71 222
71 239
71 254
71 261
71 265
71 279
71 282
71 292
71 303
71 342
71 358
71 361
71 376
72 77
72 85
72 93
72 94
72 97
72 101
72 105
72 111
72 117
72 124
72 136
72 149
72 162
72 190
72 193
72 202
72 230
72 242
72 247
72 248
72 257
72 278
72 279
72 297
72 307
72 310
72 314
72 322
72 327
72 329
72 341
72 360
72 371
72 392
73 97
73 130
73 143
73 151
73 175
73 177
73 197
73 199
73 200
73 210
73 211
73 222
73 226
73 242
73 245
73 246
73 249
73 253
73 263
73 282
73 284
73 285
73 286
73 287
73 296
73 307
73 337
73 341
73 358
73 371
73 373
73 383
73 388
74 89
74 132
74 144
74 161
74 165
74 179
74 211
74 233
74 248
74 253
74 255
74 264
74 276
74 289
74 300
74 302
74 329
74 339
74 349
74 377
74 379
74 386
74 392
75 93
75 100
75 105
75 113
75 129
75 130
75 152
75 165
75 170
75 207
75 214
75 221
75 236
75 252
75 275
75 282
75 362
75 390
75 393
76 92
76 118
76 151
76 205
76 223
76 230
76 253
76 265
76 282
76 284
76 298
76 306
76 309
76 317
76 318
76 327
76 340
76 342
76 345
76 357
76 361
76 397
77 83
77 91
77 99
77 109
77 118
77 123
77 146
77 149
77 157
77 159
77 161
77 191
77 196
77 197
77 208
77 221
77 228
77 252
77 277
77 290
77 298
77 322
77 332
77 341
77 377
77 380
77 390
77 392
77 393
77 396
78 99
78 102
78 107
78 132
78 150
78 152
78 190
78 201
78 209
78 212
78 213
78 216
78 217
78 237
78 242
78 265
78 267
78 279
78 281
78 292
78 322
78 325
78 341
78 359
78 366
78 380
78 392
78 399
79 111
79 130
79 146
79 175
79 177
79 186
79 188
79 232
79 243
79 245
79 256
79 268
79 279
79 291
79 300
79 330
79 347
79 355
79 387
80 85
80 89
80 93
80 122
80 123
80 176
80 177
80 181
80 183
80 192
80 195
80 196
80 197
80 201
80 202
80 213
80 218
80 227
80 233
80 235
80 241
80 246
80 251
80 252
80 260
80 265
80 291
80 313
80 318
80 325
80 330
80 333
80 343
80 385
80 390
80 391
80 395
81 89
81 93
81 96
81 111
81 130
81 131
81 137
81 144
81 145
81 152
81 174
81 187
81 205
81 206
81 214
81 232
81 233
81 241
81 256
81 263
81 286
81 302
81 303
81 307
81 341
81 366
81 370
82 83
82 87
82 93
82 97
82 105
82 115
82 123
82 125
82 132
82 146
82 158
82 181
82 184
82 185
82 216
82 219
82 224
82 226
82 228
82 233
82 234
82 262
82 281
82 314
82 324
82 326
82 327
82 333
82 334
82 339
82 349
82 362
82 365
82 383
82 396
83 93
83 94
83 105
83 115
83 146
83 148
83 150
83 153
83 155
83 164
83 170
83 182
83 195
83 202
83 208
83 209
83 219
83 223
83 238
83 260
83 284
83 286
83 288
83 298
83 319
83 338
83 390
84 88
84 95
84 103
84 109
84 111
84 123
84 128
84 153
84 156
84 171
84 199
84 212
84 214
84 222
84 223
84 234
84 246
84 250
84 266
84 308
84 340
84 375
84 378
84 386
84 388
85 92
85 103
85 130
85 135
85 142
85 152
85 154
85 157
85 169
85 171
85 178
85 188
85 212
85 218
85 229
85 239
85 248
85 257
85 260
85 289
85 299
85 309
85 335
85 336
85 337
85 350
85 355
85 361
85 367
85 376
85 380
85 386
85 388
85 391
85 392
85 393
86 108
86 113
86 117
86 120
86 123
86 145
86 146
86 152
86 159
86 162
86 167
86 173
86 175
86 183
86 213
86 227
86 239
86 248
86 251
86 290
86 296
86 307
86 310
86 313
86 317
86 338
86 343
86 347
86 368
86 383
86 389
87 93
87 105
87 119
87 143
87 169
87 179
87 184
87 197
87 228
87 229
87 238
87 242
87 244
87 249
87 252
87 263
87 282
87 298
87 306
87 313
87 314
87 317
87 324
87 329
87 341
87 343
87 360
87 384
87 386
87 389
87 395
88 95
88 97
88 121
88 122
88 129
88 131
88 140
88 157
88 158
88 171
88 175
88 182
88 194
88 205
88 223
88 238
88 245
88 256
88 265
88 285
88 297
88 306
88 341
88 349
88 352
88 365
88 367
88 375
88 381
88 383
88 390
88 397
88 399
89 108
89 119
89 143
89 148
89 149
89 152
89 158
89 172
89 211
89 226
89 230
89 233
89 238
89 246
89 270
89 280
89 284
89 304
89 324
89 327
89 334
89 335
89 343
89 365
89 368
89 390
90 100
90 113
90 124
90 130
90 136
90 137
90 157
90 161
90 165
90 187
90 189
90 210
90 225
90 248
90 249
90 259
90 266
90 271
90 278
90 310
90 343
90 352
90 362
90 373
90 375
90 380
91 94
91 105
91 114
91 116
91 118
91 137
91 155
91 156
91 183
91 186
91 195
91 206
91 234
91 239
91 243
91 253
91 256
91 274
91 298
91 304
91 325
91 329
91 347
91 353
91 355
91 361
91 363
91 364
91 376
91 383
91 393
92 100
92 107
92 112
92 118
92 153
92 192
92 200
92 255
92 263
92 277
92 284
92 294
92 318
92 320
92 323
92 325
92 345
92 346
92 347
92 350
92 356
92 357
92 365
92 371
92 383
92 384
92 393
93 111
93 125
93 157
93 159
93 162
93 170
93 178
93 187
93 188
93 198
93 205
93 218
93 221
93 225
93 228
93 232
93 242
93 256
93 277
93 281
93 284
93 289
93 304
93 311
93 315
93 331
93 365
93 379
93 387
93 388
94 101
94 110
94 126
94 128
94 137
94 156
94 165
94 188
94 189
94 193
94 208
94 213
94 216
94 263
94 267
94 273
94 276
94 306
94 310
94 313
94 317
94 319
94 320
94 327
94 364
94 374
94 377
94 379
94 388
94 399
95 121
95 132
95 149
95 156
95 159
95 181
95 185
95 195
95 214
95 227
95 237
95 250
95 252
95 259
95 271
95 287
95 289
95 298
95 311
95 316
95 317
95 322
95 337
95 359
95 372
95 380
95 381
95 383
95 393
95 399
96 126
96 127
96 129
96 131
96 134
96 136
96 142
96 147
96 159
96 168
96 182
96 192
96 197
96 214
96 220
96 229
96 238
96 242
96 247
96 248
96 260
96 279
96 294
96 297
96 300
96 333
96 334
96 347
96 356
96 363
96 365
96 372
96 385
96 393
96 397
97 113
97 125
97 141
97 152
97 155
97 172
97 182
97 189
97 215
97 236
97 239
97 240
97 247
97 271
97 296
97 335
97 345
97 379
97 386
98 101
98 121
98 132
98 145
98 160
98 174
98 183
98 184
98 216
98 219
98 230
98 233
98 237
98 241
98 246
98 260
98 265
98 282
98 291
98 307
98 310
98 329
98 338
98 346
98 351
98 368
98 383
99 124
99 136
99 139
99 155
99 161
99 181
99 183
99 191
99 193
99 204
99 210
99 213
99 214
99 215
99 233
99 245
99 247
99 249
99 255
99 287
99 299
99 317
99 324
99 329
99 331
99 338
99 343
99 346
99 347
99 355
99 363
99 390
99 397
100 117
100 122
100 128
100 131
100 137
100 138
100 153
100 169
100 177
100 189
100 192
100 196
100 200
100 204
100 210
100 230
100 238
100 245
100 252
100 281
100 310
100 311
100 317
100 321
100 346
100 357
100 362
100 365
100 372
100 377
100 381
100 385
101 112
101 117
101 121
101 127
101 143
101 144
101 147
101 148
101 150
101 165
101 170
101 184
101 188
101 195
101 199
101 205
101 207
101 213
101 238
101 253
101 270
101 284
101 298
101 310
101 316
101 332
101 347
101 359
101 369
101 394
102 117
102 118
102 137
102 141
102 165
102 218
102 236
102 241
102 269
102 278
102 298
102 330
102 337
102 345
102 347
102 350
102 354
102 360
102 363
102 369
102 375
102 381
102 386
103 123
103 128
103 130
103 158
103 159
103 160
103 174
103 180
103 182
103 205
103 209
103 214
103 260
103 262
103 263
103 265
103 271
103 275
103 283
103 294
103 321
103 336
103 337
103 364
103 397
104 113
104 128
104 136
104 146
104 147
104 148
104 175
104 186
104 188
104 195
104 212
104 214
104 223
104 226
104 247
104 250
104 276
104 279
104 285
104 290
104 294
104 306
104 320
104 325
104 345
104 354
104 374
104 377
104 394
104 398
105 111
105 115
105 118
105 122
105 128
105 173
105 205
105 209
105 224
105 240
105 269
105 279
105 294
105 302
105 310
105 327
105 329
105 374
105 393
105 398
106 122
106 135
106 151
106 185
106 189
106 198
106 209
106 210
106 226
106 227
106 243
106 254
106 259
106 276
106 283
106 287
106 296
106 299
106 301
106 305
106 326
106 359
106 360
106 376
106 391
106 392
106 399
107 132
107 136
107 154
107 168
107 179
107 181
107 190
107 207
107 215
107 233
107 264
107 274
107 277
107 285
107 338
107 342
107 346
107 348
107 365
107 366
107 368
107 370
107 377
107 380
107 389
108 111
108 121
108 146
108 151
108 153
108 159
108 168
108 191
108 194
108 201
108 238
108 241
108 242
108 248
108 249
108 254
108 255
108 257
108 267
108 272
108 273
108 281
108 282
108 340
108 364
108 367
108 368
108 394
109 112
109 171
109 181
109 196
109 205
109 213
109 227
109 229
109 246
109 258
109 259
109 274
109 283
109 286
109 299
109 312
109 313
109 315
109 318
109 320
109 328
109 347
109 353
109 357
109 362
109 369
109 381
110 112
110 115
110 125
110 141
110 151
110 157
110 174
110 176
110 180
110 195
110 202
110 203
110 211
110 212
110 214
110 222
110 231
110 247
110 260
110 266
110 273
110 290
110 292
110 297
110 301
110 332
110 343
110 367
110 378
110 379
110 381
110 382
110 386
110 399
111 113
111 117
111 119
111 132
111 144
111 149
111 154
111 173
111 177
111 206
111 207
111 210
111 218
111 225
111 240
111 249
111 254
111 278
111 285
111 297
111 319
111 324
111 325
111 328
111 350
111 354
111 358
111 361
111 368
111 383
111 388
112 121
112 125
112 126
112 139
112 143
112 158
112 162
112 203
112 209
112 230
112 232
112 233
112 242
112 255
112 268
112 278
112 280
112 311
112 329
112 364
112 372
112 384
112 391
112 393
113 137
113 146
113 164
113 166
113 198
113 207
113 215
113 222
113 240
113 248
113 253
113 266
113 267
113 299
113 303
113 322
113 324
113 326
113 347
113 349
113 354
113 369
113 385
113 399
114 139
114 143
114 144
114 169
114 184
114 204
114 209
114 225
114 236
114 257
114 261
114 285
114 299
114 302
114 303
114 310
114 319
114 322
114 342
114 348
114 367
114 374
114 384
115 130
115 142
115 146
115 150
115 152
115 158
115 172
115 191
115 198
115 201
115 205
115 209
115 213
115 221
115 222
115 224
115 256
115 277
115 294
115 303
115 316
115 343
115 345
115 358
115 388
115 396
116 168
116 180
116 190
116 198
116 218
116 230
116 248
116 258
116 267
116 278
116 293
116 303
116 315
116 392
117 125
117 130
117 171
117 180
117 181
117 236
117 260
117 265
117 270
117 276
117 277
117 289
117 290
117 291
117 295
117 298
117 310
117 311
117 334
117 336
117 349
117 361
117 370
117 382
117 396
118 149
118 165
118 174
118 182
118 186
118 197
118 203
118 226
118 239
118 263
118 269
118 314
118 326
118 331
118 332
118 337
118 338
118 346
118 357
118 386
118 392
118 393
119 129
119 155
119 163
119 165
119 168
119 179
119 186
119 196
119 200
119 202
119 203
119 212
119 240
119 263
119 266
119 273
119 279
119 283
119 289
119 292
119 293
119 302
119 303
119 312
119 313
119 322
119 374
119 394
120 123
120 128
120 129
120 150
120 156
120 162
120 167
120 178
120 189
120 190
120 197
120 201
120 217
120 220
120 223
120 233
120 244
120 259
120 260
120 266
120 270
120 280
120 297
120 302
120 306
120 317
120 322
120 342
120 350
120 364
120 365
120 369
120 375
120 376
120 389
121 140
121 157
121 187
121 192
121 196
121 228
121 259
121 262
121 265
121 269
121 276
121 290
121 291
121 295
121 296
121 302
121 308
121 360
121 365
121 372
121 382
121 388
121 393
122 123
122 124
122 126
122 136
122 138
122 155
122 180
122 193
122 204
122 222
122 232
122 243
122 250
122 283
122 286
122 294
122 304
122 311
122 312
122 330
122 342
122 357
122 385
123 133
123 143
123 161
123 166
123 168
123 226
123 243
123 246
123 255
123 257
123 261
123 266
123 269
123 280
123 315
123 326
123 330
123 337
123 340
123 347
123 354
123 369
124 127
124 139
124 189
124 205
124 207
124 214
124 217
124 218
124 271
124 286
124 287
124 296
124 312
124 320
124 321
124 335
124 344
124 357
124 364
124 379
124 385
125 131
125 135
125 149
125 151
125 172
125 175
125 182
125 187
125 196
125 206
125 234
125 238
125 256
125 263
125 277
125 283
125 286
125 300
125 303
125 314
125 328
125 348
125 352
125 367
125 369
125 371
125 389
125 396
126 130
126 136
126 146
126 152
126 155
126 167
126 174
126 179
126 188
126 198
126 201
126 224
126 233
126 236
126 246
126 253
126 256
126 268
126 269
126 282
126 304
126 309
126 338
126 359
126 380
126 397
127 130
127 131
127 153
127 154
127 166
127 173
127 180
127 182
127 184
127 185
127 228
127 229
127 238
127 248
127 255
127 257
127 265
127 269
127 304
127 307
127 319
127 327
127 361
127 367
127 378
127 391
128 134
128 135
128 156
128 162
128 196
128 200
128 203
128 219
128 227
128 229
128 230
128 231
128 233
128 254
128 259
128 278
128 280
128 292
128 340
128 341
128 355
128 359
128 361
128 374
128 377
128 383
128 391
129 135
129 139
129 147
129 151
129 152
129 179
129 196
129 218
129 236
129 241
129 256
129 263
129 288
129 298
129 311
129 313
129 315
129 329
129 344
129 348
129 355
129 391
130 139
130 148
130 169
130 171
130 172
130 186
130 212
130 216
130 234
130 236
130 252
130 269
130 270
130 282
130 284
130 288
130 294
130 298
130 327
130 336
130 361
130 362
130 377
130 378
131 165
131 166
131 173
131 182
131 191
131 214
131 227
131 230
131 235
131 239
131 244
131 246
131 271
131 275
131 278
131 280
131 303
131 314
131 320
131 324
131 335
131 337
131 365
131 379
131 387
131 393
132 135
132 138
132 160
132 164
132 173
132 185
132 188
132 190
132 201
132 221
132 227
132 230
132 244
132 253
132 268
132 270
132 272
132 304
132 325
132 345
132 351
132 376
132 387
132 394
133 139
133 152
133 156
133 158
133 166
133 186
133 189
133 191
133 201
133 221
133 228
133 232
133 241
133 242
133 250
133 267
133 268
133 286
133 299
133 313
133 326
133 334
133 345
133 346
133 356
133 365
133 366
134 157
134 163
134 169
134 176
134 178
134 189
134 203
134 219
134 220
134 240
134 265
134 307
134 314
134 316
134 317
134 361
134 367
134 381
135 146
135 177
135 189
135 215
135 231
135 241
135 248
135 267
135 344
135 365
135 368
135 376
135 388
135 394
135 396
136 149
136 151
136 158
136 162
136 166
136 174
136 175
136 178
136 185
136 193
136 205
136 268
136 274
136 281
136 295
136 299
136 300
136 305
136 310
136 321
136 343
136 345
136 351
136 352
136 367
136 376
136 383
136 395
137 144
137 149
137 165
137 169
137 183
137 221
137 242
137 300
137 330
137 362
137 365
137 372
137 377
137 397
138 155
138 160
138 169
138 180
138 194
138 195
138 206
138 208
138 210
138 221
138 227
138 235
138 243
138 244
138 250
138 274
138 281
138 290
138 297
138 308
138 316
138 327
138 333
138 338
138 341
138 343
138 346
138 347
138 367
138 368
138 387
138 391
138 393
139 144
139 153
139 158
139 159
139 160
139 200
139 202
139 215
139 219
139 223
139 244
139 250
139 254
139 267
139 293
139 295
139 309
139 310
139 311
139 318
139 328
139 341
139 343
139 349
139 372
139 375
139 377
140 141
140 144
140 161
140 191
140 199
140 203
140 205
140 210
140 230
140 246
140 254
140 266
140 274
140 300
140 311
140 368
140 378
140 384
141 143
141 146
141 153
141 178
141 179
141 185
141 187
141 194
141 198
141 228
141 231
141 233
141 236
141 239
141 242
141 252
141 256
141 257
141 258
141 276
141 283
141 285
141 294
141 310
141 322
141 340
141 341
141 346
141 364
141 365
141 390
141 397
142 157
142 159
142 189
142 198
142 229
142 231
142 233
142 239
142 258
142 261
142 268
142 283
142 289
142 291
142 301
142 304
142 307
142 327
142 328
142 338
142 353
142 366
142 370
142 377
142 384
142 385
143 144
143 147
143 160
143 161
143 179
143 186
143 226
143 234
143 251
143 254
143 256
143 274
143 285
143 293
143 294
143 329
143 343
143 346
143 361
143 362
143 364
143 365
143 371
143 378
143 382
143 384
144 151
144 155
144 163
144 206
144 210
144 214
144 230
144 243
144 244
144 269
144 270
144 310
144 319
144 329
144 332
144 337
144 345
144 354
144 355
144 365
144 366
144 370
144 375
144 377
145 166
145 170
145 178
145 198
145 218
145 225
145 229
145 247
145 257
145 260
145 267
145 277
145 278
145 295
145 299
145 314
145 315
145 333
145 336
145 346
145 360
145 363
145 374
145 379
146 148
146 156
146 160
146 174
146 183
146 187
146 214
146 222
146 224
146 233
146 245
146 247
146 248
146 258
146 263
146 268
146 279
146 299
146 313
146 320
146 334
146 349
146 365
146 389
146 397
146 398
147 158
147 160
147 164
147 172
147 182
147 216
147 223
147 239
147 264
147 275
147 278
147 303
147 328
147 332
147 338
147 346
147 347
147 368
147 386
147 392
147 396
148 170
148 180
148 182
148 186
148 188
148 201
148 205
148 213
148 223
148 233
148 236
148 237
148 244
148 245
148 298
148 300
148 305
148 319
148 331
148 346
148 352
148 360
148 377
148 383
148 397
149 154
149 166
149 169
149 204
149 225
149 226
149 228
149 237
149 243
149 245
149 266
149 269
149 285
149 288
149 303
149 308
149 314
149 324
149 329
149 332
149 335
149 351
149 364
149 367
149 376
149 381
149 386
149 391
149 397
149 398
150 156
150 163
150 165
150 178
150 180
150 244
150 257
150 262
150 282
150 288
150 299
150 331
150 346
150 384
150 386
150 390
151 158
151 168
151 169
151 183
151 185
151 195
151 198
151 209
151 215
151 221
151 228
151 236
151 240
151 255
151 258
151 292
151 301
151 346
151 362
151 369
151 380
151 387
151 388
151 392
152 174
152 177
152 189
152 198
152 205
152 207
152 211
152 215
152 228
152 231
152 235
152 236
152 245
152 261
152 266
152 287
152 290
152 311
152 314
152 318
152 328
152 335
152 343
152 348
152 349
152 367
152 398
153 168
153 184
153 188
153 199
153 212
153 220
153 225
153 231
153 267
153 275
153 282
153 283
153 288
153 308
153 314
153 340
153 341
153 347
153 350
153 367
153 371
154 161
154 163
154 188
154 195
154 196
154 212
154 217
154 218
154 221
154 226
154 249
154 252
154 261
154 266
154 292
154 296
154 298
154 304
154 323
154 326
154 336
154 345
154 347
154 351
154 353
154 365
154 376
154 389
154 390
154 392
155 160
155 203
155 206
155 208
155 214
155 221
155 222
155 241
155 243
155 251
155 262
155 263
155 267
155 305
155 308
155 309
155 356
155 361
155 363
155 373
155 374
156 161
156 174
156 202
156 216
156 235
156 242
156 262
156 264
156 278
156 296
156 332
156 338
156 347
156 374
157 159
157 160
157 165
157 203
157 205
157 207
157 213
157 216
157 248
157 262
157 337
157 347
157 369
157 393
158 161
158 164
158 177
158 178
158 190
158 193
158 247
158 266
158 291
158 295
158 297
158 316
158 349
158 352
158 354
158 361
158 373
158 377
158 387
158 397
159 160
159 164
159 166
159 168
159 192
159 205
159 221
159 251
159 257
159 258
159 275
159 279
159 287
159 290
159 291
159 330
159 336
159 342
159 351
159 367
159 373
159 378
159 382
159 399
160 177
160 186
160 193
160 195
160 205
160 223
160 252
160 255
160 264
160 265
160 270
160 275
160 277
160 310
160 322
160 330
160 335
160 345
160 355
160 369
160 376
160 383
160 393
161 169
161 178
161 180
161 200
161 203
161 212
161 217
161 238
161 268
161 269
161 273
161 288
161 295
161 307
161 319
161 321
161 328
161 352
161 356
161 372
161 379
161 384
162 175
162 179
162 207
162 214
162 223
162 236
162 242
162 248
162 251
162 254
162 255
162 262
162 274
162 312
162 313
162 318
162 323
162 334
162 340
162 363
162 386
162 395
163 172
163 190
163 192
163 228
163 229
163 238
163 240
163 246
163 293
163 303
163 331
163 332
163 351
163 355
163 361
163 376
163 384
163 390
163 392
163 399
164 165
164 179
164 184
164 202
164 229
164 232
164 238
164 244
164 256
164 265
164 276
164 290
164 305
164 336
164 337
164 339
164 358
164 361
164 371
164 374
164 375
164 388
164 394
164 397
165 173
165 191
165 192
165 217
165 255
165 278
165 285
165 308
165 326
165 344
165 350
165 381
165 389
165 392
166 182
166 183
166 188
166 192
166 195
166 202
166 213
166 226
166 229
166 252
166 276
166 279
166 294
166 295
166 345
166 360
166 368
166 380
166 395
166 397
167 172
167 208
167 221
167 222
167 223
167 228
167 229
167 237
167 239
167 278
167 283
167 286
167 290
167 301
167 309
167 332
167 360
167 369
167 373
168 170
168 173
168 177
168 178
168 179
168 189
168 190
168 201
168 208
168 211
168 230
168 240
168 267
168 283
168 296
168 299
168 300
168 301
168 305
168 306
168 308
168 309
168 312
168 321
168 323
168 325
168 339
168 347
168 353
168 373
168 376
169 187
169 189
169 205
169 220
169 225
169 234
169 243
169 291
169 296
169 324
169 330
169 333
169 355
169 363
169 370
169 393
170 172
170 173
170 216
170 238
170 239
170 251
170 261
170 297
170 311
170 317
170 327
170 332
170 344
170 348
170 355
170 363
170 364
171 173
171 184
171 190
171 199
171 209
171 214
171 218
171 230
171 238
171 249
171 268
171 272
171 274
171 282
171 338
171 339
171 341
171 372
171 396
172 203
172 210
172 224
172 227
172 265
172 267
172 275
172 312
172 317
172 324
172 340
172 345
172 347
172 365
172 381
172 383
172 392
173 174
173 186
173 192
173 198
173 205
173 208
173 210
173 220
173 268
173 284
173 293
173 302
173 304
173 325
173 337
173 342
173 348
173 353
173 369
173 379
173 381
173 391
173 397
173 399
174 175
174 185
174 206
174 210
174 216
174 231
174 237
174 271
174 279
174 287
174 333
174 346
175 176
175 198
175 204
175 210
175 224
175 227
175 230
175 259
175 277
175 299
175 302
175 313
175 321
175 322
175 344
175 365
175 385
176 186
176 187
176 189
176 208
176 217
176 235
176 242
176 246
176 261
176 273
176 274
176 288
176 313
176 319
176 328
176 332
176 334
176 358
176 364
176 369
176 371
176 372
176 379
176 382
176 391
176 394
176 399
177 187
177 188
177 194
177 203
177 205
177 210
177 218
177 240
177 244
177 245
177 247
177 265
177 266
177 275
177 306
177 307
177 323
177 329
177 331
177 337
177 359
177 370
177 392
177 399
178 181
178 204
178 206
178 225
178 258
178 269
178 272
178 297
178 305
178 312
178 313
178 344
178 371
178 375
178 379
178 381
178 386
178 389
179 184
179 185
179 194
179 199
179 209
179 210
179 225
179 226
179 239
179 240
179 241
179 255
179 256
179 273
179 290
179 308
179 314
179 328
179 349
179 357
179 362
179 364
179 375
179 395
180 192
180 198
180 199
180 219
180 237
180 238
180 243
180 245
180 250
180 253
180 274
180 276
180 277
180 284
180 285
180 292
180 298
180 300
180 323
180 360
180 365
180 369
180 376
180 379
180 383
180 387
181 188
181 189
181 202
181 223
181 251
181 256
181 265
181 301
181 304
181 306
181 311
181 313
181 319
181 326
181 336
181 345
181 350
181 351
181 354
181 359
181 366
181 393
182 228
182 239
182 268
182 274
182 287
182 294
182 314
182 335
182 355
182 360
182 393
183 191
183 192
183 218
183 248
183 259
183 262
183 322
183 347
183 361
183 371
183 374
184 186
184 187
184 197
184 207
184 225
184 244
184 273
184 289
184 296
184 313
184 314
184 316
184 342
184 348
184 353
184 372
184 375
184 384
184 390
184 395
185 187
185 213
185 228
185 236
185 254
185 272
185 281
185 314
185 330
185 353
185 355
185 364
185 371
185 393
186 190
186 194
186 195
186 212
186 268
186 277
186 290
186 307
186 323
186 337
186 346
186 351
186 359
186 362
186 374
186 378
186 385
187 214
187 245
187 248
187 262
187 263
187 272
187 274
187 275
187 286
187 287
187 304
187 315
187 317
187 336
187 360
187 382
187 384
188 198
188 216
188 222
188 256
188 260
188 276
188 295
188 312
188 332
188 361
188 362
188 390
189 209
189 217
189 232
189 233
189 262
189 320
189 325
189 332
189 353
189 357
189 362
189 380
190 202
190 203
190 209
190 220
190 225
190 239
190 248
190 258
190 275
190 280
190 281
190 283
190 304
190 320
190 336
190 340
190 346
190 354
190 357
190 360
190 364
190 366
190 378
190 383
191 206
191 209
191 213
191 218
191 222
191 232
191 237
191 244
191 245
191 293
191 294
191 297
191 302
191 314
191 317
191 327
191 331
191 351
191 353
191 394
192 217
192 226
192 234
192 245
192 249
192 262
192 275
192 287
192 293
192 297
192 304
192 311
192 339
192 348
192 351
192 352
192 354
192 383
193 204
193 212
193 224
193 242
193 253
193 255
193 261
193 263
193 270
193 304
193 324
193 328
193 345
193 352
193 358
193 390
194 200
194 203
194 212
194 229
194 236
194 253
194 294
194 309
194 327
194 330
194 334
194 336
194 345
194 348
194 370
194 390
195 196
195 197
195 201
195 220
195 229
195 232
195 239
195 250
195 257
195 274
195 280
195 297
195 299
195 313
195 359
195 376
195 393
196 200
196 211
196 213
196 215
196 222
196 224
196 240
196 255
196 257
196 264
196 267
196 282
196 291
196 300
196 350
196 368
196 370
196 371
196 388
196 393
197 207
197 216
197 218
197 222
197 233
197 269
197 277
197 286
197 319
197 326
197 328
197 329
197 339
197 353
197 365
197 381
197 394
198 208
198 221
198 227
198 229
198 236
198 239
198 243
198 247
198 252
198 256
198 257
198 271
198 293
198 294
198 296
198 313
198 316
198 321
198 346
198 352
198 354
198 363
198 365
198 380
199 201
199 203
199 257
199 267
199 273
199 287
199 294
199 297
199 301
199 310
199 329
199 330
199 335
199 360
199 374
199 377
199 386
199 388
199 391
199 398
200 216
200 235
200 254
200 260
200 273
200 277
200 303
200 336
200 365
200 388
201 218
201 232
201 233
201 251
201 256
201 303
201 308
201 310
201 333
201 334
201 337
201 339
201 350
201 370
201 372
201 386
202 221
202 234
202 248
202 259
202 262
202 279
202 285
202 292
202 312
202 314
202 319
202 327
202 330
202 359
202 360
202 361
202 363
202 370
202 383
202 390
202 397
203 217
203 231
203 232
203 233
203 238
203 243
203 252
203 280
203 285
203 287
203 308
203 310
203 319
203 325
203 327
203 352
203 371
203 395
204 213
204 214
204 218
204 224
204 240
204 253
204 267
204 274
204 302
204 307
204 319
204 320
204 323
204 326
204 354
204 363
204 388
204 389
204 396
205 214
205 215
205 218
205 222
205 232
205 274
205 294
205 299
205 300
205 314
205 315
205 324
205 396
206 223
206 243
206 245
206 246
206 266
206 269
206 271
206 273
206 276
206 279
206 325
206 326
206 331
206 332
206 333
206 339
206 347
206 348
206 355
206 361
206 364
207 233
207 237
207 240
207 242
207 249
207 252
207 257
207 278
207 279
207 295
207 298
207 356
207 358
207 367
207 382
207 394
208 209
208 217
208 237
208 267
208 273
208 274
208 277
208 284
208 293
208 310
208 320
208 361
208 368
208 373
208 387
209 217
209 219
209 223
209 239
209 245
209 257
209 286
209 289
209 298
209 310
209 319
209 339
209 348
209 365
209 368
209 374
209 376
209 389
210 215
210 220
210 228
210 247
210 262
210 274
210 303
210 308
210 317
210 321
210 334
210 358
210 362
210 370
210 374
210 394
210 395
211 221
211 234
211 242
211 269
211 271
211 334
211 341
211 342
211 356
211 372
211 376
211 382
212 213
212 254
212 262
212 282
212 287
212 289
212 299
212 302
212 306
212 309
212 323
212 332
212 333
212 367
212 370
212 385
212 396
212 397
213 222
213 262
213 270
213 271
213 293
213 298
213 300
213 301
213 314
213 328
213 332
213 398
214 219
214 239
214 253
214 255
214 265
214 317
214 319
214 320
214 334
214 337
214 347
214 356
214 365
214 380
214 391
214 397
215 216
215 244
215 248
215 250
215 253
215 271
215 279
215 283
215 289
215 310
215 323
215 327
215 328
215 347
215 356
215 365
215 369
215 387
216 223
216 236
216 240
216 244
216 253
216 262
216 277
216 290
216 314
216 316
216 321
216 323
216 335
216 339
216 345
216 352
216 354
216 355
216 373
216 375
216 378
216 380
216 385
216 392
216 394
217 226
217 227
217 244
217 251
217 257
217 269
217 273
217 288
217 294
217 299
217 327
217 337
217 341
217 342
217 345
217 353
217 357
217 398
218 227
218 247
218 252
218 270
218 284
218 285
218 286
218 305
218 317
218 322
218 329
218 337
218 353
218 358
219 253
219 258
219 260
219 267
219 275
219 287
219 293
219 295
219 297
219 308
219 317
219 337
219 344
219 346
219 349
219 366
219 381
219 382
219 386
219 387
219 389
220 237
220 238
220 239
220 242
220 243
220 247
220 249
220 250
220 257
220 266
220 277
220 279
220 305
220 312
220 321
220 324
220 325
220 335
220 346
220 347
220 348
220 349
220 356
220 373
220 375
221 235
221 240
221 241
221 243
221 252
221 284
221 296
221 298
221 299
221 312
221 321
221 329
221 340
221 343
221 353
221 358
221 359
221 361
221 362
221 363
221 373
222 247
222 254
222 256
222 261
222 267
222 274
222 297
222 308
222 316
222 328
222 340
222 341
222 344
222 347
222 350
222 353
222 395
223 263
223 267
223 281
223 286
223 288
223 292
223 296
223 307
223 333
223 336
223 347
223 348
223 357
223 358
223 365
223 371
223 375
223 381
224 234
224 256
224 280
224 297
224 301
224 307
224 316
224 317
224 318
224 329
224 332
224 335
224 348
224 356
224 357
224 360
224 370
224 375
224 388
224 392
225 257
225 262
225 271
225 275
225 276
225 290
225 299
225 308
225 309
225 314
225 323
225 325
225 344
225 349
225 353
225 365
225 389
226 227
226 256
226 262
226 268
226 298
226 304
226 318
226 379
226 393
227 250
227 254
227 256
227 283
227 289
227 298
227 308
227 314
227 334
227 346
227 362
227 364
227 380
227 381
227 385
227 393
228 262
228 267
228 270
228 286
228 289
228 298
228 318
228 323
228 334
228 335
228 345
228 363
228 378
228 398
228 399
229 232
229 234
229 236
229 239
229 244
229 257
229 278
229 298
229 305
229 311
229 312
229 321
229 333
229 337
229 350
229 390
230 237
230 256
230 260
230 284
230 302
230 314
230 315
230 317
230 334
230 368
230 370
230 374
230 394
231 252
231 257
231 261
231 262
231 266
231 288
231 291
231 295
231 299
231 300
231 309
231 311
231 312
231 315
231 317
231 329
231 331
231 344
231 349
231 361
231 388
231 393
232 236
232 237
232 243
232 247
232 250
232 252
232 260
232 261
232 266
232 284
232 294
232 296
232 298
232 308
232 323
232 350
232 365
232 381
232 397
232 398
233 259
233 265
233 269
233 273
233 279
233 289
233 290
233 308
233 316
233 318
233 355
233 366
233 374
233 379
233 389
234 244
234 254
234 259
234 264
234 265
234 301
234 309
234 319
234 336
234 339
234 349
234 355
234 363
234 385
235 238
235 289
235 298
235 303
235 310
235 314
235 316
235 326
235 327
235 352
235 357
235 371
235 373
235 375
235 379
235 397
236 237
236 254
236 256
236 267
236 282
236 292
236 293
236 298
236 306
236 315
236 329
236 336
236 338
236 345
236 346
237 244
237 245
237 249
237 256
237 257
237 263
237 271
237 277
237 282
237 288
237 322
237 324
237 329
237 333
237 342
237 361
237 369
237 373
237 377
237 388
238 243
238 246
238 252
238 267
238 321
238 330
238 336
238 364
238 375
238 391
239 245
239 252
239 261
239 278
239 279
239 283
239 294
239 301
239 319
239 333
239 343
239 344
239 349
239 364
239 386
239 388
239 392
240 282
240 289
240 294
240 306
240 356
240 362
240 396
240 397
241 249
241 264
241 272
241 289
241 295
241 305
241 318
241 321
241 334
241 339
241 354
241 367
241 370
241 388
242 249
242 261
242 278
242 293
242 338
242 340
242 347
242 355
242 362
242 366
242 374
242 376
242 380
242 392
243 246
243 250
243 257
243 265
243 271
243 272
243 273
243 342
243 359
243 367
243 371
243 378
243 381
244 253
244 258
244 278
244 279
244 314
244 366
244 368
244 379
244 387
244 389
244 393
244 396
245 280
245 284
245 288
245 291
245 320
245 325
245 365
245 378
245 386
245 391
246 248
246 257
246 265
246 347
246 350
246 360
246 364
246 388
247 277
247 279
247 283
247 294
247 299
247 301
247 311
247 312
247 316
247 322
247 331
247 339
247 351
247 371
247 372
247 373
247 377
247 381
247 387
248 261
248 265
248 267
248 271
248 276
248 290
248 293
248 311
248 314
248 321
248 329
248 335
248 390
248 396
249 250
249 254
249 276
249 284
249 285
249 290
249 344
249 346
249 367
249 379
249 393
250 254
250 262
250 272
250 293
250 295
250 299
250 313
250 322
250 334
250 337
250 366
250 379
250 386
250 392
250 399
251 258
251 263
251 273
251 283
251 293
251 303
251 361
251 371
251 378
251 392
251 395
252 260
252 273
252 295
252 302
252 319
252 327
252 337
252 341
252 345
252 348
252 357
252 374
252 384
253 255
253 271
253 275
253 288
253 306
253 315
253 316
253 317
253 325
253 329
253 331
253 333
253 339
253 340
253 345
253 387
254 280
254 340
254 361
254 373
254 375
254 383
255 256
255 274
255 277
255 291
255 304
255 309
255 310
255 313
255 322
255 332
255 334
255 339
255 347
255 387
256 260
256 274
256 282
256 286
256 298
256 301
256 323
256 338
256 343
256 369
256 385
256 386
256 388
256 392
257 259
257 263
257 266
257 269
257 278
257 301
257 314
257 328
257 342
257 365
257 373
257 382
257 386
257 394
258 269
258 276
258 322
258 329
258 358
258 374
258 378
258 383
258 394
259 274
259 285
259 289
259 308
259 339
259 341
259 349
259 362
259 369
259 374
259 388
260 269
260 307
260 324
260 345
260 358
260 361
260 388
260 389
260 390
261 262
261 280
261 286
261 295
261 310
261 338
261 340
261 352
261 370
261 373
261 396
262 274
262 302
262 350
262 378
262 388
262 390
262 391
262 397
263 266
263 271
263 276
263 283
263 310
263 312
263 328
263 329
263 339
263 340
263 343
263 356
263 361
263 372
263 373
263 379
263 395
263 397
264 268
264 272
264 277
264 293
264 303
264 308
264 311
264 316
264 322
264 334
264 342
264 349
264 356
264 375
264 382
264 386
264 393
265 266
265 269
265 279
265 297
265 318
265 356
265 369
265 370
265 372
265 375
266 271
266 286
266 329
266 331
266 347
266 359
266 367
266 388
267 271
267 275
267 282
267 292
267 300
267 313
267 321
267 333
267 350
267 361
267 380
268 269
268 280
268 288
268 302
268 316
268 322
268 362
268 364
268 397
269 277
269 278
269 282
269 304
269 312
269 314
269 328
269 345
269 359
269 365
270 275
270 279
270 285
270 298
270 312
270 327
270 337
270 374
270 377
270 394
271 277
271 334
271 338
271 350
271 352
271 365
271 366
271 370
271 388
272 286
272 299
272 324
272 335
272 354
272 384
272 388
272 393
272 396
273 274
273 278
273 282
273 286
273 292
273 327
273 331
273 347
273 348
273 370
273 383
273 394
274 275
274 278
274 309
274 316
274 319
274 323
274 331
274 337
274 347
274 379
275 280
275 300
275 320
275 321
275 338
275 346
275 348
275 368
275 370
275 383
276 277
276 282
276 293
276 294
276 300
276 313
276 318
276 323
276 324
276 344
276 388
276 392
276 395
277 282
277 306
277 313
277 321
277 336
277 353
277 364
277 371
277 378
277 387
278 289
278 335
278 338
278 357
278 371
278 377
279 290
279 308
279 321
279 328
279 337
279 343
279 347
279 366
279 367
279 368
279 380
279 387
279 396
279 398
280 281
280 290
280 296
280 298
280 299
280 353
280 359
280 370
280 371
280 379
280 388
281 346
281 347
281 392
281 395
282 302
282 303
282 306
282 309
282 310
282 313
282 317
282 326
282 336
282 338
282 342
282 365
282 376
282 384
282 388
282 390
283 286
283 300
283 313
283 321
283 325
283 326
283 350
283 371
283 373
283 375
283 385
283 389
283 391
283 392
284 299
284 322
284 330
284 342
284 344
284 346
284 349
284 350
284 364
284 366
284 372
284 375
285 296
285 302
285 323
285 327
285 330
285 350
285 356
285 363
285 373
285 379
285 391
286 292
286 300
286 337
286 338
286 343
286 357
286 363
286 380
286 383
287 290
287 317
287 327
287 340
287 346
287 362
287 374
287 375
287 389
287 391
288 302
288 315
288 316
288 319
288 320
288 330
288 333
288 341
288 346
288 349
288 352
288 353
288 359
288 362
288 379
288 386
288 392
289 290
289 296
289 302
289 311
289 317
289 354
289 360
289 387
290 293
290 316
290 318
290 319
290 325
290 343
290 346
290 347
290 348
290 380
290 398
291 301
291 311
291 324
291 351
291 367
291 378
291 382
291 391
291 392
292 307
292 314
292 319
292 337
292 361
292 387
292 393
293 298
293 305
293 310
293 336
293 345
293 352
293 355
293 358
293 371
293 379
293 387
293 389
293 395
294 323
294 324
294 326
294 328
294 349
294 357
294 360
294 377
295 299
295 310
295 317
295 322
295 340
295 358
295 367
295 372
295 376
295 396
295 398
296 319
296 327
296 331
296 348
296 369
296 397
297 307
297 312
297 313
297 329
297 332
297 333
297 336
297 342
297 343
297 344
297 351
297 353
297 356
297 360
297 371
297 390
297 392
298 318
298 319
298 320
298 350
298 356
298 363
298 367
298 380
298 382
299 303
299 315
299 319
299 341
299 344
299 345
299 378
300 311
300 315
300 326
300 335
300 338
300 357
300 372
300 376
300 387
301 303
301 308
301 338
301 339
301 354
301 362
301 378
301 382
301 387
301 395
302 308
302 321
302 327
302 337
302 375
303 304
303 319
303 348
303 353
303 361
304 319
304 320
304 321
304 326
304 331
304 338
304 339
304 341
304 346
304 351
304 357
304 372
304 396
305 313
305 320
305 329
305 335
305 347
305 352
305 397
306 321
306 331
306 360
306 369
306 381
306 382
306 384
306 389
307 316
307 328
307 337
307 342
307 352
307 381
308 313
308 332
308 333
308 336
308 340
308 352
308 354
308 364
308 368
308 380
308 385
308 395
308 398
308 399
309 312
309 346
309 363
309 364
309 372
309 382
310 315
310 336
310 341
310 346
310 388
310 396
311 337
311 347
311 348
311 369
311 371
311 373
311 381
311 387
311 390
312 320
312 329
312 344
312 348
312 357
312 365
312 392
312 393
312 395
313 321
313 324
313 329
313 334
313 335
313 359
313 360
313 373
313 382
313 393
313 399
314 324
314 325
314 329
314 330
314 333
314 339
314 340
314 364
314 383
314 388
315 341
315 343
315 360
315 365
315 372
315 376
315 386
315 388
316 319
316 332
316 336
316 345
316 361
316 363
316 384
317 318
317 325
317 350
317 368
317 376
317 380
318 320
318 325
318 329
318 348
318 352
318 366
318 381
318 385
319 341
319 342
319 372
319 378
319 391
320 330
320 341
320 355
320 356
320 376
320 387
321 326
321 335
321 341
321 347
321 348
321 354
321 358
321 359
321 377
321 391
321 393
322 343
322 358
322 377
322 385
322 386
322 388
322 389
323 330
323 334
323 355
323 380
323 382
323 396
324 334
324 357
324 367
324 373
324 392
325 329
325 338
325 343
325 350
325 351
325 357
325 366
325 369
325 371
325 373
325 376
326 327
326 330
326 338
326 339
326 342
326 353
326 359
326 362
326 370
326 384
326 391
326 396
327 333
327 335
327 336
327 353
327 356
327 360
327 362
327 383
327 393
328 331
328 334
328 335
328 339
328 344
328 361
328 363
328 380
328 391
328 399
329 334
329 337
329 341
329 354
329 379
329 380
329 381
329 385
329 397
330 334
330 347
330 352
330 368
330 371
330 375
330 392
331 336
331 340
331 353
331 361
331 371
331 373
331 385
331 388
332 377
332 388
332 398
333 335
333 347
333 352
333 367
333 369
333 373
333 383
333 386
334 341
334 343
334 353
334 354
334 361
334 385
334 386
334 389
334 390
334 394
335 337
335 346
335 362
335 365
335 376
335 380
335 381
335 387
335 388
335 392
336 342
336 347
336 356
336 377
337 367
337 373
337 376
337 386
337 390
338 341
338 374
338 379
338 397
339 349
339 367
339 387
340 343
340 352
340 367
341 356
341 364
341 384
341 390
342 344
342 361
342 363
342 365
342 366
342 369
342 376
342 387
342 399
343 363
343 366
343 371
343 385
343 397
344 357
344 360
344 384
345 346
345 350
345 361
345 390
346 350
346 352
346 364
346 367
346 373
347 355
347 362
347 364
347 368
347 372
347 377
347 397
348 376
349 360
349 384
349 387
349 397
350 355
350 356
350 361
350 365
350 390
351 353
351 355
351 380
351 391
351 395
352 365
352 373
352 388
353 365
353 378
353 383
353 384
354 357
354 359
354 362
355 363
355 392
356 369
356 374
356 381
356 383
356 384
356 393
357 377
357 380
358 365
358 366
358 369
359 381
359 384
359 395
359 399
360 377
360 392
360 398
361 369
361 376
361 393
362 365
362 384
362 397
363 373
363 378
363 381
364 376
364 382
364 383
364 388
364 390
365 366
365 381
365 394
366 375
366 377
366 379
366 382
366 396
367 370
368 380
369 372
369 387
369 397
370 383
370 399
371 394
372 387
372 391
372 399
373 380
373 381
374 381
374 386
374 391
374 393
374 396
375 382
377 378
377 380
377 397
379 398
381 390
382 383
383 397
387 388
390 397
391 395
392 396
393 397
395 398
396 398
