300 2279 0.8
0 3
0 44
0 51
0 57
0 64
0 67
0 68
0 87
0 100
0 108
0 190
0 220
0 248
0 295
1 36
1 47
1 90
1 158
1 178
1 199
1 201
1 226
1 234
1 246
1 247
1 273
2 18
2 43
2 58
2 67
2 78
2 82
2 88
2 94
2 104
2 105
2 128
2 130
2 151
2 165
2 185
2 200
2 208
2 212
2 243
3 9
3 38
3 41
3 43
3 116
3 121
3 153
3 159
3 215
3 221
3 222
3 223
3 246
3 256
3 258
3 282
3 293
4 13
4 63
4 76
4 98
4 117
4 136
4 138
4 164
4 165
4 172
4 174
4 210
4 252
4 290
5 90
5 112
5 129
5 160
5 165
5 178
5 189
5 209
5 228
5 274
6 11
6 36
6 42
6 43
6 52
6 62
6 70
6 102
6 130
6 165
6 215
6 227
6 243
6 249
7 19
7 22
7 40
7 82
7 108
7 115
7 123
7 136
7 138
7 160
7 178
7 200
7 223
7 238
7 255
7 288
8 15
8 18
8 48
8 60
8 89
8 93
8 105
8 106
8 116
8 119
8 158
8 184
8 185
8 197
8 253
8 285
8 292
8 296
9 34
9 44
9 90
9 94
9 101
9 121
9 122
9 126
9 131
9 135
9 136
9 167
9 204
9 217
10 19
10 23
10 29
10 71
10 86
10 91
10 103
10 114
10 130
10 133
10 134
10 147
10 166
10 173
10 192
10 263
11 36
11 85
11 103
11 124
11 168
11 198
11 207
11 213
11 238
11 246
11 257
11 261
11 287
11 294
11 296
12 27
12 65
12 71
12 132
12 180
12 225
12 233
12 236
12 242
12 257
12 263
12 280
12 293
13 14
13 20
13 62
13 68
13 81
13 96
13 111
13 115
13 160
13 164
13 185
13 205
13 255
13 274
13 283
13 286
13 287
13 293
13 297
14 15
14 26
14 40
14 58
14 75
14 86
14 97
14 144
14 145
14 187
14 194
14 208
14 210
14 233
14 237
14 261
14 293
14 295
15 16
15 33
15 36
15 41
15 115
15 134
15 155
15 160
15 198
15 206
15 207
15 257
15 264
15 265
15 281
15 283
15 295
16 18
16 22
16 56
16 57
16 62
16 66
16 81
16 124
16 184
16 244
16 250
16 277
16 278
17 19
17 57
17 73
17 77
17 96
17 116
17 128
17 143
17 164
17 172
17 186
17 189
17 199
17 211
17 226
17 227
17 230
17 246
17 268
18 39
18 58
18 59
18 64
18 69
18 96
18 119
18 139
18 150
18 259
18 263
18 268
18 279
18 284
19 27
19 34
19 45
19 65
19 82
19 83
19 122
19 148
19 153
19 187
19 194
19 220
19 257
19 258
19 279
20 49
20 98
20 109
20 118
20 143
20 144
20 156
20 178
20 240
20 284
21 45
21 55
21 66
21 89
21 164
21 185
21 215
21 234
21 294
22 92
22 104
22 135
22 138
22 173
22 196
22 257
22 266
22 294
23 67
23 90
23 92
23 103
23 108
23 118
23 147
23 174
23 213
23 242
23 250
23 258
23 284
23 288
24 28
24 73
24 83
24 86
24 90
24 93
24 106
24 115
24 138
24 145
24 153
24 186
24 192
24 206
24 227
24 266
24 278
25 31
25 32
25 35
25 45
25 48
25 52
25 57
25 96
25 100
25 134
25 140
25 143
25 184
25 189
25 198
25 218
25 242
25 247
25 272
26 44
26 52
26 72
26 82
26 92
26 112
26 117
26 127
26 135
26 159
26 168
26 184
26 189
26 193
26 202
26 240
26 251
26 266
26 287
27 37
27 45
27 49
27 56
27 103
27 107
27 164
27 175
27 186
27 199
27 202
27 240
27 269
28 34
28 38
28 63
28 98
28 165
28 181
28 186
28 202
28 206
28 210
28 218
28 219
28 239
28 244
28 271
28 282
28 293
29 36
29 80
29 82
29 119
29 131
29 134
29 199
29 212
29 235
29 242
29 247
29 265
29 297
30 42
30 68
30 76
30 86
30 89
30 90
30 111
30 223
30 250
30 251
30 255
30 261
31 43
31 45
31 50
31 62
31 80
31 96
31 98
31 104
31 124
31 161
31 184
31 229
31 249
31 295
32 41
32 58
32 74
32 146
32 194
32 198
32 199
32 217
32 264
32 268
32 274
32 277
32 296
33 46
33 50
33 67
33 85
33 88
33 118
33 143
33 177
33 178
33 210
33 216
33 218
33 234
33 258
33 278
34 35
34 71
34 80
34 82
34 100
34 139
34 185
34 192
34 209
34 219
34 225
34 233
34 278
34 293
35 64
35 80
35 81
35 100
35 105
35 109
35 115
35 130
35 159
35 166
35 176
35 181
35 184
35 209
35 210
35 226
35 236
35 249
35 287
36 101
36 103
36 112
36 117
36 123
36 155
36 161
36 171
36 187
36 217
36 219
36 245
36 251
36 252
36 268
36 290
36 295
37 63
37 85
37 101
37 106
37 273
37 286
38 39
38 73
38 96
38 97
38 104
38 109
38 116
38 143
38 146
38 206
38 218
38 258
38 267
38 296
39 45
39 58
39 61
39 70
39 105
39 177
39 180
39 192
39 201
39 204
39 213
39 268
39 274
39 276
39 286
39 299
40 88
40 103
40 158
40 188
40 204
40 212
40 220
40 246
40 251
40 271
40 285
41 79
41 86
41 109
41 125
41 138
41 142
41 145
41 153
41 163
41 173
41 175
41 178
41 186
41 202
41 217
41 225
41 234
41 243
41 244
41 253
41 272
42 65
42 71
42 93
42 94
42 139
42 141
42 192
42 193
42 219
42 236
42 262
42 278
42 283
42 291
43 47
43 51
43 52
43 82
43 94
43 117
43 134
43 135
43 143
43 160
43 178
43 186
43 196
43 201
43 227
43 256
43 270
43 277
43 292
43 297
44 55
44 71
44 84
44 87
44 122
44 146
44 173
44 189
44 243
44 262
44 294
45 54
45 59
45 125
45 127
45 174
45 184
45 186
45 211
45 270
45 289
45 294
46 68
46 77
46 120
46 124
46 142
46 151
46 159
46 181
46 201
46 227
46 260
47 54
47 83
47 96
47 101
47 108
47 142
47 174
47 180
47 184
47 195
47 204
47 248
47 279
48 58
48 71
48 98
48 99
48 143
48 172
48 194
48 206
48 218
48 229
48 246
48 251
48 260
48 283
48 290
49 83
49 102
49 106
49 113
49 167
49 169
49 181
49 189
49 202
49 204
49 217
49 295
50 72
50 77
50 131
50 150
50 153
50 183
50 184
50 192
50 214
50 265
50 268
50 276
51 74
51 129
51 162
51 163
51 179
51 182
51 208
51 217
51 235
51 237
51 248
51 253
51 272
51 283
51 289
51 290
52 76
52 80
52 100
52 105
52 118
52 135
52 157
52 195
52 199
52 200
52 210
52 237
52 267
52 292
52 293
53 60
53 92
53 98
53 172
53 195
53 222
53 228
53 235
53 241
53 261
54 78
54 80
54 90
54 110
54 115
54 126
54 127
54 138
54 237
54 262
54 264
54 276
54 286
55 71
55 89
55 102
55 118
55 130
55 149
55 162
55 205
55 206
55 214
55 218
55 236
55 237
55 245
55 277
55 283
55 284
55 294
56 142
56 167
56 262
56 269
57 62
57 90
57 92
57 95
57 106
57 110
57 115
57 119
57 121
57 126
57 172
57 180
57 227
57 237
57 242
57 259
57 277
57 279
57 283
58 107
58 111
58 129
58 139
58 141
58 157
58 190
58 282
58 297
58 298
58 299
59 80
59 118
59 123
59 126
59 197
59 201
59 202
59 206
59 213
59 267
59 269
59 282
60 61
60 86
60 87
60 90
60 104
60 109
60 123
60 127
60 132
60 180
60 181
60 183
60 197
60 203
60 214
60 240
60 242
60 243
60 280
61 72
61 79
61 84
61 127
61 155
61 174
61 175
61 189
61 193
61 195
61 207
61 209
61 253
61 281
61 285
61 292
62 119
62 139
62 146
62 200
62 218
62 296
62 299
63 103
63 160
63 173
63 177
63 180
63 214
63 229
63 240
63 244
63 284
64 84
64 102
64 109
64 117
64 146
64 159
64 191
64 211
64 285
64 287
65 80
65 82
65 107
65 112
65 144
65 150
65 177
65 219
65 225
65 246
65 292
66 77
66 83
66 86
66 115
66 136
66 146
66 149
66 175
66 204
66 230
66 255
66 259
66 277
66 283
67 112
67 113
67 120
67 127
67 147
67 157
67 161
67 188
67 219
67 261
67 273
67 274
67 285
68 76
68 96
68 108
68 119
68 130
68 139
68 176
68 203
68 213
68 224
68 230
68 231
68 243
68 246
68 290
68 296
69 80
69 85
69 171
69 180
69 217
69 229
69 235
69 244
69 257
69 275
69 278
69 291
69 297
70 72
70 106
70 129
70 139
70 162
70 169
70 200
70 215
70 258
71 115
71 124
71 129
71 176
71 181
71 223
71 230
71 248
71 273
72 74
72 76
72 109
72 182
72 192
72 209
72 223
72 297
73 83
73 113
73 122
73 127
73 145
73 178
73 183
73 184
73 235
73 244
73 255
73 290
74 92
74 163
74 169
74 182
74 274
75 131
75 152
75 181
75 186
75 229
75 245
75 266
75 280
76 85
76 93
76 104
76 119
76 127
76 137
76 167
76 168
76 177
76 262
77 95
77 99
77 176
77 193
77 200
77 203
77 205
77 211
77 262
77 263
78 98
78 100
78 142
78 169
78 212
78 223
78 250
78 297
79 88
79 90
79 126
79 130
79 147
79 158
79 173
79 181
79 216
79 234
79 235
79 243
79 260
79 269
79 280
79 296
80 84
80 105
80 109
80 117
80 141
80 147
80 230
80 234
80 242
80 267
80 282
81 92
81 120
81 140
81 202
81 209
81 212
81 248
81 252
81 277
82 106
82 173
82 213
82 250
82 253
83 127
83 159
83 169
83 170
83 186
83 199
83 233
83 259
83 265
83 266
84 121
84 154
84 170
84 211
84 230
84 237
84 285
84 291
85 115
85 149
85 153
85 154
85 156
85 236
85 246
85 253
85 276
85 284
85 287
86 103
86 132
86 162
86 180
86 202
86 212
86 220
86 239
86 264
87 88
87 115
87 119
87 156
87 168
87 169
87 195
87 206
87 220
87 232
87 235
87 280
87 299
88 111
88 117
88 148
88 150
88 176
88 190
88 194
88 195
88 205
88 216
88 272
88 282
89 93
89 100
89 104
89 107
89 115
89 127
89 129
89 147
89 190
89 201
89 285
90 126
90 130
90 142
90 158
90 163
90 168
90 183
90 233
90 249
90 254
90 292
90 298
91 111
91 125
91 126
91 135
91 159
91 168
91 169
91 177
91 191
91 212
91 225
91 241
91 246
91 269
91 273
91 274
91 278
92 110
92 124
92 174
92 176
92 182
92 187
92 198
92 203
92 207
92 283
92 287
93 97
93 101
93 105
93 107
93 110
93 145
93 156
93 162
93 168
93 217
93 223
93 231
93 265
94 102
94 112
94 121
94 141
94 181
94 199
94 203
94 237
94 251
94 252
94 271
94 288
95 193
95 235
95 254
95 258
95 282
95 291
96 133
96 151
96 168
96 189
96 233
96 243
96 257
96 261
96 264
96 297
97 103
97 192
97 213
97 215
97 219
97 220
97 235
97 248
97 258
97 267
97 272
97 279
97 282
97 291
98 101
98 108
98 155
98 167
98 194
98 203
98 211
98 273
99 146
99 147
99 160
99 176
99 240
99 279
99 283
100 104
100 133
100 171
100 203
100 206
100 261
101 105
101 119
101 124
101 126
101 135
101 160
101 177
101 191
101 228
101 236
101 246
101 247
101 263
101 271
101 281
101 294
101 298
102 107
102 109
102 117
102 118
102 122
102 138
102 141
102 197
102 207
102 210
102 246
103 105
103 107
103 122
103 131
103 159
103 187
103 196
103 203
103 227
103 283
104 105
104 113
104 122
104 157
104 160
104 204
104 214
104 242
104 250
104 272
104 273
104 288
105 135
105 141
105 143
105 170
105 192
105 251
105 252
105 256
106 146
106 180
106 198
106 201
106 218
106 264
106 278
106 285
106 296
107 108
107 167
107 202
107 211
107 215
107 218
107 268
107 294
107 295
107 298
108 118
108 187
108 196
108 209
108 240
108 245
108 268
108 269
109 139
109 159
109 163
109 189
109 221
109 236
109 240
109 255
109 294
110 129
110 168
110 204
110 205
110 212
110 217
110 221
110 238
110 270
110 272
110 291
111 124
111 210
111 256
111 274
111 282
111 289
112 127
112 139
112 140
112 154
112 155
112 175
112 186
112 195
112 233
112 236
112 255
112 259
113 138
113 141
113 151
113 170
113 214
113 224
113 229
113 245
113 259
113 269
113 286
114 120
114 146
114 205
114 206
114 209
114 212
114 281
114 284
114 292
115 136
115 140
115 162
115 184
115 186
115 193
115 200
115 224
115 225
115 279
116 123
116 130
116 157
116 215
116 276
117 121
117 158
117 205
117 254
117 280
118 120
118 175
118 239
118 277
119 164
119 198
119 207
119 217
119 226
119 264
119 287
120 124
120 138
120 145
120 146
120 179
120 190
120 198
120 209
120 213
120 251
120 292
121 137
121 150
121 158
121 171
121 229
121 238
121 260
121 275
121 277
121 292
122 186
122 187
122 224
122 238
122 241
122 260
123 168
123 182
123 203
123 207
123 216
123 229
123 234
123 242
123 245
123 247
124 167
124 178
124 189
124 190
124 206
124 210
124 275
125 161
125 194
125 224
125 259
125 260
125 274
126 135
126 138
126 150
126 151
126 165
126 174
126 202
126 223
126 247
126 259
126 267
127 128
127 143
127 181
127 240
127 245
127 246
128 136
128 143
128 150
128 167
128 176
128 219
128 240
128 241
128 243
128 257
128 295
129 137
129 153
129 162
129 216
129 243
129 250
129 261
129 264
129 294
130 135
130 141
130 165
130 166
130 179
130 180
130 181
130 193
130 209
130 215
130 268
130 277
131 167
131 244
131 280
131 283
131 293
131 294
131 296
132 140
132 217
132 222
132 231
132 233
132 242
132 277
133 144
133 154
133 165
133 227
133 273
133 298
133 299
134 172
134 214
134 222
134 231
134 245
134 268
134 269
134 282
135 169
135 176
135 202
135 206
135 226
135 227
135 235
135 240
135 277
135 295
136 142
136 191
136 212
136 265
136 277
136 289
137 176
137 217
137 223
137 239
137 245
137 259
137 266
137 282
137 299
138 147
138 157
138 189
138 194
138 196
138 201
138 206
138 219
138 220
138 231
138 233
138 234
139 150
139 153
139 169
139 172
139 181
139 197
139 209
139 211
139 218
139 244
139 252
139 255
139 267
139 280
139 292
140 246
140 253
140 268
140 270
141 144
141 160
141 242
141 271
141 278
142 164
142 200
142 225
142 259
142 274
142 290
142 299
143 158
143 171
143 175
143 201
143 241
143 246
143 275
144 162
144 169
144 172
144 174
144 199
144 209
144 214
144 220
144 269
144 281
144 285
144 286
145 178
145 214
145 218
145 239
145 244
145 260
145 285
145 290
145 292
145 298
146 175
146 246
146 258
147 161
147 190
147 194
147 207
147 215
147 234
147 239
147 272
148 189
148 200
148 225
148 274
149 164
149 179
149 180
149 183
149 187
149 189
149 227
149 239
149 263
149 283
150 162
150 244
150 265
150 269
150 294
151 153
151 159
151 161
151 201
151 212
151 220
151 251
151 252
151 261
151 277
151 278
151 282
151 287
151 292
151 298
152 192
152 210
152 231
152 240
152 245
152 262
152 272
152 274
153 155
153 204
153 212
153 219
153 263
153 267
153 269
153 276
153 287
154 158
154 163
154 184
154 200
154 216
154 224
154 232
154 250
154 256
154 282
154 293
155 222
155 228
155 238
155 243
155 247
155 289
156 162
156 184
156 205
156 232
156 233
156 277
157 169
157 184
157 229
157 251
157 258
157 259
157 263
157 268
158 195
158 202
158 242
158 250
158 256
158 263
158 277
158 298
159 174
159 234
159 285
159 287
160 164
160 170
160 171
160 203
160 209
160 235
160 246
160 263
160 272
160 281
160 284
161 174
161 187
161 193
161 223
161 224
161 228
161 242
161 274
161 280
161 292
162 178
162 206
162 207
162 246
162 247
163 168
163 180
163 192
163 228
163 231
163 232
163 245
163 249
163 290
164 201
164 213
164 221
164 253
164 287
165 172
165 200
165 254
165 271
166 177
166 185
166 210
166 216
166 247
166 256
166 276
166 283
167 180
167 191
167 212
167 215
167 216
167 288
168 197
168 221
168 230
168 238
168 243
168 264
168 280
168 289
169 198
169 204
169 282
170 195
170 215
170 233
170 261
171 175
171 188
171 234
171 249
171 287
172 198
172 229
172 235
172 236
172 270
172 275
173 206
173 231
173 265
173 283
173 286
173 291
174 235
174 247
174 249
174 261
174 296
175 206
175 219
175 250
175 260
175 269
175 283
175 297
175 298
176 187
176 190
176 195
176 201
176 214
176 231
176 295
177 201
177 246
177 252
177 272
177 287
177 292
178 184
178 204
178 222
178 260
178 278
179 187
179 223
179 226
179 251
179 259
179 277
179 285
180 207
180 224
180 231
180 262
180 271
180 287
180 295
180 299
181 237
181 257
182 192
182 199
182 213
182 214
182 288
183 223
183 228
183 231
183 243
183 269
184 202
184 205
184 208
184 229
184 234
184 254
184 268
184 270
184 272
184 288
185 197
185 199
185 204
185 229
185 239
185 258
185 268
185 287
185 293
185 299
186 189
186 226
186 237
187 247
187 252
187 271
187 286
187 289
187 297
188 239
188 246
188 257
188 262
188 286
189 225
189 250
189 252
189 256
189 276
189 284
189 295
190 197
190 219
190 237
190 243
190 266
191 202
191 244
191 246
192 252
192 257
192 266
192 268
193 198
193 213
193 230
193 243
193 258
193 261
193 276
193 285
194 197
194 198
194 228
194 248
194 259
194 267
194 271
195 224
195 232
195 258
195 264
196 220
196 250
196 258
197 208
198 209
198 252
198 283
198 284
198 293
199 228
199 234
199 247
199 259
199 291
199 296
199 297
200 254
200 265
200 287
200 296
201 211
201 218
201 235
201 259
201 269
201 283
201 296
202 232
202 258
202 284
202 294
203 227
203 230
203 256
203 282
203 291
203 295
204 209
205 245
205 251
205 269
205 292
206 226
206 229
206 230
206 271
206 279
206 289
207 215
207 218
207 222
207 256
208 233
208 243
208 251
208 257
208 272
208 296
209 212
209 217
209 221
209 293
210 212
210 229
210 235
210 247
210 278
210 279
211 236
211 252
211 264
211 278
211 280
212 227
212 230
212 251
213 218
213 231
213 254
213 273
213 279
213 280
214 217
214 225
214 236
215 218
215 253
215 273
215 277
216 240
216 254
216 264
216 281
216 298
217 245
217 262
217 294
218 222
218 235
218 237
218 238
218 249
218 254
218 265
218 270
218 284
219 222
219 233
219 237
219 253
219 286
219 294
219 297
220 257
220 264
220 269
220 288
221 225
221 245
221 250
221 262
221 273
221 294
223 225
223 230
223 239
223 247
223 263
223 282
223 291
224 266
224 273
224 279
224 297
225 232
225 279
225 288
226 229
226 263
226 287
227 252
227 272
227 281
228 250
228 262
228 264
228 285
228 289
229 256
229 275
229 280
230 249
230 260
230 261
230 271
231 274
231 290
232 253
232 256
232 294
233 237
233 249
233 252
233 270
233 290
234 245
234 282
234 289
234 292
235 238
236 293
237 257
237 267
237 269
237 293
238 299
239 247
240 244
240 284
240 298
241 281
242 254
242 260
242 269
242 287
244 258
244 273
244 280
245 255
245 266
245 271
245 272
245 273
245 281
245 286
246 269
246 274
246 276
246 281
247 251
247 286
248 274
248 285
248 297
249 267
249 288
249 293
250 278
251 256
251 263
251 274
252 279
252 288
253 283
253 286
253 289
255 259
256 263
256 291
257 264
257 278
257 284
258 279
258 281
259 261
259 289
262 276
263 269
263 284
263 290
264 268
264 273
265 270
266 273
266 288
267 277
268 281
268 282
269 283
269 290
270 275
270 276
270 293
270 295
271 274
271 291
272 281
273 299
274 276
274 277
274 282
274 291
276 285
276 287
276 294
277 285
277 289
286 298
291 299
298 299
