500 6126 0.8
0 2
0 26
0 39
0 51
0 94
0 148
0 153
0 186
0 241
0 265
0 272
0 281
0 345
0 348
0 376
0 393
0 460
0 467
0 478
0 487
0 498
1 5
1 12
1 27
1 47
1 51
1 64
1 153
1 154
1 161
1 175
1 187
1 246
1 250
1 265
1 266
1 278
1 303
1 309
1 311
1 351
1 361
1 364
1 390
1 393
1 402
1 453
1 498
2 44
2 59
2 62
2 75
2 106
2 172
2 218
2 229
2 260
2 261
2 282
2 306
2 343
2 345
2 372
2 378
2 389
2 397
2 410
2 450
2 451
2 481
3 12
3 26
3 73
3 95
3 122
3 123
3 141
3 204
3 224
3 230
3 240
3 257
3 318
3 340
3 382
3 432
3 434
3 445
3 451
3 454
3 465
3 466
4 19
4 153
4 159
4 179
4 273
4 280
4 288
4 292
4 300
4 331
4 398
4 404
4 410
4 428
4 468
4 483
4 491
4 497
5 13
5 17
5 28
5 29
5 47
5 72
5 129
5 135
5 161
5 175
5 192
5 206
5 217
5 230
5 231
5 232
5 250
5 257
5 268
5 277
5 288
5 371
5 377
5 448
5 451
6 42
6 43
6 69
6 76
6 88
6 103
6 116
6 139
6 185
6 195
6 221
6 286
6 290
6 315
6 319
6 364
6 377
6 390
6 422
6 423
6 429
6 462
6 470
7 19
7 130
7 200
7 216
7 227
7 255
7 265
7 294
7 307
7 314
7 324
7 326
7 357
7 397
7 412
7 436
7 458
7 471
7 497
7 498
8 34
8 37
8 38
8 51
8 65
8 73
8 98
8 114
8 172
8 193
8 203
8 205
8 208
8 266
8 268
8 274
8 303
8 362
8 394
8 395
8 400
8 402
8 421
8 453
8 456
8 466
8 491
9 11
9 32
9 77
9 78
9 98
9 150
9 205
9 233
9 255
9 256
9 272
9 335
9 357
9 402
9 419
9 428
9 431
9 445
9 455
9 460
9 464
9 491
10 32
10 33
10 37
10 105
10 110
10 148
10 170
10 173
10 175
10 196
10 222
10 226
10 228
10 241
10 264
10 292
10 304
10 334
10 369
10 421
10 434
10 451
10 452
10 473
11 19
11 23
11 37
11 75
11 107
11 112
11 166
11 170
11 177
11 183
11 188
11 213
11 227
11 344
11 373
11 382
11 383
11 438
11 449
11 484
11 499
12 14
12 29
12 37
12 43
12 45
12 47
12 52
12 63
12 64
12 74
12 78
12 99
12 108
12 124
12 131
12 140
12 179
12 195
12 267
12 296
12 331
12 360
12 378
12 408
12 411
12 466
12 478
12 496
12 497
12 498
13 21
13 72
13 93
13 106
13 107
13 174
13 181
13 184
13 188
13 189
13 200
13 207
13 211
13 260
13 268
13 338
13 440
13 458
14 19
14 29
14 37
14 42
14 43
14 77
14 101
14 136
14 139
14 140
14 165
14 199
14 219
14 263
14 307
14 317
14 333
14 350
14 352
14 414
14 438
15 38
15 48
15 62
15 179
15 195
15 208
15 220
15 224
15 232
15 253
15 322
15 333
15 341
15 362
15 363
15 392
15 419
15 423
15 440
15 464
15 467
15 498
16 17
16 66
16 72
16 115
16 121
16 137
16 140
16 152
16 157
16 163
16 185
16 209
16 213
16 231
16 247
16 253
16 259
16 267
16 319
16 346
16 350
16 378
16 424
16 437
16 446
16 459
16 467
16 487
17 38
17 46
17 54
17 56
17 60
17 85
17 93
17 104
17 107
17 132
17 137
17 144
17 152
17 168
17 196
17 203
17 204
17 214
17 238
17 266
17 312
17 358
17 362
17 370
17 376
17 377
17 391
17 429
17 452
17 460
17 474
17 493
18 19
18 21
18 24
18 40
18 44
18 101
18 102
18 103
18 137
18 166
18 244
18 256
18 285
18 320
18 330
18 359
18 365
18 368
18 376
18 387
18 397
18 408
18 456
18 462
18 465
18 467
18 474
18 494
18 495
18 496
18 498
19 21
19 74
19 77
19 100
19 105
19 117
19 121
19 127
19 163
19 195
19 197
19 198
19 202
19 223
19 257
19 265
19 282
19 312
19 378
19 442
19 450
19 461
19 478
19 480
19 489
20 86
20 130
20 258
20 260
20 263
20 283
20 289
20 305
20 316
20 344
20 385
20 393
20 431
20 465
20 466
20 474
20 484
20 489
21 50
21 55
21 62
21 69
21 73
21 79
21 97
21 102
21 129
21 150
21 180
21 239
21 257
21 267
21 272
21 286
21 289
21 292
21 352
21 416
21 427
21 432
21 440
21 445
22 82
22 83
22 108
22 112
22 115
22 156
22 157
22 159
22 162
22 167
22 206
22 233
22 316
22 382
22 438
22 451
22 455
22 477
22 483
22 497
23 36
23 53
23 59
23 80
23 113
23 157
23 168
23 212
23 227
23 234
23 263
23 303
23 317
23 320
23 333
23 336
23 344
23 345
23 351
23 356
23 394
23 396
23 400
23 407
23 423
23 427
23 438
23 442
24 29
24 74
24 88
24 94
24 160
24 169
24 174
24 195
24 204
24 241
24 278
24 296
24 300
24 362
24 364
24 376
24 379
24 381
24 419
24 423
24 459
24 475
24 478
24 490
25 29
25 55
25 79
25 84
25 86
25 98
25 102
25 121
25 123
25 141
25 181
25 184
25 199
25 204
25 222
25 244
25 266
25 289
25 292
25 300
25 318
25 336
25 348
25 355
25 387
25 407
25 409
25 411
25 412
25 417
25 439
25 445
25 447
25 453
25 461
25 488
26 42
26 52
26 66
26 77
26 80
26 135
26 136
26 140
26 156
26 174
26 231
26 252
26 268
26 283
26 302
26 310
26 328
26 361
26 374
26 410
26 422
26 464
27 28
27 36
27 50
27 61
27 74
27 82
27 88
27 110
27 125
27 143
27 167
27 178
27 179
27 202
27 216
27 217
27 222
27 256
27 274
27 286
27 298
27 304
27 332
27 356
27 373
27 422
27 436
27 466
27 486
28 52
28 71
28 97
28 140
28 155
28 156
28 197
28 230
28 270
28 302
28 312
28 348
28 372
28 383
28 408
28 423
28 434
28 435
28 453
28 467
29 56
29 63
29 77
29 81
29 90
29 97
29 145
29 158
29 186
29 194
29 210
29 219
29 223
29 246
29 255
29 258
29 267
29 314
29 321
29 365
29 373
29 375
29 380
29 381
29 385
29 401
29 436
29 443
29 451
30 35
30 79
30 84
30 101
30 103
30 122
30 133
30 140
30 142
30 143
30 145
30 166
30 174
30 236
30 286
30 293
30 295
30 369
30 387
30 411
30 432
30 440
30 488
31 47
31 56
31 62
31 64
31 77
31 107
31 123
31 150
31 170
31 181
31 223
31 227
31 276
31 297
31 326
31 371
31 388
31 409
31 413
31 429
31 434
31 436
31 440
31 450
31 476
31 489
32 73
32 117
32 148
32 167
32 191
32 197
32 198
32 205
32 223
32 225
32 252
32 263
32 268
32 275
32 279
32 317
32 324
32 379
32 381
32 422
32 427
32 434
32 449
32 456
32 481
32 489
33 81
33 116
33 202
33 218
33 226
33 245
33 290
33 344
33 348
33 355
33 383
33 409
33 414
33 418
33 433
33 440
33 492
34 43
34 58
34 62
34 87
34 91
34 106
34 149
34 155
34 179
34 222
34 230
34 264
34 280
34 297
34 322
34 331
34 345
34 366
34 384
34 393
34 399
34 411
34 414
34 418
35 47
35 63
35 67
35 141
35 142
35 148
35 184
35 194
35 216
35 224
35 232
35 233
35 278
35 291
35 335
35 358
35 361
35 363
35 396
35 414
35 420
35 486
36 56
36 115
36 116
36 128
36 149
36 152
36 165
36 188
36 209
36 252
36 363
36 368
36 415
36 435
36 450
36 453
36 491
36 492
37 42
37 153
37 163
37 206
37 256
37 285
37 313
37 334
37 335
37 363
37 405
37 413
37 415
37 418
37 425
37 427
37 439
37 441
37 465
37 469
37 499
38 54
38 58
38 69
38 80
38 97
38 99
38 120
38 174
38 205
38 217
38 220
38 259
38 290
38 296
38 305
38 308
38 320
38 356
38 377
38 385
38 393
38 417
38 418
38 453
38 466
39 81
39 97
39 102
39 113
39 148
39 154
39 165
39 166
39 212
39 224
39 225
39 229
39 237
39 265
39 270
39 278
39 299
39 303
39 312
39 321
39 339
39 347
39 352
39 370
39 388
39 390
39 398
39 462
39 464
39 489
40 48
40 96
40 101
40 116
40 158
40 198
40 227
40 290
40 299
40 315
40 340
40 366
40 404
40 406
40 433
40 467
41 42
41 55
41 108
41 109
41 169
41 196
41 217
41 227
41 268
41 281
41 310
41 337
41 345
41 429
41 452
41 463
41 471
42 59
42 71
42 102
42 113
42 127
42 135
42 214
42 242
42 257
42 289
42 331
42 383
42 394
42 407
42 416
42 427
42 436
42 468
42 491
43 46
43 52
43 55
43 58
43 113
43 206
43 207
43 221
43 233
43 256
43 257
43 267
43 307
43 338
43 341
43 361
43 362
43 365
43 380
43 413
43 417
43 476
43 491
43 496
44 45
44 70
44 94
44 100
44 111
44 155
44 158
44 173
44 177
44 199
44 225
44 228
44 229
44 248
44 257
44 269
44 304
44 306
44 311
44 351
44 365
44 434
44 467
44 481
45 93
45 108
45 180
45 204
45 230
45 242
45 266
45 273
45 280
45 344
45 351
45 376
45 378
45 397
45 407
45 411
45 414
45 426
45 436
46 48
46 112
46 143
46 176
46 184
46 219
46 236
46 239
46 264
46 282
46 327
46 343
46 353
46 358
46 415
46 460
46 462
46 495
47 78
47 84
47 85
47 99
47 109
47 143
47 150
47 153
47 180
47 194
47 238
47 249
47 270
47 274
47 289
47 294
47 295
47 327
47 362
47 381
47 391
47 432
47 480
47 496
48 155
48 156
48 165
48 177
48 181
48 194
48 210
48 214
48 231
48 246
48 268
48 293
48 294
48 306
48 309
48 327
48 344
48 351
48 366
48 372
48 379
48 394
48 410
48 416
48 436
48 438
48 440
48 441
48 445
48 446
48 490
48 492
49 59
49 122
49 126
49 133
49 135
49 136
49 154
49 160
49 192
49 198
49 243
49 247
49 281
49 321
49 325
49 326
49 375
49 389
49 397
49 416
49 417
49 437
49 474
50 53
50 73
50 98
50 100
50 118
50 133
50 142
50 146
50 148
50 153
50 174
50 194
50 197
50 199
50 208
50 231
50 263
50 275
50 287
50 295
50 313
50 320
50 353
50 378
50 438
50 439
50 442
50 463
50 484
50 494
51 201
51 233
51 267
51 305
51 309
51 310
51 329
51 341
51 347
51 349
51 350
51 360
51 364
51 378
51 411
52 96
52 128
52 155
52 158
52 266
52 328
52 347
52 382
52 392
52 434
53 54
53 135
53 148
53 179
53 201
53 251
53 256
53 292
53 314
53 320
53 325
53 337
53 342
53 355
53 370
53 380
53 387
53 408
53 418
53 433
53 439
53 462
53 464
53 477
53 486
53 495
54 67
54 117
54 142
54 143
54 160
54 171
54 188
54 190
54 217
54 238
54 248
54 255
54 269
54 277
54 281
54 287
54 298
54 338
54 360
54 388
54 394
54 399
54 407
54 428
54 482
54 489
54 492
55 120
55 123
55 147
55 175
55 184
55 186
55 197
55 200
55 217
55 245
55 269
55 287
55 289
55 334
55 375
55 380
55 398
55 408
55 425
55 427
55 460
55 483
56 88
56 103
56 107
56 142
56 158
56 307
56 309
56 325
56 332
56 339
56 349
56 359
56 383
56 388
56 391
56 394
56 490
57 88
57 139
57 180
57 181
57 194
57 229
57 251
57 263
57 318
57 336
57 368
57 393
57 402
57 424
57 439
57 441
57 450
57 456
58 70
58 91
58 92
58 110
58 125
58 190
58 201
58 219
58 232
58 307
58 313
58 355
58 366
58 377
58 406
58 440
58 452
58 463
58 498
59 60
59 75
59 130
59 200
59 204
59 220
59 288
59 290
59 309
59 314
59 325
59 334
59 336
59 341
59 345
59 351
59 372
59 396
59 411
59 416
59 441
59 446
59 450
59 465
59 480
60 68
60 105
60 122
60 170
60 205
60 208
60 209
60 231
60 376
60 382
60 399
60 432
60 477
60 485
61 62
61 66
61 79
61 141
61 161
61 162
61 166
61 172
61 200
61 217
61 262
61 279
61 284
61 315
61 355
61 410
61 420
61 445
61 472
61 487
62 79
62 83
62 175
62 182
62 199
62 202
62 242
62 270
62 296
62 297
62 303
62 330
62 344
62 431
62 436
62 473
62 494
63 67
63 75
63 103
63 118
63 150
63 153
63 156
63 157
63 159
63 167
63 188
63 208
63 233
63 244
63 247
63 260
63 267
63 300
63 309
63 339
63 344
63 358
63 366
63 395
63 397
63 398
63 408
63 417
63 448
63 495
64 68
64 86
64 107
64 109
64 112
64 127
64 159
64 182
64 205
64 219
64 252
64 292
64 321
64 356
64 366
64 374
64 379
64 450
64 456
64 461
64 470
64 482
64 489
65 74
65 93
65 108
65 179
65 185
65 187
65 199
65 218
65 272
65 287
65 330
65 345
65 371
65 395
65 429
65 435
65 450
65 455
65 473
65 487
65 498
66 96
66 139
66 145
66 167
66 183
66 184
66 197
66 222
66 238
66 239
66 267
66 279
66 294
66 321
66 340
66 361
66 390
66 416
66 423
66 429
66 479
66 488
67 75
67 141
67 158
67 186
67 205
67 283
67 289
67 299
67 302
67 312
67 342
67 403
67 450
67 457
67 461
67 480
67 489
68 88
68 95
68 155
68 192
68 198
68 201
68 268
68 277
68 311
68 314
68 342
68 346
68 365
68 395
68 412
68 430
68 434
68 447
68 472
68 481
68 499
69 103
69 106
69 120
69 122
69 243
69 268
69 303
69 308
69 316
69 325
69 334
69 364
69 405
69 456
69 472
70 106
70 138
70 178
70 179
70 212
70 224
70 237
70 241
70 269
70 315
70 316
70 320
70 341
70 358
70 378
70 416
70 468
70 484
70 499
71 72
71 100
71 105
71 148
71 173
71 190
71 209
71 219
71 234
71 244
71 291
71 327
71 341
71 345
71 353
71 355
71 360
71 377
71 403
71 412
71 413
71 434
71 473
71 493
72 75
72 93
72 103
72 115
72 131
72 141
72 142
72 154
72 175
72 190
72 198
72 208
72 241
72 257
72 267
72 286
72 292
72 299
72 327
72 354
72 452
72 461
72 470
72 477
72 487
73 98
73 114
73 123
73 131
73 148
73 174
73 199
73 223
73 227
73 248
73 254
73 255
73 256
73 265
73 306
73 309
73 329
73 363
73 389
73 441
73 442
73 456
73 473
73 474
73 481
73 491
74 79
74 85
74 117
74 118
74 136
74 140
74 167
74 198
74 232
74 269
74 274
74 338
74 393
74 430
74 438
74 458
74 465
74 471
74 497
75 80
75 89
75 129
75 135
75 165
75 166
75 170
75 199
75 250
75 254
75 255
75 273
75 276
75 304
75 310
75 352
75 358
75 375
75 386
75 387
75 390
75 405
75 437
75 456
75 462
75 483
75 488
76 116
76 120
76 180
76 183
76 186
76 187
76 203
76 204
76 211
76 224
76 261
76 305
76 306
76 308
76 317
76 318
76 346
76 368
76 372
76 452
76 475
76 497
77 89
77 98
77 112
77 124
77 140
77 149
77 158
77 166
77 183
77 203
77 207
77 217
77 228
77 249
77 260
77 282
77 283
77 297
77 309
77 312
77 317
77 320
77 344
77 349
77 397
77 420
77 454
77 456
77 496
78 98
78 136
78 139
78 147
78 148
78 152
78 162
78 181
78 198
78 207
78 221
78 231
78 238
78 271
78 283
78 284
78 300
78 309
78 317
78 324
78 347
78 372
78 375
78 416
78 438
78 439
78 445
78 451
78 459
78 474
78 478
78 480
78 484
78 495
79 107
79 176
79 177
79 184
79 191
79 208
79 250
79 303
79 308
79 320
79 330
79 348
79 385
79 400
79 452
79 460
79 483
79 487
80 88
80 94
80 122
80 158
80 254
80 262
80 264
80 313
80 330
80 356
80 358
80 388
80 395
80 402
80 445
80 479
80 487
80 490
81 104
81 192
81 205
81 209
81 258
81 278
81 289
81 302
81 311
81 360
81 361
81 367
81 368
81 370
81 390
81 428
81 439
81 488
81 490
82 85
82 98
82 113
82 157
82 172
82 209
82 243
82 287
82 317
82 329
82 342
82 366
82 371
82 380
82 384
82 395
82 405
82 421
82 444
82 447
82 452
83 86
83 98
83 112
83 122
83 140
83 141
83 161
83 172
83 219
83 244
83 289
83 298
83 310
83 314
83 335
83 345
83 388
83 421
83 428
83 449
83 459
83 492
84 99
84 118
84 173
84 198
84 224
84 237
84 260
84 288
84 392
84 398
84 423
84 424
84 468
84 485
84 486
85 145
85 176
85 181
85 207
85 237
85 272
85 327
85 347
85 355
85 358
85 367
85 373
85 375
85 390
85 394
85 404
85 411
85 482
85 485
86 101
86 103
86 170
86 253
86 258
86 274
86 280
86 311
86 327
86 453
86 462
87 143
87 144
87 178
87 206
87 235
87 246
87 253
87 275
87 281
87 293
87 294
87 295
87 329
87 334
87 346
87 356
87 361
87 390
87 432
87 434
87 443
87 455
87 478
88 135
88 138
88 163
88 172
88 181
88 210
88 214
88 259
88 262
88 273
88 319
88 337
88 384
88 385
88 393
88 412
88 425
88 433
88 438
88 439
89 93
89 114
89 122
89 134
89 151
89 216
89 234
89 260
89 275
89 286
89 314
89 348
89 355
89 377
89 414
89 419
89 448
89 453
89 454
89 482
90 115
90 133
90 134
90 147
90 158
90 165
90 207
90 230
90 237
90 277
90 286
90 292
90 316
90 318
90 322
90 343
90 351
90 356
90 377
90 383
90 433
90 473
90 477
91 146
91 184
91 207
91 213
91 217
91 239
91 260
91 263
91 318
91 328
91 349
91 366
91 376
91 390
91 391
91 393
91 402
91 408
91 410
91 414
91 416
91 421
91 445
91 471
91 476
91 495
92 113
92 115
92 139
92 142
92 178
92 193
92 262
92 303
92 319
92 348
92 353
92 376
92 377
92 387
92 399
92 450
92 490
93 116
93 134
93 142
93 167
93 185
93 192
93 205
93 245
93 271
93 296
93 306
93 309
93 314
93 325
93 338
93 345
93 353
93 389
93 407
93 446
93 452
93 479
93 487
93 497
94 130
94 149
94 157
94 172
94 185
94 190
94 213
94 215
94 233
94 244
94 258
94 271
94 448
94 453
94 474
94 475
94 498
95 117
95 122
95 137
95 139
95 168
95 173
95 241
95 243
95 265
95 280
95 350
95 364
95 376
95 377
95 398
95 404
95 447
95 458
95 480
95 484
96 208
96 235
96 243
96 275
96 303
96 316
96 318
96 323
96 324
96 396
96 407
96 419
96 437
96 440
96 447
96 449
96 466
96 491
97 163
97 164
97 168
97 179
97 194
97 215
97 251
97 268
97 305
97 314
97 324
97 335
97 349
97 374
97 383
97 394
97 400
97 454
97 466
97 474
97 481
98 100
98 108
98 149
98 154
98 211
98 223
98 283
98 296
98 303
98 310
98 325
98 333
98 365
98 368
98 387
98 390
98 394
98 401
98 403
98 421
98 422
98 438
98 440
98 441
98 448
98 467
99 113
99 138
99 188
99 193
99 195
99 207
99 208
99 282
99 315
99 325
99 326
99 380
99 400
99 437
99 447
99 478
100 126
100 154
100 158
100 177
100 188
100 206
100 211
100 222
100 226
100 250
100 254
100 257
100 322
100 331
100 355
100 360
100 369
100 377
100 414
100 421
100 427
100 460
100 461
100 467
101 133
101 153
101 184
101 204
101 205
101 235
101 304
101 308
101 328
101 334
101 369
101 415
101 427
101 440
102 104
102 112
102 125
102 130
102 131
102 152
102 162
102 177
102 238
102 249
102 254
102 317
102 334
102 348
102 359
102 370
102 381
102 405
102 410
102 437
102 455
102 489
103 112
103 114
103 140
103 166
103 199
103 201
103 235
103 242
103 330
103 418
103 480
103 486
104 124
104 125
104 131
104 135
104 142
104 151
104 172
104 196
104 198
104 245
104 247
104 276
104 310
104 318
104 334
104 343
104 394
104 410
104 414
104 451
104 486
105 146
105 150
105 159
105 175
105 195
105 209
105 247
105 291
105 303
105 305
105 333
105 336
105 355
105 360
105 363
105 418
105 427
105 434
105 451
105 462
105 477
105 498
106 120
106 175
106 176
106 190
106 212
106 231
106 251
106 276
106 295
106 304
106 351
106 362
106 386
106 397
106 408
106 435
107 108
107 124
107 159
107 178
107 182
107 195
107 210
107 263
107 265
107 314
107 375
107 380
107 414
107 415
107 433
107 452
107 469
108 137
108 190
108 191
108 198
108 203
108 204
108 216
108 250
108 274
108 281
108 290
108 334
108 367
108 393
108 422
108 426
109 111
109 123
109 143
109 150
109 151
109 177
109 192
109 207
109 254
109 285
109 290
109 309
109 342
109 346
109 380
109 400
109 402
109 428
109 434
109 463
109 466
109 469
110 167
110 171
110 172
110 173
110 180
110 183
110 215
110 219
110 234
110 235
110 268
110 279
110 289
110 323
110 333
110 341
110 344
110 351
110 393
110 462
110 492
111 114
111 153
111 187
111 245
111 256
111 269
111 282
111 284
111 288
111 308
111 321
111 324
111 337
111 341
111 378
111 409
111 424
111 429
111 444
111 445
111 448
111 483
112 129
112 170
112 197
112 219
112 221
112 230
112 248
112 266
112 267
112 280
112 304
112 322
112 323
112 351
112 355
112 381
112 407
112 488
112 496
113 115
113 132
113 153
113 186
113 202
113 213
113 233
113 259
113 262
113 319
113 333
113 342
113 344
113 371
113 396
113 444
113 453
113 459
113 472
114 167
114 171
114 183
114 187
114 224
114 261
114 263
114 269
114 276
114 289
114 293
114 305
114 322
114 337
114 338
114 369
114 400
114 420
114 427
114 442
114 473
115 121
115 123
115 147
115 192
115 217
115 232
115 237
115 248
115 360
115 368
115 455
115 471
115 489
116 141
116 179
116 181
116 218
116 249
116 252
116 277
116 288
116 305
116 390
116 437
116 451
116 457
116 493
117 129
117 130
117 133
117 138
117 177
117 191
117 209
117 216
117 224
117 228
117 256
117 281
117 285
117 345
117 362
117 380
117 384
117 395
117 434
117 473
117 487
117 494
118 141
118 145
118 167
118 175
118 186
118 190
118 216
118 295
118 335
118 358
118 370
118 386
118 395
118 426
118 436
118 454
118 490
118 499
119 145
119 209
119 221
119 301
119 312
119 329
119 333
119 365
119 447
119 468
119 476
120 132
120 153
120 174
120 186
120 211
120 232
120 236
120 249
120 258
120 265
120 291
120 304
120 334
120 390
120 406
120 429
120 432
120 445
120 453
121 141
121 182
121 254
121 256
121 274
121 277
121 293
121 301
121 305
121 310
121 316
121 320
121 324
121 346
121 353
121 361
121 376
121 389
121 403
121 471
121 495
122 125
122 138
122 147
122 166
122 169
122 178
122 188
122 190
122 195
122 218
122 270
122 280
122 293
122 299
122 301
122 334
122 338
122 356
122 367
122 372
122 384
122 385
122 430
122 454
122 466
122 470
122 487
122 489
123 124
123 130
123 163
123 174
123 186
123 204
123 226
123 229
123 337
123 344
123 353
123 369
123 375
123 430
123 438
123 472
123 489
124 146
124 151
124 159
124 182
124 195
124 227
124 231
124 234
124 244
124 253
124 259
124 307
124 323
124 326
124 357
124 421
124 494
125 156
125 183
125 220
125 246
125 267
125 329
125 339
125 352
125 374
125 411
125 414
125 424
125 440
125 469
125 473
126 140
126 171
126 182
126 207
126 219
126 275
126 340
126 373
126 396
126 405
126 413
126 434
126 436
127 132
127 134
127 163
127 164
127 207
127 212
127 245
127 247
127 248
127 277
127 286
127 320
127 325
127 348
127 352
127 365
127 388
127 431
127 437
127 438
127 459
127 467
127 486
127 498
128 144
128 188
128 198
128 238
128 255
128 285
128 300
128 313
128 340
128 357
128 408
128 487
129 134
129 164
129 174
129 190
129 224
129 236
129 240
129 242
129 313
129 363
129 445
129 450
129 482
130 141
130 143
130 162
130 179
130 181
130 208
130 219
130 293
130 326
130 353
130 362
130 397
130 398
130 405
130 446
130 472
130 481
131 147
131 148
131 156
131 159
131 180
131 185
131 203
131 228
131 235
131 277
131 302
131 366
131 367
131 422
131 430
131 496
132 171
132 172
132 174
132 235
132 286
132 288
132 354
132 378
132 461
132 482
132 493
133 151
133 153
133 198
133 202
133 275
133 296
133 325
133 337
133 350
133 356
133 366
133 410
133 431
133 445
133 446
133 456
133 483
134 150
134 182
134 183
134 192
134 219
134 251
134 283
134 287
134 310
134 321
134 342
134 357
134 371
134 373
134 414
134 442
134 446
134 499
135 139
135 144
135 180
135 197
135 204
135 224
135 254
135 292
135 295
135 297
135 301
135 303
135 315
135 342
135 346
135 350
135 353
135 386
135 430
135 476
135 479
136 152
136 167
136 193
136 208
136 257
136 360
136 371
136 373
136 415
136 476
136 481
136 482
136 489
137 179
137 200
137 216
137 251
137 259
137 276
137 282
137 314
137 327
137 342
137 364
137 408
137 421
137 429
137 449
137 460
137 494
137 499
138 159
138 163
138 166
138 181
138 231
138 261
138 262
138 263
138 307
138 320
138 368
138 383
138 428
138 438
138 493
138 498
139 186
139 191
139 217
139 229
139 234
139 238
139 241
139 249
139 250
139 255
139 280
139 303
139 315
139 317
139 320
139 323
139 333
139 358
139 370
139 393
139 444
139 467
139 474
140 155
140 177
140 188
140 248
140 295
140 315
140 336
140 340
140 401
140 407
140 410
140 444
140 450
140 493
141 146
141 171
141 172
141 187
141 191
141 251
141 272
141 303
141 304
141 311
141 325
141 333
141 362
141 378
141 399
141 412
141 442
141 448
141 464
141 472
141 477
141 487
142 144
142 173
142 177
142 200
142 203
142 213
142 263
142 274
142 288
142 295
142 310
142 313
142 331
142 337
142 348
142 351
142 357
142 383
142 386
142 391
142 408
142 447
142 454
142 481
142 482
142 483
142 499
143 166
143 185
143 197
143 217
143 234
143 240
143 254
143 297
143 303
143 316
143 400
143 419
143 420
143 432
143 433
143 439
143 451
144 162
144 176
144 192
144 234
144 270
144 277
144 296
144 299
144 305
144 336
144 362
144 383
144 394
144 413
144 438
144 489
145 152
145 158
145 162
145 214
145 219
145 220
145 231
145 237
145 245
145 263
145 282
145 300
145 312
145 322
145 340
145 374
145 443
145 446
145 478
145 486
146 207
146 210
146 219
146 221
146 231
146 234
146 254
146 288
146 347
146 377
146 392
146 420
146 433
146 456
146 474
146 489
146 491
147 154
147 200
147 208
147 218
147 230
147 235
147 264
147 266
147 281
147 293
147 311
147 325
147 329
147 357
147 358
147 405
147 406
147 438
147 441
147 452
147 465
147 477
148 152
148 158
148 245
148 306
148 312
148 316
148 378
148 391
148 395
148 434
148 452
148 457
148 468
148 481
148 493
149 195
149 200
149 216
149 227
149 252
149 307
149 490
150 179
150 182
150 200
150 203
150 227
150 231
150 238
150 258
150 260
150 274
150 300
150 304
150 306
150 324
150 347
150 365
150 367
150 369
150 423
150 432
150 448
150 473
150 491
151 188
151 190
151 231
151 252
151 293
151 307
151 325
151 334
151 346
151 351
151 419
151 438
151 444
151 455
151 474
151 480
151 495
152 164
152 184
152 201
152 247
152 264
152 279
152 297
152 298
152 299
152 327
152 361
152 368
152 369
152 396
152 415
153 198
153 233
153 247
153 250
153 251
153 270
153 282
153 291
153 309
153 338
153 347
153 358
153 380
153 401
153 413
153 430
153 483
154 169
154 209
154 220
154 237
154 239
154 240
154 280
154 336
154 339
154 347
154 358
154 413
154 436
154 465
154 471
154 478
154 497
155 182
155 235
155 252
155 276
155 288
155 307
155 314
155 319
155 330
155 335
155 373
155 380
155 389
155 392
155 410
155 438
155 441
155 443
155 454
156 163
156 248
156 269
156 282
156 287
156 292
156 334
156 342
156 349
156 374
156 380
156 388
156 397
156 401
156 407
156 415
156 435
156 448
156 453
156 472
156 495
157 170
157 235
157 368
157 394
157 402
157 425
157 431
157 474
157 494
158 259
158 265
158 274
158 321
158 332
158 341
158 355
158 426
158 470
158 475
158 495
159 166
159 191
159 240
159 292
159 309
159 328
159 435
159 437
159 498
160 191
160 262
160 276
160 283
160 313
160 318
160 440
160 453
160 476
161 186
161 197
161 198
161 230
161 241
161 251
161 313
161 329
161 334
161 343
161 374
161 398
161 416
161 421
161 437
161 441
161 453
161 460
161 472
162 169
162 200
162 207
162 222
162 240
162 259
162 288
162 334
162 368
162 415
162 420
163 170
163 181
163 193
163 195
163 207
163 225
163 256
163 265
163 289
163 419
163 429
163 457
163 458
163 475
163 476
163 480
163 487
164 165
164 182
164 193
164 204
164 237
164 243
164 293
164 305
164 382
164 396
164 417
164 422
164 463
164 478
165 174
165 192
165 223
165 235
165 254
165 287
165 317
165 341
165 346
165 349
165 411
165 423
165 443
165 467
165 472
165 477
165 480
165 485
165 494
166 209
166 234
166 240
166 293
166 306
166 317
166 337
166 410
166 424
166 431
166 437
166 460
166 464
166 492
167 179
167 200
167 216
167 218
167 228
167 252
167 263
167 265
167 270
167 278
167 286
167 311
167 371
167 436
167 439
167 452
167 499
168 216
168 220
168 222
168 246
168 248
168 258
168 281
168 289
168 321
168 333
168 349
168 369
168 376
168 386
168 394
168 399
168 418
168 424
168 435
168 440
168 460
168 483
168 486
168 488
168 492
168 498
169 178
169 188
169 197
169 213
169 226
169 237
169 275
169 357
169 368
169 380
169 382
169 391
169 422
169 423
169 445
170 181
170 191
170 249
170 258
170 269
170 318
170 322
170 378
170 380
170 433
170 455
171 181
171 187
171 223
171 226
171 227
171 308
171 326
171 329
171 350
171 354
171 363
171 386
171 407
171 452
171 459
172 211
172 218
172 221
172 258
172 306
172 336
172 355
172 366
172 369
172 396
172 486
172 490
172 495
173 181
173 197
173 207
173 244
173 279
173 311
173 322
173 324
173 341
173 342
173 348
173 365
173 381
173 390
173 404
173 415
173 443
173 446
173 457
173 460
173 472
173 476
174 180
174 208
174 218
174 232
174 250
174 292
174 318
174 380
174 429
174 441
174 468
174 491
175 187
175 189
175 200
175 226
175 259
175 264
175 301
175 351
175 364
175 371
175 372
175 415
175 453
176 179
176 181
176 217
176 238
176 248
176 277
176 314
176 319
176 336
176 340
176 349
176 353
176 363
176 426
176 427
176 462
176 486
177 245
177 252
177 255
177 294
177 308
177 316
177 320
177 346
177 369
177 415
177 425
177 439
177 448
177 459
177 466
177 491
178 198
178 199
178 209
178 245
178 267
178 281
178 369
178 377
178 389
178 418
178 427
178 440
178 441
178 448
178 486
179 183
179 189
179 199
179 242
179 268
179 338
179 346
179 362
179 373
179 387
179 470
179 474
179 481
179 487
179 498
180 183
180 193
180 237
180 265
180 275
180 294
180 333
180 344
180 346
180 382
180 394
180 401
180 407
180 451
180 491
180 499
181 185
181 195
181 207
181 235
181 242
181 276
181 283
181 290
181 298
181 336
181 354
181 423
181 438
181 491
182 186
182 190
182 199
182 206
182 236
182 276
182 287
182 299
182 306
182 333
182 358
182 370
182 422
182 437
182 440
182 487
183 248
183 275
183 296
183 322
183 330
183 331
183 342
183 402
183 409
183 415
183 436
183 448
183 481
183 485
183 487
183 490
184 251
184 254
184 281
184 293
184 325
184 329
184 373
184 389
184 395
184 478
184 483
184 493
185 208
185 221
185 226
185 234
185 245
185 248
185 327
185 382
185 384
185 408
186 194
186 212
186 237
186 274
186 279
186 319
186 328
186 333
186 342
186 345
186 347
186 384
186 441
186 462
186 467
186 471
186 483
186 497
187 201
187 206
187 208
187 222
187 225
187 268
187 269
187 277
187 284
187 350
187 397
187 445
187 463
187 481
187 490
187 494
188 191
188 270
188 292
188 323
188 333
188 352
188 378
188 391
188 429
188 433
188 436
188 481
189 197
189 212
189 223
189 235
189 279
189 328
189 346
189 372
189 459
189 465
189 482
190 271
190 280
190 295
190 300
190 311
190 342
190 358
190 414
190 420
190 428
190 431
190 436
190 441
191 233
191 246
191 252
191 262
191 289
191 291
191 292
191 310
191 314
191 334
191 353
191 360
191 377
191 407
191 439
191 451
191 498
192 204
192 215
192 229
192 248
192 252
192 253
192 303
192 347
192 401
192 410
192 449
192 454
192 474
193 247
193 262
193 290
193 297
193 318
193 350
193 357
193 381
193 426
193 484
193 498
194 224
194 241
194 267
194 358
194 368
194 387
194 388
194 399
194 423
195 200
195 236
195 251
195 293
195 294
195 306
195 328
195 360
195 388
195 408
195 411
195 430
195 446
195 476
195 480
195 485
196 221
196 228
196 242
196 244
196 259
196 330
196 374
196 384
196 386
196 401
196 404
196 407
196 409
196 427
196 430
196 451
196 465
196 493
197 198
197 201
197 205
197 216
197 233
197 239
197 251
197 252
197 254
197 296
197 314
197 346
197 373
197 375
197 416
197 417
197 423
197 459
197 460
198 214
198 237
198 265
198 266
198 277
198 320
198 337
198 358
198 391
198 423
198 431
198 449
198 480
198 497
199 219
199 303
199 325
199 327
199 331
199 366
199 461
199 470
200 219
200 283
200 290
200 369
200 426
200 445
200 461
200 474
200 494
200 495
201 203
201 205
201 245
201 259
201 270
201 299
201 305
201 320
201 378
201 390
201 414
201 427
201 442
201 494
202 205
202 216
202 230
202 261
202 280
202 284
202 288
202 294
202 327
202 336
202 346
202 352
202 359
202 374
202 388
202 424
202 431
202 444
202 470
202 474
203 223
203 252
203 282
203 284
203 304
203 348
203 390
203 393
203 395
203 433
203 484
203 493
204 207
204 212
204 217
204 251
204 253
204 262
204 294
204 326
204 351
204 358
204 388
204 441
204 467
205 207
205 218
205 225
205 239
205 252
205 266
205 275
205 280
205 291
205 307
205 356
205 372
205 431
205 436
205 467
205 470
205 480
206 244
206 275
206 280
206 318
206 320
206 327
206 344
206 345
206 386
206 400
206 406
207 209
207 212
207 259
207 284
207 289
207 294
207 307
207 340
207 359
207 374
207 395
207 421
207 446
207 460
208 220
208 239
208 240
208 251
208 291
208 301
208 304
208 327
208 334
208 365
208 373
208 377
208 379
208 400
208 418
208 481
208 489
209 234
209 247
209 273
209 284
209 292
209 318
209 391
209 433
209 467
209 486
209 489
210 223
210 244
210 289
210 316
210 332
210 370
210 420
210 426
210 459
210 463
210 484
211 215
211 242
211 266
211 304
211 354
211 360
211 378
211 415
211 476
211 487
212 213
212 215
212 220
212 223
212 234
212 247
212 272
212 338
212 352
212 403
212 420
212 442
212 466
213 250
213 266
213 284
213 288
213 292
213 297
213 313
213 324
213 332
213 341
213 357
213 367
213 370
213 403
213 415
213 434
213 459
213 460
213 487
214 219
214 229
214 246
214 266
214 276
214 307
214 329
214 334
214 370
214 379
214 386
214 391
214 397
214 425
214 448
214 478
214 485
214 486
215 239
215 241
215 263
215 288
215 308
215 309
215 372
215 392
215 407
215 460
215 496
216 247
216 264
216 265
216 266
216 307
216 308
216 324
216 328
216 365
216 393
216 394
216 416
216 422
216 450
216 459
216 490
216 493
217 289
217 299
217 324
217 373
217 407
217 442
217 482
218 223
218 261
218 289
218 292
218 334
218 349
218 362
218 402
218 438
218 443
218 452
218 475
219 230
219 310
219 315
219 344
219 351
219 360
219 383
219 416
219 436
219 454
219 497
220 287
220 306
220 308
220 309
220 331
220 370
220 375
220 380
220 382
220 412
220 418
220 461
220 464
220 468
220 473
220 484
221 229
221 289
221 291
221 296
221 299
221 320
221 334
221 374
221 400
221 431
221 441
221 481
222 253
222 256
222 265
222 367
222 372
222 419
222 447
222 459
222 498
223 239
223 256
223 266
223 281
223 282
223 283
223 285
223 311
223 325
223 371
223 374
223 378
223 389
223 402
223 433
223 461
223 475
223 483
224 245
224 265
224 302
224 329
224 349
224 395
224 398
224 429
224 476
224 477
224 486
224 490
225 259
225 263
225 274
225 281
225 289
225 297
225 309
225 343
225 367
225 390
225 398
225 406
225 423
225 453
225 455
225 456
225 474
225 488
226 269
226 280
226 336
226 344
226 360
226 373
226 406
226 421
226 441
226 451
227 244
227 264
227 272
227 281
227 289
227 296
227 302
227 350
227 387
227 418
227 427
227 446
227 455
227 481
227 488
228 239
228 252
228 259
228 312
228 313
228 355
228 366
228 371
228 380
228 404
228 432
228 440
228 448
228 460
228 469
228 474
228 491
229 232
229 240
229 317
229 374
229 406
229 424
229 457
229 481
229 483
230 257
230 318
230 332
230 339
230 369
230 386
230 431
230 474
230 484
231 274
231 275
231 288
231 301
231 315
231 320
231 359
231 378
231 381
231 387
231 418
231 433
231 450
231 456
231 470
231 478
232 236
232 272
232 291
232 315
232 368
232 378
232 392
232 409
232 417
232 421
232 479
233 250
233 257
233 265
233 267
233 269
233 302
233 306
233 310
233 389
233 444
233 453
233 458
233 492
234 268
234 291
234 294
234 312
234 313
234 362
234 377
234 420
234 444
234 456
234 458
234 473
234 483
234 487
235 252
235 267
235 297
235 334
235 340
235 372
235 395
235 422
235 425
235 458
235 463
236 238
236 255
236 278
236 314
236 316
236 326
236 437
236 449
236 451
236 486
236 496
237 238
237 242
237 252
237 275
237 280
237 285
237 317
237 327
237 339
237 341
237 344
237 390
237 431
237 449
238 266
238 268
238 289
238 305
238 320
238 321
238 327
238 337
238 380
238 420
238 449
238 460
238 466
238 496
239 244
239 261
239 281
239 291
239 292
239 295
239 306
239 311
239 343
239 348
239 381
239 394
239 488
239 489
240 251
240 276
240 293
240 301
240 318
240 329
240 351
240 356
240 369
240 417
240 476
240 478
241 262
241 268
241 273
241 280
241 304
241 305
241 320
241 369
241 370
241 383
241 385
241 387
241 403
241 406
241 409
241 413
241 438
241 448
241 466
242 248
242 249
242 316
242 353
242 392
242 408
242 409
242 449
242 458
242 480
242 496
243 253
243 257
243 285
243 319
243 331
243 365
243 373
243 383
243 387
243 400
243 431
243 497
244 259
244 286
244 292
244 296
244 316
244 323
244 326
244 336
244 352
244 392
244 412
244 413
244 499
245 251
245 272
245 287
245 299
245 366
245 396
245 397
245 404
245 412
245 461
245 481
246 256
246 272
246 308
246 344
246 355
246 365
246 370
246 384
246 388
246 419
246 422
246 486
247 263
247 277
247 292
247 374
247 378
247 389
247 419
247 443
248 261
248 262
248 323
248 329
248 361
248 387
248 397
248 456
248 458
248 468
248 469
248 473
248 487
249 283
249 288
249 305
249 309
249 328
249 348
249 387
249 394
249 399
249 413
249 460
249 466
249 474
249 482
250 253
250 254
250 274
250 309
250 334
250 339
250 348
250 355
250 360
250 390
250 446
250 460
250 461
250 489
251 278
251 283
251 337
251 343
251 351
251 363
251 368
251 391
251 393
251 404
251 444
251 447
251 454
251 472
251 476
252 254
252 265
252 272
252 303
252 321
252 359
252 374
252 424
252 440
252 463
252 475
253 284
253 291
253 318
253 321
253 327
253 342
253 344
253 408
253 435
253 475
254 258
254 270
254 273
254 302
254 309
254 312
254 340
254 350
254 360
254 384
254 402
254 449
254 457
255 256
255 284
255 301
255 390
255 398
255 418
255 420
255 431
255 479
255 498
256 265
256 337
256 349
256 379
256 381
256 409
256 451
256 462
256 463
256 474
256 494
256 496
256 499
257 300
257 331
257 353
257 370
257 432
257 438
257 449
257 498
258 286
258 333
258 347
258 356
258 370
258 373
258 387
258 420
258 441
258 464
258 480
258 493
259 311
259 314
259 346
259 362
259 365
259 367
259 371
259 391
259 398
259 422
259 430
259 447
259 485
259 490
260 314
260 344
260 419
260 420
260 425
260 427
260 477
260 484
260 492
261 276
261 309
261 327
261 385
261 396
261 411
261 412
261 421
261 428
261 476
261 477
261 484
261 490
261 497
262 279
262 280
262 284
262 285
262 288
262 319
262 336
262 363
262 367
262 399
262 410
262 460
262 467
263 283
263 315
263 329
263 331
263 374
263 390
263 419
263 422
263 442
263 450
263 457
263 458
263 465
263 480
264 285
264 291
264 301
264 336
264 337
264 343
264 346
264 395
264 404
264 413
264 433
264 437
264 460
264 462
264 494
265 291
265 295
265 301
265 323
265 334
265 344
265 349
265 355
265 387
265 423
266 270
266 271
266 289
266 294
266 308
266 321
266 323
266 327
266 336
266 363
266 381
266 410
266 445
266 482
266 491
267 297
267 304
267 310
267 314
267 330
267 339
267 349
267 384
267 394
267 403
267 409
267 431
267 468
268 281
268 301
268 308
268 320
268 338
268 350
268 363
268 411
268 433
268 461
268 477
268 487
268 488
269 298
269 315
269 337
269 344
269 358
269 368
269 475
269 490
269 496
270 290
270 292
270 299
270 321
270 344
270 480
270 498
271 273
271 285
271 291
271 295
271 300
271 320
271 372
271 403
271 412
271 419
271 426
271 433
271 445
272 280
272 282
272 286
272 296
272 299
272 301
272 305
272 317
272 329
272 335
272 365
272 384
272 385
272 412
272 414
272 440
272 450
272 466
272 483
273 276
273 297
273 341
273 373
273 386
273 392
273 407
273 426
273 428
273 439
273 443
273 461
273 497
274 276
274 280
274 281
274 312
274 351
274 380
274 382
274 397
274 425
274 438
274 494
275 291
275 293
275 330
275 338
275 344
275 373
275 376
275 391
275 394
275 397
275 406
275 435
275 445
275 450
275 453
275 463
275 472
275 491
276 305
276 315
276 318
276 344
276 355
276 361
276 388
276 393
276 396
276 409
276 454
276 463
276 478
276 485
277 307
277 312
277 316
277 320
277 328
277 363
277 367
277 369
277 393
277 402
277 434
277 437
277 459
278 288
278 327
278 342
278 371
278 374
278 380
278 399
278 402
278 427
278 449
278 461
279 295
279 311
279 326
279 329
279 335
279 351
279 382
279 402
279 453
279 477
279 481
280 293
280 323
280 349
280 393
280 397
280 415
280 449
280 470
280 471
280 497
281 290
281 312
281 342
281 374
281 392
281 456
281 482
281 490
281 493
282 303
282 304
282 331
282 335
282 397
282 430
282 475
283 286
283 298
283 323
283 332
283 400
283 443
283 452
283 454
283 488
284 306
284 354
284 358
284 381
284 403
284 427
284 471
285 289
285 297
285 306
285 332
285 353
285 410
285 461
285 473
285 477
285 494
286 306
286 312
286 345
286 364
286 367
286 370
286 376
286 396
286 403
286 439
286 445
287 309
287 317
287 324
287 331
287 337
287 371
287 376
287 381
287 412
287 413
287 416
287 482
288 312
288 342
288 365
288 370
288 391
288 411
288 431
288 445
288 456
288 477
288 484
288 492
289 296
289 368
289 383
289 393
289 396
289 412
289 419
289 421
290 293
290 298
290 365
290 442
290 450
290 463
290 494
291 302
291 306
291 363
291 407
291 435
291 441
291 442
292 311
292 335
292 355
292 368
292 402
292 412
292 419
292 469
293 296
293 302
293 309
293 314
293 325
293 340
293 355
293 384
293 402
293 420
293 439
293 453
293 460
293 485
293 490
294 308
294 312
294 316
294 367
294 379
294 398
294 414
294 443
294 446
294 453
294 477
294 482
294 493
295 322
295 388
295 411
295 433
295 476
295 484
296 298
296 302
296 324
296 349
296 353
296 395
296 403
296 405
296 439
296 476
296 491
296 496
297 299
297 309
297 312
297 334
297 367
297 369
297 413
297 426
297 463
297 467
297 473
297 476
297 484
297 496
298 302
298 338
298 362
298 382
298 395
298 405
298 429
298 450
298 455
298 494
299 305
299 331
299 374
299 451
299 469
299 481
299 486
299 489
300 304
300 397
300 433
300 456
300 460
300 497
301 302
301 322
301 386
301 391
301 424
301 457
302 306
302 406
302 415
302 430
302 434
302 451
302 474
303 316
303 321
303 322
303 352
303 359
303 366
303 378
303 385
303 420
303 429
303 436
303 485
304 323
304 345
304 370
304 374
304 396
304 404
304 417
304 448
304 451
304 472
304 495
305 339
305 361
305 382
305 384
305 392
305 413
305 448
305 462
305 485
305 497
306 348
306 392
306 415
306 417
306 438
306 447
306 459
307 313
307 370
307 375
307 397
307 406
307 427
307 448
307 453
308 313
308 345
308 358
308 368
308 373
308 406
308 424
309 365
309 368
309 406
309 411
309 453
309 458
309 466
309 469
309 472
309 482
309 484
309 497
310 321
310 339
310 360
310 364
310 391
310 454
310 455
311 331
311 333
311 413
311 422
311 440
311 443
311 448
311 461
311 471
312 319
312 343
312 359
312 362
312 375
312 454
312 499
313 345
313 354
313 355
313 372
313 392
313 420
313 485
313 486
313 491
313 497
314 322
314 325
314 384
314 402
314 427
314 433
314 483
314 495
315 324
315 327
315 342
315 349
315 370
315 379
315 381
315 398
315 419
315 445
315 479
315 488
315 489
316 320
316 342
316 350
316 363
316 364
316 398
316 401
316 403
316 418
316 449
316 453
316 456
316 466
316 487
316 496
316 499
317 341
317 348
317 350
317 377
317 392
317 406
317 432
317 442
317 447
317 499
318 411
318 428
318 433
318 449
318 454
318 465
318 480
318 498
319 340
319 347
319 373
319 386
319 387
319 406
319 421
319 432
319 442
319 461
319 482
319 492
320 332
320 353
320 386
320 410
320 417
320 430
320 431
320 442
320 443
320 468
320 471
321 326
321 327
321 405
321 420
321 425
321 427
321 445
321 459
322 338
322 374
322 379
322 396
322 405
322 435
322 447
322 465
322 495
323 331
323 377
323 387
323 397
323 402
323 404
323 411
323 418
323 473
323 478
323 485
324 362
324 366
324 406
324 475
325 344
325 381
325 388
325 406
325 408
325 413
325 424
325 431
325 456
325 461
326 329
326 337
326 346
326 370
326 379
326 387
326 409
326 429
326 456
326 483
326 487
326 488
326 494
327 356
327 357
327 409
327 412
327 428
327 432
327 435
327 446
327 448
327 461
327 499
328 346
328 422
328 424
328 435
328 462
328 488
329 332
329 395
329 401
329 415
329 424
329 431
329 446
329 481
330 349
330 362
330 390
330 430
330 461
330 464
330 489
331 354
331 392
331 396
331 440
331 473
331 475
331 491
331 492
331 498
332 335
332 339
332 347
332 352
332 354
332 358
332 363
332 369
332 462
332 464
332 481
333 335
333 365
333 375
333 386
333 460
333 483
333 486
334 379
334 409
334 445
334 471
334 488
334 497
335 389
335 467
335 472
335 474
335 476
335 478
335 479
335 484
336 356
336 385
336 399
336 415
336 418
336 487
337 352
337 359
337 387
337 394
337 402
337 403
337 472
337 479
337 498
338 364
338 449
338 457
338 460
338 467
338 482
339 341
339 410
339 437
339 447
339 468
339 487
339 496
340 365
340 367
340 372
340 384
340 385
340 402
340 460
340 497
341 359
341 369
341 377
341 471
341 477
341 488
341 491
342 351
342 354
342 357
342 369
342 377
342 399
342 405
342 442
342 446
342 450
342 452
343 344
343 383
343 408
343 410
343 414
343 418
343 452
343 456
343 480
343 489
343 491
344 366
344 383
344 408
344 487
344 492
345 365
345 387
345 395
345 399
345 409
345 421
345 442
345 454
345 460
345 485
346 443
346 446
346 476
347 365
347 367
347 369
347 371
347 374
347 381
347 382
347 393
347 408
347 422
347 428
347 436
347 477
348 367
348 391
348 400
348 444
348 450
348 455
348 491
349 412
349 418
349 441
349 448
349 491
349 497
349 499
350 404
350 411
350 412
350 416
350 428
350 440
351 353
351 384
351 444
351 448
351 458
351 475
352 367
352 373
352 400
352 445
352 484
352 493
352 499
353 366
353 402
353 423
353 430
353 448
353 451
353 458
353 462
353 466
353 470
354 363
354 376
354 383
354 411
354 423
354 436
354 494
355 369
355 393
355 454
355 477
355 484
355 489
356 377
356 385
356 387
356 392
356 426
356 434
356 439
356 444
356 464
356 488
356 489
356 492
357 362
357 366
357 370
357 387
357 392
357 421
357 424
357 437
357 457
357 459
357 463
358 375
358 419
358 432
358 438
358 439
358 473
358 487
359 366
359 373
359 402
359 406
359 412
359 415
359 416
359 427
359 435
359 438
359 471
360 364
360 401
360 423
360 429
360 430
360 465
360 482
360 486
360 493
361 372
361 373
361 386
361 469
361 470
362 366
362 367
362 374
362 423
362 424
363 415
363 425
363 441
363 443
363 464
363 467
363 474
364 368
364 424
364 425
364 426
364 439
364 464
364 475
365 388
365 439
365 447
365 448
365 457
365 463
365 484
365 485
365 488
365 499
366 378
366 388
366 403
366 460
366 467
366 469
366 471
366 486
367 372
367 382
367 399
367 406
367 413
367 419
367 423
367 478
367 480
368 379
368 401
368 413
368 417
368 425
368 438
368 459
368 484
369 372
369 383
369 410
369 435
369 438
369 463
369 468
369 471
370 375
370 380
370 409
370 415
370 433
370 435
370 454
370 488
371 376
371 382
371 394
371 398
371 406
371 418
371 461
371 467
371 469
371 481
371 486
371 494
372 398
372 399
372 418
372 460
372 494
372 496
373 381
373 419
373 427
373 461
373 467
373 479
374 412
374 413
374 415
374 435
374 462
374 477
375 387
375 402
375 412
375 421
375 439
375 462
375 478
375 492
375 495
376 383
376 405
376 413
376 416
376 450
376 485
377 398
377 423
377 451
377 452
377 455
377 484
378 382
378 401
378 411
378 425
378 451
378 495
379 390
379 408
379 409
379 433
379 436
379 440
379 444
379 450
380 414
380 428
380 441
380 461
380 486
381 484
381 490
382 387
382 389
382 400
382 404
382 473
383 391
383 394
383 417
383 437
384 391
384 398
384 402
384 466
384 475
384 483
385 396
385 496
386 390
386 425
386 447
386 466
386 469
386 473
386 484
386 492
386 493
386 495
387 464
387 497
388 422
388 448
388 450
388 452
388 459
388 487
388 495
388 499
389 406
389 454
389 498
390 406
390 415
390 446
390 463
390 481
391 416
391 417
391 430
391 462
391 474
392 397
392 398
392 399
392 405
392 410
392 428
392 456
392 463
392 469
392 486
392 490
393 403
393 411
393 415
393 439
393 447
393 449
393 458
394 411
394 422
394 441
394 454
394 455
394 458
394 470
395 413
395 431
395 433
395 449
395 459
395 469
395 472
395 496
396 422
396 440
396 444
396 452
397 405
397 437
397 446
397 447
397 460
397 478
398 432
398 449
398 461
399 409
399 416
399 420
399 422
399 435
399 446
399 477
400 409
400 413
400 415
400 416
400 430
400 462
400 495
401 433
401 458
401 459
401 462
401 472
401 496
402 428
402 437
402 459
402 460
402 471
402 482
403 427
403 435
403 473
403 476
403 478
403 487
404 425
404 429
404 457
405 419
405 420
405 433
405 469
405 494
406 443
406 453
406 467
406 468
407 412
407 435
407 476
407 478
407 493
408 414
408 445
409 433
409 479
409 482
410 427
410 448
410 481
410 494
411 431
411 442
411 443
411 452
411 454
411 468
411 476
412 414
412 436
412 451
412 458
412 472
412 488
413 429
413 466
413 467
413 489
414 428
414 443
414 468
414 493
414 496
415 416
415 434
415 455
415 462
415 470
415 483
415 489
415 493
416 427
416 446
416 457
416 470
416 474
416 481
417 420
417 436
417 468
417 471
418 456
418 460
418 485
418 488
418 492
419 482
419 483
419 486
420 431
420 448
420 459
420 470
420 495
420 499
421 450
421 465
421 469
422 461
422 493
423 435
423 455
423 475
424 446
424 492
425 483
426 466
426 471
426 472
426 475
427 439
427 450
427 452
427 481
427 493
428 436
428 438
428 454
428 479
428 484
428 492
429 433
429 459
429 477
429 489
430 445
430 459
430 490
431 442
432 483
432 491
432 499
433 451
433 469
433 491
434 448
434 453
434 461
434 476
435 449
435 459
436 476
436 478
437 459
437 475
437 476
437 485
437 490
438 472
438 475
439 458
439 486
439 488
440 487
440 490
440 496
441 453
441 481
442 446
443 455
443 469
443 474
444 455
444 465
444 470
444 484
444 490
445 474
445 480
445 483
445 497
446 453
446 469
446 480
446 495
447 460
447 474
447 491
447 498
448 450
448 458
448 460
448 470
448 484
448 489
449 450
449 458
449 495
449 499
450 476
450 488
451 465
451 472
451 476
452 463
452 468
453 476
453 486
454 463
454 496
455 463
455 499
456 459
456 474
456 491
456 493
457 486
457 498
458 473
459 476
459 481
460 476
460 488
460 494
460 496
460 499
461 477
463 486
463 494
464 466
464 472
465 481
465 493
466 472
466 473
466 491
467 478
467 490
468 469
468 479
468 481
468 488
469 482
469 491
469 493
470 490
471 486
472 477
474 486
475 478
475 495
476 489
477 490
477 492
478 488
478 498
479 483
481 496
492 499
