100 360 0.2
0 24
0 53
0 60
0 91
0 94
1 10
1 21
1 51
1 55
1 68
1 83
1 93
1 96
2 12
2 20
2 34
2 39
2 48
3 7
3 13
3 15
3 17
3 25
3 27
3 56
3 71
3 92
3 95
4 5
4 6
4 37
4 49
4 55
4 67
5 12
5 59
5 66
5 78
5 90
5 94
5 98
6 17
6 31
6 36
6 72
6 81
6 89
6 95
6 99
7 39
7 43
7 53
7 79
8 44
8 61
8 91
9 10
9 18
9 27
9 28
9 43
9 55
9 63
9 66
9 69
10 23
10 52
10 64
10 65
10 69
10 71
10 88
11 14
11 46
11 53
11 58
11 59
11 61
11 64
11 98
12 15
12 19
12 37
12 60
12 61
12 74
12 85
12 97
13 31
13 53
13 72
14 74
15 30
15 44
15 68
15 72
16 26
16 38
16 40
16 41
16 99
17 28
17 37
17 49
17 60
17 65
17 66
17 71
17 73
17 74
17 90
18 29
18 51
18 61
18 62
18 77
18 99
19 21
19 25
19 50
19 79
19 89
20 27
20 37
20 45
20 53
20 62
20 63
20 65
20 96
21 24
21 25
21 31
21 39
21 68
21 71
21 85
21 90
22 31
22 43
22 51
22 59
22 62
22 69
22 76
22 80
22 91
22 93
23 61
23 63
23 72
23 89
24 37
24 46
24 51
24 88
24 93
25 34
25 39
25 41
25 61
25 70
25 80
26 28
26 52
26 66
26 67
26 70
26 95
26 99
27 38
27 63
27 88
28 31
28 43
28 48
28 69
28 73
28 76
28 78
28 94
28 99
29 36
29 39
29 57
29 93
30 65
30 82
30 89
30 91
30 94
31 80
31 85
31 87
32 35
32 78
32 81
33 36
33 74
33 96
34 54
34 80
34 93
35 42
35 45
35 72
35 78
35 83
36 45
36 51
36 52
36 66
36 69
36 82
36 94
37 49
37 53
37 77
37 85
37 87
37 94
38 42
38 52
38 66
38 77
39 45
39 52
39 67
39 75
39 84
39 92
40 66
40 92
40 97
41 46
41 61
41 75
41 97
42 51
42 73
42 76
42 85
42 90
42 93
42 99
43 44
43 46
43 80
43 97
44 55
44 61
44 76
44 87
44 88
45 47
45 55
45 71
45 99
46 59
46 80
47 77
47 84
47 94
47 98
48 51
48 61
48 68
48 80
49 92
50 65
50 92
50 96
51 71
51 78
51 83
51 89
51 90
51 98
52 63
52 68
52 91
53 81
53 95
54 63
54 68
54 87
55 63
55 68
55 75
55 78
55 87
55 98
56 62
56 69
56 90
57 88
57 89
58 82
58 90
59 64
60 61
61 64
61 93
62 92
63 64
63 73
63 84
63 96
64 80
64 82
64 86
64 91
65 77
65 81
66 71
67 81
67 83
67 86
68 80
69 75
70 75
70 83
70 85
70 89
70 98
71 86
71 96
73 80
73 87
73 96
74 91
74 98
75 88
75 98
76 83
76 84
76 98
77 90
77 94
77 97
78 94
78 97
79 97
81 83
82 83
84 93
85 92
86 91
87 90
87 95
87 99
88 93
89 91
90 94
91 99
92 95
93 99
94 99
95 98
96 99
