100 241 0.8
0 3
0 10
0 49
0 52
0 84
1 33
1 49
1 50
1 95
2 31
2 62
2 64
2 77
2 85
2 99
3 12
3 78
3 83
4 11
4 31
4 81
5 16
5 34
5 56
5 64
5 70
5 78
5 82
6 14
6 30
6 33
6 50
6 57
6 61
6 93
6 94
7 15
7 83
8 44
8 65
8 93
9 15
9 16
9 65
9 68
9 81
9 89
10 43
10 95
11 42
11 95
12 23
12 28
12 64
12 71
12 89
13 32
13 59
13 68
14 45
14 91
15 26
15 37
15 98
16 26
16 37
16 42
16 69
16 79
16 99
17 24
17 35
17 56
17 76
18 67
18 71
18 89
19 39
19 46
19 68
19 99
20 25
20 79
21 32
21 41
21 45
21 51
21 59
21 61
21 81
21 86
21 87
22 42
22 45
22 57
22 68
22 88
22 98
22 99
23 53
23 70
23 72
24 58
24 62
24 69
24 82
24 91
24 98
25 37
25 52
26 42
26 46
26 59
26 76
26 89
26 97
27 34
27 54
28 55
28 62
28 72
28 73
28 90
29 30
29 54
29 99
30 73
31 34
31 39
31 61
31 85
31 87
32 42
32 47
32 56
32 70
32 73
32 93
33 36
33 46
33 55
33 63
33 77
33 89
33 91
34 57
35 44
36 40
36 68
36 77
36 83
37 51
37 62
37 90
38 48
38 53
38 93
40 62
40 94
40 97
41 48
41 58
41 97
42 61
42 77
42 78
42 81
43 54
43 58
43 91
43 98
45 70
45 92
46 87
47 56
47 61
48 77
49 76
49 89
49 94
50 87
50 95
51 83
51 85
52 84
52 85
53 54
53 65
53 73
54 89
55 64
55 68
55 77
55 95
56 84
56 91
57 62
57 99
60 81
60 90
62 85
62 88
62 90
62 93
63 92
64 75
64 79
64 82
64 93
64 97
64 99
65 68
66 68
66 92
66 93
68 87
69 70
69 83
69 87
69 93
69 94
70 80
70 82
70 84
70 97
71 76
72 73
72 86
72 93
73 86
73 97
74 95
79 80
80 81
81 94
81 98
82 93
83 99
85 97
87 93
90 96
