400 7204 0.5
0 3
0 11
0 13
0 22
0 23
0 48
0 74
0 82
0 86
0 100
0 101
0 103
0 105
0 108
0 118
0 119
0 136
0 139
0 153
0 159
0 161
0 169
0 180
0 182
0 195
0 196
0 198
0 226
0 261
0 263
0 268
0 274
0 283
0 286
0 287
0 334
0 335
0 341
0 343
0 352
0 366
0 396
1 15
1 16
1 34
1 39
1 40
1 71
1 77
1 91
1 93
1 96
1 100
1 119
1 123
1 127
1 128
1 130
1 166
1 174
1 190
1 194
1 202
1 214
1 219
1 221
1 222
1 233
1 260
1 266
1 275
1 276
1 288
1 302
1 324
1 331
1 360
1 374
1 378
1 383
2 17
2 28
2 37
2 49
2 56
2 69
2 75
2 78
2 96
2 104
2 109
2 125
2 131
2 133
2 138
2 139
2 158
2 160
2 177
2 180
2 187
2 197
2 200
2 219
2 233
2 250
2 257
2 258
2 264
2 272
2 277
2 282
2 291
2 301
2 317
2 319
2 329
2 334
2 345
2 347
2 350
2 355
2 366
2 371
3 14
3 31
3 51
3 53
3 68
3 79
3 93
3 96
3 97
3 100
3 101
3 107
3 108
3 127
3 169
3 187
3 199
3 207
3 213
3 214
3 215
3 218
3 234
3 241
3 243
3 258
3 287
3 316
3 322
3 326
3 340
3 346
3 350
3 356
3 363
3 381
3 382
4 10
4 15
4 17
4 20
4 38
4 55
4 73
4 75
4 80
4 83
4 96
4 104
4 117
4 119
4 133
4 138
4 172
4 186
4 192
4 212
4 214
4 215
4 216
4 231
4 235
4 240
4 260
4 268
4 275
4 280
4 289
4 331
4 335
4 350
4 355
4 377
4 382
4 389
4 391
5 55
5 56
5 58
5 61
5 77
5 83
5 85
5 94
5 99
5 109
5 110
5 111
5 121
5 125
5 134
5 136
5 142
5 153
5 165
5 171
5 205
5 206
5 259
5 275
5 277
5 278
5 309
5 347
5 373
5 378
6 16
6 18
6 23
6 31
6 36
6 58
6 66
6 72
6 73
6 110
6 131
6 136
6 143
6 151
6 166
6 167
6 170
6 177
6 179
6 180
6 187
6 190
6 204
6 214
6 216
6 223
6 224
6 227
6 262
6 294
6 300
6 304
6 313
6 328
6 363
6 364
6 366
6 377
6 381
6 386
7 21
7 38
7 44
7 56
7 58
7 63
7 68
7 74
7 76
7 83
7 100
7 109
7 112
7 133
7 135
7 141
7 172
7 191
7 196
7 221
7 231
7 237
7 251
7 268
7 271
7 276
7 291
7 302
7 307
7 311
7 317
7 332
7 342
7 371
7 384
7 387
7 389
7 394
7 395
8 24
8 29
8 47
8 81
8 83
8 96
8 101
8 112
8 137
8 144
8 163
8 167
8 176
8 205
8 208
8 217
8 234
8 237
8 252
8 261
8 265
8 266
8 268
8 270
8 283
8 339
8 357
8 374
8 382
9 13
9 39
9 44
9 52
9 56
9 66
9 69
9 76
9 86
9 104
9 105
9 106
9 115
9 141
9 144
9 157
9 161
9 166
9 172
9 173
9 184
9 193
9 205
9 219
9 226
9 234
9 248
9 289
9 317
9 318
9 325
9 337
9 346
9 352
9 368
9 371
10 25
10 32
10 44
10 46
10 52
10 64
10 71
10 74
10 93
10 101
10 102
10 117
10 157
10 171
10 183
10 184
10 204
10 222
10 239
10 256
10 281
10 304
10 324
10 331
10 332
10 338
10 353
10 359
10 381
10 399
11 18
11 20
11 25
11 33
11 39
11 45
11 75
11 85
11 87
11 145
11 184
11 188
11 190
11 192
11 226
11 229
11 250
11 257
11 267
11 302
11 312
11 328
11 329
11 388
11 397
12 31
12 32
12 38
12 48
12 58
12 104
12 137
12 139
12 142
12 174
12 179
12 194
12 202
12 217
12 224
12 225
12 228
12 236
12 238
12 239
12 242
12 253
12 256
12 296
12 297
12 303
12 321
12 322
12 328
12 350
12 367
12 370
12 376
12 385
12 391
13 20
13 23
13 27
13 40
13 42
13 43
13 51
13 52
13 55
13 57
13 61
13 62
13 78
13 93
13 131
13 133
13 145
13 165
13 169
13 180
13 207
13 210
13 225
13 226
13 267
13 268
13 270
13 273
13 274
13 276
13 295
13 304
13 308
13 316
13 318
13 321
13 325
13 347
13 364
13 374
13 378
13 379
13 380
14 29
14 34
14 35
14 53
14 77
14 78
14 83
14 90
14 114
14 129
14 157
14 204
14 222
14 248
14 254
14 273
14 276
14 288
14 299
14 307
14 317
14 318
14 330
14 340
14 395
14 396
15 24
15 80
15 95
15 113
15 124
15 138
15 158
15 178
15 179
15 184
15 186
15 187
15 210
15 215
15 221
15 225
15 227
15 236
15 243
15 249
15 254
15 255
15 257
15 260
15 261
15 266
15 270
15 299
15 305
15 314
15 325
15 330
15 340
15 347
15 354
15 381
15 389
16 33
16 40
16 41
16 63
16 66
16 78
16 79
16 81
16 94
16 114
16 116
16 125
16 152
16 163
16 164
16 166
16 168
16 174
16 176
16 182
16 187
16 193
16 196
16 215
16 223
16 237
16 245
16 249
16 251
16 258
16 268
16 270
16 283
16 315
16 321
16 324
16 331
16 334
16 336
16 340
16 359
16 368
16 394
17 18
17 47
17 50
17 60
17 83
17 85
17 113
17 118
17 133
17 143
17 156
17 170
17 174
17 194
17 207
17 208
17 216
17 218
17 248
17 306
17 317
17 319
17 321
17 344
17 358
17 361
17 371
18 25
18 27
18 45
18 59
18 61
18 63
18 68
18 71
18 78
18 104
18 129
18 135
18 139
18 152
18 193
18 197
18 200
18 208
18 221
18 223
18 242
18 255
18 258
18 268
18 271
18 283
18 294
18 309
18 314
18 329
18 331
18 339
18 344
18 345
18 396
18 397
19 28
19 39
19 67
19 88
19 108
19 116
19 121
19 124
19 127
19 142
19 162
19 186
19 198
19 210
19 223
19 228
19 230
19 231
19 241
19 244
19 266
19 270
19 273
19 276
19 282
19 304
19 307
19 308
19 336
19 337
19 338
19 351
19 370
19 374
19 391
20 66
20 70
20 74
20 78
20 84
20 125
20 131
20 136
20 140
20 143
20 145
20 160
20 161
20 164
20 205
20 206
20 212
20 215
20 229
20 248
20 252
20 253
20 256
20 257
20 284
20 301
20 311
20 317
20 330
20 359
20 375
20 382
20 392
20 393
21 36
21 42
21 62
21 70
21 83
21 106
21 113
21 125
21 140
21 163
21 166
21 169
21 180
21 185
21 205
21 215
21 250
21 251
21 264
21 285
21 296
21 307
21 308
21 327
21 332
21 335
21 336
21 340
21 354
21 355
21 365
21 382
21 397
21 399
22 29
22 36
22 47
22 53
22 85
22 91
22 100
22 106
22 113
22 151
22 168
22 186
22 204
22 211
22 218
22 237
22 252
22 256
22 267
22 272
22 278
22 280
22 295
22 316
22 333
22 350
22 355
22 359
22 386
22 388
23 43
23 46
23 49
23 50
23 57
23 80
23 103
23 107
23 137
23 150
23 156
23 168
23 196
23 207
23 229
23 233
23 241
23 253
23 256
23 268
23 277
23 281
23 290
23 312
23 326
23 332
23 338
23 352
23 360
23 377
23 399
24 46
24 51
24 53
24 58
24 69
24 77
24 86
24 98
24 100
24 129
24 131
24 133
24 153
24 157
24 159
24 178
24 189
24 196
24 201
24 206
24 227
24 250
24 256
24 263
24 285
24 288
24 291
24 296
24 306
24 308
24 328
24 334
24 340
24 343
24 356
24 359
24 368
24 384
24 385
24 391
25 26
25 27
25 28
25 36
25 38
25 39
25 49
25 66
25 69
25 75
25 108
25 111
25 129
25 140
25 161
25 189
25 212
25 215
25 236
25 246
25 254
25 256
25 272
25 292
25 296
25 327
25 338
25 353
25 359
25 361
25 364
25 376
25 386
26 30
26 40
26 47
26 49
26 51
26 65
26 68
26 72
26 79
26 95
26 97
26 113
26 120
26 124
26 126
26 147
26 171
26 189
26 212
26 233
26 239
26 248
26 266
26 270
26 273
26 297
26 299
26 310
26 314
26 319
26 330
26 337
26 349
26 355
26 361
26 372
27 41
27 47
27 49
27 50
27 53
27 55
27 63
27 94
27 113
27 136
27 137
27 156
27 163
27 165
27 166
27 168
27 183
27 188
27 189
27 200
27 204
27 209
27 219
27 238
27 242
27 244
27 245
27 251
27 275
27 276
27 278
27 317
27 328
27 336
27 357
27 374
27 387
27 389
28 30
28 34
28 38
28 44
28 48
28 61
28 69
28 78
28 92
28 108
28 129
28 132
28 145
28 149
28 165
28 169
28 186
28 191
28 192
28 196
28 199
28 202
28 207
28 217
28 219
28 227
28 244
28 246
28 260
28 273
28 275
28 314
28 325
28 327
28 334
28 341
28 352
28 361
28 391
28 394
29 34
29 49
29 59
29 97
29 103
29 111
29 140
29 145
29 149
29 162
29 170
29 175
29 184
29 197
29 213
29 217
29 231
29 236
29 249
29 256
29 279
29 287
29 289
29 290
29 324
29 327
29 362
29 368
29 382
29 387
29 399
30 38
30 45
30 69
30 70
30 72
30 83
30 96
30 103
30 132
30 135
30 146
30 150
30 159
30 179
30 187
30 194
30 201
30 204
30 215
30 229
30 241
30 255
30 273
30 276
30 293
30 313
30 331
30 340
30 350
30 362
30 366
30 367
30 374
30 378
30 383
30 389
30 394
31 50
31 58
31 79
31 100
31 104
31 118
31 136
31 142
31 158
31 198
31 257
31 273
31 286
31 320
31 321
31 325
31 326
31 335
31 340
31 350
31 363
31 369
31 371
31 379
32 38
32 54
32 65
32 71
32 91
32 93
32 101
32 107
32 109
32 129
32 138
32 168
32 175
32 186
32 191
32 195
32 216
32 233
32 234
32 243
32 286
32 305
32 309
32 311
32 342
32 344
32 345
32 362
32 371
32 377
32 383
32 392
33 44
33 45
33 61
33 69
33 75
33 90
33 92
33 94
33 119
33 147
33 163
33 178
33 182
33 187
33 197
33 212
33 239
33 250
33 286
33 295
33 298
33 330
33 357
33 371
33 377
34 49
34 86
34 92
34 94
34 112
34 116
34 123
34 124
34 125
34 134
34 170
34 171
34 173
34 188
34 210
34 229
34 237
34 247
34 248
34 264
34 269
34 295
34 323
34 324
34 342
34 348
34 370
34 394
35 51
35 79
35 80
35 81
35 86
35 102
35 105
35 115
35 133
35 147
35 150
35 161
35 169
35 173
35 174
35 187
35 200
35 201
35 207
35 221
35 240
35 255
35 260
35 267
35 272
35 273
35 274
35 298
35 311
35 320
35 328
35 349
35 355
35 358
35 359
35 363
35 364
35 385
35 391
35 392
35 397
35 398
36 43
36 52
36 77
36 92
36 107
36 137
36 142
36 147
36 151
36 154
36 158
36 160
36 162
36 168
36 177
36 193
36 206
36 213
36 220
36 222
36 225
36 236
36 242
36 264
36 267
36 268
36 269
36 271
36 279
36 304
36 305
36 309
36 310
36 317
36 326
36 340
36 343
36 352
36 368
36 385
36 393
37 49
37 62
37 64
37 66
37 75
37 77
37 85
37 118
37 123
37 127
37 129
37 138
37 202
37 216
37 224
37 226
37 244
37 248
37 252
37 288
37 300
37 302
37 328
37 346
37 349
37 377
37 379
37 393
37 399
38 59
38 69
38 78
38 90
38 97
38 107
38 114
38 119
38 125
38 128
38 140
38 153
38 175
38 193
38 198
38 205
38 215
38 222
38 235
38 247
38 255
38 256
38 283
38 299
38 335
38 343
38 347
38 360
38 373
38 385
38 387
39 52
39 56
39 59
39 63
39 64
39 84
39 118
39 131
39 150
39 191
39 193
39 201
39 213
39 238
39 247
39 290
39 316
39 323
39 325
39 339
39 347
39 368
39 373
39 375
40 49
40 56
40 68
40 71
40 76
40 77
40 81
40 85
40 100
40 104
40 124
40 147
40 194
40 221
40 236
40 270
40 279
40 282
40 308
40 340
40 374
40 376
40 378
40 393
41 55
41 59
41 67
41 74
41 84
41 98
41 113
41 116
41 117
41 122
41 126
41 129
41 135
41 138
41 153
41 154
41 164
41 171
41 174
41 176
41 179
41 181
41 183
41 205
41 230
41 241
41 252
41 253
41 254
41 258
41 266
41 281
41 290
41 326
41 336
41 353
41 357
41 360
41 371
41 374
41 383
41 387
42 46
42 47
42 50
42 54
42 64
42 66
42 78
42 92
42 97
42 101
42 119
42 132
42 137
42 166
42 181
42 195
42 199
42 263
42 269
42 285
42 292
42 293
42 300
42 305
42 312
42 313
42 347
42 355
42 358
42 363
42 370
42 392
43 59
43 65
43 76
43 89
43 115
43 120
43 130
43 135
43 138
43 139
43 150
43 151
43 152
43 154
43 159
43 160
43 162
43 163
43 165
43 178
43 183
43 196
43 204
43 210
43 211
43 213
43 214
43 235
43 243
43 270
43 276
43 321
43 347
43 348
43 373
43 378
43 381
43 387
43 391
43 395
44 65
44 81
44 93
44 99
44 117
44 133
44 135
44 137
44 138
44 147
44 154
44 164
44 179
44 184
44 188
44 195
44 199
44 204
44 210
44 215
44 225
44 230
44 241
44 251
44 279
44 284
44 295
44 314
44 324
44 338
44 353
44 354
44 369
44 377
44 378
44 398
44 399
45 49
45 83
45 104
45 108
45 111
45 120
45 134
45 137
45 167
45 179
45 187
45 193
45 214
45 241
45 243
45 244
45 256
45 257
45 282
45 289
45 307
45 315
45 322
45 323
45 326
45 336
45 347
45 352
45 364
45 388
45 390
45 393
46 51
46 54
46 62
46 103
46 107
46 111
46 144
46 156
46 199
46 222
46 254
46 265
46 270
46 281
46 288
46 293
46 307
46 317
46 352
46 356
46 360
46 363
46 364
46 373
46 374
46 394
47 57
47 60
47 71
47 81
47 84
47 85
47 91
47 122
47 126
47 129
47 145
47 157
47 162
47 178
47 194
47 205
47 214
47 215
47 234
47 253
47 261
47 293
47 307
47 313
47 321
47 326
47 330
47 333
47 343
47 355
47 356
47 357
47 374
47 376
48 56
48 63
48 65
48 66
48 80
48 82
48 87
48 111
48 126
48 150
48 157
48 169
48 182
48 187
48 212
48 237
48 244
48 249
48 256
48 284
48 285
48 286
48 294
48 306
48 318
48 322
48 330
48 337
48 343
48 356
48 362
48 383
48 394
48 398
49 55
49 56
49 87
49 89
49 93
49 101
49 113
49 125
49 144
49 160
49 169
49 191
49 197
49 220
49 222
49 226
49 245
49 249
49 261
49 274
49 276
49 284
49 287
49 307
49 319
49 322
49 351
49 352
49 353
49 378
49 387
49 389
50 72
50 80
50 83
50 110
50 122
50 149
50 155
50 172
50 178
50 188
50 199
50 205
50 206
50 229
50 256
50 257
50 282
50 294
50 295
50 302
50 309
50 310
50 339
50 361
51 56
51 70
51 73
51 74
51 84
51 92
51 98
51 120
51 121
51 144
51 149
51 177
51 183
51 197
51 210
51 212
51 215
51 218
51 220
51 222
51 228
51 235
51 259
51 268
51 276
51 307
51 339
51 345
51 383
51 387
51 399
52 60
52 64
52 69
52 79
52 94
52 95
52 96
52 99
52 112
52 120
52 131
52 135
52 139
52 143
52 164
52 190
52 215
52 219
52 259
52 269
52 273
52 284
52 288
52 293
52 295
52 331
52 337
52 352
52 372
53 63
53 67
53 73
53 89
53 93
53 107
53 112
53 166
53 175
53 178
53 180
53 182
53 185
53 201
53 217
53 224
53 237
53 248
53 249
53 262
53 263
53 277
53 316
53 317
53 343
53 351
53 361
53 370
53 372
53 373
53 385
53 395
54 108
54 120
54 123
54 129
54 143
54 150
54 152
54 165
54 166
54 177
54 184
54 190
54 191
54 200
54 208
54 235
54 236
54 237
54 254
54 263
54 265
54 279
54 280
54 290
54 291
54 297
54 302
54 319
54 329
54 376
54 378
54 383
54 385
55 56
55 66
55 72
55 96
55 113
55 118
55 124
55 125
55 130
55 136
55 139
55 152
55 168
55 172
55 191
55 193
55 202
55 208
55 209
55 213
55 236
55 241
55 248
55 281
55 283
55 286
55 344
55 346
55 368
55 373
55 381
55 392
55 393
55 399
56 57
56 60
56 72
56 87
56 95
56 142
56 165
56 169
56 171
56 183
56 198
56 204
56 215
56 222
56 239
56 242
56 259
56 266
56 267
56 268
56 270
56 312
56 332
56 334
56 335
56 352
56 353
56 370
56 371
56 375
56 381
56 394
56 396
57 77
57 89
57 103
57 109
57 147
57 149
57 154
57 164
57 191
57 204
57 208
57 229
57 248
57 260
57 265
57 269
57 286
57 294
57 300
57 310
57 358
57 359
57 371
57 372
57 373
57 384
57 389
58 59
58 63
58 64
58 81
58 93
58 94
58 130
58 147
58 149
58 170
58 181
58 199
58 208
58 221
58 237
58 241
58 245
58 248
58 260
58 277
58 298
58 316
58 340
58 341
58 361
58 370
58 374
58 395
59 68
59 105
59 109
59 117
59 118
59 119
59 125
59 143
59 166
59 172
59 206
59 216
59 220
59 227
59 229
59 233
59 237
59 249
59 279
59 287
59 307
59 311
59 352
59 354
59 364
59 365
59 384
59 395
60 63
60 78
60 80
60 90
60 91
60 93
60 96
60 103
60 115
60 118
60 132
60 137
60 172
60 174
60 185
60 211
60 254
60 259
60 261
60 276
60 283
60 320
60 332
60 346
60 347
60 350
60 364
60 373
60 374
60 376
60 379
60 386
60 390
61 62
61 80
61 85
61 93
61 96
61 103
61 126
61 136
61 137
61 149
61 179
61 203
61 204
61 219
61 260
61 289
61 305
61 328
61 331
61 337
61 346
61 354
61 376
61 378
61 395
61 399
62 68
62 71
62 82
62 94
62 98
62 108
62 110
62 113
62 135
62 138
62 164
62 165
62 193
62 196
62 197
62 212
62 239
62 250
62 258
62 272
62 286
62 293
62 323
62 326
62 338
62 339
62 353
62 357
62 379
62 388
62 396
62 397
63 66
63 78
63 80
63 82
63 93
63 104
63 109
63 115
63 123
63 128
63 190
63 200
63 209
63 210
63 213
63 224
63 237
63 238
63 253
63 262
63 273
63 275
63 284
63 286
63 302
63 312
63 316
63 317
63 320
63 339
63 371
63 376
63 381
64 85
64 87
64 93
64 107
64 124
64 136
64 145
64 186
64 189
64 213
64 219
64 220
64 227
64 228
64 274
64 278
64 281
64 282
64 287
64 288
64 306
64 309
64 310
64 316
64 331
64 335
64 343
64 348
64 350
64 354
64 369
64 374
64 376
65 70
65 75
65 89
65 93
65 114
65 118
65 134
65 137
65 142
65 145
65 171
65 174
65 186
65 193
65 206
65 213
65 215
65 227
65 236
65 240
65 251
65 254
65 258
65 264
65 276
65 315
65 325
65 329
65 363
65 369
65 372
65 380
66 115
66 141
66 142
66 145
66 157
66 160
66 172
66 213
66 221
66 240
66 241
66 256
66 291
66 296
66 329
66 331
66 334
66 344
66 357
66 371
66 396
67 69
67 77
67 94
67 100
67 108
67 128
67 142
67 149
67 152
67 190
67 201
67 207
67 218
67 227
67 233
67 240
67 245
67 251
67 253
67 262
67 298
67 302
67 308
67 309
67 311
67 314
67 324
67 336
67 347
67 351
67 365
67 366
67 367
67 373
67 383
67 396
68 69
68 79
68 118
68 136
68 152
68 179
68 195
68 219
68 229
68 247
68 289
68 314
68 316
68 342
68 360
68 377
68 383
68 387
68 393
68 396
69 71
69 75
69 79
69 86
69 96
69 114
69 127
69 130
69 157
69 169
69 171
69 175
69 183
69 200
69 205
69 242
69 243
69 245
69 247
69 257
69 258
69 273
69 274
69 282
69 290
69 293
69 295
69 303
69 314
69 317
69 320
69 336
69 339
69 346
69 349
69 360
69 363
69 364
70 85
70 99
70 114
70 131
70 141
70 151
70 168
70 175
70 190
70 197
70 212
70 221
70 227
70 236
70 243
70 258
70 268
70 289
70 319
70 321
70 331
70 345
70 386
71 74
71 77
71 81
71 84
71 92
71 104
71 106
71 115
71 116
71 124
71 137
71 154
71 160
71 169
71 181
71 193
71 202
71 205
71 209
71 237
71 241
71 248
71 256
71 270
71 291
71 296
71 302
71 325
71 363
71 377
71 387
71 395
72 80
72 90
72 96
72 104
72 120
72 123
72 124
72 135
72 139
72 141
72 144
72 176
72 177
72 179
72 191
72 204
72 205
72 215
72 267
72 281
72 287
72 295
72 308
72 309
72 316
72 324
72 326
72 344
72 361
72 368
72 377
73 82
73 91
73 104
73 132
73 144
73 146
73 149
73 159
73 165
73 167
73 171
73 172
73 188
73 218
73 228
73 229
73 240
73 255
73 259
73 269
73 272
73 273
73 281
73 282
73 302
73 304
73 310
73 315
73 321
73 331
73 344
73 345
73 359
73 365
73 372
73 375
74 77
74 84
74 87
74 97
74 104
74 118
74 122
74 151
74 154
74 159
74 172
74 189
74 194
74 197
74 211
74 218
74 222
74 228
74 231
74 233
74 241
74 246
74 250
74 251
74 260
74 261
74 270
74 273
74 274
74 278
74 280
74 289
74 290
74 300
74 303
74 306
74 356
74 360
74 383
74 392
74 393
75 85
75 97
75 98
75 106
75 136
75 143
75 152
75 172
75 188
75 216
75 235
75 255
75 264
75 274
75 280
75 303
75 308
75 347
75 365
75 392
76 80
76 93
76 104
76 105
76 124
76 125
76 129
76 132
76 134
76 147
76 172
76 181
76 185
76 186
76 210
76 211
76 219
76 252
76 256
76 270
76 288
76 308
76 310
76 322
76 325
76 351
76 362
76 372
76 397
77 80
77 90
77 103
77 111
77 126
77 128
77 180
77 183
77 189
77 200
77 204
77 205
77 220
77 248
77 253
77 269
77 277
77 279
77 287
77 304
77 307
77 313
77 315
77 338
77 355
77 360
77 367
77 373
77 386
77 390
78 114
78 118
78 136
78 137
78 142
78 145
78 154
78 193
78 220
78 257
78 269
78 328
78 336
78 356
78 361
78 362
78 363
78 364
78 373
78 379
78 382
78 388
78 391
78 398
78 399
79 80
79 99
79 105
79 110
79 111
79 113
79 133
79 138
79 177
79 179
79 190
79 197
79 204
79 222
79 236
79 243
79 283
79 284
79 300
79 311
79 314
79 316
79 374
80 98
80 110
80 111
80 113
80 122
80 141
80 150
80 155
80 157
80 160
80 178
80 196
80 222
80 231
80 239
80 253
80 270
80 284
80 291
80 294
80 302
80 305
80 324
80 358
80 359
80 362
80 370
80 378
80 379
80 383
80 391
80 397
81 95
81 102
81 113
81 114
81 132
81 135
81 156
81 166
81 184
81 231
81 249
81 258
81 295
81 300
81 314
81 318
81 327
81 331
81 333
81 342
81 359
81 372
81 379
81 380
81 381
82 89
82 119
82 123
82 177
82 210
82 218
82 228
82 230
82 232
82 239
82 263
82 279
82 283
82 291
82 304
82 313
82 336
82 367
82 370
82 377
82 380
82 383
83 116
83 148
83 176
83 187
83 191
83 200
83 201
83 228
83 229
83 239
83 249
83 251
83 258
83 268
83 278
83 313
83 319
83 331
83 339
83 354
83 357
83 358
83 396
84 86
84 90
84 94
84 95
84 100
84 102
84 108
84 115
84 132
84 192
84 198
84 221
84 259
84 274
84 293
84 306
84 312
84 316
84 318
84 347
84 353
84 359
84 374
84 376
84 378
84 381
85 86
85 95
85 97
85 98
85 99
85 108
85 112
85 136
85 137
85 150
85 160
85 171
85 207
85 211
85 229
85 240
85 249
85 265
85 276
85 291
85 303
85 306
85 320
85 331
85 368
85 392
86 99
86 101
86 128
86 154
86 160
86 184
86 190
86 197
86 203
86 204
86 205
86 209
86 210
86 221
86 223
86 228
86 234
86 273
86 276
86 278
86 293
86 301
86 339
86 349
86 357
86 359
86 378
87 98
87 100
87 101
87 106
87 129
87 133
87 148
87 150
87 163
87 199
87 203
87 224
87 228
87 230
87 244
87 247
87 255
87 271
87 278
87 283
87 293
87 306
87 308
87 316
87 332
87 333
87 340
87 345
87 347
87 351
87 359
87 369
87 374
87 399
88 93
88 121
88 144
88 145
88 156
88 160
88 171
88 185
88 196
88 198
88 202
88 219
88 224
88 239
88 261
88 264
88 272
88 273
88 296
88 332
88 344
88 347
88 351
88 352
88 380
88 396
89 106
89 140
89 182
89 189
89 194
89 196
89 221
89 222
89 231
89 254
89 257
89 262
89 268
89 272
89 286
89 290
89 292
89 302
89 307
89 320
89 329
89 335
89 358
89 362
89 367
89 369
89 371
89 372
89 388
89 390
90 101
90 103
90 109
90 117
90 141
90 146
90 149
90 168
90 170
90 182
90 194
90 197
90 214
90 232
90 247
90 278
90 283
90 288
90 295
90 327
90 363
90 366
90 370
90 391
91 95
91 96
91 97
91 103
91 104
91 106
91 116
91 122
91 125
91 129
91 149
91 156
91 161
91 170
91 205
91 250
91 255
91 268
91 271
91 277
91 283
91 313
91 314
91 318
91 328
91 329
91 357
91 360
91 377
91 388
91 393
92 94
92 134
92 137
92 154
92 158
92 165
92 174
92 179
92 206
92 210
92 213
92 214
92 216
92 241
92 252
92 277
92 283
92 284
92 294
92 297
92 321
92 327
92 333
92 343
92 346
92 350
92 356
92 367
92 373
92 392
92 396
93 95
93 128
93 131
93 132
93 140
93 154
93 159
93 167
93 169
93 172
93 180
93 181
93 209
93 220
93 224
93 225
93 235
93 241
93 265
93 268
93 270
93 277
93 296
93 298
93 305
93 318
93 337
93 354
93 355
93 369
93 398
94 109
94 118
94 121
94 124
94 128
94 141
94 146
94 176
94 213
94 236
94 241
94 249
94 250
94 263
94 293
94 298
94 299
94 302
94 310
94 330
94 347
94 361
94 377
94 385
94 394
94 395
95 107
95 120
95 125
95 137
95 160
95 173
95 176
95 223
95 242
95 244
95 254
95 261
95 269
95 290
95 296
95 307
95 312
95 316
95 346
95 347
95 354
95 366
95 370
95 396
96 115
96 121
96 123
96 150
96 154
96 156
96 163
96 168
96 175
96 200
96 217
96 227
96 244
96 259
96 271
96 302
96 308
96 312
96 315
96 319
96 323
96 333
96 334
96 335
96 343
96 382
96 386
97 103
97 107
97 121
97 125
97 141
97 151
97 158
97 162
97 164
97 189
97 191
97 201
97 203
97 205
97 232
97 243
97 258
97 272
97 283
97 286
97 292
97 313
97 324
97 351
97 358
97 363
97 369
97 386
97 387
98 128
98 134
98 154
98 174
98 191
98 204
98 208
98 229
98 230
98 241
98 243
98 248
98 265
98 268
98 274
98 289
98 317
98 345
98 347
98 351
98 366
98 373
98 397
99 120
99 135
99 136
99 155
99 156
99 159
99 160
99 183
99 203
99 207
99 216
99 229
99 235
99 257
99 263
99 268
99 277
99 284
99 297
99 300
99 303
99 304
99 323
99 333
99 341
99 343
99 360
99 383
100 107
100 125
100 130
100 164
100 170
100 186
100 187
100 191
100 216
100 221
100 225
100 227
100 234
100 258
100 263
100 270
100 278
100 281
100 284
100 297
100 334
100 337
100 339
100 346
100 348
100 354
100 361
100 367
100 371
100 380
100 390
100 391
101 104
101 107
101 128
101 138
101 144
101 148
101 183
101 189
101 212
101 228
101 230
101 231
101 233
101 251
101 257
101 292
101 313
101 322
101 333
101 354
101 369
101 370
101 373
101 390
101 396
102 103
102 104
102 109
102 137
102 140
102 158
102 179
102 200
102 255
102 266
102 271
102 282
102 290
102 294
102 303
102 317
102 333
102 338
102 341
102 342
102 353
102 358
102 378
102 380
102 387
102 390
102 397
102 399
103 114
103 130
103 137
103 147
103 149
103 161
103 199
103 204
103 217
103 242
103 265
103 285
103 297
103 300
103 319
103 322
103 339
103 347
103 350
103 382
103 385
103 393
103 398
104 106
104 108
104 127
104 132
104 138
104 145
104 168
104 172
104 173
104 191
104 205
104 214
104 247
104 294
104 296
104 319
104 323
104 338
104 354
104 363
104 378
104 384
104 392
104 397
105 121
105 132
105 139
105 145
105 146
105 147
105 150
105 154
105 162
105 163
105 187
105 204
105 210
105 215
105 218
105 227
105 228
105 244
105 246
105 249
105 261
105 270
105 271
105 283
105 286
105 289
105 307
105 318
105 327
105 372
105 378
105 380
105 386
105 394
106 114
106 125
106 139
106 174
106 180
106 232
106 237
106 239
106 240
106 244
106 246
106 271
106 277
106 301
106 313
106 326
106 375
107 119
107 131
107 144
107 146
107 153
107 154
107 175
107 194
107 195
107 196
107 201
107 210
107 244
107 245
107 255
107 258
107 261
107 262
107 264
107 276
107 289
107 324
107 341
107 348
107 356
107 359
107 369
107 379
107 392
107 393
108 136
108 141
108 155
108 163
108 181
108 182
108 190
108 202
108 210
108 211
108 225
108 227
108 240
108 252
108 266
108 267
108 281
108 310
108 320
108 321
108 337
108 349
108 371
108 377
108 378
108 379
108 384
108 386
108 393
108 395
109 115
109 146
109 168
109 175
109 209
109 214
109 223
109 225
109 226
109 246
109 247
109 267
109 273
109 278
109 290
109 297
109 306
109 315
109 334
109 346
109 360
109 367
109 383
109 384
109 391
109 393
110 118
110 120
110 125
110 131
110 162
110 168
110 170
110 245
110 258
110 260
110 263
110 264
110 268
110 286
110 287
110 295
110 322
110 332
110 346
110 371
110 372
110 385
110 393
111 129
111 133
111 142
111 146
111 172
111 177
111 190
111 192
111 222
111 224
111 234
111 245
111 248
111 258
111 268
111 275
111 277
111 303
111 311
111 357
111 361
111 364
111 368
111 384
111 385
111 388
111 396
112 127
112 131
112 134
112 152
112 155
112 157
112 159
112 184
112 185
112 189
112 206
112 226
112 227
112 257
112 261
112 263
112 267
112 285
112 288
112 301
112 327
112 336
112 341
112 345
112 371
112 375
112 377
112 379
112 395
113 123
113 137
113 143
113 148
113 154
113 162
113 166
113 171
113 178
113 184
113 196
113 200
113 201
113 210
113 216
113 223
113 228
113 235
113 260
113 263
113 264
113 285
113 305
113 314
113 317
113 328
113 334
113 339
113 345
113 351
113 354
113 366
113 369
113 370
113 387
113 399
114 134
114 135
114 137
114 140
114 180
114 202
114 217
114 234
114 238
114 264
114 301
114 302
114 307
114 358
114 397
115 116
115 118
115 128
115 134
115 148
115 172
115 176
115 187
115 190
115 278
115 279
115 292
115 305
115 314
115 374
115 379
115 388
115 395
115 397
116 125
116 165
116 172
116 178
116 179
116 185
116 192
116 198
116 215
116 237
116 238
116 244
116 256
116 282
116 285
116 294
116 296
116 300
116 322
116 331
116 344
116 349
116 352
116 355
116 364
116 381
116 386
117 123
117 129
117 140
117 151
117 159
117 168
117 171
117 191
117 194
117 197
117 198
117 204
117 213
117 218
117 229
117 232
117 262
117 268
117 300
117 302
117 307
117 310
117 336
117 356
117 371
117 373
117 374
117 375
117 384
117 388
117 390
118 123
118 127
118 128
118 131
118 151
118 153
118 165
118 175
118 179
118 189
118 207
118 236
118 259
118 264
118 274
118 277
118 288
118 297
118 304
118 322
118 341
118 372
118 382
119 122
119 152
119 163
119 174
119 183
119 184
119 189
119 201
119 230
119 257
119 258
119 262
119 267
119 283
119 301
119 313
119 320
119 322
119 323
119 338
119 348
119 399
120 148
120 153
120 164
120 178
120 202
120 232
120 234
120 243
120 252
120 254
120 258
120 278
120 279
120 282
120 290
120 299
120 317
120 369
120 380
120 381
120 394
120 395
120 396
121 124
121 125
121 126
121 141
121 176
121 183
121 212
121 228
121 239
121 243
121 246
121 261
121 264
121 270
121 274
121 275
121 279
121 285
121 310
121 322
121 330
121 332
121 335
121 339
121 351
121 368
121 370
121 393
121 396
122 124
122 125
122 142
122 149
122 153
122 155
122 170
122 179
122 198
122 210
122 246
122 248
122 256
122 282
122 298
122 305
122 309
122 316
122 323
122 325
122 337
122 341
122 350
122 366
122 371
122 372
122 376
122 378
122 381
122 384
123 128
123 142
123 151
123 185
123 203
123 207
123 240
123 243
123 245
123 246
123 250
123 255
123 263
123 269
123 282
123 297
123 304
123 342
123 354
123 375
123 385
123 394
124 146
124 147
124 150
124 161
124 174
124 175
124 176
124 177
124 178
124 183
124 184
124 187
124 205
124 208
124 213
124 215
124 221
124 228
124 244
124 246
124 263
124 277
124 284
124 312
124 377
124 383
124 391
124 396
125 136
125 168
125 204
125 219
125 226
125 242
125 255
125 269
125 276
125 283
125 295
125 311
125 315
125 316
125 323
125 329
125 336
125 339
125 393
125 399
126 135
126 149
126 158
126 169
126 177
126 226
126 233
126 237
126 251
126 261
126 269
126 272
126 302
126 313
126 314
126 328
126 340
126 343
126 346
126 355
126 362
126 365
126 371
126 382
126 383
126 386
126 388
126 395
127 155
127 196
127 198
127 210
127 217
127 238
127 246
127 260
127 268
127 271
127 290
127 293
127 302
127 330
127 336
127 337
127 351
127 361
127 366
127 368
127 385
127 394
127 398
128 139
128 140
128 143
128 158
128 180
128 194
128 223
128 237
128 240
128 250
128 256
128 260
128 268
128 288
128 320
128 330
128 361
128 375
128 382
128 390
129 133
129 141
129 157
129 187
129 228
129 234
129 261
129 265
129 282
129 285
129 288
129 304
129 314
129 318
129 327
129 330
129 333
129 335
129 350
129 354
129 381
129 386
129 391
129 393
130 131
130 154
130 167
130 174
130 186
130 199
130 205
130 209
130 214
130 216
130 217
130 245
130 258
130 261
130 274
130 285
130 301
130 313
130 324
130 331
130 353
130 362
130 366
130 370
131 139
131 151
131 158
131 164
131 168
131 170
131 176
131 194
131 196
131 199
131 218
131 220
131 237
131 255
131 269
131 287
131 288
131 289
131 306
131 307
131 308
131 322
131 341
131 346
131 353
131 354
131 359
131 368
132 135
132 141
132 147
132 195
132 202
132 219
132 233
132 240
132 251
132 254
132 256
132 259
132 265
132 271
132 276
132 287
132 289
132 297
132 312
132 325
132 330
132 335
132 342
132 345
132 355
132 357
132 360
132 370
132 380
132 396
132 398
133 134
133 154
133 162
133 185
133 195
133 205
133 227
133 229
133 251
133 272
133 286
133 294
133 316
133 329
133 338
133 361
133 368
133 378
133 379
133 382
133 397
134 143
134 155
134 167
134 174
134 176
134 182
134 195
134 222
134 252
134 286
134 287
134 307
134 322
134 327
134 340
134 350
134 361
134 368
134 382
134 386
134 396
135 143
135 148
135 159
135 190
135 198
135 205
135 209
135 214
135 220
135 237
135 249
135 252
135 287
135 288
135 292
135 295
135 298
135 305
135 323
135 337
135 342
135 348
135 361
135 365
135 371
135 378
135 393
136 149
136 152
136 191
136 194
136 195
136 235
136 237
136 258
136 260
136 277
136 282
136 303
136 311
136 327
136 353
136 363
136 367
136 381
137 143
137 159
137 160
137 198
137 212
137 231
137 278
137 292
137 299
137 307
137 332
137 333
137 336
137 347
137 352
137 369
137 389
138 143
138 155
138 160
138 164
138 165
138 191
138 210
138 231
138 256
138 257
138 260
138 274
138 275
138 291
138 297
138 309
138 310
138 329
138 338
138 340
138 342
138 349
138 367
138 384
138 385
138 387
138 389
138 390
138 394
138 395
139 152
139 168
139 247
139 263
139 267
139 294
139 301
139 319
139 380
139 388
139 398
140 141
140 156
140 160
140 177
140 178
140 195
140 197
140 200
140 217
140 235
140 253
140 254
140 263
140 302
140 315
140 316
140 325
140 334
140 337
140 352
140 372
140 376
140 383
140 392
140 395
141 153
141 182
141 185
141 200
141 228
141 231
141 233
141 244
141 246
141 250
141 263
141 281
141 294
141 297
141 305
141 307
141 321
141 331
141 343
141 348
141 349
141 359
141 371
141 375
141 383
141 398
142 144
142 158
142 166
142 175
142 185
142 194
142 202
142 204
142 209
142 218
142 219
142 233
142 279
142 286
142 289
142 305
142 311
142 326
142 328
142 338
142 348
142 363
142 377
142 380
143 156
143 184
143 211
143 214
143 218
143 226
143 235
143 258
143 268
143 270
143 278
143 285
143 286
143 316
143 317
143 327
143 335
143 343
143 344
143 346
143 348
143 357
143 372
143 386
143 389
143 394
144 163
144 210
144 217
144 220
144 228
144 239
144 255
144 260
144 261
144 275
144 289
144 304
144 312
144 313
144 335
144 339
144 349
144 372
144 388
145 146
145 150
145 162
145 175
145 190
145 205
145 219
145 229
145 240
145 265
145 271
145 296
145 298
145 305
145 308
145 318
145 329
145 330
145 347
145 351
145 369
145 384
145 387
145 391
146 158
146 159
146 170
146 172
146 179
146 192
146 195
146 205
146 215
146 220
146 222
146 237
146 270
146 290
146 294
146 300
146 303
146 307
146 334
146 358
146 359
146 360
146 365
146 372
146 380
147 159
147 167
147 171
147 178
147 184
147 195
147 211
147 216
147 225
147 229
147 233
147 241
147 242
147 244
147 245
147 285
147 291
147 302
147 304
147 308
147 309
147 324
147 327
147 331
147 354
147 360
147 368
148 167
148 178
148 179
148 186
148 194
148 195
148 202
148 219
148 223
148 239
148 250
148 271
148 277
148 297
148 301
148 305
148 311
148 322
148 323
148 353
148 365
148 368
148 380
148 391
149 152
149 184
149 195
149 228
149 279
149 286
149 290
149 332
149 333
149 338
149 339
149 343
149 369
149 389
150 158
150 179
150 196
150 197
150 204
150 207
150 217
150 221
150 222
150 225
150 241
150 244
150 247
150 261
150 270
150 277
150 285
150 289
150 305
150 307
150 334
150 370
150 379
151 168
151 169
151 175
151 180
151 196
151 206
151 213
151 279
151 280
151 283
151 285
151 288
151 294
151 306
151 308
151 325
151 337
151 339
151 372
151 376
151 391
152 154
152 157
152 161
152 187
152 206
152 219
152 221
152 249
152 251
152 267
152 273
152 279
152 300
152 302
152 323
152 340
152 355
152 356
152 360
152 368
152 385
153 155
153 159
153 215
153 224
153 238
153 241
153 249
153 259
153 288
153 291
153 292
153 296
153 297
153 304
153 312
153 322
153 332
153 337
153 342
153 345
153 352
153 363
153 392
154 163
154 164
154 165
154 168
154 174
154 197
154 200
154 201
154 206
154 231
154 245
154 272
154 273
154 274
154 277
154 289
154 294
154 309
154 338
154 345
154 359
154 382
154 391
155 156
155 174
155 179
155 180
155 181
155 187
155 191
155 208
155 219
155 220
155 227
155 231
155 237
155 240
155 249
155 251
155 253
155 262
155 275
155 277
155 293
155 298
155 304
155 353
155 372
155 384
156 166
156 171
156 172
156 193
156 196
156 209
156 216
156 228
156 235
156 264
156 267
156 270
156 281
156 283
156 286
156 291
156 327
156 337
156 338
156 339
156 341
156 346
156 351
156 355
156 375
156 378
156 381
157 158
157 164
157 190
157 200
157 225
157 247
157 251
157 253
157 268
157 288
157 294
157 295
157 299
157 307
157 316
157 327
157 328
157 334
157 354
157 356
157 357
157 376
157 381
158 180
158 185
158 192
158 202
158 217
158 226
158 227
158 231
158 233
158 234
158 250
158 254
158 258
158 260
158 267
158 290
158 300
158 303
158 309
158 330
158 340
158 345
158 347
158 361
158 363
158 368
158 369
158 373
158 378
158 380
159 171
159 174
159 188
159 200
159 201
159 206
159 210
159 250
159 275
159 279
159 280
159 326
159 334
159 350
159 369
159 381
160 162
160 168
160 172
160 174
160 175
160 188
160 194
160 204
160 211
160 220
160 235
160 238
160 239
160 240
160 241
160 260
160 261
160 264
160 283
160 293
160 296
160 310
160 321
160 324
160 330
160 349
160 382
160 383
160 393
160 399
161 164
161 176
161 185
161 195
161 200
161 222
161 238
161 259
161 268
161 280
161 282
161 288
161 328
161 349
161 351
161 363
161 368
161 378
161 379
162 164
162 175
162 190
162 192
162 198
162 200
162 219
162 220
162 243
162 248
162 255
162 274
162 276
162 292
162 294
162 307
162 315
162 328
162 380
162 383
163 183
163 191
163 194
163 195
163 235
163 254
163 261
163 268
163 279
163 287
163 289
163 292
163 293
163 308
163 331
163 342
163 343
163 360
163 376
163 386
163 388
163 391
163 394
164 165
164 174
164 189
164 193
164 234
164 239
164 246
164 268
164 287
164 295
164 313
164 327
164 337
164 339
164 346
164 347
164 349
164 355
164 387
165 167
165 168
165 170
165 172
165 179
165 187
165 191
165 209
165 219
165 220
165 238
165 251
165 286
165 297
165 304
165 312
165 313
165 325
165 355
165 367
165 387
165 391
166 188
166 196
166 201
166 205
166 220
166 236
166 238
166 259
166 293
166 328
166 336
166 341
166 342
166 343
166 351
166 381
167 189
167 199
167 201
167 202
167 218
167 235
167 251
167 265
167 278
167 288
167 292
167 294
167 299
167 311
167 336
167 342
167 365
167 368
167 369
167 376
167 385
168 179
168 197
168 201
168 250
168 252
168 273
168 282
168 285
168 290
168 321
168 336
168 348
168 360
168 364
169 179
169 182
169 188
169 189
169 199
169 201
169 224
169 232
169 235
169 252
169 256
169 279
169 284
169 287
169 294
169 310
169 325
169 335
169 339
169 343
169 345
169 364
169 373
169 381
169 384
170 181
170 183
170 209
170 213
170 247
170 251
170 266
170 274
170 278
170 285
170 288
170 290
170 302
170 329
170 332
170 348
170 357
170 362
170 367
170 378
170 392
170 395
170 397
171 192
171 199
171 218
171 224
171 232
171 236
171 244
171 252
171 258
171 260
171 275
171 293
171 317
171 331
171 336
171 352
171 356
171 379
171 382
171 389
172 174
172 203
172 226
172 227
172 237
172 241
172 268
172 277
172 281
172 282
172 305
172 316
172 318
172 323
172 325
172 328
172 365
172 368
172 369
172 371
172 378
172 380
172 392
172 396
173 185
173 193
173 196
173 198
173 207
173 249
173 281
173 285
173 308
173 354
173 358
173 364
173 386
173 387
174 179
174 183
174 188
174 190
174 206
174 210
174 211
174 226
174 257
174 259
174 261
174 264
174 278
174 281
174 294
174 322
174 335
174 337
174 339
174 341
174 359
174 362
174 364
174 365
174 371
174 373
174 383
174 384
174 387
175 225
175 226
175 228
175 232
175 250
175 272
175 275
175 285
175 298
175 299
175 300
175 328
175 330
175 340
175 349
175 350
175 358
175 364
175 373
175 396
175 399
176 183
176 184
176 185
176 207
176 210
176 211
176 220
176 227
176 229
176 237
176 258
176 283
176 300
176 302
176 322
176 327
176 329
176 332
176 340
176 364
176 368
176 399
177 181
177 187
177 192
177 224
177 243
177 254
177 277
177 279
177 289
177 320
177 334
177 335
177 338
177 342
177 359
177 366
177 370
177 371
177 376
177 387
177 388
178 186
178 187
178 202
178 249
178 269
178 273
178 298
178 311
178 320
178 335
178 341
178 346
178 349
178 356
178 357
178 362
178 364
178 370
178 372
178 376
178 386
178 390
178 395
179 180
179 187
179 209
179 220
179 239
179 249
179 251
179 256
179 259
179 302
179 306
179 310
179 319
179 323
179 351
179 362
179 363
179 383
179 396
179 397
180 188
180 190
180 202
180 217
180 229
180 231
180 243
180 260
180 262
180 269
180 272
180 273
180 283
180 301
180 304
180 307
180 311
180 312
180 316
180 319
180 321
180 327
180 328
180 334
180 343
180 346
180 347
180 360
180 371
181 191
181 193
181 203
181 214
181 220
181 232
181 243
181 262
181 268
181 283
181 294
181 310
181 328
181 333
181 345
181 349
181 394
182 183
182 195
182 199
182 212
182 213
182 223
182 224
182 241
182 247
182 252
182 269
182 276
182 311
182 317
182 320
182 324
182 348
182 350
182 357
182 381
182 383
182 392
183 189
183 193
183 208
183 223
183 232
183 240
183 260
183 262
183 279
183 298
183 306
183 308
183 344
183 345
183 361
183 367
183 390
184 194
184 196
184 199
184 205
184 258
184 275
184 283
184 314
184 315
184 343
184 362
184 363
184 365
184 377
184 394
184 399
185 187
185 206
185 217
185 226
185 242
185 250
185 253
185 281
185 304
185 310
185 312
185 372
185 382
185 383
186 196
186 201
186 206
186 220
186 248
186 263
186 274
186 275
186 315
186 330
186 333
186 343
186 347
186 355
186 376
186 377
186 381
187 191
187 211
187 213
187 224
187 231
187 238
187 240
187 254
187 255
187 272
187 293
187 306
187 327
187 336
187 337
187 394
188 192
188 218
188 219
188 223
188 249
188 253
188 258
188 273
188 294
188 315
188 341
188 342
188 344
188 355
188 363
188 366
188 379
188 387
188 391
189 195
189 213
189 238
189 253
189 265
189 273
189 293
189 311
189 325
189 334
189 345
189 392
189 396
190 200
190 204
190 216
190 217
190 227
190 241
190 247
190 256
190 262
190 276
190 290
190 296
190 329
190 336
190 386
191 194
191 198
191 200
191 202
191 207
191 217
191 220
191 224
191 226
191 232
191 248
191 256
191 272
191 273
191 276
191 280
191 284
191 286
191 289
191 291
191 314
191 320
191 328
191 336
191 368
191 371
191 388
191 395
191 396
192 194
192 206
192 214
192 218
192 220
192 223
192 237
192 268
192 300
192 327
192 343
192 345
192 350
192 362
192 368
192 370
192 384
192 389
192 390
192 391
192 393
192 399
193 198
193 204
193 208
193 219
193 220
193 236
193 237
193 258
193 295
193 329
193 360
193 367
193 376
193 377
194 206
194 209
194 227
194 236
194 252
194 254
194 266
194 271
194 285
194 300
194 307
194 338
194 340
194 360
194 370
194 397
195 198
195 201
195 209
195 219
195 221
195 262
195 266
195 275
195 276
195 296
195 312
195 341
195 351
195 361
195 378
195 384
195 388
196 198
196 202
196 207
196 232
196 245
196 266
196 279
196 294
196 302
196 305
196 311
196 332
196 336
196 347
196 358
196 368
196 375
196 379
196 390
196 392
196 397
197 244
197 246
197 250
197 261
197 264
197 268
197 270
197 281
197 285
197 291
197 293
197 313
197 318
197 323
197 339
197 342
197 347
197 350
197 361
197 371
197 383
197 391
197 399
198 199
198 210
198 220
198 223
198 246
198 253
198 269
198 278
198 280
198 291
198 325
198 358
198 363
198 375
198 388
199 211
199 220
199 247
199 273
199 275
199 285
199 287
199 307
199 308
199 320
199 330
199 331
199 335
199 344
199 384
199 392
199 393
199 397
200 216
200 223
200 229
200 237
200 239
200 241
200 246
200 265
200 286
200 305
200 309
200 331
200 335
200 339
200 340
200 358
200 369
200 374
200 380
200 383
200 387
200 392
200 399
201 203
201 211
201 214
201 248
201 251
201 256
201 270
201 271
201 303
201 323
201 356
201 357
201 389
202 205
202 217
202 234
202 235
202 257
202 266
202 277
202 284
202 290
202 309
202 316
202 323
202 329
202 333
202 337
202 345
202 354
202 355
202 368
202 376
202 381
202 385
203 205
203 206
203 241
203 242
203 257
203 264
203 272
203 278
203 328
203 336
203 337
203 342
203 359
203 363
204 226
204 236
204 248
204 267
204 269
204 283
204 286
204 288
204 299
204 303
204 307
204 334
204 344
204 376
204 395
204 396
204 399
205 206
205 212
205 216
205 222
205 244
205 249
205 260
205 266
205 271
205 275
205 288
205 289
205 301
205 302
205 305
205 325
205 326
205 346
205 376
205 381
205 383
205 396
205 399
206 231
206 237
206 240
206 247
206 279
206 285
206 296
206 310
206 364
206 367
206 373
206 392
207 228
207 261
207 267
207 275
207 303
207 317
207 324
207 328
207 340
207 364
207 374
207 383
207 391
207 394
208 214
208 229
208 262
208 269
208 271
208 287
208 289
208 302
208 329
208 339
208 348
208 350
208 353
208 379
208 383
208 386
209 225
209 229
209 230
209 231
209 250
209 251
209 263
209 294
209 296
209 319
209 327
209 328
209 349
209 369
209 371
209 382
209 384
209 393
210 211
210 216
210 218
210 222
210 241
210 248
210 253
210 257
210 258
210 266
210 274
210 288
210 291
210 302
210 307
210 311
210 340
210 348
210 352
210 355
210 358
210 359
210 373
210 390
211 250
211 275
211 283
211 306
211 308
211 312
211 320
211 323
211 333
211 336
211 338
211 355
211 383
211 386
211 392
212 221
212 235
212 243
212 247
212 251
212 257
212 261
212 265
212 270
212 288
212 290
212 311
212 344
212 393
212 396
213 224
213 243
213 252
213 258
213 260
213 264
213 295
213 309
213 311
213 316
213 324
213 332
213 346
213 356
213 379
213 392
214 219
214 236
214 244
214 247
214 253
214 256
214 267
214 269
214 294
214 296
214 301
214 302
214 309
214 314
214 315
214 327
214 329
214 331
214 332
214 351
214 358
214 370
214 392
214 399
215 222
215 243
215 249
215 265
215 272
215 281
215 290
215 297
215 304
215 305
215 307
215 319
215 323
215 346
215 360
215 363
215 368
215 390
215 399
216 226
216 232
216 233
216 249
216 250
216 259
216 269
216 288
216 289
216 312
216 324
216 327
216 330
216 335
216 343
216 344
216 390
216 397
217 227
217 239
217 253
217 255
217 267
217 296
217 335
217 351
217 367
217 399
218 226
218 233
218 243
218 250
218 254
218 256
218 263
218 280
218 282
218 313
218 356
218 360
218 371
218 390
218 391
218 396
218 399
219 223
219 227
219 234
219 235
219 238
219 285
219 325
219 329
219 331
219 332
219 343
219 344
219 346
219 355
219 367
219 381
219 386
219 397
220 221
220 233
220 253
220 266
220 291
220 303
220 329
220 352
220 353
220 360
220 361
220 372
220 376
221 227
221 233
221 240
221 256
221 270
221 272
221 273
221 274
221 275
221 302
221 313
221 322
221 329
221 339
221 347
221 353
221 373
221 383
221 388
221 390
222 242
222 251
222 262
222 264
222 279
222 283
222 321
222 325
222 326
222 332
222 340
222 341
222 357
222 373
222 375
222 381
222 383
222 398
223 226
223 258
223 269
223 281
223 285
223 328
223 334
223 340
223 353
223 372
223 392
223 395
223 396
224 230
224 233
224 234
224 255
224 259
224 298
224 307
224 310
224 316
224 334
224 336
224 341
224 361
224 386
224 398
225 231
225 249
225 259
225 310
225 314
225 331
225 334
225 358
225 364
225 372
226 240
226 267
226 268
226 271
226 318
226 319
226 362
226 372
226 374
226 380
226 399
227 233
227 297
227 320
227 324
227 325
227 346
227 351
227 365
227 374
228 247
228 300
228 323
228 334
228 349
228 358
228 370
228 381
229 255
229 256
229 267
229 285
229 286
229 294
229 298
229 299
229 305
229 312
229 319
229 329
229 334
229 336
229 341
229 348
229 354
229 362
229 369
229 379
229 384
229 390
230 254
230 259
230 268
230 295
230 307
230 319
230 321
230 337
230 342
230 352
230 358
230 371
230 381
230 393
231 251
231 252
231 256
231 265
231 290
231 291
231 304
231 313
231 346
231 354
231 361
231 373
231 374
231 394
232 245
232 271
232 288
232 289
232 290
232 302
232 307
232 309
232 313
232 315
232 330
232 335
232 340
232 368
232 373
232 374
232 382
233 269
233 276
233 281
233 310
233 317
233 327
233 329
233 335
233 337
233 364
233 376
233 381
233 392
234 237
234 275
234 278
234 279
234 295
234 308
234 311
234 318
234 324
234 337
234 343
234 355
234 367
234 370
234 392
234 396
235 255
235 274
235 314
235 362
235 367
235 371
235 387
235 390
235 398
236 248
236 252
236 270
236 286
236 293
236 298
236 302
236 333
236 345
236 352
236 366
236 373
236 379
236 380
236 381
236 392
236 398
236 399
237 260
237 263
237 265
237 271
237 274
237 277
237 281
237 294
237 296
237 319
237 342
237 346
237 351
237 352
237 356
237 364
237 378
237 383
237 384
238 260
238 279
238 310
238 314
238 338
238 339
239 246
239 275
239 284
239 310
239 333
239 358
239 371
239 378
239 379
239 380
239 388
240 244
240 245
240 261
240 262
240 293
240 295
240 296
240 317
240 322
240 329
240 354
240 357
240 373
240 383
241 243
241 251
241 254
241 266
241 279
241 298
241 304
241 324
241 327
241 331
241 333
241 339
241 341
241 344
241 351
241 357
241 375
242 277
242 278
242 283
242 285
242 306
242 330
242 340
242 354
242 356
242 367
242 378
242 397
243 252
243 268
243 294
243 302
243 303
243 320
243 325
243 330
243 356
243 364
243 365
243 366
243 368
243 376
243 379
243 386
243 387
243 396
244 247
244 253
244 259
244 263
244 272
244 277
244 283
244 287
244 294
244 305
244 320
244 325
244 326
244 331
244 336
244 337
244 346
244 371
244 373
244 374
244 380
244 382
244 387
244 392
245 284
245 287
245 297
245 313
245 327
245 351
245 361
245 374
245 379
245 387
245 393
246 248
246 263
246 264
246 284
246 298
246 304
246 318
246 326
246 327
246 329
246 335
246 347
246 352
246 356
246 362
246 368
246 372
246 378
246 385
247 260
247 269
247 282
247 284
247 285
247 288
247 293
247 326
247 351
247 384
247 385
247 386
247 390
248 259
248 269
248 281
248 283
248 297
248 316
248 324
248 327
248 328
248 335
248 336
248 348
248 349
248 355
248 371
248 399
249 306
249 320
249 329
249 332
249 335
249 338
249 345
249 353
249 363
250 251
250 263
250 277
250 283
250 288
250 289
250 317
250 324
250 347
250 371
250 372
250 381
250 391
251 268
251 270
251 276
251 318
251 324
251 355
251 363
251 366
251 371
251 373
251 380
251 394
251 398
252 256
252 262
252 264
252 269
252 285
252 307
252 308
252 314
252 320
252 325
252 327
252 328
252 349
252 356
252 360
252 366
252 377
252 382
253 263
253 269
253 272
253 275
253 276
253 286
253 289
253 299
253 308
253 309
253 312
253 318
253 325
253 343
253 345
253 355
253 358
253 368
253 392
254 264
254 288
254 289
254 291
254 320
254 384
254 386
254 389
254 390
254 398
255 257
255 262
255 270
255 280
255 284
255 288
255 335
255 338
255 347
255 355
255 357
255 360
255 363
255 365
255 371
255 391
256 263
256 287
256 289
256 299
256 304
256 306
256 309
256 331
256 339
256 342
256 353
256 368
256 369
256 383
257 279
257 280
257 286
257 289
257 295
257 311
257 325
257 341
257 342
257 346
257 353
257 367
257 378
257 380
257 383
257 386
257 389
257 391
257 395
258 271
258 275
258 278
258 279
258 293
258 298
258 308
258 317
258 324
258 339
258 350
258 352
258 356
258 387
258 395
258 397
259 262
259 282
259 298
259 314
259 329
259 342
259 364
259 367
259 368
259 371
259 388
260 274
260 276
260 285
260 293
260 305
260 312
260 318
260 319
260 341
260 353
260 357
260 375
260 379
260 394
260 398
261 272
261 286
261 304
261 307
261 317
261 323
261 335
261 336
261 339
261 354
261 369
261 374
262 278
262 286
262 321
262 325
262 328
262 333
262 347
262 376
262 378
262 386
263 266
263 270
263 271
263 284
263 285
263 291
263 297
263 305
263 313
263 326
263 331
263 355
263 381
263 388
264 300
264 312
264 316
264 330
264 351
264 397
265 281
265 285
265 292
265 298
265 308
265 311
265 340
265 344
265 374
266 267
266 278
266 296
266 297
266 304
266 305
266 307
266 311
266 313
266 332
266 334
266 343
266 346
266 350
266 353
266 361
266 363
266 366
266 394
267 270
267 277
267 279
267 286
267 287
267 301
267 312
267 316
267 321
267 336
267 347
267 360
267 369
267 384
267 391
268 274
268 277
268 283
268 312
268 319
268 389
268 399
269 280
269 282
269 295
269 303
269 318
269 327
269 337
269 347
269 356
269 368
269 382
270 281
270 294
270 312
270 346
270 363
270 372
270 374
270 380
270 390
270 395
271 289
271 293
271 306
271 307
271 316
271 330
271 331
271 332
271 335
271 338
271 350
271 374
271 397
272 309
272 314
272 315
272 322
272 325
272 369
272 374
272 376
272 390
272 397
273 275
273 280
273 295
273 303
273 311
273 316
273 317
273 318
273 319
273 320
273 323
273 325
273 332
273 351
273 356
273 362
273 366
273 376
273 388
274 278
274 287
274 288
274 318
274 348
274 352
274 359
274 362
274 365
274 370
274 397
275 278
275 297
275 300
275 336
275 339
275 340
275 348
275 362
275 371
275 381
275 390
275 399
276 293
276 309
276 323
276 326
276 358
276 376
277 292
277 323
277 327
277 330
277 332
277 339
277 362
277 366
277 392
277 393
277 394
277 399
278 292
278 301
278 328
278 340
278 349
278 361
278 373
278 380
278 385
279 284
279 293
279 298
279 351
279 374
280 283
280 312
280 318
280 319
280 328
280 339
280 343
280 351
280 352
280 361
280 374
280 376
280 377
280 383
280 386
280 391
280 392
280 393
281 321
281 325
281 333
281 346
281 357
281 361
281 377
281 395
282 291
282 318
282 322
282 331
282 341
282 349
282 351
282 367
282 373
282 379
282 383
282 393
282 397
283 300
283 301
283 318
283 325
283 343
283 353
283 360
283 385
283 395
284 290
284 315
284 321
284 342
284 351
284 385
284 393
284 394
285 299
285 300
285 304
285 308
285 314
285 323
285 324
285 343
285 355
285 363
285 389
286 307
286 337
286 338
286 361
286 380
286 383
286 397
286 399
287 292
287 348
287 354
287 395
288 295
288 296
288 298
288 321
288 326
288 327
288 347
288 351
288 366
288 374
288 388
289 291
289 293
289 311
289 325
289 334
289 343
289 369
289 394
290 308
290 329
290 341
290 342
290 355
290 363
290 369
291 304
291 318
291 319
291 320
291 342
291 349
291 388
292 307
292 315
292 324
292 329
292 337
292 359
292 362
292 395
293 315
293 319
293 321
294 306
294 317
294 336
294 351
294 363
294 390
294 396
295 301
295 305
295 318
295 343
295 345
295 346
295 349
295 350
295 368
295 376
295 392
295 398
296 306
296 332
296 333
296 353
296 368
296 376
296 394
296 398
297 302
297 304
297 318
297 324
297 329
297 337
297 347
297 348
297 356
297 373
297 374
297 381
298 307
298 331
298 365
298 385
298 397
299 316
299 319
299 345
299 346
299 356
299 359
299 365
299 373
299 394
300 304
300 312
300 320
300 321
300 326
300 343
300 355
300 369
300 388
300 399
301 307
301 314
301 315
301 327
301 344
301 351
301 363
301 385
301 389
302 310
302 316
302 324
302 359
302 366
302 369
302 386
302 397
303 304
303 325
303 355
303 358
303 377
303 379
303 388
303 391
304 325
304 332
304 344
304 350
304 353
304 368
304 383
305 307
305 314
305 328
305 334
305 337
305 341
305 360
305 361
305 370
305 371
305 373
306 316
306 317
306 318
306 319
306 322
306 337
306 384
306 386
307 317
307 328
307 358
307 365
307 394
307 396
308 330
308 346
308 347
308 354
308 359
308 383
309 326
309 367
309 370
309 394
309 399
310 312
310 317
310 335
310 374
310 386
310 396
310 397
310 399
311 319
311 323
311 333
311 345
311 358
311 359
311 364
311 368
311 376
311 393
312 316
312 349
312 363
312 371
312 376
312 378
312 380
312 384
312 387
312 390
313 314
313 356
313 362
313 366
313 375
313 389
313 392
313 398
314 318
314 324
314 374
314 375
314 388
314 394
315 323
315 337
315 340
315 370
315 372
315 375
315 386
316 320
316 326
316 336
316 339
316 341
316 342
316 351
316 352
316 355
316 363
316 367
316 384
316 398
317 325
317 350
317 365
317 366
317 373
317 383
317 388
318 319
318 345
318 366
318 375
318 377
318 391
319 333
319 378
319 381
320 348
320 351
320 356
320 381
320 392
321 338
321 341
321 344
321 345
321 360
321 384
321 390
321 395
322 325
322 339
322 346
322 364
322 372
322 391
322 398
323 333
323 335
323 336
323 337
323 343
323 352
323 371
323 390
323 399
324 338
324 344
324 352
324 364
324 368
324 371
324 372
324 388
324 390
324 396
325 328
325 350
325 360
325 362
325 366
325 368
325 370
325 371
325 373
325 384
325 385
325 387
325 391
326 353
326 370
326 376
327 334
327 335
327 359
327 360
327 374
327 375
327 377
327 386
327 390
328 330
328 333
328 341
328 370
328 372
328 379
328 380
328 383
328 399
329 330
329 333
329 339
329 340
329 343
329 392
329 394
330 334
330 340
330 368
330 396
331 336
331 337
331 338
331 340
331 354
331 360
331 363
331 364
331 365
331 383
331 386
331 391
331 394
332 342
332 355
332 358
332 361
332 368
332 369
332 387
333 337
333 341
333 346
333 365
333 381
333 382
333 387
333 396
334 343
334 354
334 361
334 374
334 385
334 386
335 337
335 376
335 387
335 391
336 353
336 357
336 363
336 365
336 366
336 372
336 383
336 384
336 388
337 338
337 340
337 341
337 345
337 365
337 373
337 381
338 349
338 357
338 369
338 385
338 387
339 342
339 361
339 364
339 374
339 378
339 389
340 341
340 363
340 379
340 384
340 398
341 342
341 346
341 364
341 376
341 386
342 345
342 346
342 352
342 354
342 373
342 376
343 350
343 357
343 362
344 346
344 347
344 353
344 365
344 367
344 379
344 382
344 383
344 384
344 385
344 395
344 399
345 347
345 352
345 365
345 375
345 382
345 389
345 399
346 350
346 355
346 367
346 372
346 374
346 375
346 384
347 384
347 393
348 352
348 353
348 357
348 358
348 373
348 388
348 391
348 393
349 358
349 373
350 356
350 361
350 367
350 377
351 353
351 368
351 372
351 374
351 379
351 386
351 389
351 393
351 396
352 384
353 386
353 387
354 357
354 360
354 378
354 391
355 356
355 361
355 367
355 372
355 381
355 395
356 390
357 383
357 390
357 399
358 383
359 365
359 378
359 385
359 387
360 362
360 363
360 368
360 369
360 375
360 383
360 392
360 397
361 366
361 382
361 385
361 389
362 363
362 365
362 367
362 368
362 384
363 370
363 373
363 375
363 388
364 365
365 367
365 369
365 370
365 381
365 382
365 385
365 389
366 375
366 379
366 382
367 377
367 392
367 393
368 376
370 384
370 389
370 390
370 392
371 387
372 380
372 394
373 378
373 384
374 377
374 380
374 394
374 397
375 381
375 386
375 392
376 395
376 396
377 388
378 386
378 390
378 393
378 395
379 385
380 383
380 386
380 395
380 398
381 392
383 390
383 392
384 397
385 399
386 396
387 388
387 389
387 398
388 398
390 395
390 399
391 399
392 394
392 398
