500 10223 0.2
0 7
0 50
0 53
0 107
0 119
0 122
0 140
0 145
0 149
0 160
0 170
0 180
0 185
0 194
0 207
0 232
0 239
0 243
0 246
0 250
0 322
0 339
0 348
0 361
0 364
0 382
0 384
0 400
0 405
0 436
0 438
0 448
0 449
0 464
0 491
0 496
1 5
1 22
1 30
1 38
1 44
1 96
1 97
1 102
1 138
1 148
1 149
1 158
1 160
1 176
1 182
1 185
1 207
1 209
1 216
1 218
1 225
1 233
1 259
1 270
1 276
1 295
1 307
1 314
1 330
1 343
1 344
1 381
1 390
1 393
1 396
1 403
1 420
1 439
1 450
1 456
1 458
1 466
1 473
1 476
1 477
2 8
2 28
2 35
2 45
2 60
2 80
2 110
2 112
2 115
2 149
2 154
2 155
2 174
2 182
2 183
2 191
2 211
2 225
2 239
2 244
2 289
2 291
2 293
2 298
2 301
2 328
2 332
2 338
2 350
2 361
2 365
2 380
2 383
2 389
2 400
2 427
2 434
2 482
2 483
2 490
2 499
3 20
3 36
3 87
3 100
3 108
3 120
3 123
3 126
3 136
3 138
3 144
3 163
3 176
3 179
3 182
3 191
3 220
3 222
3 223
3 224
3 226
3 228
3 251
3 302
3 313
3 335
3 336
3 347
3 355
3 370
3 397
3 415
3 427
3 432
3 435
3 441
3 450
3 455
3 461
3 465
3 472
3 473
3 477
3 480
3 489
3 490
3 498
4 16
4 27
4 74
4 77
4 94
4 95
4 99
4 126
4 130
4 131
4 140
4 156
4 162
4 200
4 204
4 210
4 211
4 213
4 229
4 234
4 246
4 269
4 271
4 296
4 335
4 355
4 365
4 367
4 376
4 383
4 428
4 436
4 446
4 450
4 454
4 462
4 476
4 493
5 30
5 35
5 41
5 48
5 52
5 53
5 63
5 77
5 115
5 118
5 137
5 140
5 147
5 171
5 179
5 180
5 183
5 200
5 238
5 241
5 245
5 256
5 264
5 281
5 284
5 313
5 332
5 339
5 346
5 360
5 381
5 383
5 392
5 403
5 439
5 441
5 457
5 464
5 474
5 486
5 489
5 495
6 15
6 35
6 37
6 51
6 70
6 118
6 119
6 123
6 138
6 140
6 144
6 149
6 164
6 175
6 179
6 186
6 204
6 225
6 236
6 238
6 251
6 254
6 258
6 280
6 313
6 324
6 326
6 338
6 359
6 378
6 387
6 418
6 442
6 450
6 465
6 479
6 486
6 496
7 22
7 25
7 38
7 54
7 68
7 69
7 72
7 74
7 81
7 89
7 95
7 99
7 108
7 114
7 125
7 138
7 139
7 146
7 150
7 171
7 179
7 182
7 203
7 225
7 235
7 242
7 257
7 285
7 291
7 309
7 339
7 379
7 402
7 405
7 406
7 448
7 463
7 471
7 480
7 489
7 495
8 10
8 20
8 52
8 56
8 70
8 75
8 107
8 132
8 139
8 168
8 173
8 176
8 188
8 199
8 206
8 211
8 217
8 220
8 234
8 235
8 258
8 260
8 289
8 291
8 330
8 365
8 380
8 396
8 413
8 414
8 418
8 436
8 441
8 464
8 479
9 13
9 25
9 32
9 57
9 68
9 74
9 78
9 88
9 103
9 109
9 119
9 122
9 125
9 129
9 130
9 138
9 167
9 170
9 178
9 182
9 185
9 188
9 190
9 193
9 196
9 197
9 198
9 219
9 220
9 242
9 247
9 261
9 271
9 287
9 295
9 306
9 315
9 328
9 343
9 352
9 371
9 379
9 381
9 417
9 422
9 425
9 428
9 432
9 453
9 457
9 464
9 479
9 482
9 487
10 25
10 30
10 44
10 49
10 52
10 60
10 72
10 76
10 93
10 109
10 121
10 136
10 141
10 142
10 165
10 184
10 194
10 209
10 224
10 233
10 237
10 249
10 255
10 258
10 263
10 268
10 297
10 330
10 332
10 339
10 342
10 383
10 394
10 401
10 409
10 421
10 454
10 456
10 459
10 467
10 470
10 478
10 486
10 490
11 19
11 32
11 34
11 82
11 104
11 115
11 124
11 145
11 146
11 170
11 172
11 183
11 211
11 236
11 244
11 252
11 255
11 257
11 260
11 271
11 273
11 277
11 278
11 291
11 294
11 303
11 307
11 308
11 314
11 324
11 325
11 329
11 347
11 388
11 396
11 413
11 460
11 468
11 471
11 493
11 496
11 499
12 42
12 44
12 47
12 50
12 57
12 72
12 100
12 107
12 117
12 126
12 150
12 154
12 170
12 188
12 191
12 196
12 201
12 203
12 209
12 212
12 251
12 259
12 281
12 296
12 300
12 306
12 315
12 317
12 319
12 352
12 363
12 366
12 395
12 398
12 469
12 472
12 475
13 29
13 38
13 57
13 88
13 114
13 126
13 128
13 143
13 163
13 165
13 203
13 205
13 206
13 214
13 219
13 220
13 240
13 255
13 257
13 286
13 293
13 327
13 336
13 342
13 360
13 362
13 386
13 387
13 403
13 409
13 413
13 417
13 443
13 456
13 459
13 466
13 476
13 477
13 489
14 39
14 45
14 75
14 78
14 90
14 91
14 113
14 119
14 127
14 129
14 132
14 135
14 137
14 144
14 171
14 180
14 183
14 196
14 200
14 208
14 218
14 228
14 236
14 255
14 296
14 300
14 308
14 312
14 323
14 329
14 330
14 342
14 347
14 370
14 391
14 406
14 407
14 433
14 434
14 465
14 488
14 491
15 37
15 38
15 45
15 52
15 57
15 76
15 85
15 98
15 100
15 142
15 186
15 199
15 202
15 214
15 216
15 234
15 239
15 269
15 286
15 306
15 330
15 348
15 351
15 371
15 374
15 387
15 399
15 414
15 429
15 434
15 442
15 446
15 450
15 453
15 454
15 463
15 484
15 497
16 17
16 52
16 67
16 68
16 69
16 72
16 101
16 106
16 115
16 126
16 161
16 187
16 201
16 215
16 230
16 233
16 236
16 245
16 247
16 267
16 273
16 288
16 296
16 310
16 333
16 340
16 345
16 377
16 380
16 385
16 386
16 397
16 405
16 421
16 426
16 457
16 464
16 472
16 475
16 479
16 481
16 483
16 484
17 32
17 55
17 60
17 63
17 64
17 69
17 75
17 79
17 80
17 97
17 145
17 167
17 197
17 219
17 231
17 280
17 308
17 312
17 318
17 331
17 339
17 343
17 363
17 365
17 368
17 375
17 386
17 387
17 403
17 415
17 421
17 422
17 434
17 461
17 467
17 498
18 22
18 50
18 53
18 56
18 59
18 68
18 78
18 89
18 92
18 96
18 113
18 135
18 136
18 174
18 190
18 195
18 199
18 205
18 219
18 230
18 232
18 246
18 259
18 269
18 307
18 313
18 323
18 324
18 326
18 342
18 366
18 376
18 396
18 405
18 408
18 427
18 446
18 490
18 491
18 493
19 36
19 44
19 52
19 56
19 77
19 90
19 93
19 97
19 107
19 116
19 119
19 158
19 187
19 189
19 193
19 197
19 252
19 283
19 321
19 355
19 369
19 370
19 380
19 382
19 394
19 406
19 415
19 418
19 439
19 440
19 450
19 475
19 479
19 491
19 496
20 27
20 37
20 38
20 39
20 43
20 47
20 81
20 104
20 107
20 140
20 165
20 170
20 173
20 175
20 181
20 192
20 224
20 238
20 250
20 278
20 290
20 302
20 313
20 317
20 318
20 348
20 352
20 370
20 388
20 405
20 410
20 427
20 451
20 452
20 463
20 466
20 473
20 487
20 491
20 499
21 25
21 33
21 34
21 36
21 41
21 51
21 88
21 117
21 118
21 125
21 138
21 149
21 158
21 170
21 175
21 190
21 195
21 199
21 213
21 215
21 240
21 263
21 270
21 294
21 314
21 327
21 328
21 334
21 339
21 340
21 345
21 367
21 377
21 381
21 399
21 409
21 422
21 426
21 432
21 460
21 472
21 474
21 480
22 27
22 32
22 67
22 70
22 72
22 81
22 88
22 97
22 100
22 101
22 108
22 113
22 116
22 149
22 152
22 154
22 176
22 178
22 181
22 192
22 195
22 203
22 207
22 234
22 240
22 244
22 247
22 253
22 278
22 279
22 283
22 287
22 291
22 295
22 310
22 332
22 356
22 364
22 382
22 393
22 401
22 435
22 446
22 456
22 461
22 495
23 74
23 75
23 83
23 85
23 96
23 98
23 100
23 105
23 113
23 115
23 126
23 137
23 148
23 157
23 167
23 179
23 183
23 186
23 195
23 219
23 221
23 228
23 263
23 292
23 324
23 347
23 362
23 382
23 402
23 406
23 419
23 421
23 426
23 439
23 469
23 471
23 474
24 39
24 69
24 73
24 125
24 168
24 188
24 203
24 211
24 213
24 221
24 236
24 237
24 250
24 251
24 264
24 275
24 288
24 289
24 290
24 318
24 343
24 349
24 361
24 364
24 395
24 398
24 411
24 412
24 413
24 431
24 438
24 498
25 27
25 33
25 35
25 63
25 96
25 103
25 120
25 122
25 123
25 130
25 138
25 139
25 162
25 169
25 170
25 198
25 199
25 205
25 207
25 212
25 213
25 219
25 243
25 255
25 265
25 268
25 269
25 288
25 301
25 351
25 354
25 390
25 396
25 404
25 406
25 415
25 425
25 436
25 459
25 462
25 479
25 486
25 488
26 32
26 40
26 47
26 53
26 61
26 74
26 75
26 81
26 91
26 92
26 106
26 118
26 119
26 126
26 156
26 165
26 188
26 189
26 193
26 204
26 225
26 246
26 262
26 264
26 271
26 276
26 302
26 305
26 334
26 356
26 357
26 374
26 375
26 381
26 396
26 426
26 436
26 439
26 460
26 484
26 496
27 30
27 52
27 62
27 87
27 99
27 101
27 105
27 113
27 115
27 117
27 118
27 136
27 137
27 145
27 149
27 172
27 176
27 188
27 194
27 223
27 225
27 227
27 247
27 249
27 254
27 299
27 304
27 325
27 327
27 329
27 338
27 346
27 352
27 360
27 366
27 383
27 402
27 439
27 444
27 449
27 451
27 462
27 472
27 481
27 498
28 41
28 46
28 67
28 68
28 101
28 107
28 132
28 136
28 144
28 151
28 158
28 165
28 169
28 170
28 179
28 180
28 197
28 219
28 224
28 250
28 252
28 253
28 256
28 258
28 271
28 272
28 274
28 298
28 323
28 326
28 340
28 349
28 369
28 371
28 375
28 379
28 380
28 384
28 401
28 407
28 411
28 413
28 429
28 430
28 436
28 445
28 462
28 493
29 61
29 66
29 84
29 112
29 117
29 124
29 165
29 171
29 184
29 187
29 226
29 239
29 242
29 243
29 267
29 289
29 294
29 295
29 296
29 306
29 313
29 315
29 321
29 332
29 343
29 348
29 350
29 353
29 357
29 367
29 370
29 372
29 381
29 390
29 393
29 402
29 411
29 417
29 420
29 448
29 450
29 460
30 34
30 42
30 46
30 51
30 85
30 93
30 100
30 116
30 128
30 139
30 148
30 150
30 161
30 167
30 182
30 184
30 193
30 197
30 202
30 203
30 213
30 216
30 244
30 252
30 267
30 290
30 302
30 323
30 324
30 333
30 364
30 371
30 381
30 427
30 433
30 435
30 459
30 463
30 469
30 487
31 47
31 56
31 67
31 77
31 181
31 184
31 193
31 219
31 226
31 231
31 235
31 286
31 293
31 305
31 307
31 369
31 370
31 377
31 381
31 391
31 398
31 399
31 431
31 440
31 443
31 457
31 463
31 488
32 51
32 59
32 80
32 92
32 97
32 116
32 127
32 143
32 149
32 171
32 191
32 197
32 227
32 246
32 248
32 249
32 252
32 254
32 268
32 284
32 294
32 303
32 323
32 329
32 332
32 354
32 388
32 393
32 394
32 401
32 413
32 422
32 459
32 462
32 467
33 62
33 79
33 87
33 91
33 97
33 108
33 121
33 138
33 150
33 158
33 162
33 167
33 168
33 176
33 185
33 187
33 222
33 232
33 238
33 242
33 243
33 251
33 266
33 280
33 295
33 325
33 328
33 331
33 337
33 344
33 345
33 362
33 363
33 371
33 375
33 385
33 389
33 416
33 441
33 445
33 457
33 466
33 474
33 485
33 492
34 78
34 87
34 92
34 93
34 109
34 143
34 147
34 151
34 167
34 169
34 184
34 202
34 206
34 245
34 253
34 277
34 281
34 294
34 300
34 312
34 346
34 371
34 376
34 407
34 418
34 434
34 467
34 489
34 498
35 44
35 53
35 56
35 67
35 72
35 77
35 101
35 109
35 118
35 120
35 151
35 152
35 184
35 187
35 199
35 215
35 236
35 246
35 257
35 262
35 265
35 267
35 273
35 275
35 287
35 305
35 329
35 357
35 370
35 371
35 393
35 395
35 404
35 415
35 436
35 439
35 447
35 454
35 463
35 495
36 38
36 42
36 45
36 59
36 64
36 86
36 88
36 99
36 100
36 101
36 113
36 116
36 122
36 130
36 161
36 162
36 163
36 179
36 199
36 231
36 245
36 265
36 272
36 275
36 286
36 317
36 338
36 374
36 393
36 402
36 407
36 448
37 63
37 70
37 77
37 83
37 90
37 112
37 121
37 133
37 137
37 156
37 163
37 174
37 175
37 178
37 180
37 184
37 186
37 203
37 229
37 240
37 243
37 253
37 267
37 285
37 298
37 303
37 308
37 348
37 349
37 354
37 365
37 372
37 386
37 397
37 412
37 423
37 434
37 447
37 457
37 470
37 490
38 39
38 46
38 55
38 66
38 67
38 80
38 85
38 87
38 91
38 102
38 121
38 136
38 140
38 154
38 182
38 183
38 204
38 238
38 277
38 279
38 282
38 298
38 314
38 324
38 336
38 340
38 363
38 375
38 381
38 399
38 416
38 418
38 440
38 446
38 451
38 457
38 462
38 471
38 479
38 480
38 483
39 40
39 47
39 51
39 54
39 55
39 57
39 62
39 100
39 116
39 123
39 126
39 127
39 129
39 135
39 151
39 154
39 168
39 169
39 170
39 174
39 177
39 178
39 186
39 189
39 191
39 198
39 207
39 215
39 232
39 240
39 320
39 339
39 356
39 361
39 362
39 393
39 397
39 400
39 406
39 413
39 415
39 428
39 442
39 447
39 449
39 454
39 457
39 458
39 461
39 476
39 493
39 494
40 46
40 48
40 73
40 87
40 91
40 96
40 111
40 129
40 133
40 134
40 144
40 145
40 158
40 166
40 181
40 205
40 206
40 207
40 231
40 246
40 248
40 256
40 265
40 268
40 311
40 314
40 325
40 326
40 360
40 365
40 386
40 400
40 402
40 415
40 431
40 435
40 446
40 448
40 449
40 451
40 456
40 461
40 469
40 472
40 485
41 42
41 43
41 70
41 80
41 87
41 91
41 102
41 108
41 138
41 144
41 147
41 176
41 187
41 204
41 216
41 220
41 230
41 241
41 243
41 249
41 277
41 288
41 306
41 313
41 317
41 325
41 385
41 394
41 397
41 404
41 422
41 459
41 465
41 466
41 467
41 497
42 83
42 105
42 110
42 111
42 119
42 158
42 182
42 214
42 246
42 248
42 255
42 256
42 292
42 302
42 322
42 329
42 338
42 344
42 347
42 360
42 378
42 395
42 428
42 435
42 441
42 447
42 457
42 485
43 56
43 83
43 86
43 106
43 117
43 136
43 149
43 153
43 166
43 176
43 196
43 199
43 204
43 213
43 223
43 238
43 247
43 254
43 259
43 275
43 289
43 292
43 296
43 304
43 312
43 329
43 388
43 390
43 392
43 403
43 408
43 409
43 441
43 477
43 479
44 58
44 59
44 78
44 79
44 80
44 108
44 116
44 117
44 137
44 144
44 151
44 156
44 169
44 182
44 184
44 190
44 191
44 199
44 201
44 205
44 210
44 242
44 246
44 251
44 253
44 262
44 275
44 296
44 306
44 312
44 336
44 344
44 351
44 353
44 354
44 383
44 413
44 422
44 438
44 446
44 452
44 473
44 496
44 498
45 75
45 82
45 97
45 121
45 136
45 146
45 148
45 181
45 212
45 218
45 223
45 225
45 237
45 238
45 253
45 264
45 270
45 275
45 279
45 280
45 287
45 301
45 303
45 310
45 338
45 347
45 367
45 378
45 385
45 389
45 395
45 402
45 420
45 436
45 447
45 480
46 48
46 67
46 87
46 97
46 102
46 103
46 105
46 130
46 133
46 142
46 181
46 200
46 207
46 208
46 241
46 249
46 308
46 309
46 314
46 346
46 358
46 396
46 413
46 418
46 425
46 437
46 441
46 457
46 472
46 492
47 50
47 51
47 57
47 65
47 68
47 73
47 96
47 102
47 105
47 117
47 130
47 134
47 143
47 144
47 147
47 174
47 182
47 187
47 219
47 239
47 250
47 254
47 278
47 292
47 329
47 331
47 343
47 346
47 349
47 421
47 428
48 52
48 66
48 76
48 89
48 125
48 143
48 149
48 151
48 180
48 183
48 197
48 207
48 215
48 224
48 230
48 234
48 241
48 260
48 261
48 276
48 291
48 294
48 300
48 309
48 313
48 329
48 345
48 349
48 384
48 387
48 388
48 401
48 428
48 429
48 431
48 432
48 442
48 454
48 472
48 476
48 482
48 488
49 87
49 93
49 95
49 96
49 113
49 128
49 130
49 135
49 139
49 161
49 179
49 187
49 213
49 216
49 233
49 259
49 278
49 279
49 299
49 312
49 327
49 333
49 335
49 341
49 366
49 377
49 389
49 399
49 416
49 431
49 437
49 465
49 475
49 489
49 493
49 494
50 65
50 68
50 89
50 94
50 104
50 107
50 115
50 137
50 139
50 147
50 157
50 161
50 169
50 182
50 215
50 233
50 258
50 264
50 273
50 279
50 287
50 302
50 329
50 343
50 354
50 355
50 380
50 421
50 453
50 467
50 480
50 494
50 495
51 58
51 82
51 95
51 125
51 126
51 134
51 140
51 145
51 146
51 149
51 157
51 165
51 167
51 170
51 171
51 174
51 213
51 234
51 237
51 246
51 267
51 270
51 321
51 322
51 340
51 353
51 364
51 373
51 376
51 378
51 386
51 391
51 392
51 410
51 421
51 427
51 445
51 447
51 463
51 473
52 60
52 82
52 103
52 126
52 131
52 161
52 188
52 247
52 256
52 268
52 286
52 297
52 303
52 309
52 340
52 390
52 394
52 395
52 411
52 412
52 419
52 446
52 476
52 489
53 69
53 115
53 136
53 161
53 172
53 173
53 189
53 194
53 204
53 211
53 246
53 268
53 285
53 286
53 287
53 313
53 318
53 322
53 343
53 361
53 365
53 369
53 383
53 389
53 401
53 402
53 421
53 435
53 453
53 459
53 467
53 469
53 491
54 56
54 60
54 66
54 67
54 77
54 125
54 155
54 190
54 200
54 213
54 214
54 237
54 239
54 240
54 247
54 252
54 254
54 267
54 284
54 289
54 307
54 313
54 314
54 328
54 344
54 358
54 361
54 375
54 384
54 386
54 402
54 405
54 409
54 412
54 429
54 436
54 443
54 444
54 447
54 468
54 478
54 495
55 74
55 81
55 95
55 114
55 149
55 157
55 163
55 175
55 177
55 182
55 185
55 204
55 205
55 210
55 216
55 226
55 236
55 266
55 277
55 278
55 281
55 299
55 316
55 329
55 334
55 336
55 343
55 386
55 392
55 402
55 410
55 415
55 419
55 420
55 431
55 436
55 450
55 456
55 465
55 467
55 470
55 475
55 492
56 67
56 72
56 89
56 96
56 99
56 118
56 121
56 159
56 167
56 216
56 219
56 224
56 230
56 244
56 257
56 263
56 283
56 293
56 294
56 306
56 311
56 326
56 351
56 356
56 360
56 364
56 370
56 420
56 423
56 471
56 479
56 482
56 493
56 494
57 71
57 83
57 88
57 106
57 109
57 113
57 116
57 117
57 120
57 135
57 172
57 181
57 209
57 224
57 231
57 232
57 238
57 241
57 245
57 248
57 272
57 350
57 379
57 397
57 415
57 421
57 429
57 436
57 444
57 452
57 457
57 472
57 478
57 480
57 499
58 72
58 87
58 88
58 93
58 95
58 104
58 106
58 118
58 121
58 134
58 139
58 145
58 150
58 176
58 206
58 207
58 211
58 213
58 226
58 228
58 232
58 237
58 239
58 253
58 263
58 266
58 267
58 268
58 288
58 290
58 292
58 293
58 307
58 314
58 316
58 324
58 370
58 372
58 378
58 387
58 389
58 395
58 408
58 412
58 430
58 440
58 446
58 459
58 471
58 491
59 62
59 83
59 92
59 94
59 106
59 116
59 117
59 122
59 130
59 139
59 143
59 144
59 152
59 181
59 185
59 221
59 229
59 238
59 249
59 260
59 267
59 275
59 279
59 307
59 320
59 331
59 332
59 355
59 361
59 365
59 381
59 387
59 416
59 417
59 435
59 448
59 493
60 80
60 97
60 98
60 119
60 128
60 133
60 139
60 143
60 148
60 150
60 161
60 167
60 187
60 192
60 194
60 206
60 220
60 221
60 227
60 228
60 234
60 267
60 274
60 280
60 281
60 283
60 284
60 295
60 307
60 312
60 316
60 320
60 334
60 340
60 367
60 409
60 424
60 426
60 443
60 445
60 456
60 471
60 479
60 490
60 491
61 72
61 118
61 121
61 127
61 135
61 161
61 165
61 190
61 260
61 278
61 282
61 305
61 367
61 369
61 373
61 380
61 385
61 403
61 419
61 424
61 489
62 70
62 79
62 85
62 94
62 108
62 112
62 113
62 130
62 134
62 182
62 189
62 216
62 232
62 237
62 238
62 258
62 262
62 276
62 279
62 310
62 315
62 318
62 338
62 341
62 346
62 356
62 362
62 376
62 399
62 405
62 413
62 422
62 423
62 425
62 433
62 438
62 447
62 463
63 68
63 77
63 103
63 129
63 137
63 145
63 153
63 166
63 178
63 179
63 190
63 236
63 249
63 250
63 262
63 273
63 278
63 284
63 294
63 298
63 322
63 330
63 333
63 338
63 343
63 347
63 370
63 395
63 400
63 408
63 424
63 441
63 446
63 452
63 454
63 462
63 471
63 497
64 88
64 96
64 99
64 103
64 104
64 107
64 154
64 169
64 170
64 185
64 188
64 190
64 229
64 232
64 238
64 247
64 248
64 275
64 276
64 293
64 309
64 316
64 323
64 337
64 340
64 347
64 354
64 355
64 359
64 367
64 380
64 398
64 408
64 415
64 417
64 423
64 441
64 442
64 446
64 461
64 488
64 491
64 497
65 101
65 124
65 129
65 133
65 142
65 148
65 151
65 153
65 185
65 199
65 205
65 218
65 238
65 252
65 266
65 281
65 285
65 301
65 309
65 337
65 350
65 354
65 365
65 379
65 390
65 398
65 402
65 412
65 413
65 417
65 421
65 470
65 484
65 487
65 490
66 73
66 77
66 90
66 92
66 110
66 111
66 113
66 120
66 125
66 184
66 185
66 200
66 206
66 221
66 229
66 253
66 258
66 264
66 269
66 279
66 283
66 298
66 336
66 337
66 345
66 397
66 426
66 428
66 456
66 480
67 71
67 91
67 95
67 100
67 115
67 124
67 127
67 154
67 157
67 163
67 183
67 196
67 220
67 230
67 233
67 248
67 249
67 254
67 257
67 278
67 287
67 292
67 297
67 311
67 318
67 326
67 406
67 409
67 426
67 433
67 444
67 457
67 461
67 469
67 472
67 484
67 485
67 497
68 75
68 86
68 100
68 132
68 138
68 178
68 192
68 202
68 222
68 233
68 239
68 250
68 266
68 311
68 331
68 332
68 333
68 347
68 351
68 357
68 367
68 394
68 408
68 421
68 435
68 438
68 450
68 474
69 85
69 95
69 103
69 114
69 133
69 153
69 154
69 212
69 221
69 228
69 255
69 260
69 286
69 307
69 317
69 335
69 352
69 396
69 411
69 415
69 426
69 428
69 433
69 437
69 439
69 448
69 471
70 71
70 76
70 79
70 112
70 147
70 159
70 165
70 179
70 180
70 181
70 188
70 206
70 213
70 215
70 222
70 228
70 251
70 259
70 284
70 305
70 306
70 320
70 322
70 335
70 339
70 366
70 387
70 392
70 395
70 396
70 424
70 435
70 455
70 495
71 77
71 88
71 112
71 116
71 124
71 128
71 155
71 175
71 189
71 191
71 195
71 202
71 223
71 261
71 266
71 269
71 272
71 284
71 293
71 321
71 326
71 329
71 332
71 352
71 376
71 377
71 384
71 385
71 392
71 403
71 418
71 431
71 433
71 450
71 452
71 456
71 465
71 468
71 472
71 496
72 81
72 88
72 94
72 112
72 115
72 120
72 130
72 175
72 182
72 188
72 216
72 221
72 224
72 250
72 253
72 257
72 262
72 316
72 334
72 349
72 363
72 378
72 379
72 386
72 402
72 405
72 408
72 410
72 411
72 440
72 447
72 461
72 471
73 81
73 118
73 162
73 174
73 180
73 222
73 238
73 246
73 254
73 255
73 259
73 276
73 287
73 289
73 303
73 318
73 342
73 347
73 351
73 375
73 382
73 398
73 408
73 437
73 440
73 473
73 478
73 485
74 82
74 84
74 93
74 118
74 131
74 153
74 165
74 166
74 177
74 181
74 189
74 190
74 192
74 208
74 237
74 266
74 278
74 293
74 296
74 315
74 321
74 343
74 344
74 349
74 357
74 362
74 371
74 373
74 375
74 408
74 411
74 422
74 425
74 440
74 457
74 465
74 494
75 91
75 109
75 119
75 142
75 155
75 157
75 159
75 171
75 180
75 195
75 199
75 213
75 261
75 262
75 272
75 283
75 284
75 295
75 300
75 301
75 303
75 325
75 328
75 333
75 347
75 355
75 422
75 443
75 445
75 457
75 475
75 480
75 481
75 496
76 84
76 111
76 120
76 140
76 142
76 151
76 163
76 167
76 170
76 181
76 192
76 195
76 201
76 223
76 232
76 268
76 272
76 281
76 292
76 299
76 316
76 322
76 343
76 346
76 362
76 368
76 371
76 382
76 391
76 405
76 407
76 410
76 431
76 462
76 469
76 476
76 484
77 81
77 83
77 103
77 113
77 129
77 145
77 164
77 174
77 178
77 205
77 207
77 214
77 219
77 223
77 225
77 243
77 249
77 255
77 290
77 301
77 306
77 313
77 317
77 333
77 350
77 363
77 365
77 372
77 377
77 386
77 404
77 428
77 436
77 437
77 487
77 493
77 495
78 86
78 88
78 129
78 156
78 161
78 181
78 187
78 188
78 191
78 192
78 194
78 215
78 217
78 230
78 239
78 240
78 243
78 258
78 263
78 266
78 275
78 289
78 340
78 343
78 370
78 372
78 397
78 407
78 424
78 435
78 439
78 468
78 473
78 498
79 93
79 103
79 108
79 118
79 130
79 132
79 133
79 175
79 186
79 193
79 196
79 216
79 226
79 234
79 237
79 251
79 260
79 267
79 268
79 276
79 281
79 289
79 331
79 338
79 354
79 377
79 380
79 382
79 411
79 424
79 443
79 444
79 456
79 466
79 474
79 476
79 491
79 494
80 104
80 109
80 118
80 137
80 142
80 159
80 175
80 189
80 195
80 229
80 248
80 251
80 290
80 291
80 326
80 339
80 340
80 350
80 363
80 384
80 398
80 400
80 421
80 426
80 427
80 448
80 470
80 478
80 494
81 97
81 105
81 107
81 127
81 130
81 180
81 188
81 201
81 205
81 223
81 225
81 254
81 255
81 271
81 281
81 283
81 284
81 286
81 289
81 293
81 304
81 314
81 327
81 341
81 348
81 358
81 362
81 378
81 386
81 387
81 393
81 409
81 428
81 441
81 445
81 474
81 479
81 492
82 92
82 109
82 112
82 119
82 127
82 139
82 140
82 161
82 188
82 198
82 203
82 275
82 306
82 310
82 335
82 353
82 356
82 358
82 374
82 375
82 378
82 392
82 415
82 428
82 429
82 460
82 467
82 496
83 94
83 112
83 115
83 128
83 131
83 138
83 141
83 145
83 149
83 155
83 160
83 173
83 195
83 203
83 209
83 225
83 226
83 227
83 231
83 234
83 245
83 274
83 293
83 311
83 316
83 331
83 343
83 344
83 405
83 429
83 443
83 472
83 478
83 487
83 496
84 90
84 98
84 107
84 121
84 127
84 137
84 139
84 161
84 166
84 226
84 238
84 274
84 277
84 290
84 307
84 326
84 336
84 347
84 353
84 354
84 355
84 359
84 364
84 365
84 372
84 384
84 385
84 401
84 417
84 435
84 449
84 450
84 451
84 488
85 86
85 89
85 107
85 108
85 112
85 129
85 162
85 190
85 209
85 214
85 230
85 241
85 243
85 244
85 248
85 259
85 277
85 319
85 327
85 329
85 333
85 340
85 349
85 352
85 377
85 395
85 396
85 398
85 410
85 423
85 427
85 434
85 435
85 436
85 439
85 441
85 443
85 459
85 474
85 486
85 491
85 493
86 94
86 99
86 106
86 110
86 114
86 151
86 159
86 162
86 196
86 200
86 203
86 224
86 232
86 236
86 256
86 264
86 284
86 307
86 309
86 315
86 325
86 344
86 352
86 362
86 365
86 370
86 386
86 397
86 399
86 404
86 408
86 409
86 414
86 426
86 427
86 432
86 443
86 458
86 463
86 494
86 496
87 96
87 108
87 110
87 118
87 124
87 127
87 137
87 172
87 175
87 177
87 199
87 200
87 217
87 229
87 235
87 236
87 239
87 253
87 262
87 278
87 297
87 300
87 307
87 336
87 340
87 341
87 382
87 390
87 438
87 462
87 463
87 487
87 495
87 499
88 91
88 96
88 98
88 107
88 167
88 184
88 191
88 205
88 216
88 217
88 234
88 236
88 243
88 286
88 296
88 326
88 350
88 367
88 380
88 414
88 430
88 449
88 466
88 478
88 480
88 483
88 485
88 487
88 493
89 94
89 99
89 103
89 141
89 145
89 148
89 154
89 196
89 218
89 221
89 251
89 253
89 266
89 271
89 273
89 275
89 277
89 318
89 324
89 327
89 342
89 354
89 355
89 366
89 375
89 410
89 411
89 421
89 435
89 448
89 456
89 463
89 483
89 484
89 488
89 491
89 499
90 91
90 94
90 97
90 104
90 112
90 135
90 137
90 152
90 168
90 183
90 198
90 201
90 208
90 214
90 222
90 236
90 243
90 251
90 258
90 262
90 272
90 281
90 302
90 325
90 333
90 338
90 339
90 353
90 354
90 361
90 367
90 369
90 380
90 410
90 421
90 422
90 443
90 454
90 464
90 482
90 484
90 494
91 102
91 105
91 110
91 115
91 122
91 148
91 151
91 157
91 164
91 167
91 183
91 204
91 213
91 216
91 219
91 224
91 231
91 234
91 239
91 273
91 279
91 286
91 297
91 298
91 310
91 327
91 343
91 359
91 411
91 419
91 472
91 484
91 488
91 498
92 93
92 96
92 130
92 149
92 158
92 172
92 193
92 208
92 211
92 220
92 248
92 254
92 273
92 289
92 295
92 302
92 307
92 320
92 322
92 323
92 345
92 356
92 375
92 388
92 432
92 438
92 446
92 473
92 491
92 494
92 495
92 499
93 103
93 124
93 139
93 143
93 154
93 162
93 171
93 185
93 187
93 188
93 203
93 222
93 262
93 279
93 292
93 307
93 311
93 324
93 334
93 350
93 351
93 353
93 357
93 363
93 410
93 441
93 443
93 462
93 464
93 476
93 478
94 98
94 101
94 109
94 117
94 125
94 129
94 135
94 139
94 148
94 152
94 165
94 171
94 190
94 211
94 212
94 231
94 257
94 265
94 267
94 279
94 290
94 333
94 342
94 360
94 363
94 369
94 409
94 413
94 428
94 429
94 432
94 475
94 481
94 488
94 497
95 104
95 114
95 137
95 167
95 171
95 189
95 191
95 197
95 207
95 214
95 220
95 227
95 243
95 244
95 249
95 264
95 268
95 269
95 272
95 279
95 293
95 296
95 332
95 356
95 372
95 379
95 390
95 447
95 448
95 464
95 469
95 488
95 499
96 101
96 102
96 106
96 121
96 149
96 151
96 190
96 193
96 194
96 200
96 210
96 212
96 251
96 263
96 266
96 270
96 294
96 325
96 330
96 333
96 339
96 346
96 362
96 366
96 374
96 375
96 385
96 400
96 401
96 404
96 415
96 435
96 444
96 445
96 453
96 457
96 467
96 473
96 477
96 481
96 482
96 490
96 494
97 109
97 125
97 131
97 135
97 146
97 166
97 168
97 171
97 178
97 183
97 184
97 188
97 212
97 222
97 231
97 243
97 255
97 256
97 281
97 288
97 289
97 299
97 303
97 314
97 320
97 352
97 380
97 389
97 390
97 394
97 397
97 407
97 423
97 424
97 428
97 445
97 448
97 456
97 457
98 103
98 104
98 156
98 170
98 175
98 190
98 210
98 212
98 220
98 225
98 240
98 249
98 251
98 261
98 269
98 270
98 288
98 297
98 298
98 308
98 366
98 367
98 372
98 388
98 407
98 424
98 432
98 434
98 440
98 442
98 448
98 483
98 485
98 491
98 493
99 129
99 132
99 149
99 150
99 177
99 185
99 199
99 207
99 232
99 260
99 267
99 271
99 285
99 290
99 304
99 309
99 325
99 328
99 357
99 369
99 378
99 395
99 399
99 415
99 423
99 428
99 440
99 444
99 448
99 455
99 477
99 493
100 109
100 124
100 127
100 137
100 146
100 155
100 175
100 185
100 188
100 204
100 207
100 218
100 240
100 263
100 264
100 269
100 281
100 284
100 298
100 310
100 322
100 329
100 334
100 344
100 345
100 349
100 363
100 404
100 420
100 427
100 431
100 464
100 474
100 481
100 483
101 102
101 108
101 148
101 159
101 167
101 181
101 185
101 205
101 209
101 214
101 218
101 226
101 227
101 231
101 233
101 252
101 265
101 280
101 283
101 299
101 309
101 313
101 314
101 320
101 341
101 374
101 383
101 395
101 407
101 415
101 453
101 483
101 489
101 495
101 497
102 109
102 117
102 120
102 124
102 141
102 162
102 163
102 199
102 205
102 206
102 208
102 245
102 270
102 296
102 305
102 307
102 316
102 337
102 347
102 356
102 362
102 364
102 373
102 379
102 380
102 390
102 403
102 419
102 420
102 427
102 496
102 497
103 116
103 124
103 138
103 140
103 148
103 150
103 161
103 175
103 178
103 194
103 199
103 213
103 229
103 246
103 254
103 255
103 257
103 281
103 303
103 323
103 324
103 333
103 350
103 369
103 372
103 417
103 450
103 466
103 483
103 488
104 107
104 111
104 118
104 131
104 137
104 141
104 144
104 154
104 163
104 166
104 178
104 184
104 192
104 193
104 216
104 221
104 225
104 232
104 236
104 241
104 246
104 290
104 302
104 305
104 312
104 324
104 330
104 338
104 357
104 367
104 371
104 385
104 387
104 394
104 427
104 435
104 456
104 477
104 483
104 495
105 128
105 133
105 135
105 142
105 144
105 149
105 154
105 156
105 170
105 184
105 209
105 211
105 219
105 221
105 285
105 292
105 293
105 297
105 330
105 337
105 353
105 364
105 371
105 396
105 398
105 409
105 426
105 436
105 437
105 448
105 452
105 455
105 485
106 114
106 173
106 177
106 178
106 180
106 189
106 205
106 215
106 220
106 221
106 241
106 245
106 256
106 264
106 270
106 276
106 286
106 301
106 304
106 310
106 316
106 325
106 332
106 339
106 341
106 343
106 345
106 353
106 360
106 375
106 382
106 399
106 422
106 424
106 433
106 452
106 483
106 493
106 498
107 123
107 126
107 134
107 183
107 241
107 243
107 257
107 276
107 283
107 294
107 319
107 358
107 428
107 433
107 440
107 443
107 451
107 453
107 465
107 483
107 494
107 495
108 117
108 125
108 126
108 137
108 146
108 154
108 156
108 157
108 177
108 193
108 203
108 205
108 237
108 240
108 243
108 248
108 258
108 264
108 316
108 320
108 331
108 336
108 340
108 348
108 359
108 361
108 366
108 375
108 399
108 445
108 456
109 137
109 152
109 158
109 160
109 164
109 182
109 197
109 202
109 243
109 249
109 277
109 280
109 292
109 317
109 341
109 351
109 384
109 424
109 463
109 481
110 112
110 116
110 119
110 136
110 163
110 172
110 175
110 178
110 180
110 181
110 182
110 191
110 195
110 216
110 222
110 223
110 224
110 232
110 248
110 254
110 263
110 266
110 287
110 322
110 353
110 354
110 358
110 384
110 385
110 418
110 437
110 439
110 455
110 477
110 488
110 497
111 144
111 156
111 188
111 200
111 248
111 250
111 259
111 260
111 276
111 340
111 342
111 358
111 366
111 388
111 389
111 391
111 405
111 417
111 418
111 426
111 444
111 446
111 477
111 478
111 480
112 157
112 173
112 177
112 181
112 199
112 222
112 236
112 255
112 261
112 264
112 273
112 285
112 301
112 307
112 326
112 339
112 342
112 349
112 355
112 364
112 385
112 393
112 427
112 440
112 472
112 479
112 485
112 487
113 119
113 120
113 123
113 152
113 172
113 175
113 176
113 216
113 234
113 236
113 238
113 243
113 248
113 266
113 275
113 283
113 286
113 312
113 341
113 355
113 361
113 379
113 399
113 400
113 426
113 441
113 443
113 446
113 456
113 459
113 462
113 473
113 492
114 128
114 138
114 139
114 144
114 147
114 161
114 172
114 175
114 180
114 188
114 189
114 192
114 213
114 220
114 231
114 237
114 265
114 316
114 326
114 330
114 337
114 339
114 361
114 366
114 367
114 373
114 406
114 407
114 417
114 421
114 426
114 433
114 491
114 495
115 141
115 157
115 171
115 182
115 187
115 219
115 226
115 252
115 258
115 299
115 310
115 312
115 336
115 351
115 357
115 378
115 396
115 400
115 411
115 412
115 418
115 448
115 467
115 478
115 481
116 136
116 145
116 175
116 178
116 197
116 227
116 242
116 255
116 261
116 265
116 309
116 318
116 353
116 407
116 421
116 433
116 454
116 456
116 463
116 466
116 476
116 480
116 489
116 490
116 491
116 498
117 123
117 136
117 137
117 154
117 159
117 173
117 187
117 227
117 242
117 243
117 250
117 257
117 272
117 273
117 276
117 281
117 298
117 345
117 348
117 357
117 366
117 376
117 380
117 400
117 404
117 417
117 431
117 434
117 456
117 472
117 478
117 496
118 134
118 170
118 172
118 180
118 190
118 234
118 244
118 251
118 252
118 266
118 288
118 289
118 294
118 303
118 338
118 341
118 343
118 347
118 354
118 359
118 400
118 409
118 428
118 440
118 441
118 464
118 469
118 472
119 196
119 217
119 234
119 235
119 266
119 288
119 298
119 302
119 307
119 312
119 348
119 364
119 370
119 402
119 408
119 413
119 422
119 427
119 456
119 460
119 465
119 474
119 482
119 491
119 493
119 496
119 497
120 137
120 211
120 233
120 241
120 244
120 248
120 253
120 256
120 326
120 332
120 333
120 346
120 349
120 363
120 369
120 372
120 385
120 392
120 417
120 430
120 432
120 435
120 448
120 456
120 485
121 149
121 154
121 166
121 180
121 184
121 187
121 192
121 196
121 199
121 200
121 203
121 211
121 214
121 217
121 230
121 246
121 252
121 253
121 272
121 275
121 278
121 293
121 356
121 367
121 383
121 426
121 429
121 442
121 453
121 458
122 133
122 137
122 139
122 152
122 173
122 176
122 183
122 188
122 241
122 254
122 282
122 288
122 315
122 336
122 346
122 350
122 352
122 377
122 378
122 379
122 396
122 399
122 437
122 451
122 452
122 454
122 467
122 473
122 493
123 157
123 161
123 195
123 205
123 224
123 233
123 236
123 251
123 259
123 273
123 286
123 305
123 312
123 319
123 328
123 372
123 405
123 412
123 455
123 456
123 482
123 487
123 493
124 162
124 174
124 196
124 209
124 219
124 220
124 221
124 225
124 233
124 235
124 251
124 257
124 293
124 313
124 321
124 323
124 350
124 357
124 376
124 393
124 399
124 414
124 419
124 420
124 444
124 460
124 499
125 131
125 139
125 144
125 166
125 171
125 174
125 183
125 189
125 221
125 225
125 233
125 242
125 245
125 273
125 277
125 282
125 303
125 311
125 314
125 322
125 333
125 347
125 362
125 364
125 366
125 372
125 426
125 447
125 462
126 128
126 133
126 144
126 155
126 171
126 173
126 182
126 200
126 206
126 214
126 226
126 239
126 245
126 250
126 266
126 289
126 290
126 295
126 298
126 348
126 350
126 399
126 402
126 403
126 404
126 406
126 443
126 490
127 146
127 151
127 188
127 220
127 227
127 228
127 247
127 286
127 314
127 318
127 328
127 334
127 340
127 341
127 345
127 359
127 363
127 383
127 412
127 416
127 421
127 448
127 455
127 461
127 472
127 474
127 486
128 133
128 137
128 148
128 151
128 153
128 175
128 203
128 206
128 212
128 215
128 219
128 222
128 225
128 227
128 246
128 253
128 266
128 277
128 292
128 305
128 312
128 316
128 364
128 392
128 402
128 406
128 426
128 439
128 452
128 454
128 462
128 465
128 468
128 469
128 478
128 479
129 145
129 159
129 161
129 183
129 270
129 301
129 306
129 309
129 336
129 353
129 362
129 363
129 374
129 404
129 437
129 451
129 478
129 487
130 139
130 143
130 146
130 155
130 158
130 167
130 179
130 190
130 194
130 209
130 213
130 236
130 249
130 269
130 276
130 316
130 342
130 343
130 357
130 380
130 390
130 392
130 396
130 405
130 408
131 160
131 171
131 188
131 193
131 227
131 240
131 259
131 277
131 293
131 297
131 305
131 306
131 315
131 335
131 336
131 341
131 355
131 374
131 397
131 402
131 405
131 411
131 419
131 421
131 427
131 431
131 466
132 144
132 146
132 155
132 157
132 167
132 175
132 189
132 200
132 220
132 223
132 229
132 236
132 255
132 260
132 284
132 304
132 307
132 336
132 347
132 351
132 372
132 388
132 402
132 421
132 427
132 441
132 450
132 453
132 459
132 484
132 492
133 136
133 147
133 154
133 189
133 219
133 227
133 228
133 252
133 255
133 281
133 284
133 300
133 303
133 306
133 313
133 335
133 349
133 351
133 361
133 370
133 381
133 385
133 407
133 408
133 412
133 426
133 452
133 469
133 470
133 485
133 488
133 496
133 497
134 143
134 146
134 147
134 176
134 179
134 195
134 223
134 230
134 262
134 299
134 304
134 327
134 339
134 347
134 349
134 354
134 362
134 369
134 376
134 395
134 403
134 406
134 408
134 409
134 415
134 422
134 425
134 438
134 451
134 463
134 478
134 483
135 138
135 142
135 143
135 154
135 155
135 159
135 182
135 189
135 198
135 209
135 217
135 218
135 226
135 232
135 234
135 254
135 263
135 329
135 332
135 354
135 385
135 393
135 409
135 415
135 418
135 422
135 424
135 472
135 492
135 494
136 138
136 173
136 178
136 205
136 210
136 215
136 229
136 238
136 242
136 267
136 288
136 309
136 316
136 331
136 337
136 343
136 344
136 347
136 351
136 379
136 383
136 404
136 405
136 412
136 419
136 429
136 433
136 448
136 454
136 459
136 462
136 478
137 148
137 180
137 190
137 199
137 251
137 306
137 319
137 324
137 342
137 343
137 349
137 355
137 356
137 361
137 377
137 384
137 418
137 423
137 424
137 428
137 448
137 449
137 461
137 466
137 491
137 492
138 177
138 185
138 193
138 225
138 239
138 264
138 280
138 285
138 300
138 315
138 323
138 327
138 347
138 353
138 401
138 417
138 420
138 435
138 438
138 463
138 466
138 470
138 472
138 478
138 485
139 140
139 142
139 147
139 151
139 172
139 176
139 195
139 198
139 212
139 268
139 279
139 285
139 287
139 289
139 294
139 306
139 307
139 314
139 357
139 359
139 365
139 384
139 396
139 398
139 404
139 413
139 425
139 429
139 449
139 453
139 467
140 159
140 160
140 164
140 174
140 183
140 186
140 194
140 195
140 196
140 217
140 218
140 230
140 237
140 240
140 249
140 255
140 295
140 296
140 298
140 302
140 303
140 313
140 328
140 329
140 331
140 332
140 334
140 343
140 352
140 363
140 367
140 383
140 388
140 408
140 419
140 432
140 436
140 451
140 463
140 466
140 468
140 479
140 492
140 499
141 142
141 167
141 168
141 200
141 229
141 247
141 280
141 290
141 292
141 304
141 307
141 314
141 319
141 323
141 326
141 347
141 356
141 359
141 374
141 388
141 390
141 391
141 401
141 441
141 455
141 474
141 482
142 148
142 165
142 205
142 240
142 266
142 269
142 275
142 276
142 289
142 318
142 325
142 344
142 347
142 349
142 361
142 393
142 394
142 431
142 451
142 461
142 469
142 483
142 484
142 487
143 152
143 168
143 184
143 185
143 188
143 200
143 224
143 227
143 316
143 322
143 337
143 376
143 398
143 439
143 456
143 464
143 474
143 479
143 481
143 484
143 492
143 499
144 165
144 172
144 174
144 178
144 181
144 183
144 220
144 264
144 277
144 288
144 298
144 300
144 316
144 332
144 338
144 340
144 344
144 358
144 389
144 401
144 428
144 433
144 449
144 451
144 462
144 476
144 492
144 493
144 495
145 148
145 152
145 186
145 190
145 192
145 221
145 237
145 252
145 263
145 301
145 305
145 312
145 329
145 333
145 335
145 344
145 353
145 356
145 368
145 379
145 390
145 396
145 404
145 421
145 427
145 432
145 433
145 446
145 449
145 456
145 480
145 491
146 168
146 177
146 186
146 189
146 197
146 202
146 239
146 253
146 268
146 277
146 288
146 317
146 355
146 357
146 368
146 370
146 383
146 386
146 387
146 403
146 413
146 454
146 460
146 462
146 467
146 496
147 158
147 162
147 166
147 176
147 188
147 192
147 194
147 227
147 229
147 247
147 282
147 290
147 335
147 336
147 364
147 370
147 382
147 396
147 406
147 424
147 425
147 432
147 443
147 450
147 455
147 484
148 158
148 162
148 184
148 196
148 221
148 230
148 231
148 238
148 246
148 247
148 272
148 273
148 277
148 281
148 314
148 327
148 334
148 336
148 344
148 345
148 361
148 366
148 370
148 373
148 381
148 398
148 438
148 465
148 468
148 469
148 475
149 155
149 166
149 173
149 178
149 187
149 206
149 225
149 242
149 247
149 267
149 280
149 290
149 306
149 307
149 313
149 357
149 376
149 378
149 427
149 439
149 480
149 484
149 497
150 154
150 163
150 171
150 183
150 186
150 187
150 188
150 190
150 191
150 223
150 226
150 245
150 289
150 302
150 309
150 324
150 333
150 341
150 344
150 438
150 440
150 444
150 453
150 478
151 158
151 208
151 227
151 236
151 246
151 253
151 269
151 273
151 277
151 284
151 298
151 303
151 315
151 325
151 346
151 360
151 374
151 381
151 384
151 406
151 413
151 425
151 426
151 436
151 490
152 157
152 174
152 175
152 199
152 207
152 209
152 237
152 239
152 247
152 256
152 272
152 279
152 291
152 300
152 313
152 338
152 357
152 370
152 394
152 396
152 400
152 406
152 408
152 419
152 425
152 437
152 452
152 462
152 469
152 470
152 471
152 487
152 489
152 498
153 155
153 167
153 174
153 177
153 188
153 227
153 269
153 274
153 275
153 284
153 302
153 305
153 307
153 323
153 331
153 362
153 364
153 416
153 417
153 428
153 433
153 463
153 492
153 493
153 495
154 164
154 172
154 186
154 187
154 188
154 197
154 200
154 231
154 242
154 248
154 253
154 259
154 269
154 302
154 314
154 323
154 330
154 336
154 343
154 344
154 359
154 369
154 370
154 373
154 376
154 391
154 393
154 416
154 417
154 450
154 473
154 475
155 175
155 185
155 188
155 194
155 195
155 201
155 273
155 278
155 289
155 297
155 307
155 327
155 333
155 356
155 363
155 382
155 398
155 404
155 422
155 433
155 438
155 439
155 447
155 448
155 452
155 455
155 466
155 497
156 167
156 211
156 224
156 233
156 263
156 270
156 273
156 274
156 277
156 279
156 302
156 329
156 340
156 341
156 366
156 367
156 384
156 393
156 395
156 402
156 407
156 425
156 428
156 437
156 455
156 467
156 470
156 474
156 484
156 489
157 171
157 186
157 187
157 219
157 224
157 229
157 241
157 252
157 263
157 275
157 279
157 293
157 300
157 340
157 384
157 405
157 413
157 444
157 464
157 483
158 181
158 188
158 190
158 198
158 228
158 242
158 270
158 285
158 287
158 306
158 325
158 344
158 348
158 387
158 389
158 407
158 420
158 423
158 448
158 469
158 472
158 477
158 498
159 197
159 204
159 274
159 278
159 280
159 306
159 315
159 321
159 322
159 328
159 373
159 382
159 391
159 404
159 440
159 447
159 455
159 462
159 466
159 469
159 483
160 181
160 190
160 224
160 232
160 234
160 235
160 245
160 250
160 260
160 269
160 290
160 316
160 318
160 343
160 350
160 366
160 382
160 410
160 415
160 436
160 439
160 440
160 441
160 476
160 487
161 187
161 196
161 197
161 199
161 207
161 211
161 241
161 276
161 281
161 286
161 292
161 300
161 305
161 319
161 324
161 330
161 350
161 361
161 387
161 390
161 413
161 424
161 434
161 455
161 470
161 474
162 190
162 206
162 213
162 275
162 287
162 304
162 318
162 337
162 355
162 385
162 396
162 435
162 438
162 464
162 483
162 497
163 168
163 202
163 210
163 212
163 220
163 224
163 239
163 280
163 287
163 294
163 318
163 330
163 333
163 369
163 395
163 396
163 405
163 416
163 433
163 435
163 442
163 445
163 452
163 464
163 468
163 480
164 187
164 214
164 218
164 231
164 244
164 246
164 259
164 272
164 300
164 308
164 315
164 342
164 361
164 404
164 409
164 413
164 458
164 470
164 490
165 174
165 183
165 206
165 217
165 226
165 255
165 265
165 276
165 279
165 287
165 294
165 299
165 303
165 305
165 335
165 336
165 355
165 361
165 378
165 412
165 413
165 427
165 438
165 440
165 451
165 452
165 458
165 473
165 475
165 487
166 173
166 191
166 193
166 205
166 222
166 242
166 254
166 260
166 270
166 275
166 276
166 317
166 336
166 337
166 338
166 350
166 353
166 366
166 367
166 374
166 387
166 404
166 423
166 428
166 432
166 447
166 452
166 493
166 494
166 497
167 170
167 174
167 181
167 188
167 190
167 203
167 210
167 218
167 219
167 224
167 232
167 242
167 266
167 275
167 278
167 313
167 314
167 316
167 324
167 338
167 344
167 348
167 365
167 403
167 404
167 408
167 421
167 450
167 462
167 465
167 469
167 470
167 472
167 484
168 177
168 200
168 201
168 230
168 232
168 239
168 273
168 281
168 295
168 310
168 325
168 333
168 366
168 372
168 375
168 376
168 380
168 405
168 406
168 410
168 417
168 421
168 453
168 454
168 457
168 462
168 466
168 473
168 480
168 482
168 498
169 179
169 186
169 190
169 196
169 219
169 235
169 286
169 350
169 352
169 357
169 361
169 362
169 384
169 397
169 402
169 418
169 419
169 444
169 449
169 453
169 489
170 181
170 186
170 188
170 226
170 231
170 246
170 286
170 299
170 308
170 314
170 344
170 347
170 359
170 368
170 369
170 391
170 419
170 433
170 436
170 449
170 492
170 499
171 177
171 178
171 189
171 195
171 205
171 208
171 228
171 230
171 254
171 261
171 266
171 280
171 310
171 324
171 336
171 345
171 352
171 354
171 363
171 373
171 378
171 405
171 408
171 414
171 417
171 437
171 440
171 443
171 446
171 452
171 467
171 475
171 484
171 499
172 207
172 217
172 228
172 240
172 254
172 262
172 338
172 342
172 382
172 407
172 418
172 437
172 441
172 452
172 471
172 476
172 494
173 187
173 190
173 195
173 223
173 225
173 261
173 283
173 292
173 294
173 298
173 327
173 364
173 379
173 391
173 406
173 423
173 425
173 431
173 434
173 453
173 460
173 470
173 473
173 475
173 483
173 487
174 178
174 181
174 215
174 218
174 219
174 233
174 238
174 247
174 253
174 254
174 263
174 277
174 279
174 285
174 299
174 326
174 330
174 334
174 339
174 373
174 374
174 379
174 418
174 420
174 444
174 460
174 464
174 475
174 477
174 479
174 481
174 487
174 493
174 494
175 178
175 192
175 212
175 232
175 238
175 252
175 260
175 279
175 297
175 303
175 312
175 334
175 352
175 365
175 379
175 395
175 407
175 423
175 436
175 451
175 456
175 465
175 473
175 481
176 185
176 192
176 193
176 221
176 227
176 260
176 278
176 282
176 340
176 384
176 414
176 426
176 437
176 442
176 443
176 445
176 449
176 450
176 454
176 458
176 463
176 475
176 484
176 491
177 178
177 219
177 221
177 229
177 248
177 250
177 256
177 269
177 272
177 281
177 286
177 294
177 296
177 319
177 325
177 334
177 347
177 357
177 358
177 359
177 363
177 371
177 379
177 390
177 397
177 398
177 416
177 426
177 448
177 471
177 478
177 482
178 204
178 220
178 223
178 228
178 239
178 253
178 270
178 284
178 304
178 330
178 358
178 366
178 402
178 416
178 423
178 431
178 464
178 477
178 489
178 495
179 182
179 213
179 215
179 243
179 267
179 272
179 289
179 296
179 300
179 305
179 318
179 363
179 412
179 444
179 463
179 464
179 469
179 473
179 474
179 482
179 487
179 494
180 201
180 204
180 225
180 226
180 227
180 229
180 253
180 262
180 272
180 274
180 279
180 281
180 295
180 307
180 321
180 323
180 330
180 340
180 367
180 385
180 433
180 451
180 458
180 476
180 483
181 194
181 222
181 227
181 248
181 251
181 274
181 277
181 292
181 306
181 314
181 330
181 342
181 353
181 354
181 364
181 368
181 375
181 399
181 405
181 444
181 456
181 466
181 475
181 482
182 191
182 200
182 219
182 223
182 227
182 260
182 265
182 299
182 324
182 361
182 371
182 398
182 400
182 413
182 416
182 419
182 426
182 446
182 452
182 485
183 198
183 250
183 265
183 290
183 318
183 326
183 337
183 343
183 358
183 361
183 362
183 384
183 411
183 433
183 459
183 477
183 481
183 485
184 194
184 196
184 218
184 220
184 235
184 236
184 243
184 254
184 275
184 284
184 286
184 302
184 304
184 310
184 311
184 315
184 321
184 334
184 359
184 375
184 387
184 410
184 414
184 421
184 429
184 442
184 456
184 478
184 481
184 489
184 492
185 198
185 207
185 208
185 288
185 291
185 306
185 318
185 325
185 339
185 348
185 349
185 365
185 373
185 398
185 400
185 408
185 413
185 452
185 463
185 476
185 477
185 480
185 493
186 187
186 190
186 192
186 199
186 205
186 212
186 214
186 228
186 232
186 234
186 244
186 252
186 262
186 270
186 275
186 276
186 280
186 290
186 314
186 317
186 318
186 337
186 339
186 344
186 354
186 368
186 378
186 388
186 389
186 390
186 396
186 399
186 433
186 444
186 446
186 452
186 470
186 486
186 491
187 189
187 215
187 242
187 273
187 286
187 293
187 304
187 305
187 329
187 332
187 365
187 384
187 425
187 427
187 448
187 478
187 482
187 486
187 490
187 493
187 495
188 189
188 203
188 206
188 214
188 218
188 234
188 265
188 266
188 273
188 283
188 294
188 302
188 318
188 322
188 325
188 333
188 357
188 372
188 381
188 397
188 402
188 425
188 459
188 478
189 194
189 217
189 222
189 236
189 239
189 242
189 249
189 256
189 275
189 279
189 309
189 333
189 341
189 348
189 363
189 398
189 420
189 426
189 438
189 485
190 202
190 211
190 216
190 238
190 242
190 246
190 249
190 250
190 270
190 272
190 284
190 296
190 309
190 310
190 325
190 337
190 345
190 349
190 350
190 352
190 363
190 374
190 405
190 452
190 455
190 468
190 489
191 196
191 258
191 280
191 298
191 307
191 327
191 330
191 350
191 373
191 378
191 380
191 402
191 431
191 434
191 455
191 472
191 473
191 492
191 497
192 235
192 243
192 245
192 262
192 290
192 293
192 310
192 312
192 315
192 321
192 322
192 328
192 342
192 361
192 368
192 408
192 417
192 425
192 454
192 459
192 470
193 202
193 208
193 222
193 225
193 241
193 243
193 261
193 287
193 293
193 295
193 313
193 318
193 333
193 334
193 412
193 426
193 442
193 448
193 449
193 451
193 464
193 466
193 473
193 480
193 481
194 198
194 202
194 222
194 250
194 261
194 280
194 305
194 309
194 325
194 371
194 378
194 385
194 387
194 411
194 442
194 466
195 221
195 222
195 243
195 251
195 267
195 291
195 316
195 318
195 323
195 335
195 344
195 347
195 352
195 383
195 391
195 403
195 415
195 424
195 454
195 458
195 462
195 499
196 198
196 214
196 216
196 222
196 269
196 291
196 292
196 293
196 317
196 324
196 349
196 358
196 367
196 371
196 382
196 441
196 444
196 453
196 459
196 482
196 498
197 209
197 215
197 225
197 242
197 245
197 251
197 294
197 297
197 301
197 314
197 332
197 349
197 352
197 360
197 394
197 408
197 430
197 433
197 438
197 441
197 453
197 484
197 497
198 216
198 217
198 226
198 234
198 257
198 285
198 320
198 333
198 334
198 344
198 356
198 362
198 376
198 411
198 415
198 427
198 428
198 439
198 457
198 490
198 496
199 210
199 222
199 231
199 232
199 233
199 235
199 236
199 238
199 242
199 263
199 264
199 265
199 276
199 279
199 303
199 317
199 322
199 325
199 335
199 337
199 340
199 342
199 348
199 354
199 394
199 400
199 408
199 439
199 447
199 453
199 455
199 475
199 484
199 489
199 494
200 202
200 211
200 243
200 251
200 257
200 267
200 273
200 291
200 298
200 318
200 325
200 331
200 346
200 348
200 353
200 359
200 361
200 378
200 425
200 460
200 465
200 483
200 497
201 210
201 224
201 229
201 234
201 261
201 274
201 295
201 300
201 305
201 325
201 329
201 331
201 341
201 377
201 385
201 388
201 389
201 391
201 393
201 398
201 433
201 435
201 447
201 457
201 479
201 480
202 207
202 213
202 219
202 228
202 235
202 239
202 249
202 253
202 264
202 269
202 275
202 286
202 302
202 333
202 336
202 356
202 393
202 415
202 419
202 420
202 433
202 435
202 441
202 454
202 460
202 467
202 487
203 223
203 224
203 226
203 230
203 261
203 269
203 283
203 285
203 327
203 332
203 339
203 344
203 350
203 355
203 433
203 446
203 458
203 475
203 476
203 480
203 483
203 484
204 213
204 231
204 250
204 275
204 281
204 290
204 305
204 310
204 321
204 342
204 343
204 350
204 357
204 371
204 373
204 374
204 382
204 391
204 412
204 443
204 455
204 479
204 484
205 217
205 218
205 220
205 224
205 240
205 241
205 244
205 285
205 305
205 316
205 319
205 321
205 326
205 344
205 354
205 365
205 384
205 411
205 460
205 472
205 487
205 489
205 495
206 215
206 217
206 228
206 229
206 238
206 243
206 254
206 260
206 265
206 291
206 296
206 299
206 337
206 353
206 354
206 362
206 363
206 385
206 428
206 454
206 458
206 471
206 487
206 493
206 494
207 217
207 224
207 232
207 246
207 251
207 258
207 268
207 311
207 315
207 337
207 357
207 373
207 385
207 387
207 397
207 410
207 412
207 429
207 433
207 437
207 463
208 211
208 217
208 254
208 257
208 259
208 275
208 298
208 301
208 321
208 345
208 354
208 360
208 365
208 379
208 398
208 400
208 417
208 428
208 461
208 485
208 488
208 489
209 221
209 236
209 237
209 252
209 297
209 304
209 315
209 316
209 341
209 349
209 354
209 360
209 366
209 386
209 405
209 419
209 430
209 433
209 441
209 458
209 463
209 480
210 238
210 257
210 272
210 273
210 282
210 297
210 307
210 312
210 320
210 322
210 325
210 330
210 335
210 341
210 357
210 370
210 392
210 397
210 428
210 435
210 439
210 443
210 455
210 466
210 468
210 481
210 498
211 218
211 254
211 256
211 257
211 275
211 290
211 300
211 304
211 319
211 323
211 333
211 344
211 348
211 359
211 361
211 364
211 367
211 412
211 420
211 422
211 424
211 440
211 448
211 468
211 472
211 482
211 492
212 224
212 234
212 238
212 262
212 270
212 274
212 298
212 315
212 326
212 339
212 349
212 353
212 388
212 389
212 395
212 420
212 451
212 457
212 466
212 469
212 488
213 244
213 251
213 254
213 270
213 284
213 295
213 317
213 336
213 338
213 342
213 347
213 360
213 362
213 387
213 398
213 403
213 406
213 431
213 434
213 466
213 467
213 492
213 496
214 225
214 237
214 239
214 253
214 260
214 268
214 271
214 292
214 312
214 318
214 320
214 335
214 336
214 361
214 362
214 396
214 399
214 402
214 406
214 414
214 420
214 444
214 468
214 481
214 487
214 488
215 218
215 228
215 235
215 244
215 258
215 274
215 285
215 286
215 290
215 316
215 317
215 326
215 327
215 335
215 359
215 364
215 367
215 373
215 379
215 396
215 414
215 445
215 454
215 456
215 471
215 497
215 499
216 225
216 239
216 245
216 269
216 281
216 283
216 288
216 301
216 309
216 323
216 344
216 346
216 355
216 371
216 389
216 390
216 416
216 422
216 448
216 453
216 456
216 461
216 468
216 469
216 487
216 492
217 230
217 258
217 270
217 282
217 283
217 284
217 297
217 316
217 323
217 348
217 354
217 356
217 359
217 360
217 364
217 383
217 401
217 402
217 403
217 404
217 425
217 454
217 467
217 468
217 486
218 222
218 231
218 246
218 260
218 261
218 262
218 265
218 300
218 320
218 345
218 346
218 370
218 372
218 382
218 384
218 397
218 423
218 426
218 430
218 442
218 457
218 458
218 469
218 473
218 484
218 490
219 223
219 225
219 240
219 259
219 307
219 321
219 322
219 340
219 348
219 358
219 365
219 375
219 412
219 414
219 429
219 452
219 454
219 457
219 467
219 478
219 494
220 238
220 255
220 277
220 292
220 308
220 322
220 353
220 360
220 377
220 392
220 396
220 403
220 412
220 413
220 414
220 422
220 432
220 435
220 436
220 445
220 451
220 478
220 489
220 494
220 495
221 250
221 251
221 274
221 363
221 366
221 367
221 369
221 373
221 396
221 398
221 404
221 408
221 415
221 427
221 438
221 463
221 475
221 480
221 494
221 499
222 264
222 293
222 296
222 314
222 326
222 327
222 342
222 347
222 359
222 363
222 371
222 383
222 396
222 417
222 422
222 443
222 447
222 460
222 480
223 235
223 268
223 269
223 272
223 287
223 288
223 290
223 300
223 301
223 316
223 326
223 333
223 367
223 370
223 379
223 383
223 391
223 411
223 420
223 423
223 430
223 450
223 460
223 472
223 481
223 495
224 228
224 230
224 241
224 246
224 281
224 284
224 296
224 300
224 317
224 325
224 332
224 341
224 348
224 351
224 358
224 378
224 384
224 385
224 400
224 401
224 403
224 429
224 438
224 441
224 446
224 459
224 480
224 496
224 497
225 254
225 261
225 268
225 281
225 283
225 297
225 311
225 320
225 323
225 331
225 349
225 352
225 381
225 393
225 418
225 424
225 426
225 437
225 445
225 463
225 466
225 486
225 496
226 234
226 258
226 268
226 279
226 301
226 308
226 324
226 336
226 368
226 371
226 388
226 395
226 397
226 407
226 411
226 412
226 436
226 441
226 442
226 454
226 455
226 459
226 464
226 481
226 490
226 491
227 231
227 232
227 245
227 255
227 256
227 264
227 286
227 289
227 324
227 326
227 330
227 379
227 381
227 386
227 404
227 420
227 425
227 432
227 434
227 435
227 436
227 448
227 458
227 467
227 477
227 491
228 255
228 272
228 282
228 301
228 302
228 316
228 348
228 373
228 386
228 395
228 399
228 418
228 419
228 436
228 441
228 442
228 455
228 470
228 472
228 481
228 482
228 484
228 496
229 233
229 247
229 248
229 264
229 272
229 293
229 301
229 306
229 308
229 334
229 345
229 354
229 357
229 361
229 384
229 393
229 409
229 414
229 421
229 428
229 452
229 464
229 467
229 473
230 244
230 246
230 260
230 265
230 277
230 278
230 324
230 332
230 333
230 352
230 371
230 381
230 390
230 399
230 406
230 412
230 428
230 433
230 440
230 447
230 449
230 454
230 465
230 475
230 481
230 489
230 497
231 266
231 288
231 369
231 385
231 392
231 401
231 471
231 473
231 481
231 484
232 238
232 278
232 292
232 297
232 313
232 334
232 373
232 416
232 421
232 438
232 451
232 456
232 467
232 468
232 481
233 237
233 266
233 301
233 319
233 321
233 333
233 341
233 351
233 369
233 383
233 403
233 414
233 422
233 429
233 444
233 451
233 453
233 461
233 469
233 477
233 484
233 486
233 493
234 235
234 247
234 301
234 302
234 303
234 310
234 311
234 315
234 321
234 329
234 338
234 345
234 346
234 351
234 356
234 378
234 379
234 384
234 389
234 395
234 407
234 419
234 429
234 430
234 447
234 463
234 479
234 493
235 256
235 270
235 287
235 321
235 344
235 346
235 357
235 360
235 364
235 380
235 388
235 400
235 403
235 404
235 454
235 459
235 472
235 474
235 485
236 239
236 244
236 290
236 308
236 318
236 320
236 354
236 359
236 363
236 376
236 388
236 391
236 395
236 398
236 405
236 448
236 474
236 498
237 241
237 247
237 284
237 286
237 287
237 319
237 321
237 336
237 358
237 362
237 372
237 379
237 383
237 388
237 400
237 406
237 414
237 417
237 432
237 436
237 440
237 480
237 482
238 245
238 263
238 271
238 273
238 278
238 283
238 287
238 296
238 312
238 345
238 355
238 367
238 388
238 389
238 411
238 415
238 416
238 427
238 432
238 434
238 453
238 468
238 469
238 481
238 496
239 258
239 265
239 283
239 287
239 308
239 310
239 322
239 327
239 347
239 348
239 366
239 367
239 370
239 378
239 380
239 393
239 405
239 423
239 428
239 432
239 439
239 442
239 450
239 453
239 461
239 463
239 468
239 480
239 487
240 252
240 270
240 277
240 289
240 295
240 302
240 306
240 310
240 315
240 317
240 338
240 340
240 346
240 365
240 368
240 373
240 378
240 380
240 402
240 405
240 422
240 436
240 448
240 459
240 480
240 497
241 242
241 249
241 261
241 282
241 290
241 297
241 313
241 329
241 330
241 334
241 357
241 360
241 361
241 383
241 400
241 401
241 414
241 458
241 470
241 484
241 488
241 492
241 493
241 497
242 304
242 315
242 333
242 335
242 365
242 366
242 371
242 373
242 374
242 423
242 434
242 446
242 450
242 481
242 488
242 497
243 248
243 253
243 275
243 312
243 318
243 320
243 353
243 380
243 383
243 389
243 396
243 406
243 417
243 418
243 443
243 448
243 486
243 487
244 251
244 255
244 276
244 291
244 298
244 321
244 327
244 330
244 334
244 341
244 354
244 357
244 382
244 387
244 391
244 393
244 399
244 421
244 429
244 448
244 472
244 473
244 474
244 482
244 498
245 257
245 261
245 262
245 270
245 285
245 305
245 324
245 337
245 339
245 359
245 382
245 383
245 392
245 395
245 397
245 404
245 417
245 419
245 427
245 439
245 499
246 259
246 278
246 302
246 304
246 306
246 309
246 317
246 318
246 321
246 330
246 337
246 344
246 351
246 373
246 377
246 379
246 381
246 382
246 394
246 434
246 445
246 452
246 460
246 462
246 477
246 488
247 253
247 260
247 266
247 271
247 303
247 312
247 318
247 321
247 331
247 332
247 338
247 345
247 356
247 367
247 373
247 375
247 383
247 405
247 412
247 418
247 430
247 447
247 449
247 465
247 474
247 495
248 278
248 295
248 310
248 327
248 333
248 341
248 344
248 360
248 369
248 372
248 374
248 375
248 402
248 411
248 413
248 439
248 448
248 453
248 473
249 261
249 268
249 305
249 314
249 326
249 328
249 348
249 356
249 371
249 374
249 398
249 402
249 430
249 440
249 468
249 487
250 254
250 255
250 265
250 268
250 272
250 276
250 308
250 313
250 317
250 330
250 345
250 358
250 361
250 383
250 407
250 410
250 414
250 420
250 422
250 445
250 456
250 461
250 466
250 472
250 476
250 490
250 494
251 256
251 263
251 274
251 287
251 294
251 312
251 341
251 348
251 355
251 360
251 373
251 382
251 388
251 395
251 399
251 414
251 447
251 460
251 471
251 472
251 486
251 491
252 255
252 262
252 274
252 278
252 306
252 315
252 324
252 335
252 338
252 343
252 359
252 361
252 368
252 375
252 377
252 398
252 404
252 407
252 408
252 419
252 429
252 436
252 482
252 487
252 493
253 257
253 259
253 268
253 304
253 350
253 357
253 366
253 367
253 370
253 374
253 387
253 403
253 404
253 407
253 438
253 451
253 452
253 461
253 465
253 469
253 477
253 492
253 494
254 259
254 274
254 289
254 294
254 306
254 311
254 315
254 327
254 345
254 355
254 363
254 364
254 369
254 371
254 405
254 415
254 419
254 465
254 495
255 260
255 262
255 275
255 293
255 297
255 315
255 341
255 355
255 362
255 363
255 367
255 368
255 369
255 386
255 388
255 396
255 411
255 464
255 469
255 482
255 488
255 493
256 263
256 265
256 279
256 305
256 313
256 324
256 350
256 368
256 387
256 393
256 396
256 406
256 414
256 469
256 487
257 267
257 302
257 303
257 314
257 331
257 341
257 343
257 353
257 354
257 361
257 365
257 367
257 368
257 370
257 373
257 377
257 381
257 388
257 404
257 429
257 432
257 463
257 472
257 484
258 273
258 276
258 280
258 289
258 295
258 323
258 330
258 339
258 340
258 349
258 351
258 353
258 354
258 380
258 389
258 401
258 404
258 416
258 436
258 440
258 470
258 475
258 485
258 491
259 268
259 275
259 290
259 295
259 298
259 299
259 334
259 342
259 362
259 382
259 390
259 404
259 443
259 458
260 265
260 293
260 320
260 335
260 354
260 385
260 388
260 425
260 427
260 451
260 454
260 469
260 474
260 485
260 487
261 271
261 276
261 299
261 300
261 320
261 332
261 347
261 384
261 430
261 453
261 454
261 463
261 464
261 472
261 479
261 480
261 494
261 498
261 499
262 268
262 278
262 282
262 286
262 296
262 297
262 308
262 309
262 321
262 322
262 327
262 336
262 344
262 350
262 356
262 390
262 396
262 428
262 436
262 449
262 460
262 474
262 483
262 495
263 273
263 341
263 356
263 357
263 359
263 368
263 369
263 383
263 386
263 387
263 394
263 403
263 406
263 411
263 434
263 469
263 489
263 491
264 281
264 287
264 292
264 297
264 305
264 326
264 338
264 351
264 380
264 408
264 413
264 427
264 431
264 452
264 475
264 476
264 479
264 481
264 491
264 493
264 496
265 281
265 286
265 293
265 302
265 328
265 329
265 332
265 334
265 340
265 347
265 353
265 359
265 368
265 370
265 374
265 375
265 407
265 408
265 458
265 465
265 481
265 485
265 494
266 292
266 328
266 335
266 339
266 350
266 369
266 370
266 375
266 412
266 448
266 454
266 465
266 466
266 492
267 280
267 287
267 290
267 308
267 318
267 334
267 336
267 341
267 343
267 344
267 356
267 370
267 387
267 391
267 422
267 430
267 433
267 455
267 461
268 275
268 289
268 306
268 314
268 320
268 323
268 328
268 334
268 356
268 361
268 365
268 372
268 393
268 422
268 430
268 436
268 450
268 463
268 478
269 275
269 310
269 321
269 322
269 333
269 337
269 340
269 346
269 370
269 377
269 380
269 382
269 383
269 411
269 414
269 427
269 432
269 433
269 437
269 441
269 453
269 458
269 477
269 495
270 275
270 287
270 305
270 319
270 363
270 378
270 384
270 385
270 396
270 405
270 406
270 407
270 427
270 433
270 455
270 469
270 475
270 477
270 485
270 490
270 499
271 273
271 284
271 288
271 320
271 325
271 341
271 357
271 366
271 388
271 397
271 409
271 424
271 484
271 488
271 492
271 494
271 498
272 276
272 279
272 284
272 287
272 295
272 305
272 315
272 324
272 342
272 356
272 358
272 367
272 401
272 416
272 423
272 433
272 471
272 484
272 498
273 287
273 292
273 313
273 327
273 329
273 340
273 343
273 359
273 361
273 371
273 374
273 379
273 398
273 410
273 422
273 427
273 434
273 448
273 449
273 459
273 476
274 312
274 316
274 377
274 401
274 410
274 421
274 443
274 446
274 480
274 487
274 498
275 279
275 295
275 301
275 316
275 319
275 320
275 324
275 327
275 334
275 338
275 355
275 368
275 371
275 374
275 396
275 411
275 418
275 429
275 447
275 472
275 474
275 486
276 303
276 345
276 349
276 357
276 358
276 373
276 382
276 395
276 398
276 402
276 407
276 411
276 421
276 427
276 436
276 437
276 441
276 442
276 450
276 467
276 484
277 279
277 280
277 282
277 289
277 292
277 303
277 304
277 323
277 325
277 327
277 332
277 339
277 360
277 363
277 365
277 381
277 394
277 398
277 410
277 418
277 430
277 436
277 437
277 439
277 443
277 450
277 452
277 453
277 463
277 499
278 311
278 319
278 330
278 372
278 390
278 408
278 439
278 459
278 460
278 472
278 486
279 288
279 315
279 316
279 327
279 332
279 339
279 341
279 350
279 352
279 357
279 378
279 384
279 388
279 389
279 394
279 401
279 414
279 439
279 452
279 479
279 487
279 491
280 284
280 299
280 305
280 310
280 320
280 349
280 368
280 385
280 403
280 410
280 415
280 416
280 424
280 427
280 431
280 438
280 441
280 459
281 287
281 296
281 305
281 313
281 315
281 318
281 320
281 332
281 347
281 349
281 351
281 367
281 377
281 378
281 382
281 384
281 396
281 405
281 426
281 454
281 455
281 461
281 478
281 497
282 296
282 302
282 316
282 318
282 320
282 332
282 357
282 361
282 365
282 372
282 376
282 377
282 391
282 398
282 404
282 422
282 425
282 436
282 444
282 450
282 476
283 285
283 299
283 306
283 378
283 387
283 406
283 411
283 426
283 431
283 433
283 447
283 452
283 469
283 490
283 491
284 310
284 322
284 323
284 333
284 342
284 349
284 360
284 366
284 374
284 401
284 461
284 470
284 472
284 486
284 491
284 495
285 289
285 321
285 323
285 327
285 337
285 344
285 360
285 368
285 375
285 393
285 420
285 424
285 425
285 438
285 442
285 455
285 464
285 495
286 295
286 296
286 321
286 331
286 334
286 342
286 343
286 365
286 374
286 383
286 387
286 400
286 457
286 490
287 308
287 313
287 324
287 326
287 332
287 343
287 346
287 354
287 412
287 419
287 421
287 426
287 432
287 445
287 465
287 466
287 467
287 475
287 477
287 487
287 490
288 327
288 334
288 351
288 362
288 378
288 380
288 384
288 392
288 404
288 421
288 436
288 437
288 478
288 487
289 300
289 320
289 324
289 341
289 342
289 344
289 350
289 353
289 359
289 368
289 380
289 388
289 389
289 394
289 401
289 421
289 423
289 433
289 439
289 441
289 445
289 461
289 468
289 473
289 474
289 494
290 300
290 316
290 330
290 331
290 343
290 357
290 362
290 371
290 376
290 385
290 410
290 414
290 424
290 432
290 443
290 452
290 454
290 460
290 464
290 465
290 466
290 470
291 295
291 300
291 307
291 312
291 316
291 320
291 324
291 347
291 359
291 362
291 372
291 378
291 390
291 395
291 418
291 424
291 441
291 442
291 450
291 482
291 484
291 485
291 491
292 341
292 359
292 362
292 382
292 391
292 393
292 402
292 415
292 428
292 430
292 431
292 443
292 451
292 465
292 469
292 474
293 327
293 329
293 349
293 356
293 365
293 366
293 373
293 403
293 415
293 444
293 451
293 460
293 492
294 320
294 377
294 381
294 383
294 386
294 389
294 390
294 392
294 393
294 400
294 415
294 481
295 318
295 322
295 343
295 358
295 381
295 391
295 432
295 457
295 478
295 485
296 297
296 298
296 321
296 324
296 339
296 348
296 359
296 366
296 373
296 376
296 381
296 392
296 394
296 399
296 403
296 427
296 457
296 461
296 463
296 486
296 497
297 309
297 321
297 350
297 360
297 377
297 382
297 394
297 415
297 424
297 430
297 444
297 446
297 453
297 456
297 470
297 475
297 477
297 488
297 493
298 300
298 303
298 316
298 317
298 359
298 366
298 414
298 415
298 419
298 433
298 444
298 453
298 464
298 478
298 479
298 488
299 308
299 313
299 315
299 328
299 331
299 334
299 371
299 375
299 377
299 383
299 410
299 413
299 426
299 429
299 432
299 475
299 477
300 304
300 310
300 337
300 339
300 371
300 374
300 387
300 388
300 398
300 405
300 409
300 418
300 420
300 421
300 425
300 430
300 436
300 455
301 323
301 328
301 336
301 340
301 370
301 386
301 421
301 425
301 448
301 450
301 453
301 469
301 472
301 476
301 478
301 482
302 328
302 344
302 347
302 348
302 352
302 363
302 366
302 376
302 386
302 393
302 403
302 418
302 434
302 435
302 438
302 441
302 444
302 448
302 450
302 485
302 496
303 335
303 363
303 384
303 385
303 438
303 448
303 464
303 490
303 494
303 498
304 331
304 343
304 358
304 368
304 383
304 389
304 409
304 429
304 436
304 456
304 459
304 464
304 474
304 498
305 306
305 309
305 334
305 340
305 356
305 360
305 368
305 375
305 393
305 426
305 428
305 429
305 439
306 311
306 345
306 362
306 370
306 377
306 380
306 384
306 407
306 417
306 454
306 476
306 479
306 491
307 315
307 319
307 327
307 333
307 361
307 377
307 401
307 411
307 438
307 442
307 467
307 482
307 488
307 496
308 332
308 350
308 352
308 355
308 366
308 386
308 402
308 418
308 421
308 427
308 461
308 467
308 475
308 479
308 491
309 347
309 356
309 358
309 364
309 391
309 431
309 437
309 442
309 458
310 320
310 334
310 338
310 344
310 352
310 356
310 370
310 382
310 383
310 387
310 389
310 392
310 440
310 452
310 475
310 477
310 481
311 316
311 326
311 327
311 329
311 345
311 358
311 362
311 392
311 396
311 400
311 413
311 414
311 426
311 438
311 447
311 474
311 477
311 482
311 494
311 496
312 315
312 322
312 378
312 409
312 410
312 417
312 426
312 458
312 459
312 480
312 495
313 323
313 330
313 331
313 345
313 348
313 380
313 384
313 387
313 397
313 405
313 414
313 436
313 456
313 468
313 482
313 495
313 497
314 321
314 333
314 339
314 341
314 353
314 355
314 395
314 406
314 408
314 413
314 423
314 435
314 445
314 447
314 467
315 317
315 323
315 332
315 359
315 370
315 371
315 379
315 388
315 391
315 406
315 438
315 443
315 449
315 468
315 476
315 481
315 483
315 489
316 323
316 336
316 390
316 401
316 409
316 416
316 424
316 431
316 443
316 458
316 461
316 486
316 493
317 329
317 358
317 359
317 367
317 386
317 389
317 395
317 411
317 444
317 449
317 452
317 461
317 469
317 473
317 477
317 479
317 490
318 359
318 390
318 391
318 396
318 400
318 406
318 421
318 440
318 441
318 445
318 448
318 453
318 465
318 483
318 485
318 491
319 341
319 349
319 353
319 379
319 406
319 420
319 421
319 444
319 449
319 484
319 492
319 499
320 326
320 333
320 344
320 354
320 368
320 371
320 381
320 397
320 414
320 416
320 429
320 436
320 453
320 465
320 466
320 469
320 476
321 326
321 328
321 330
321 341
321 345
321 358
321 360
321 370
321 378
321 385
321 405
321 417
321 430
321 436
321 487
321 489
322 328
322 330
322 341
322 345
322 350
322 378
322 387
322 392
322 407
322 421
322 430
322 447
322 476
322 479
322 480
322 498
323 353
323 400
323 405
323 411
323 417
323 419
323 428
323 434
323 463
323 476
323 480
323 484
323 491
323 498
324 329
324 355
324 362
324 392
324 433
324 457
324 459
324 464
324 493
325 332
325 343
325 345
325 346
325 351
325 352
325 358
325 361
325 368
325 372
325 383
325 384
325 402
325 411
325 416
325 418
325 420
325 421
325 422
325 434
325 438
325 445
325 449
325 456
325 467
325 488
325 489
325 494
326 342
326 379
326 387
326 389
326 405
326 427
326 433
326 437
326 448
326 452
326 477
326 486
326 491
327 340
327 349
327 365
327 375
327 391
327 394
327 407
327 408
327 414
327 460
327 481
327 489
327 495
328 336
328 347
328 352
328 364
328 370
328 381
328 395
328 399
328 423
328 425
328 428
328 432
328 457
328 459
328 465
328 474
328 476
329 338
329 343
329 349
329 355
329 360
329 371
329 396
329 404
329 432
329 445
329 454
329 477
329 481
330 349
330 365
330 374
330 387
330 391
330 393
330 426
330 450
330 466
330 474
331 346
331 349
331 355
331 362
331 365
331 373
331 375
331 391
331 392
331 411
331 418
331 421
331 436
331 440
331 441
331 456
331 466
331 478
331 484
331 494
332 337
332 372
332 389
332 415
332 429
332 439
332 442
332 455
332 456
332 457
332 465
332 472
332 482
332 487
332 494
332 499
333 343
333 352
333 390
333 402
333 448
333 470
333 471
333 478
333 481
334 340
334 352
334 374
334 375
334 386
334 390
334 403
334 413
334 414
334 428
334 449
334 454
334 459
334 470
335 338
335 344
335 403
335 409
335 410
335 412
335 421
335 435
335 443
335 456
335 468
335 472
335 482
336 349
336 360
336 362
336 381
336 392
336 396
336 419
336 458
336 464
336 466
336 468
336 498
337 347
337 362
337 366
337 378
337 386
337 397
337 404
337 405
337 410
337 414
337 427
337 436
337 451
337 457
337 471
337 476
337 477
337 488
337 495
338 339
338 341
338 349
338 359
338 363
338 388
338 402
338 406
338 442
338 463
338 464
338 474
338 479
338 482
338 492
339 368
339 387
339 403
339 407
339 414
339 422
339 429
339 435
339 447
339 465
339 493
339 496
340 358
340 360
340 381
340 384
340 385
340 392
340 430
340 433
340 464
340 465
340 492
340 496
341 353
341 361
341 390
341 470
341 481
341 488
341 494
341 497
342 351
342 384
342 399
342 402
342 403
342 405
342 406
342 423
342 427
342 430
342 436
342 463
342 465
342 477
342 482
343 347
343 357
343 360
343 379
343 381
343 388
343 390
343 397
343 414
343 433
343 442
343 445
343 458
343 461
343 464
344 346
344 355
344 358
344 360
344 366
344 402
344 408
344 425
344 434
344 444
344 457
344 491
344 494
345 352
345 358
345 359
345 400
345 401
345 410
345 436
345 449
345 460
345 462
345 476
345 478
346 373
346 401
346 430
346 435
346 436
346 452
346 485
346 486
346 488
347 357
347 362
347 365
347 377
347 385
347 395
347 398
347 403
347 440
347 458
347 474
347 482
347 488
348 353
348 358
348 364
348 383
348 390
348 397
348 430
348 435
348 447
348 486
348 490
348 496
349 398
349 399
349 400
349 402
349 413
349 417
349 421
349 422
349 467
349 478
349 479
349 493
350 385
350 399
350 415
350 417
350 422
350 426
350 441
350 447
350 476
350 480
350 482
350 488
350 493
350 497
351 353
351 402
351 409
351 430
351 437
351 464
351 466
351 467
351 489
352 361
352 368
352 370
352 385
352 415
352 418
352 423
352 424
352 428
352 451
352 460
352 464
352 474
353 362
353 407
353 417
353 422
353 436
353 470
353 479
353 481
353 483
353 492
353 497
354 355
354 359
354 364
354 383
354 391
354 401
354 427
354 428
354 447
354 451
354 477
354 485
354 498
354 499
355 378
355 413
355 424
355 435
355 486
355 495
355 496
355 499
356 397
356 404
356 425
356 443
356 448
356 450
357 361
357 377
357 391
357 402
357 415
357 421
357 437
357 440
357 441
357 445
357 451
357 461
357 485
357 486
357 498
358 366
358 384
358 395
358 398
358 401
358 411
358 421
358 442
358 444
358 458
358 462
358 472
358 486
359 364
359 366
359 390
359 394
359 409
359 414
359 424
359 433
359 442
359 447
359 470
359 473
359 484
360 374
360 379
360 385
360 390
360 395
360 399
360 408
360 417
360 420
360 437
360 441
360 444
360 445
360 462
360 467
360 488
360 497
361 367
361 375
361 393
361 406
361 411
361 413
361 419
361 423
361 431
361 460
361 463
361 471
361 484
361 494
362 379
362 384
362 387
362 388
362 396
362 428
362 462
362 465
362 479
362 480
362 491
362 497
363 371
363 376
363 384
363 424
363 425
363 444
363 452
363 457
363 459
363 461
363 463
364 365
364 380
364 425
364 437
364 438
364 453
364 463
364 482
364 499
365 366
365 377
365 384
365 402
365 409
365 411
365 420
365 450
365 457
365 461
365 488
365 489
366 370
366 386
366 389
366 433
366 434
366 443
366 445
366 453
366 462
366 469
366 482
367 374
367 378
367 380
367 386
367 397
367 398
367 412
367 427
367 429
367 441
367 447
367 453
367 470
367 477
367 480
367 485
367 487
368 370
368 375
368 406
368 430
368 449
368 452
368 455
368 462
368 473
368 493
368 494
369 432
369 433
369 446
369 454
369 460
369 480
369 486
369 487
370 422
370 437
370 444
370 464
370 472
370 482
370 490
370 497
370 498
371 378
371 381
371 387
371 393
371 413
371 420
371 441
371 446
371 455
371 456
371 457
371 458
371 465
371 487
371 491
372 399
372 403
372 454
372 472
372 489
372 497
373 389
373 390
373 393
373 399
373 403
373 414
373 421
373 429
373 435
373 445
373 446
373 450
373 457
373 464
373 469
373 499
374 391
374 393
374 402
374 417
374 439
374 440
374 441
374 447
374 488
375 394
375 439
375 453
375 498
376 388
376 389
376 424
376 439
376 448
376 468
376 469
376 480
376 483
376 490
377 378
377 399
377 413
377 420
377 481
377 497
378 400
378 403
378 424
378 432
378 453
378 483
378 489
378 498
379 383
379 392
379 402
379 423
379 433
379 439
379 441
379 462
379 465
379 474
379 484
379 490
380 410
380 412
380 442
380 454
380 464
380 467
380 495
381 387
381 396
381 420
381 423
381 436
381 447
381 453
381 458
382 400
382 405
382 439
382 445
382 454
382 456
382 461
382 462
382 469
382 475
382 484
382 488
382 496
382 498
383 395
383 432
383 433
383 460
383 472
383 474
383 480
383 486
384 388
384 393
384 413
384 419
384 437
384 443
384 474
384 479
384 490
385 392
385 394
385 409
385 415
385 416
385 419
385 426
385 433
385 437
385 444
385 445
385 467
385 468
385 470
385 475
385 483
386 387
386 422
386 432
386 438
386 461
386 465
386 468
386 473
386 483
386 496
386 499
387 431
387 440
387 441
387 471
387 479
387 493
388 421
388 437
388 446
388 463
388 470
388 489
388 495
388 496
388 498
389 394
389 413
389 414
389 427
389 444
389 475
389 476
389 495
390 413
390 422
390 452
390 455
390 464
390 469
390 472
390 478
390 482
391 410
391 412
391 415
391 420
391 436
391 438
391 449
391 474
391 479
391 488
391 493
392 395
392 456
392 464
392 473
392 477
392 478
392 482
392 499
393 425
393 427
393 444
393 445
393 469
393 470
393 478
394 400
394 403
394 412
394 417
394 435
394 447
394 457
394 459
394 476
394 484
395 396
395 401
395 438
395 446
395 461
395 464
395 466
395 469
395 470
395 478
395 480
395 482
395 487
396 401
396 421
396 440
396 472
396 482
396 487
396 493
397 441
397 445
397 457
397 471
397 472
397 496
398 413
398 423
398 429
398 433
398 466
398 476
398 477
399 409
399 437
399 446
399 470
399 492
399 497
400 409
400 417
400 423
400 429
400 449
400 451
400 469
400 472
400 486
400 488
400 494
401 410
401 414
401 419
401 428
401 444
401 468
401 469
401 478
402 406
402 412
402 419
402 425
402 451
402 452
402 455
402 466
402 487
402 499
403 407
403 416
403 442
403 445
404 417
404 421
404 426
404 427
404 440
404 446
404 456
404 461
404 481
404 486
404 488
405 409
405 418
405 427
405 465
405 478
405 495
405 499
406 429
406 441
406 442
406 444
406 464
406 465
407 457
407 462
407 488
408 411
408 418
408 461
408 462
408 479
408 483
408 484
408 488
408 494
409 410
409 416
409 427
409 428
409 433
409 437
409 460
409 469
409 474
409 475
409 481
409 492
410 415
410 418
410 435
410 444
410 462
410 471
410 476
410 487
411 430
411 437
411 438
411 442
411 445
411 449
411 460
411 462
412 418
412 436
412 438
412 447
412 455
412 457
412 465
412 486
412 494
413 423
413 437
413 453
413 456
414 455
414 456
414 463
414 464
414 468
414 469
414 481
414 486
415 458
415 473
415 476
416 418
416 423
416 429
416 434
416 443
416 444
416 456
416 462
416 469
417 428
417 451
417 461
417 483
417 484
417 490
418 421
418 462
418 468
419 430
419 434
419 449
419 467
419 470
419 491
419 493
420 432
420 443
420 451
420 479
420 487
420 497
421 424
421 435
421 461
421 475
422 441
422 450
422 456
422 466
422 472
422 489
423 435
423 441
423 460
423 468
423 474
423 476
423 482
423 490
423 493
424 429
424 443
424 445
424 451
424 457
424 474
424 486
424 494
425 431
425 433
425 437
425 439
425 443
425 485
426 428
426 434
426 448
426 452
426 472
426 496
426 499
427 433
427 444
427 463
427 486
427 489
427 495
428 436
428 437
428 445
428 453
428 454
428 457
428 484
428 494
428 497
428 499
429 431
429 439
429 441
429 455
429 461
429 463
429 465
429 466
429 472
430 441
430 450
430 478
431 435
431 440
431 446
431 455
431 465
431 476
431 491
432 480
433 445
433 461
433 486
434 437
434 449
434 458
434 486
434 490
434 494
434 499
435 441
435 449
435 454
435 478
435 481
435 490
435 491
436 441
436 443
436 452
436 460
436 461
436 465
436 467
437 442
437 446
437 464
437 468
437 472
437 487
437 491
437 495
438 447
438 448
438 467
438 487
438 494
438 497
439 448
439 452
439 467
439 472
439 484
439 485
440 446
440 447
440 456
440 490
441 447
441 448
441 449
441 453
441 463
441 488
442 451
442 455
442 459
442 460
442 462
442 467
442 470
442 477
442 480
442 481
442 482
443 449
443 460
443 472
443 491
444 446
444 449
444 477
444 481
444 486
444 488
444 491
444 495
444 496
445 453
445 463
445 472
445 476
445 478
445 491
446 465
446 494
447 454
447 469
447 473
447 485
448 484
449 454
449 460
449 464
449 471
449 485
449 495
449 496
450 452
450 459
450 473
450 476
450 492
451 469
451 472
451 478
451 485
452 458
452 488
452 489
453 475
453 483
453 491
454 477
454 489
454 490
455 456
455 459
455 474
455 478
455 479
455 487
455 489
455 494
456 458
457 471
457 478
457 480
457 488
458 463
458 468
458 470
459 475
459 476
459 482
460 464
460 469
460 482
460 483
460 488
460 490
460 494
461 499
462 472
462 475
462 482
463 479
464 473
464 478
465 481
465 497
465 499
466 473
467 482
468 474
468 486
468 487
469 475
469 477
469 486
470 479
470 486
470 492
470 496
470 498
471 480
472 479
472 485
472 494
472 498
474 482
474 490
476 483
477 492
477 495
478 482
479 491
480 484
480 494
483 488
484 491
484 495
485 490
485 494
485 498
488 497
489 494
491 495
491 497
493 495
494 496
496 498
