100 235 0.8
0 5
0 27
0 31
0 35
0 50
0 69
1 63
1 67
2 5
2 15
2 18
2 62
2 65
2 78
3 10
3 35
3 38
3 73
3 82
3 98
4 11
4 25
4 54
4 64
4 92
4 96
5 26
6 17
6 19
6 54
6 83
7 40
7 68
7 69
7 76
7 78
7 79
8 54
8 75
9 44
9 76
10 27
10 32
10 39
10 51
10 58
10 69
10 79
10 99
11 49
11 74
11 96
12 15
12 65
12 76
13 33
13 63
13 74
13 85
13 87
14 15
14 20
14 58
15 19
15 52
15 56
15 73
15 75
15 92
15 95
16 63
16 69
16 72
16 81
17 41
17 67
17 87
17 92
17 96
17 98
18 32
18 42
18 46
18 52
19 32
19 39
19 44
19 73
20 26
20 83
20 87
21 30
21 32
21 65
21 94
22 33
22 59
22 61
22 79
23 26
23 81
24 39
24 64
24 82
25 30
25 46
25 54
25 57
25 69
25 71
26 28
26 56
26 97
27 90
28 51
28 54
28 55
28 67
28 78
28 82
28 88
28 96
29 56
30 52
30 91
31 33
32 61
32 86
32 92
33 35
34 37
34 42
34 46
34 57
34 70
34 71
34 93
34 94
35 36
35 54
35 76
36 41
36 58
36 67
36 80
37 64
37 65
37 78
37 80
37 87
37 88
38 56
40 61
40 88
41 43
41 58
41 92
42 52
42 69
42 86
42 98
43 58
43 76
45 53
45 58
45 97
46 59
46 75
47 81
47 82
47 91
47 94
48 54
48 76
49 54
50 88
51 64
52 55
52 63
52 95
52 99
53 65
54 63
54 96
55 59
55 62
55 82
55 95
56 92
56 94
57 82
59 70
59 82
59 93
60 81
60 86
61 62
61 70
61 89
62 85
63 75
64 71
64 75
65 66
65 67
66 84
68 87
68 90
68 93
68 97
69 72
69 73
71 78
71 81
72 73
72 75
72 81
76 79
77 86
77 87
80 97
81 87
82 89
83 99
84 86
84 88
84 94
85 96
86 96
87 90
87 92
87 95
90 94
91 94
91 98
