500 10008 0.5
0 7
0 10
0 21
0 53
0 67
0 71
0 74
0 84
0 89
0 93
0 103
0 121
0 148
0 151
0 163
0 206
0 209
0 213
0 220
0 227
0 237
0 256
0 262
0 279
0 308
0 311
0 349
0 350
0 359
0 393
0 398
0 413
0 419
0 435
0 437
0 439
0 461
1 12
1 16
1 20
1 36
1 46
1 56
1 60
1 67
1 73
1 84
1 95
1 130
1 132
1 156
1 160
1 162
1 199
1 222
1 231
1 233
1 236
1 241
1 269
1 274
1 278
1 279
1 282
1 294
1 300
1 303
1 305
1 312
1 321
1 333
1 345
1 347
1 354
1 373
1 374
1 379
1 383
1 385
1 390
1 407
1 457
2 8
2 12
2 29
2 49
2 59
2 77
2 89
2 94
2 133
2 144
2 168
2 173
2 177
2 195
2 196
2 206
2 213
2 217
2 218
2 220
2 232
2 266
2 267
2 269
2 272
2 274
2 284
2 298
2 303
2 322
2 340
2 368
2 383
2 387
2 395
2 428
2 437
2 439
2 459
2 461
2 470
2 471
2 489
2 490
2 492
3 9
3 18
3 23
3 27
3 32
3 35
3 48
3 62
3 63
3 86
3 102
3 105
3 136
3 150
3 154
3 167
3 177
3 178
3 186
3 187
3 188
3 199
3 202
3 210
3 211
3 226
3 230
3 301
3 309
3 315
3 318
3 323
3 340
3 349
3 359
3 369
3 372
3 384
3 385
3 386
3 390
3 392
3 395
3 401
3 405
3 407
3 421
3 433
3 445
3 450
3 453
3 462
3 464
3 479
3 487
4 13
4 26
4 34
4 36
4 46
4 62
4 84
4 111
4 116
4 152
4 155
4 198
4 217
4 245
4 261
4 270
4 288
4 291
4 321
4 322
4 328
4 332
4 334
4 335
4 349
4 374
4 384
4 390
4 395
4 418
4 422
4 451
4 457
5 35
5 36
5 37
5 40
5 48
5 49
5 52
5 69
5 74
5 82
5 85
5 93
5 103
5 136
5 141
5 158
5 159
5 164
5 170
5 194
5 196
5 205
5 209
5 210
5 212
5 214
5 215
5 218
5 224
5 227
5 231
5 254
5 258
5 278
5 284
5 302
5 306
5 310
5 315
5 318
5 323
5 329
5 336
5 339
5 340
5 394
5 404
5 418
5 423
5 432
5 456
5 461
5 474
5 476
5 478
6 40
6 76
6 97
6 138
6 161
6 172
6 183
6 192
6 199
6 213
6 244
6 246
6 248
6 249
6 267
6 279
6 301
6 323
6 324
6 333
6 384
6 400
6 418
6 421
6 431
6 449
6 452
6 460
6 463
6 466
6 499
7 9
7 70
7 98
7 114
7 137
7 151
7 162
7 167
7 193
7 206
7 208
7 215
7 223
7 228
7 230
7 240
7 259
7 260
7 268
7 275
7 306
7 316
7 318
7 331
7 335
7 340
7 355
7 356
7 370
7 411
7 424
7 441
7 453
7 465
7 466
7 470
7 476
7 485
7 495
8 13
8 19
8 25
8 41
8 45
8 59
8 94
8 111
8 112
8 153
8 167
8 168
8 174
8 177
8 193
8 215
8 229
8 230
8 237
8 255
8 271
8 272
8 310
8 329
8 336
8 340
8 352
8 376
8 391
8 407
8 412
8 414
8 417
8 428
8 443
8 450
8 454
8 492
8 496
9 78
9 88
9 112
9 116
9 132
9 165
9 182
9 190
9 216
9 221
9 255
9 257
9 265
9 266
9 270
9 291
9 299
9 301
9 303
9 315
9 351
9 358
9 374
9 376
9 413
9 416
9 418
9 421
9 432
9 438
9 454
9 492
10 16
10 20
10 47
10 56
10 57
10 71
10 81
10 92
10 123
10 129
10 133
10 156
10 177
10 203
10 208
10 217
10 224
10 294
10 300
10 332
10 334
10 337
10 346
10 368
10 377
10 385
10 395
10 423
10 430
10 431
10 449
10 485
10 490
11 14
11 34
11 44
11 48
11 58
11 62
11 68
11 71
11 87
11 99
11 111
11 112
11 117
11 121
11 160
11 175
11 235
11 245
11 253
11 271
11 286
11 305
11 307
11 324
11 361
11 371
11 392
11 395
11 401
11 467
11 478
11 483
11 492
12 15
12 24
12 58
12 70
12 94
12 112
12 128
12 148
12 155
12 169
12 174
12 184
12 191
12 200
12 202
12 214
12 230
12 253
12 260
12 294
12 300
12 307
12 330
12 359
12 363
12 365
12 379
12 388
12 395
12 414
12 420
12 421
12 422
12 478
12 494
13 29
13 33
13 38
13 56
13 62
13 88
13 133
13 147
13 150
13 169
13 179
13 196
13 202
13 233
13 239
13 250
13 255
13 291
13 295
13 314
13 326
13 328
13 352
13 354
13 399
13 434
13 466
13 467
13 482
13 488
13 491
13 492
13 499
14 15
14 51
14 63
14 79
14 82
14 118
14 135
14 177
14 189
14 191
14 214
14 251
14 254
14 256
14 287
14 298
14 304
14 306
14 313
14 332
14 333
14 349
14 362
14 369
14 382
14 420
14 435
14 478
14 493
15 28
15 71
15 74
15 75
15 80
15 82
15 121
15 151
15 176
15 190
15 202
15 204
15 206
15 218
15 219
15 229
15 253
15 260
15 271
15 295
15 296
15 299
15 307
15 311
15 315
15 316
15 326
15 334
15 342
15 347
15 352
15 360
15 364
15 370
15 375
15 379
15 394
15 415
15 431
15 433
15 435
15 436
15 437
15 445
15 448
15 459
15 467
15 476
15 488
16 24
16 43
16 53
16 55
16 69
16 78
16 83
16 86
16 131
16 133
16 137
16 169
16 198
16 210
16 217
16 225
16 228
16 240
16 242
16 251
16 275
16 283
16 296
16 318
16 324
16 325
16 359
16 396
16 398
16 413
16 438
16 439
16 443
16 445
16 460
16 469
16 481
16 498
17 48
17 61
17 64
17 70
17 81
17 111
17 123
17 128
17 157
17 164
17 165
17 182
17 189
17 214
17 219
17 269
17 277
17 293
17 299
17 309
17 313
17 341
17 366
17 374
17 385
17 398
17 410
17 422
17 439
17 459
17 466
17 473
17 491
17 499
18 25
18 58
18 62
18 63
18 70
18 85
18 100
18 114
18 127
18 132
18 162
18 163
18 165
18 175
18 186
18 190
18 196
18 202
18 211
18 217
18 222
18 228
18 231
18 238
18 240
18 245
18 247
18 249
18 266
18 291
18 299
18 302
18 303
18 308
18 329
18 349
18 353
18 385
18 388
18 402
18 438
18 444
18 455
18 464
18 470
18 472
18 474
18 480
18 485
19 41
19 48
19 59
19 61
19 67
19 79
19 84
19 99
19 103
19 121
19 126
19 131
19 147
19 154
19 157
19 166
19 191
19 198
19 199
19 212
19 221
19 223
19 239
19 246
19 289
19 295
19 336
19 346
19 351
19 358
19 374
19 387
19 389
19 423
19 433
19 438
19 441
19 442
19 443
19 445
19 449
19 454
19 458
19 477
19 479
19 485
20 26
20 36
20 64
20 67
20 71
20 73
20 78
20 92
20 123
20 151
20 152
20 182
20 186
20 188
20 243
20 252
20 277
20 280
20 305
20 315
20 324
20 325
20 347
20 349
20 371
20 375
20 376
20 384
20 396
20 398
20 399
20 401
20 425
20 431
20 446
20 464
20 469
20 479
20 495
21 34
21 38
21 44
21 46
21 54
21 57
21 64
21 69
21 97
21 99
21 122
21 135
21 143
21 144
21 148
21 198
21 224
21 225
21 228
21 232
21 240
21 251
21 263
21 281
21 291
21 314
21 336
21 339
21 342
21 346
21 373
21 374
21 378
21 379
21 404
21 420
21 466
21 472
21 473
21 487
21 494
21 499
22 31
22 39
22 50
22 71
22 75
22 89
22 99
22 116
22 124
22 142
22 152
22 167
22 172
22 185
22 187
22 203
22 205
22 208
22 209
22 228
22 233
22 244
22 245
22 247
22 252
22 296
22 312
22 317
22 347
22 361
22 372
22 391
22 393
22 402
22 462
22 469
22 488
22 495
23 26
23 28
23 54
23 65
23 91
23 102
23 122
23 146
23 149
23 153
23 177
23 185
23 192
23 193
23 195
23 196
23 216
23 260
23 296
23 307
23 317
23 333
23 336
23 348
23 368
23 373
23 375
23 388
23 399
23 434
23 444
23 449
23 459
23 492
24 35
24 84
24 91
24 103
24 110
24 111
24 130
24 141
24 153
24 154
24 155
24 160
24 185
24 187
24 202
24 224
24 225
24 248
24 291
24 311
24 316
24 319
24 329
24 330
24 342
24 343
24 383
24 389
24 406
24 428
24 431
24 433
24 460
24 461
24 469
24 472
25 33
25 37
25 43
25 63
25 67
25 71
25 89
25 94
25 111
25 131
25 142
25 150
25 224
25 230
25 231
25 235
25 246
25 247
25 264
25 267
25 273
25 282
25 320
25 331
25 338
25 369
25 382
25 396
25 418
25 446
25 475
25 477
25 489
26 32
26 44
26 56
26 93
26 102
26 103
26 118
26 144
26 145
26 151
26 152
26 164
26 195
26 204
26 245
26 252
26 268
26 290
26 315
26 350
26 357
26 391
26 396
26 414
26 433
26 451
26 493
27 33
27 34
27 46
27 47
27 50
27 81
27 86
27 92
27 93
27 132
27 136
27 147
27 156
27 158
27 166
27 170
27 171
27 175
27 185
27 201
27 220
27 222
27 226
27 240
27 242
27 267
27 268
27 275
27 280
27 287
27 290
27 306
27 308
27 314
27 317
27 319
27 324
27 346
27 348
27 353
27 357
27 369
27 398
27 402
27 412
27 415
27 418
27 420
27 429
27 436
27 450
27 455
27 482
27 484
27 490
28 36
28 62
28 77
28 106
28 119
28 156
28 158
28 196
28 205
28 229
28 258
28 273
28 280
28 290
28 295
28 306
28 328
28 338
28 355
28 359
28 393
28 394
28 395
28 401
28 410
28 413
28 448
28 459
28 463
28 465
28 490
28 493
29 39
29 47
29 57
29 67
29 73
29 74
29 77
29 95
29 97
29 107
29 119
29 120
29 142
29 153
29 165
29 180
29 190
29 196
29 199
29 203
29 214
29 232
29 241
29 264
29 299
29 304
29 311
29 332
29 337
29 390
29 408
29 420
29 421
29 449
29 461
29 473
29 481
29 485
29 490
29 498
30 38
30 52
30 73
30 77
30 89
30 90
30 94
30 95
30 121
30 139
30 170
30 172
30 189
30 217
30 228
30 236
30 249
30 250
30 254
30 258
30 265
30 270
30 286
30 293
30 297
30 300
30 312
30 330
30 333
30 343
30 354
30 370
30 377
30 395
30 405
30 413
30 417
30 449
30 450
30 459
30 460
30 471
30 499
31 37
31 39
31 54
31 64
31 72
31 78
31 80
31 105
31 110
31 129
31 130
31 149
31 158
31 169
31 172
31 183
31 205
31 228
31 250
31 256
31 259
31 265
31 270
31 285
31 287
31 297
31 321
31 359
31 360
31 382
31 385
31 388
31 389
31 395
31 411
31 429
31 451
31 452
31 485
32 35
32 42
32 50
32 95
32 99
32 105
32 108
32 141
32 154
32 159
32 205
32 206
32 212
32 263
32 283
32 288
32 296
32 316
32 321
32 340
32 363
32 369
32 385
32 388
32 401
32 417
32 422
32 428
32 431
32 471
32 476
32 496
33 37
33 42
33 44
33 58
33 83
33 96
33 98
33 127
33 142
33 148
33 153
33 172
33 177
33 184
33 186
33 203
33 229
33 234
33 245
33 249
33 299
33 315
33 316
33 321
33 324
33 332
33 336
33 352
33 387
33 403
33 412
33 416
33 425
33 438
33 470
33 486
34 41
34 43
34 54
34 63
34 73
34 80
34 88
34 90
34 93
34 99
34 115
34 122
34 124
34 127
34 150
34 152
34 160
34 162
34 167
34 180
34 190
34 200
34 221
34 226
34 247
34 262
34 263
34 296
34 298
34 309
34 310
34 339
34 340
34 366
34 371
34 391
34 392
34 399
34 402
34 407
34 409
34 447
34 463
35 54
35 63
35 75
35 80
35 84
35 108
35 136
35 140
35 149
35 170
35 179
35 196
35 198
35 202
35 227
35 228
35 231
35 235
35 242
35 246
35 252
35 260
35 281
35 288
35 298
35 306
35 311
35 316
35 317
35 340
35 368
35 370
35 379
35 448
35 449
35 450
35 453
35 462
35 463
35 470
35 486
36 74
36 78
36 83
36 103
36 162
36 168
36 174
36 188
36 197
36 198
36 204
36 226
36 233
36 243
36 250
36 257
36 273
36 274
36 306
36 351
36 373
36 403
36 405
36 430
36 450
36 455
36 459
36 461
36 478
36 483
36 488
36 492
36 494
37 43
37 45
37 50
37 54
37 75
37 83
37 90
37 95
37 104
37 120
37 128
37 137
37 147
37 148
37 151
37 153
37 172
37 173
37 174
37 183
37 187
37 202
37 214
37 226
37 228
37 230
37 231
37 239
37 253
37 258
37 267
37 268
37 271
37 277
37 285
37 303
37 307
37 310
37 313
37 340
37 370
37 378
37 386
37 422
37 423
37 436
37 446
37 451
37 458
37 466
37 479
38 43
38 64
38 65
38 66
38 69
38 72
38 79
38 81
38 87
38 99
38 102
38 113
38 127
38 132
38 137
38 139
38 145
38 146
38 156
38 161
38 170
38 198
38 207
38 212
38 216
38 217
38 233
38 274
38 285
38 301
38 309
38 317
38 338
38 366
38 368
38 401
38 403
38 409
38 446
38 460
38 461
39 53
39 54
39 69
39 81
39 96
39 121
39 142
39 157
39 165
39 167
39 174
39 187
39 205
39 277
39 286
39 333
39 364
39 388
39 394
39 401
39 424
39 436
39 442
39 466
39 472
39 473
39 480
39 490
40 65
40 96
40 104
40 106
40 116
40 118
40 128
40 166
40 180
40 196
40 215
40 222
40 224
40 228
40 240
40 281
40 289
40 291
40 294
40 299
40 309
40 317
40 326
40 334
40 336
40 381
40 391
40 409
40 434
40 445
40 460
40 463
40 473
41 45
41 58
41 87
41 89
41 96
41 107
41 110
41 133
41 166
41 176
41 201
41 215
41 223
41 225
41 256
41 257
41 262
41 266
41 272
41 274
41 276
41 280
41 286
41 295
41 296
41 301
41 309
41 312
41 344
41 346
41 358
41 364
41 369
41 385
41 403
41 423
41 441
41 463
41 477
41 485
41 494
42 48
42 52
42 58
42 59
42 73
42 98
42 100
42 105
42 117
42 139
42 144
42 149
42 167
42 201
42 202
42 209
42 210
42 215
42 219
42 220
42 222
42 223
42 252
42 257
42 262
42 274
42 296
42 299
42 304
42 311
42 316
42 336
42 386
42 410
42 429
42 431
42 440
42 441
42 451
42 486
43 51
43 58
43 65
43 66
43 70
43 71
43 74
43 83
43 104
43 117
43 124
43 129
43 135
43 139
43 158
43 161
43 196
43 201
43 216
43 219
43 228
43 256
43 281
43 286
43 312
43 313
43 318
43 342
43 354
43 357
43 375
43 399
43 406
43 407
43 446
43 473
43 477
43 483
43 489
44 62
44 72
44 91
44 136
44 158
44 160
44 165
44 184
44 193
44 201
44 233
44 265
44 270
44 279
44 284
44 318
44 369
44 382
44 386
44 387
44 397
44 404
44 407
44 431
44 445
44 447
44 459
44 460
44 462
44 487
44 489
44 495
44 498
45 67
45 82
45 88
45 133
45 137
45 141
45 143
45 159
45 160
45 173
45 200
45 203
45 215
45 230
45 258
45 286
45 301
45 313
45 348
45 367
45 373
45 391
45 396
45 412
45 437
45 446
45 460
45 485
45 486
45 488
45 494
45 498
46 49
46 88
46 134
46 155
46 162
46 163
46 166
46 169
46 170
46 171
46 222
46 248
46 312
46 328
46 332
46 334
46 337
46 345
46 346
46 354
46 355
46 366
46 383
46 386
46 407
46 417
46 421
46 443
46 447
46 465
46 477
47 49
47 64
47 66
47 75
47 86
47 117
47 118
47 146
47 155
47 180
47 194
47 222
47 247
47 264
47 285
47 291
47 332
47 358
47 359
47 365
47 390
47 392
47 397
47 446
47 455
47 460
47 474
47 484
47 491
48 63
48 76
48 95
48 107
48 108
48 126
48 127
48 144
48 179
48 189
48 191
48 198
48 233
48 240
48 284
48 287
48 296
48 306
48 315
48 319
48 333
48 338
48 340
48 348
48 357
48 370
48 393
48 405
48 425
48 439
48 449
48 450
48 452
48 456
48 479
48 499
49 75
49 87
49 92
49 119
49 138
49 145
49 146
49 148
49 160
49 170
49 179
49 191
49 197
49 229
49 243
49 255
49 264
49 265
49 286
49 292
49 325
49 343
49 363
49 379
49 385
49 393
49 415
49 436
49 442
49 459
49 461
49 471
49 478
49 489
50 57
50 58
50 95
50 96
50 110
50 141
50 164
50 168
50 196
50 214
50 235
50 245
50 253
50 257
50 262
50 277
50 300
50 328
50 337
50 338
50 346
50 357
50 368
50 419
50 461
50 465
50 481
50 495
50 499
51 77
51 91
51 96
51 97
51 117
51 120
51 136
51 150
51 157
51 158
51 168
51 180
51 187
51 201
51 202
51 209
51 224
51 240
51 248
51 256
51 266
51 281
51 297
51 310
51 312
51 322
51 338
51 358
51 362
51 365
51 368
51 403
51 409
51 411
51 412
51 452
51 459
51 465
51 490
52 53
52 69
52 73
52 83
52 88
52 89
52 99
52 119
52 138
52 143
52 147
52 164
52 169
52 227
52 234
52 247
52 250
52 256
52 278
52 312
52 350
52 358
52 365
52 387
52 389
52 398
52 421
52 422
52 428
52 433
52 481
52 482
52 484
52 490
52 494
52 498
53 60
53 62
53 68
53 78
53 92
53 115
53 127
53 162
53 169
53 194
53 195
53 208
53 224
53 244
53 262
53 276
53 309
53 348
53 359
53 374
53 384
53 393
53 403
53 433
53 444
53 449
53 455
53 459
54 96
54 98
54 104
54 135
54 180
54 193
54 208
54 209
54 224
54 230
54 241
54 246
54 261
54 275
54 279
54 311
54 312
54 330
54 356
54 362
54 363
54 389
54 395
54 396
54 438
54 469
54 471
54 472
54 476
54 480
54 488
54 498
55 82
55 88
55 89
55 95
55 115
55 125
55 130
55 141
55 166
55 169
55 171
55 176
55 263
55 264
55 272
55 304
55 319
55 359
55 365
55 371
55 417
55 433
55 435
55 467
55 483
55 485
56 60
56 66
56 79
56 99
56 105
56 110
56 116
56 117
56 145
56 153
56 161
56 162
56 172
56 179
56 181
56 193
56 210
56 216
56 225
56 229
56 239
56 241
56 261
56 265
56 283
56 316
56 317
56 326
56 331
56 336
56 348
56 360
56 383
56 385
56 391
56 395
56 404
56 413
56 434
56 437
56 448
56 481
56 482
56 485
57 87
57 122
57 140
57 164
57 165
57 178
57 214
57 217
57 221
57 223
57 225
57 233
57 271
57 286
57 293
57 310
57 342
57 347
57 351
57 356
57 359
57 364
57 365
57 384
57 396
57 426
57 442
57 445
57 449
57 462
57 473
57 478
57 498
58 60
58 74
58 86
58 87
58 88
58 109
58 128
58 149
58 198
58 204
58 211
58 218
58 229
58 244
58 266
58 267
58 270
58 284
58 313
58 394
58 417
58 428
58 439
58 441
58 454
58 472
58 485
59 70
59 73
59 74
59 98
59 104
59 123
59 124
59 140
59 178
59 200
59 201
59 213
59 214
59 215
59 216
59 223
59 231
59 235
59 264
59 266
59 271
59 296
59 332
59 335
59 345
59 387
59 398
59 401
59 416
59 427
59 442
59 443
59 447
59 450
59 451
59 454
59 458
59 467
59 472
59 481
60 71
60 89
60 109
60 113
60 122
60 127
60 135
60 139
60 140
60 173
60 189
60 226
60 227
60 252
60 263
60 295
60 323
60 329
60 332
60 335
60 344
60 353
60 369
60 376
60 385
60 406
60 407
60 412
60 413
60 423
60 459
60 483
60 486
60 496
61 64
61 76
61 80
61 90
61 91
61 96
61 115
61 116
61 168
61 173
61 207
61 217
61 224
61 239
61 294
61 300
61 311
61 314
61 319
61 336
61 364
61 370
61 405
61 444
61 460
61 468
61 477
62 65
62 78
62 88
62 97
62 103
62 131
62 136
62 145
62 149
62 170
62 183
62 187
62 191
62 196
62 204
62 223
62 229
62 231
62 240
62 249
62 251
62 272
62 284
62 291
62 301
62 342
62 344
62 349
62 379
62 384
62 396
62 430
62 437
62 461
62 465
62 482
62 487
63 72
63 82
63 94
63 116
63 117
63 131
63 135
63 141
63 148
63 154
63 172
63 219
63 220
63 234
63 237
63 254
63 268
63 271
63 278
63 300
63 308
63 321
63 339
63 341
63 366
63 372
63 376
63 399
63 404
63 416
63 423
63 428
63 429
63 433
63 435
63 439
63 443
63 478
63 495
64 75
64 81
64 83
64 91
64 109
64 132
64 144
64 155
64 176
64 205
64 209
64 211
64 218
64 221
64 228
64 246
64 255
64 267
64 274
64 290
64 292
64 296
64 321
64 333
64 338
64 345
64 349
64 357
64 391
64 402
64 422
64 424
64 437
64 445
64 450
64 455
64 464
64 489
64 498
65 70
65 77
65 84
65 99
65 100
65 109
65 133
65 138
65 145
65 149
65 153
65 191
65 192
65 195
65 199
65 208
65 247
65 252
65 270
65 284
65 300
65 301
65 316
65 336
65 337
65 345
65 351
65 357
65 380
65 387
65 412
65 419
65 425
65 440
65 465
65 490
65 491
65 496
66 68
66 92
66 102
66 113
66 116
66 119
66 153
66 166
66 168
66 188
66 189
66 202
66 210
66 228
66 234
66 242
66 259
66 260
66 266
66 292
66 293
66 307
66 326
66 337
66 350
66 364
66 372
66 398
66 414
66 474
66 499
67 93
67 95
67 97
67 117
67 121
67 124
67 133
67 158
67 167
67 184
67 188
67 201
67 217
67 248
67 251
67 280
67 317
67 332
67 345
67 351
67 366
67 369
67 383
67 407
67 408
67 415
67 416
67 417
67 451
67 470
67 492
67 497
68 93
68 101
68 131
68 147
68 174
68 181
68 191
68 192
68 202
68 211
68 223
68 280
68 293
68 334
68 372
68 396
68 400
68 410
68 428
68 438
68 449
68 464
68 473
68 479
68 494
69 73
69 82
69 89
69 121
69 123
69 133
69 147
69 161
69 163
69 166
69 173
69 210
69 214
69 236
69 246
69 250
69 252
69 276
69 291
69 326
69 337
69 348
69 361
69 369
69 378
69 388
69 391
69 410
69 418
69 419
69 420
69 425
69 444
69 447
69 456
69 493
70 71
70 104
70 111
70 116
70 118
70 119
70 147
70 156
70 176
70 183
70 186
70 191
70 194
70 202
70 203
70 209
70 212
70 240
70 258
70 263
70 283
70 284
70 287
70 288
70 293
70 295
70 324
70 337
70 338
70 375
70 382
70 403
70 425
70 436
70 439
70 469
70 474
70 485
70 492
71 75
71 76
71 126
71 129
71 135
71 146
71 147
71 149
71 160
71 166
71 206
71 235
71 239
71 246
71 251
71 260
71 268
71 282
71 294
71 310
71 317
71 367
71 369
71 371
71 374
71 381
71 385
71 399
71 402
71 414
71 443
71 457
71 479
71 495
72 82
72 95
72 107
72 113
72 116
72 127
72 143
72 151
72 168
72 171
72 190
72 194
72 205
72 212
72 213
72 216
72 227
72 243
72 284
72 313
72 344
72 347
72 354
72 369
72 374
72 390
72 399
72 413
72 441
72 442
72 444
72 465
72 478
72 479
72 485
73 89
73 105
73 134
73 135
73 142
73 159
73 171
73 180
73 187
73 189
73 198
73 240
73 257
73 258
73 280
73 286
73 290
73 299
73 304
73 306
73 320
73 339
73 344
73 351
73 353
73 364
73 402
73 413
73 414
73 419
73 421
73 433
73 437
73 444
73 480
73 481
73 485
74 77
74 80
74 87
74 97
74 104
74 114
74 115
74 174
74 194
74 197
74 203
74 204
74 219
74 224
74 230
74 234
74 247
74 257
74 263
74 274
74 279
74 287
74 290
74 297
74 309
74 330
74 331
74 344
74 345
74 346
74 361
74 366
74 409
74 415
74 423
74 424
74 435
74 442
74 447
74 449
74 450
74 458
74 480
74 482
74 486
74 493
74 497
75 93
75 100
75 109
75 120
75 123
75 148
75 205
75 249
75 255
75 258
75 273
75 278
75 285
75 288
75 295
75 314
75 320
75 339
75 346
75 347
75 367
75 386
75 396
75 416
75 422
75 423
75 425
75 438
75 456
75 467
75 486
76 82
76 92
76 97
76 100
76 101
76 102
76 106
76 122
76 126
76 139
76 162
76 191
76 193
76 198
76 233
76 236
76 238
76 282
76 308
76 317
76 322
76 333
76 334
76 336
76 360
76 366
76 372
76 376
76 402
76 417
76 425
76 438
76 439
76 442
76 456
76 462
76 463
76 465
76 480
76 481
76 487
76 499
77 101
77 112
77 124
77 140
77 142
77 152
77 156
77 176
77 182
77 183
77 191
77 196
77 209
77 212
77 215
77 217
77 227
77 241
77 244
77 251
77 255
77 259
77 267
77 270
77 287
77 289
77 290
77 308
77 314
77 340
77 367
77 387
77 405
77 408
77 432
77 442
77 444
77 448
77 455
77 460
77 472
77 478
77 493
78 79
78 102
78 109
78 128
78 134
78 161
78 164
78 180
78 193
78 196
78 206
78 222
78 230
78 241
78 249
78 266
78 296
78 306
78 313
78 326
78 339
78 343
78 367
78 371
78 385
78 390
78 407
78 415
78 432
78 447
78 454
78 461
78 469
78 474
78 477
78 485
79 80
79 116
79 147
79 148
79 162
79 165
79 180
79 185
79 219
79 230
79 240
79 273
79 281
79 289
79 331
79 337
79 386
79 391
79 401
79 451
79 455
79 461
79 470
79 480
79 495
79 498
80 114
80 117
80 130
80 143
80 147
80 150
80 153
80 165
80 169
80 188
80 213
80 225
80 230
80 236
80 241
80 252
80 260
80 263
80 265
80 268
80 283
80 288
80 290
80 321
80 323
80 324
80 344
80 359
80 363
80 364
80 372
80 373
80 390
80 394
80 417
80 418
80 433
80 441
80 447
80 453
80 455
80 470
80 473
81 85
81 97
81 104
81 121
81 129
81 146
81 161
81 179
81 225
81 234
81 247
81 266
81 269
81 270
81 272
81 277
81 282
81 290
81 296
81 304
81 319
81 328
81 349
81 368
81 370
81 374
81 376
81 382
81 397
81 405
81 410
81 413
81 421
81 423
81 428
81 431
81 434
81 439
81 442
81 458
81 460
81 497
82 85
82 102
82 113
82 130
82 151
82 153
82 173
82 175
82 205
82 228
82 238
82 242
82 255
82 256
82 262
82 265
82 275
82 290
82 293
82 307
82 309
82 314
82 318
82 319
82 326
82 327
82 330
82 332
82 338
82 339
82 340
82 352
82 358
82 363
82 398
82 420
82 422
82 426
82 433
82 443
82 447
82 448
82 454
82 471
82 490
82 491
83 86
83 106
83 131
83 146
83 164
83 190
83 206
83 208
83 232
83 255
83 296
83 304
83 330
83 338
83 350
83 366
83 373
83 375
83 391
83 407
83 429
83 455
83 462
83 481
83 498
84 96
84 113
84 146
84 147
84 156
84 164
84 179
84 189
84 200
84 218
84 219
84 237
84 239
84 254
84 266
84 302
84 319
84 349
84 370
84 427
84 434
84 438
84 457
84 463
84 464
84 482
85 99
85 100
85 108
85 118
85 148
85 150
85 156
85 163
85 172
85 183
85 219
85 222
85 228
85 234
85 238
85 247
85 255
85 274
85 292
85 304
85 328
85 337
85 339
85 347
85 351
85 352
85 355
85 367
85 383
85 392
85 400
85 419
85 431
85 440
85 451
85 459
85 480
85 482
85 498
86 88
86 110
86 121
86 129
86 138
86 160
86 174
86 202
86 237
86 270
86 287
86 309
86 318
86 319
86 322
86 334
86 347
86 355
86 357
86 365
86 388
86 411
86 428
86 431
86 432
86 434
86 444
86 454
86 461
86 471
86 472
86 483
86 489
86 499
87 107
87 109
87 131
87 133
87 146
87 161
87 163
87 189
87 190
87 204
87 212
87 224
87 283
87 302
87 303
87 311
87 316
87 361
87 406
87 411
87 419
87 445
87 449
87 479
87 491
87 497
88 105
88 115
88 143
88 163
88 164
88 182
88 185
88 188
88 198
88 204
88 231
88 238
88 265
88 279
88 319
88 322
88 324
88 332
88 363
88 368
88 391
88 418
88 471
88 477
89 99
89 100
89 110
89 115
89 121
89 139
89 152
89 169
89 192
89 195
89 249
89 275
89 288
89 290
89 302
89 304
89 311
89 335
89 342
89 362
89 366
89 377
89 391
89 396
89 406
89 408
89 432
89 435
89 439
89 444
89 459
89 464
89 465
89 468
89 482
90 148
90 186
90 193
90 195
90 202
90 208
90 214
90 217
90 228
90 232
90 253
90 285
90 291
90 305
90 316
90 366
90 371
90 379
90 380
90 382
90 386
90 389
90 416
90 418
90 421
90 422
90 434
90 448
90 461
90 483
90 486
90 496
90 498
91 107
91 116
91 123
91 135
91 183
91 187
91 193
91 195
91 202
91 229
91 240
91 251
91 259
91 268
91 285
91 299
91 303
91 328
91 356
91 365
91 369
91 398
91 415
91 451
91 467
91 474
91 481
92 114
92 131
92 140
92 142
92 156
92 165
92 168
92 181
92 184
92 205
92 207
92 230
92 240
92 246
92 258
92 262
92 266
92 278
92 285
92 317
92 318
92 320
92 329
92 341
92 355
92 363
92 368
92 371
92 373
92 384
92 386
92 404
92 409
92 428
92 429
92 444
92 457
92 458
92 466
92 467
92 473
92 477
93 97
93 107
93 109
93 116
93 122
93 132
93 136
93 140
93 161
93 163
93 172
93 182
93 188
93 194
93 210
93 218
93 249
93 258
93 262
93 266
93 282
93 285
93 290
93 315
93 336
93 359
93 380
93 385
93 398
93 400
93 407
93 425
93 432
93 433
93 455
93 461
93 462
93 473
93 479
93 484
94 115
94 136
94 143
94 153
94 158
94 171
94 173
94 185
94 188
94 189
94 191
94 192
94 195
94 221
94 223
94 230
94 235
94 240
94 245
94 250
94 287
94 296
94 301
94 339
94 340
94 343
94 363
94 366
94 371
94 375
94 384
94 390
94 399
94 418
94 430
94 440
94 446
94 452
94 456
94 467
95 102
95 106
95 115
95 130
95 160
95 178
95 179
95 182
95 194
95 197
95 199
95 201
95 216
95 224
95 229
95 244
95 250
95 252
95 256
95 272
95 279
95 286
95 311
95 312
95 327
95 330
95 383
95 389
95 434
95 461
95 466
95 468
95 482
96 97
96 112
96 117
96 129
96 133
96 154
96 157
96 161
96 183
96 188
96 192
96 193
96 206
96 207
96 227
96 263
96 271
96 282
96 305
96 309
96 328
96 347
96 349
96 356
96 366
96 380
96 382
96 402
96 408
96 415
96 420
96 428
96 449
96 456
96 480
96 481
96 490
97 100
97 123
97 204
97 215
97 222
97 237
97 243
97 246
97 251
97 255
97 282
97 315
97 327
97 349
97 358
97 363
97 415
97 417
97 419
97 422
97 424
97 440
97 442
97 468
97 491
97 498
98 104
98 128
98 154
98 162
98 175
98 179
98 184
98 199
98 201
98 203
98 233
98 234
98 241
98 259
98 262
98 277
98 284
98 288
98 290
98 304
98 315
98 381
98 382
98 409
98 427
98 428
98 437
98 461
98 463
98 467
98 473
99 108
99 143
99 148
99 149
99 150
99 154
99 179
99 208
99 212
99 213
99 218
99 224
99 229
99 272
99 315
99 334
99 336
99 349
99 359
99 392
99 410
99 420
99 424
99 466
99 467
99 470
99 474
99 475
99 478
99 480
99 486
100 107
100 111
100 114
100 125
100 130
100 135
100 150
100 152
100 160
100 164
100 165
100 179
100 219
100 234
100 244
100 254
100 258
100 279
100 298
100 315
100 317
100 326
100 330
100 344
100 347
100 377
100 434
100 447
100 461
100 464
100 469
101 139
101 142
101 183
101 185
101 186
101 188
101 198
101 203
101 206
101 216
101 241
101 251
101 254
101 269
101 270
101 274
101 277
101 309
101 310
101 312
101 316
101 322
101 374
101 389
101 401
101 431
101 447
101 467
101 470
101 476
101 482
101 496
102 123
102 132
102 143
102 164
102 183
102 225
102 238
102 244
102 257
102 271
102 278
102 284
102 303
102 308
102 310
102 313
102 315
102 339
102 357
102 365
102 367
102 390
102 400
102 416
102 429
102 438
102 457
102 465
102 468
102 470
102 481
102 482
103 108
103 122
103 132
103 159
103 164
103 173
103 186
103 189
103 192
103 229
103 235
103 263
103 265
103 279
103 289
103 303
103 305
103 313
103 315
103 344
103 362
103 391
103 394
103 397
103 423
103 432
103 453
103 455
103 459
103 480
103 495
104 108
104 114
104 119
104 121
104 136
104 150
104 162
104 172
104 173
104 184
104 193
104 194
104 200
104 215
104 218
104 222
104 224
104 245
104 248
104 257
104 260
104 263
104 283
104 293
104 330
104 402
104 426
104 427
104 430
104 431
104 447
104 465
104 467
104 468
104 474
104 478
104 498
104 499
105 140
105 147
105 160
105 174
105 177
105 178
105 209
105 215
105 232
105 285
105 301
105 316
105 330
105 337
105 346
105 407
105 428
105 434
105 450
105 464
105 470
106 108
106 109
106 135
106 160
106 164
106 170
106 199
106 203
106 260
106 274
106 287
106 296
106 300
106 318
106 328
106 336
106 340
106 362
106 376
106 389
106 393
106 394
106 407
106 420
106 426
106 432
106 457
106 467
106 474
106 493
106 496
107 124
107 164
107 166
107 178
107 197
107 200
107 210
107 211
107 215
107 224
107 236
107 257
107 259
107 294
107 305
107 308
107 318
107 324
107 349
107 359
107 371
107 384
107 394
107 411
107 457
107 463
107 473
107 485
108 130
108 145
108 205
108 210
108 214
108 222
108 242
108 256
108 260
108 278
108 288
108 290
108 315
108 319
108 324
108 339
108 341
108 349
108 368
108 380
108 383
108 384
108 406
108 417
108 423
108 444
108 451
108 456
108 465
108 469
108 482
108 491
109 117
109 132
109 154
109 157
109 163
109 179
109 182
109 201
109 202
109 238
109 256
109 281
109 284
109 300
109 314
109 318
109 330
109 331
109 344
109 353
109 365
109 385
109 415
109 430
109 438
109 441
109 445
109 460
109 472
109 477
110 131
110 141
110 152
110 157
110 170
110 172
110 206
110 209
110 217
110 226
110 237
110 238
110 247
110 270
110 274
110 291
110 295
110 298
110 304
110 307
110 319
110 325
110 349
110 357
110 359
110 367
110 400
110 404
110 415
110 451
110 457
110 469
110 478
111 112
111 138
111 143
111 159
111 171
111 190
111 198
111 211
111 230
111 236
111 244
111 264
111 265
111 279
111 290
111 293
111 343
111 351
111 359
111 361
111 363
111 367
111 376
111 382
111 400
111 406
111 428
111 429
111 432
111 435
111 478
111 484
112 119
112 124
112 130
112 139
112 151
112 156
112 180
112 216
112 221
112 242
112 247
112 248
112 254
112 257
112 276
112 279
112 283
112 298
112 344
112 381
112 390
112 394
112 404
112 416
112 420
112 421
112 426
112 446
112 468
112 478
112 486
112 489
113 119
113 123
113 139
113 172
113 175
113 184
113 201
113 208
113 209
113 224
113 227
113 234
113 237
113 281
113 299
113 301
113 322
113 332
113 335
113 356
113 359
113 364
113 396
113 424
113 440
113 445
113 455
113 462
113 467
114 132
114 183
114 186
114 202
114 207
114 208
114 223
114 241
114 250
114 253
114 261
114 282
114 298
114 309
114 311
114 347
114 357
114 359
114 364
114 368
114 372
114 378
114 394
114 397
114 400
114 408
114 433
114 439
114 442
114 445
114 452
114 458
114 461
114 463
114 487
114 489
115 129
115 131
115 138
115 151
115 156
115 176
115 177
115 193
115 209
115 210
115 215
115 230
115 233
115 238
115 247
115 275
115 276
115 299
115 301
115 306
115 326
115 331
115 338
115 346
115 370
115 440
115 462
115 466
115 482
115 494
116 134
116 178
116 187
116 201
116 220
116 224
116 237
116 243
116 266
116 272
116 276
116 278
116 300
116 314
116 323
116 324
116 346
116 362
116 388
116 391
116 394
116 447
116 458
116 460
116 463
116 472
116 475
117 154
117 178
117 183
117 193
117 197
117 212
117 214
117 227
117 237
117 239
117 248
117 259
117 284
117 305
117 311
117 312
117 325
117 327
117 328
117 339
117 369
117 370
117 430
117 440
117 453
117 478
117 490
118 120
118 121
118 130
118 132
118 137
118 149
118 157
118 161
118 182
118 200
118 204
118 207
118 210
118 213
118 226
118 228
118 252
118 253
118 254
118 284
118 302
118 316
118 318
118 324
118 326
118 354
118 395
118 410
118 416
118 455
118 458
118 469
118 484
119 140
119 141
119 155
119 158
119 181
119 183
119 203
119 208
119 234
119 240
119 266
119 280
119 299
119 313
119 316
119 331
119 364
119 367
119 394
119 395
119 415
119 449
119 457
119 459
119 462
119 465
119 468
119 472
119 473
119 486
119 487
119 499
120 145
120 149
120 164
120 165
120 172
120 179
120 184
120 219
120 234
120 235
120 253
120 258
120 279
120 300
120 305
120 307
120 309
120 317
120 334
120 339
120 343
120 352
120 353
120 360
120 368
120 382
120 393
120 423
120 430
120 452
120 456
120 458
120 466
120 471
120 480
120 487
120 494
121 128
121 145
121 158
121 161
121 165
121 188
121 228
121 238
121 260
121 269
121 280
121 297
121 309
121 310
121 331
121 333
121 354
121 376
121 377
121 380
121 388
121 405
121 406
121 422
121 427
121 431
121 440
121 449
121 457
121 472
121 495
122 123
122 134
122 136
122 140
122 144
122 152
122 174
122 196
122 217
122 234
122 247
122 256
122 257
122 267
122 283
122 301
122 308
122 312
122 337
122 346
122 354
122 366
122 396
122 418
122 423
122 428
122 431
122 465
122 477
122 479
122 483
122 494
123 146
123 167
123 168
123 170
123 187
123 194
123 198
123 205
123 208
123 214
123 219
123 220
123 221
123 242
123 255
123 259
123 260
123 269
123 307
123 313
123 325
123 338
123 356
123 357
123 367
123 394
123 395
123 400
123 405
123 410
123 424
123 425
123 444
123 454
123 456
123 466
123 484
123 491
124 131
124 241
124 252
124 259
124 272
124 281
124 295
124 303
124 326
124 330
124 363
124 402
124 407
124 414
124 445
124 461
124 470
125 142
125 148
125 161
125 162
125 166
125 186
125 187
125 191
125 195
125 198
125 201
125 202
125 214
125 243
125 245
125 257
125 302
125 310
125 314
125 345
125 352
125 362
125 383
125 394
125 400
125 415
125 429
125 435
125 461
125 467
125 469
125 473
125 480
125 485
126 138
126 140
126 167
126 174
126 182
126 205
126 237
126 243
126 290
126 298
126 326
126 328
126 333
126 341
126 355
126 367
126 406
126 415
126 439
126 442
126 444
126 451
126 454
126 473
126 476
126 486
127 129
127 153
127 154
127 155
127 166
127 168
127 169
127 180
127 198
127 207
127 208
127 212
127 224
127 242
127 250
127 252
127 259
127 269
127 273
127 277
127 292
127 304
127 305
127 307
127 308
127 325
127 326
127 327
127 349
127 372
127 374
127 394
127 432
127 440
127 442
127 478
127 492
128 151
128 153
128 157
128 178
128 190
128 194
128 216
128 221
128 231
128 242
128 256
128 257
128 269
128 300
128 332
128 336
128 347
128 353
128 354
128 359
128 374
128 400
128 410
128 414
128 426
128 483
128 486
129 141
129 163
129 170
129 174
129 195
129 196
129 203
129 204
129 209
129 214
129 244
129 254
129 269
129 271
129 288
129 296
129 297
129 319
129 329
129 368
129 370
129 395
129 399
129 411
129 413
129 414
129 438
129 488
129 490
130 132
130 150
130 186
130 209
130 219
130 253
130 259
130 271
130 273
130 315
130 336
130 337
130 338
130 345
130 348
130 361
130 370
130 371
130 377
130 405
130 424
130 434
130 436
130 459
130 463
130 475
130 479
131 133
131 148
131 156
131 166
131 169
131 173
131 187
131 197
131 210
131 212
131 259
131 267
131 291
131 299
131 301
131 318
131 364
131 365
131 375
131 390
131 391
131 393
131 401
131 403
131 406
131 410
131 416
131 420
131 432
131 455
131 456
131 465
131 474
132 142
132 156
132 166
132 167
132 173
132 175
132 181
132 188
132 191
132 194
132 199
132 204
132 210
132 217
132 223
132 229
132 241
132 244
132 262
132 277
132 304
132 316
132 320
132 346
132 350
132 368
132 387
132 393
132 402
132 406
132 410
132 413
132 414
132 428
132 437
132 439
132 457
132 464
132 468
132 481
132 490
132 499
133 162
133 164
133 195
133 198
133 223
133 232
133 252
133 253
133 266
133 277
133 279
133 291
133 293
133 303
133 318
133 320
133 324
133 380
133 382
133 393
133 404
133 406
133 434
133 438
133 462
133 470
133 475
134 167
134 171
134 198
134 211
134 230
134 234
134 240
134 241
134 262
134 264
134 268
134 276
134 279
134 286
134 290
134 295
134 337
134 347
134 348
134 367
134 376
134 387
134 397
134 417
134 422
134 451
134 461
134 463
134 467
134 471
134 496
135 152
135 157
135 183
135 205
135 214
135 224
135 293
135 306
135 322
135 329
135 338
135 339
135 348
135 356
135 361
135 367
135 370
135 382
135 395
135 404
135 436
135 463
135 489
135 491
136 142
136 165
136 181
136 183
136 199
136 201
136 224
136 230
136 246
136 252
136 254
136 258
136 265
136 268
136 269
136 272
136 278
136 304
136 318
136 320
136 338
136 350
136 356
136 361
136 364
136 378
136 380
136 400
136 401
136 407
136 412
136 416
136 417
136 430
136 439
136 447
136 453
136 463
136 471
136 474
136 485
137 142
137 148
137 155
137 190
137 232
137 234
137 241
137 285
137 293
137 301
137 324
137 351
137 358
137 376
137 393
137 407
137 412
137 424
137 430
137 460
137 489
137 491
138 140
138 154
138 166
138 171
138 181
138 195
138 232
138 235
138 252
138 253
138 295
138 308
138 311
138 321
138 325
138 356
138 358
138 365
138 368
138 371
138 376
138 408
138 416
138 417
138 428
138 479
138 498
139 163
139 170
139 180
139 181
139 183
139 187
139 210
139 237
139 247
139 257
139 265
139 272
139 289
139 290
139 296
139 317
139 320
139 325
139 326
139 347
139 353
139 362
139 375
139 406
139 435
139 443
139 476
139 478
139 497
140 152
140 159
140 162
140 178
140 195
140 197
140 202
140 224
140 231
140 234
140 245
140 256
140 265
140 275
140 278
140 284
140 292
140 306
140 315
140 322
140 365
140 374
140 383
140 386
140 387
140 392
140 413
140 431
140 443
140 446
140 454
140 458
140 466
140 469
141 164
141 168
141 240
141 248
141 252
141 257
141 259
141 274
141 287
141 288
141 289
141 297
141 299
141 311
141 323
141 324
141 329
141 346
141 348
141 364
141 369
141 376
141 392
141 400
141 406
141 415
141 416
141 430
141 436
141 438
141 442
141 445
141 446
141 452
141 457
141 470
141 477
141 479
141 484
142 160
142 188
142 198
142 200
142 210
142 220
142 228
142 258
142 259
142 263
142 278
142 293
142 301
142 311
142 323
142 330
142 333
142 355
142 372
142 386
142 396
142 408
142 439
142 449
142 450
142 451
142 458
142 491
142 498
143 161
143 166
143 177
143 180
143 195
143 210
143 214
143 219
143 221
143 234
143 281
143 297
143 325
143 345
143 348
143 357
143 362
143 365
143 386
143 396
143 455
143 459
143 465
143 466
143 470
143 476
143 486
144 146
144 149
144 164
144 167
144 176
144 181
144 186
144 209
144 214
144 233
144 236
144 243
144 261
144 294
144 299
144 305
144 309
144 391
144 398
144 446
144 447
144 482
145 147
145 164
145 177
145 191
145 196
145 203
145 218
145 220
145 227
145 256
145 282
145 305
145 309
145 312
145 316
145 318
145 334
145 337
145 384
145 387
145 393
145 420
145 423
145 436
145 437
145 449
145 469
145 477
145 484
146 161
146 172
146 182
146 185
146 198
146 203
146 205
146 210
146 214
146 224
146 235
146 244
146 248
146 252
146 263
146 268
146 284
146 292
146 296
146 304
146 332
146 363
146 378
146 387
146 405
146 439
146 453
146 457
146 473
146 482
146 489
147 159
147 179
147 182
147 201
147 223
147 225
147 236
147 266
147 267
147 276
147 285
147 286
147 294
147 296
147 297
147 316
147 321
147 323
147 324
147 331
147 332
147 373
147 388
147 392
147 400
147 404
147 417
147 442
147 455
147 458
147 499
148 156
148 167
148 180
148 193
148 199
148 200
148 209
148 221
148 237
148 263
148 278
148 287
148 289
148 319
148 323
148 333
148 370
148 373
148 382
148 403
148 410
148 419
148 431
148 458
148 459
148 460
148 477
148 495
149 151
149 164
149 172
149 201
149 207
149 219
149 221
149 230
149 250
149 267
149 305
149 319
149 349
149 352
149 357
149 383
149 386
149 397
149 404
149 408
149 421
149 422
149 435
149 443
149 463
149 467
149 475
149 478
149 480
149 486
150 169
150 175
150 190
150 203
150 226
150 227
150 244
150 249
150 274
150 277
150 279
150 288
150 308
150 319
150 343
150 368
150 379
150 386
150 397
150 398
150 402
150 418
150 419
150 432
150 458
150 459
150 465
150 469
150 471
150 495
151 167
151 174
151 188
151 210
151 215
151 250
151 252
151 260
151 274
151 283
151 284
151 293
151 309
151 327
151 338
151 350
151 362
151 407
151 426
151 442
151 467
151 473
151 489
152 155
152 186
152 211
152 220
152 231
152 235
152 237
152 238
152 261
152 262
152 267
152 295
152 296
152 297
152 314
152 333
152 375
152 397
152 424
152 435
152 440
152 453
152 470
153 154
153 156
153 157
153 177
153 184
153 204
153 208
153 251
153 256
153 264
153 268
153 278
153 286
153 298
153 321
153 327
153 333
153 358
153 397
153 400
153 401
153 402
153 444
153 467
153 478
153 483
154 155
154 161
154 181
154 196
154 227
154 268
154 298
154 341
154 384
154 392
154 394
154 395
154 403
154 404
154 408
154 411
154 419
154 433
154 437
154 444
154 471
154 490
154 499
155 156
155 197
155 198
155 211
155 215
155 229
155 254
155 259
155 260
155 279
155 284
155 287
155 290
155 291
155 311
155 317
155 329
155 338
155 371
155 374
155 412
155 421
155 432
155 439
155 443
155 455
155 460
155 478
156 174
156 203
156 215
156 216
156 218
156 220
156 262
156 263
156 293
156 299
156 300
156 325
156 346
156 348
156 366
156 385
156 386
156 395
156 423
156 429
156 452
156 454
156 457
156 467
156 474
157 166
157 181
157 191
157 218
157 221
157 224
157 248
157 257
157 258
157 290
157 300
157 305
157 316
157 360
157 367
157 372
157 393
157 396
157 434
157 442
157 445
157 456
157 486
158 177
158 215
158 253
158 317
158 327
158 333
158 344
158 347
158 353
158 358
158 377
158 381
158 396
158 416
158 427
158 430
158 450
158 468
158 470
158 489
158 490
158 491
159 163
159 187
159 275
159 282
159 286
159 287
159 309
159 319
159 342
159 354
159 364
159 384
159 403
159 413
159 422
159 427
159 430
159 440
159 444
159 453
159 466
159 467
159 478
160 184
160 187
160 192
160 211
160 228
160 236
160 247
160 252
160 257
160 282
160 308
160 311
160 317
160 320
160 329
160 343
160 360
160 361
160 366
160 416
160 418
160 423
160 436
160 448
160 481
160 485
161 177
161 199
161 215
161 224
161 235
161 242
161 249
161 268
161 274
161 305
161 311
161 320
161 322
161 357
161 369
161 376
161 377
161 390
161 403
161 419
161 426
161 442
161 453
161 457
161 459
161 471
161 474
162 177
162 180
162 189
162 203
162 209
162 213
162 214
162 225
162 243
162 258
162 274
162 276
162 277
162 319
162 327
162 349
162 373
162 390
162 411
162 417
162 423
162 431
162 438
162 466
162 486
163 182
163 197
163 232
163 249
163 252
163 266
163 269
163 271
163 282
163 283
163 287
163 296
163 312
163 336
163 356
163 363
163 373
163 384
163 399
163 405
163 410
163 423
163 440
163 446
163 477
163 483
163 491
164 166
164 171
164 173
164 176
164 198
164 216
164 220
164 248
164 255
164 259
164 265
164 275
164 281
164 298
164 312
164 358
164 373
164 382
164 390
164 403
164 435
164 465
164 476
164 490
165 171
165 179
165 188
165 206
165 207
165 231
165 238
165 245
165 263
165 268
165 270
165 317
165 347
165 369
165 396
165 401
165 403
165 406
165 410
165 417
165 427
165 431
165 456
165 461
165 470
165 472
166 167
166 186
166 187
166 222
166 223
166 237
166 244
166 264
166 268
166 278
166 284
166 302
166 322
166 339
166 348
166 364
166 368
166 389
166 437
166 439
166 470
166 490
166 497
167 172
167 195
167 205
167 213
167 242
167 245
167 255
167 286
167 287
167 307
167 313
167 342
167 344
167 355
167 356
167 366
167 372
167 374
167 377
167 382
167 397
167 402
167 417
167 453
167 456
167 459
167 460
167 466
167 498
168 174
168 176
168 181
168 183
168 186
168 199
168 201
168 219
168 279
168 285
168 289
168 303
168 317
168 332
168 339
168 341
168 346
168 350
168 397
168 408
168 425
168 427
168 433
168 434
168 437
168 460
168 461
168 480
169 174
169 176
169 180
169 187
169 190
169 213
169 215
169 228
169 232
169 235
169 263
169 272
169 283
169 287
169 301
169 306
169 344
169 361
169 367
169 397
169 411
169 416
169 423
169 425
169 431
169 432
169 461
169 475
170 172
170 187
170 195
170 211
170 214
170 224
170 241
170 271
170 284
170 314
170 330
170 331
170 338
170 341
170 353
170 357
170 364
170 411
170 428
170 440
170 447
170 453
170 456
170 461
170 480
170 487
170 489
171 178
171 188
171 191
171 207
171 217
171 226
171 228
171 240
171 242
171 281
171 313
171 345
171 379
171 387
171 389
171 390
171 401
171 404
171 412
171 426
171 453
171 476
171 477
171 487
171 495
172 179
172 182
172 184
172 190
172 198
172 201
172 217
172 249
172 280
172 287
172 291
172 303
172 328
172 330
172 348
172 351
172 355
172 369
172 378
172 380
172 382
172 422
172 426
172 434
172 446
172 464
172 470
172 471
172 487
173 177
173 225
173 238
173 267
173 275
173 294
173 299
173 300
173 301
173 304
173 307
173 314
173 323
173 336
173 363
173 378
173 381
173 385
173 390
173 398
173 407
173 416
173 421
173 432
173 463
173 474
173 491
174 176
174 187
174 195
174 202
174 215
174 224
174 225
174 230
174 236
174 260
174 262
174 275
174 283
174 309
174 313
174 317
174 319
174 327
174 372
174 383
174 384
174 393
174 397
174 402
174 411
174 415
174 419
174 434
174 455
174 491
175 184
175 195
175 198
175 201
175 210
175 218
175 265
175 289
175 293
175 297
175 341
175 348
175 373
175 376
175 379
175 386
175 398
175 401
175 417
175 428
175 442
175 453
175 470
175 483
175 496
176 187
176 198
176 245
176 250
176 275
176 290
176 291
176 319
176 321
176 327
176 343
176 344
176 353
176 363
176 380
176 389
176 395
176 403
176 406
176 447
176 458
176 481
176 494
176 497
177 180
177 191
177 194
177 198
177 201
177 206
177 212
177 229
177 234
177 243
177 274
177 277
177 279
177 285
177 288
177 299
177 308
177 322
177 349
177 350
177 359
177 369
177 377
177 384
177 386
177 421
177 428
177 429
177 447
177 478
177 488
177 492
178 184
178 197
178 218
178 235
178 236
178 257
178 262
178 280
178 299
178 330
178 359
178 362
178 387
178 390
178 409
178 410
178 427
178 430
178 433
178 438
178 480
179 186
179 192
179 201
179 208
179 233
179 241
179 245
179 247
179 255
179 294
179 315
179 318
179 326
179 332
179 349
179 353
179 355
179 369
179 372
179 373
179 386
179 414
179 419
179 431
179 451
179 478
180 237
180 239
180 241
180 243
180 259
180 304
180 336
180 338
180 341
180 349
180 350
180 361
180 374
180 385
180 393
180 399
180 403
180 419
180 430
180 433
180 465
180 474
180 475
180 489
180 491
181 193
181 196
181 198
181 206
181 217
181 230
181 241
181 266
181 284
181 286
181 288
181 290
181 292
181 306
181 325
181 369
181 374
181 384
181 388
181 404
181 428
181 441
181 461
182 187
182 194
182 196
182 197
182 224
182 234
182 241
182 275
182 277
182 284
182 308
182 318
182 327
182 328
182 349
182 356
182 368
182 406
182 417
182 466
182 496
183 198
183 228
183 230
183 237
183 250
183 263
183 272
183 278
183 283
183 293
183 300
183 308
183 317
183 330
183 334
183 336
183 343
183 360
183 372
183 387
183 398
183 427
183 443
183 449
183 454
183 460
183 492
183 493
184 189
184 241
184 246
184 250
184 253
184 258
184 270
184 272
184 280
184 291
184 292
184 312
184 363
184 388
184 395
184 398
184 458
184 459
184 464
184 471
184 474
185 186
185 209
185 218
185 219
185 260
185 262
185 271
185 288
185 291
185 350
185 351
185 379
185 386
185 391
185 410
185 438
185 442
185 453
185 455
185 468
185 470
185 476
185 481
185 484
185 492
185 499
186 194
186 217
186 245
186 257
186 261
186 272
186 284
186 305
186 309
186 316
186 335
186 352
186 354
186 359
186 360
186 369
186 388
186 390
186 393
186 397
186 421
186 432
186 440
186 444
186 461
186 465
186 468
186 471
186 476
186 483
187 189
187 205
187 207
187 210
187 229
187 246
187 252
187 254
187 277
187 288
187 299
187 300
187 301
187 316
187 331
187 334
187 360
187 390
187 459
187 470
188 207
188 214
188 232
188 234
188 251
188 272
188 275
188 283
188 304
188 305
188 317
188 320
188 321
188 325
188 332
188 342
188 344
188 367
188 387
188 391
188 393
188 395
188 443
188 455
188 481
188 498
189 190
189 206
189 232
189 236
189 240
189 242
189 247
189 278
189 283
189 310
189 357
189 362
189 374
189 378
189 384
189 388
189 395
189 421
189 425
189 445
189 449
189 462
189 464
189 467
189 488
190 208
190 215
190 224
190 261
190 278
190 279
190 290
190 291
190 298
190 304
190 336
190 340
190 356
190 362
190 369
190 370
190 378
190 417
190 422
190 436
190 456
190 464
190 466
190 488
190 492
191 206
191 218
191 225
191 226
191 228
191 265
191 269
191 330
191 345
191 366
191 368
191 377
191 380
191 387
191 413
191 421
191 435
191 439
191 462
191 463
191 472
191 475
191 489
191 498
192 199
192 208
192 210
192 214
192 217
192 218
192 226
192 244
192 245
192 264
192 271
192 273
192 284
192 287
192 292
192 318
192 321
192 379
192 395
192 428
192 450
192 463
192 466
192 472
192 474
193 203
193 226
193 236
193 237
193 247
193 251
193 261
193 287
193 301
193 335
193 345
193 357
193 361
193 366
193 367
193 380
193 414
193 437
193 442
193 459
193 466
193 479
193 499
194 207
194 220
194 223
194 245
194 254
194 264
194 267
194 278
194 285
194 286
194 296
194 305
194 309
194 311
194 314
194 321
194 330
194 346
194 365
194 394
194 420
194 443
194 477
194 482
194 486
194 487
194 489
194 490
194 491
195 207
195 228
195 231
195 244
195 252
195 253
195 256
195 291
195 355
195 363
195 375
195 377
195 382
195 385
195 387
195 392
195 399
195 413
195 415
195 425
195 430
195 449
195 468
196 205
196 209
196 216
196 217
196 218
196 233
196 235
196 238
196 249
196 265
196 300
196 316
196 317
196 320
196 332
196 371
196 374
196 379
196 384
196 393
196 405
196 407
196 409
196 416
196 424
196 430
196 433
196 461
196 471
196 478
196 480
196 482
196 496
196 499
197 206
197 216
197 238
197 297
197 301
197 305
197 356
197 373
197 375
197 377
197 381
197 390
197 395
197 427
197 433
197 434
197 441
197 455
197 467
197 471
197 481
198 202
198 220
198 224
198 255
198 264
198 278
198 285
198 289
198 305
198 326
198 343
198 346
198 361
198 367
198 373
198 375
198 376
198 390
198 393
198 403
198 408
198 411
198 419
198 443
198 447
198 450
198 462
198 465
198 471
198 488
198 492
199 201
199 208
199 222
199 230
199 251
199 271
199 283
199 291
199 294
199 297
199 298
199 336
199 338
199 340
199 345
199 357
199 359
199 369
199 375
199 382
199 390
199 396
199 402
199 405
199 410
199 423
199 439
199 442
199 463
199 466
199 468
199 477
199 489
200 210
200 253
200 264
200 281
200 283
200 384
200 389
200 406
200 413
200 426
200 429
200 436
200 443
200 462
200 467
200 476
201 202
201 215
201 221
201 226
201 235
201 257
201 281
201 300
201 315
201 327
201 331
201 341
201 358
201 365
201 370
201 372
201 375
201 399
201 401
201 404
201 426
201 446
201 453
201 461
201 480
201 491
202 217
202 223
202 224
202 225
202 226
202 231
202 245
202 251
202 254
202 279
202 292
202 326
202 334
202 340
202 342
202 343
202 346
202 354
202 374
202 392
202 399
202 404
202 410
202 421
202 426
202 440
202 476
203 207
203 216
203 221
203 229
203 230
203 237
203 246
203 250
203 255
203 266
203 369
203 371
203 381
203 391
203 409
203 410
203 413
203 415
203 438
203 442
203 457
203 462
203 463
203 479
203 489
203 491
204 207
204 212
204 219
204 263
204 285
204 288
204 306
204 321
204 326
204 345
204 354
204 355
204 360
204 365
204 382
204 443
204 444
204 445
204 457
204 469
204 492
205 210
205 214
205 227
205 255
205 276
205 279
205 295
205 304
205 326
205 332
205 334
205 354
205 362
205 363
205 370
205 371
205 382
205 411
205 427
205 428
205 439
205 451
205 470
205 473
205 478
205 498
206 207
206 218
206 237
206 297
206 305
206 312
206 332
206 356
206 362
206 370
206 383
206 385
206 406
206 415
206 429
206 437
206 454
206 456
206 467
206 468
207 221
207 226
207 242
207 254
207 281
207 282
207 299
207 300
207 329
207 334
207 344
207 367
207 371
207 383
207 389
207 416
207 422
207 451
207 488
208 232
208 236
208 250
208 254
208 257
208 274
208 294
208 329
208 345
208 409
208 414
208 420
208 432
208 439
208 448
208 457
208 461
208 494
208 499
209 210
209 231
209 233
209 235
209 237
209 238
209 241
209 246
209 262
209 282
209 284
209 289
209 314
209 333
209 336
209 341
209 344
209 357
209 358
209 362
209 363
209 390
209 402
209 413
209 415
209 427
209 431
209 442
209 447
209 466
209 467
209 497
210 218
210 226
210 267
210 269
210 272
210 274
210 290
210 305
210 312
210 316
210 321
210 325
210 327
210 336
210 345
210 366
210 433
210 457
210 466
210 477
210 493
210 495
210 496
211 214
211 252
211 258
211 269
211 271
211 277
211 291
211 293
211 298
211 302
211 305
211 314
211 315
211 345
211 375
211 376
211 379
211 390
211 395
211 399
211 410
211 423
211 442
211 451
211 464
211 469
211 492
212 227
212 263
212 275
212 282
212 290
212 291
212 307
212 311
212 323
212 330
212 334
212 405
212 430
212 438
212 440
212 463
212 467
212 477
213 216
213 224
213 230
213 247
213 268
213 273
213 275
213 279
213 299
213 302
213 316
213 320
213 337
213 338
213 342
213 345
213 348
213 350
213 357
213 361
213 363
213 364
213 377
213 380
213 404
213 414
213 440
213 450
213 454
213 457
213 471
213 481
214 216
214 230
214 254
214 258
214 268
214 281
214 290
214 301
214 308
214 320
214 323
214 328
214 352
214 362
214 365
214 372
214 374
214 388
214 393
214 400
214 411
214 415
214 461
214 471
214 483
214 492
214 497
215 221
215 245
215 250
215 254
215 263
215 269
215 284
215 288
215 317
215 343
215 352
215 354
215 374
215 402
215 412
215 416
215 420
215 427
215 433
215 440
215 444
215 452
215 455
215 471
215 492
216 227
216 239
216 246
216 255
216 256
216 279
216 289
216 299
216 304
216 330
216 351
216 383
216 393
216 415
216 418
216 428
216 432
216 446
216 474
216 480
216 499
217 233
217 239
217 290
217 292
217 299
217 318
217 319
217 320
217 329
217 333
217 351
217 377
217 378
217 380
217 404
217 416
217 429
217 459
217 461
217 476
217 497
218 235
218 259
218 305
218 326
218 337
218 341
218 357
218 381
218 389
218 403
218 411
218 416
218 421
219 220
219 222
219 249
219 259
219 278
219 286
219 288
219 297
219 298
219 299
219 302
219 332
219 339
219 344
219 354
219 365
219 379
219 406
219 420
219 465
219 468
219 495
220 241
220 248
220 257
220 274
220 275
220 296
220 305
220 306
220 334
220 337
220 355
220 357
220 361
220 362
220 370
220 384
220 415
220 453
220 476
220 480
220 498
221 230
221 254
221 255
221 257
221 267
221 269
221 291
221 304
221 316
221 320
221 328
221 329
221 331
221 336
221 337
221 341
221 409
221 410
221 414
221 424
221 425
221 430
221 454
221 464
221 471
221 487
221 490
221 492
222 223
222 235
222 241
222 242
222 245
222 248
222 260
222 262
222 275
222 277
222 278
222 280
222 284
222 288
222 303
222 310
222 328
222 343
222 359
222 360
222 377
222 414
222 424
222 494
223 224
223 259
223 306
223 312
223 366
223 385
223 403
223 433
223 435
223 436
223 437
223 438
223 456
223 468
223 471
223 481
223 488
224 225
224 235
224 238
224 309
224 316
224 318
224 321
224 340
224 369
224 379
224 406
224 430
224 432
224 435
224 453
224 455
224 467
224 488
224 489
225 256
225 266
225 271
225 278
225 287
225 297
225 301
225 338
225 385
225 387
225 394
225 407
225 444
225 445
225 459
225 467
225 468
225 470
225 476
225 488
225 493
226 228
226 244
226 258
226 277
226 296
226 309
226 311
226 314
226 320
226 325
226 339
226 354
226 356
226 362
226 395
226 408
226 432
226 459
226 473
226 477
226 481
226 484
226 491
227 232
227 246
227 258
227 266
227 276
227 297
227 310
227 312
227 335
227 339
227 348
227 354
227 360
227 378
227 389
227 393
227 413
227 420
227 431
227 453
227 473
227 486
227 489
228 241
228 275
228 290
228 306
228 309
228 310
228 330
228 345
228 356
228 370
228 371
228 374
228 389
228 402
228 406
228 411
228 414
228 465
228 481
228 492
228 498
229 235
229 237
229 256
229 274
229 314
229 327
229 343
229 348
229 351
229 381
229 396
229 414
229 431
229 446
229 476
229 492
230 233
230 266
230 285
230 291
230 314
230 317
230 334
230 336
230 365
230 374
230 397
230 410
230 445
230 455
230 477
230 497
231 239
231 248
231 251
231 260
231 271
231 272
231 276
231 282
231 306
231 309
231 315
231 328
231 339
231 340
231 359
231 376
231 381
231 395
231 422
231 423
231 434
231 438
231 444
231 462
231 464
231 470
231 481
232 239
232 251
232 253
232 254
232 265
232 270
232 278
232 313
232 314
232 324
232 331
232 347
232 352
232 353
232 361
232 391
232 394
232 418
232 460
232 466
232 482
232 491
233 239
233 251
233 284
233 297
233 300
233 319
233 325
233 328
233 342
233 349
233 363
233 386
233 393
233 404
233 424
233 427
233 431
233 437
233 466
233 467
233 469
233 475
233 480
234 239
234 264
234 274
234 301
234 304
234 321
234 323
234 338
234 340
234 345
234 347
234 351
234 387
234 389
234 397
234 412
234 423
234 441
234 454
235 271
235 272
235 282
235 292
235 324
235 332
235 338
235 357
235 366
235 367
235 379
235 385
235 388
235 389
235 397
235 405
235 427
235 436
235 443
235 450
235 456
235 481
235 482
235 486
235 493
236 241
236 246
236 267
236 270
236 273
236 275
236 281
236 283
236 302
236 316
236 324
236 333
236 354
236 388
236 408
236 491
236 494
236 495
237 240
237 285
237 306
237 310
237 312
237 322
237 331
237 332
237 351
237 360
237 364
237 376
237 383
237 388
237 393
237 402
237 403
237 408
237 412
237 422
237 429
237 445
237 451
237 482
237 493
238 260
238 262
238 263
238 269
238 297
238 305
238 316
238 317
238 320
238 338
238 347
238 356
238 380
238 381
238 391
238 395
238 396
238 400
238 410
238 414
238 425
238 453
238 455
238 465
239 242
239 251
239 273
239 310
239 336
239 341
239 359
239 366
239 381
239 386
239 473
239 474
239 482
239 487
240 242
240 244
240 252
240 265
240 283
240 290
240 325
240 351
240 377
240 383
240 402
240 421
240 424
240 443
240 447
240 469
240 474
240 497
241 281
241 289
241 291
241 295
241 297
241 304
241 305
241 318
241 332
241 347
241 353
241 357
241 371
241 413
241 414
241 439
241 461
241 464
241 469
241 480
241 485
241 486
241 495
241 499
242 245
242 253
242 270
242 271
242 303
242 307
242 321
242 332
242 405
242 445
242 448
242 456
242 472
242 477
242 485
243 245
243 249
243 272
243 288
243 290
243 328
243 366
243 372
243 374
243 384
243 399
243 418
243 419
243 423
243 427
243 434
243 442
243 450
243 477
243 496
244 261
244 271
244 276
244 320
244 327
244 333
244 341
244 387
244 436
244 441
244 446
244 457
245 267
245 290
245 311
245 334
245 337
245 340
245 342
245 372
245 375
245 391
245 396
245 406
245 415
245 420
245 421
245 463
245 465
245 479
245 483
245 484
245 494
246 286
246 291
246 305
246 313
246 319
246 336
246 348
246 358
246 362
246 370
246 381
246 391
246 395
246 422
246 445
246 461
246 467
246 468
246 486
246 490
247 275
247 283
247 289
247 296
247 320
247 334
247 353
247 359
247 372
247 379
247 387
247 395
247 398
247 399
247 420
247 423
247 439
247 440
247 445
247 451
247 455
247 457
247 462
247 469
247 485
248 262
248 285
248 298
248 303
248 311
248 315
248 318
248 327
248 375
248 377
248 408
248 416
248 424
248 431
248 447
248 462
248 496
248 499
249 276
249 277
249 279
249 317
249 318
249 319
249 321
249 325
249 332
249 345
249 354
249 357
249 360
249 384
249 395
249 400
249 407
249 412
249 432
249 445
249 472
249 474
249 487
250 261
250 270
250 280
250 294
250 332
250 333
250 370
250 379
250 403
250 410
250 417
250 436
250 439
250 462
250 466
251 265
251 268
251 285
251 292
251 315
251 329
251 338
251 383
251 388
251 403
251 406
251 421
251 439
251 454
251 459
251 498
252 279
252 281
252 295
252 302
252 308
252 327
252 336
252 356
252 363
252 371
252 373
252 377
252 389
252 403
252 410
252 417
252 451
252 462
252 489
253 267
253 269
253 285
253 300
253 301
253 352
253 355
253 369
253 382
253 391
253 405
253 408
253 444
253 453
253 467
253 471
253 475
253 477
253 481
253 494
254 265
254 268
254 283
254 285
254 307
254 340
254 347
254 368
254 376
254 378
254 385
254 401
254 408
254 411
254 431
254 439
254 449
254 453
254 456
254 458
254 469
254 472
254 483
254 486
255 258
255 259
255 268
255 270
255 291
255 295
255 318
255 345
255 359
255 369
255 377
255 399
255 411
255 461
255 467
255 481
255 486
256 274
256 277
256 296
256 298
256 300
256 301
256 305
256 309
256 313
256 319
256 370
256 396
256 400
256 407
256 425
256 426
256 432
256 449
256 484
257 262
257 284
257 286
257 295
257 310
257 366
257 381
257 389
257 406
257 408
257 422
257 439
257 441
257 461
257 465
257 482
257 491
257 499
258 260
258 261
258 271
258 279
258 298
258 302
258 305
258 322
258 337
258 342
258 345
258 367
258 406
258 417
258 445
258 462
258 472
258 485
259 262
259 263
259 273
259 284
259 292
259 301
259 305
259 312
259 313
259 323
259 337
259 350
259 353
259 360
259 371
259 372
259 417
259 419
259 442
259 454
259 466
259 469
259 490
260 263
260 276
260 317
260 320
260 349
260 380
260 410
260 422
260 428
260 429
260 438
260 443
260 445
260 451
260 496
261 266
261 280
261 300
261 317
261 324
261 329
261 357
261 363
261 378
261 424
261 454
261 467
261 473
261 479
261 480
261 486
262 286
262 293
262 312
262 344
262 372
262 373
262 379
262 407
262 408
262 420
262 472
262 493
262 494
263 264
263 297
263 314
263 324
263 331
263 343
263 363
263 368
263 379
263 392
263 439
263 468
263 469
263 471
263 472
263 497
264 269
264 275
264 300
264 303
264 312
264 313
264 319
264 391
264 398
264 412
264 445
264 447
264 458
264 474
264 489
264 497
265 267
265 276
265 284
265 302
265 303
265 307
265 344
265 361
265 374
265 382
265 394
265 422
265 423
265 428
265 440
265 447
265 451
265 475
265 491
265 497
266 283
266 311
266 313
266 314
266 320
266 359
266 360
266 361
266 369
266 374
266 385
266 404
266 405
266 424
266 437
266 470
266 482
266 483
266 484
266 499
267 269
267 281
267 299
267 308
267 313
267 315
267 318
267 337
267 344
267 362
267 366
267 369
267 399
267 419
267 422
267 428
267 465
267 475
267 490
267 496
267 499
268 280
268 298
268 322
268 336
268 340
268 341
268 355
268 365
268 370
268 377
268 379
268 382
268 383
268 389
268 402
268 408
268 412
268 422
268 433
268 440
268 444
268 445
268 453
268 465
268 469
268 474
268 487
269 272
269 314
269 333
269 343
269 349
269 352
269 368
269 370
269 374
269 376
269 386
269 389
269 392
269 396
269 418
269 429
269 436
269 444
269 464
269 468
269 481
270 285
270 293
270 313
270 330
270 348
270 378
270 379
270 383
270 399
270 421
270 444
270 469
270 476
270 486
270 491
271 272
271 284
271 286
271 299
271 302
271 325
271 326
271 375
271 382
271 414
271 426
271 430
271 469
271 471
271 478
271 479
272 280
272 288
272 301
272 335
272 340
272 376
272 397
272 401
272 402
272 405
272 441
272 462
272 467
272 482
272 488
273 305
273 332
273 339
273 345
273 355
273 367
273 372
273 388
273 391
273 395
273 405
273 442
273 454
273 457
273 467
273 473
273 494
274 289
274 300
274 302
274 307
274 382
274 392
274 406
274 410
274 427
274 440
274 450
274 469
274 475
274 487
274 493
275 291
275 293
275 296
275 297
275 298
275 313
275 322
275 333
275 335
275 338
275 342
275 345
275 359
275 362
275 371
275 376
275 378
275 408
275 418
275 443
275 447
275 467
275 468
275 483
275 489
276 311
276 312
276 333
276 351
276 370
276 393
276 395
276 407
276 427
276 441
276 486
276 493
277 281
277 295
277 299
277 300
277 302
277 320
277 322
277 347
277 383
277 394
277 413
277 414
277 416
277 431
277 443
277 446
277 447
277 454
277 472
277 479
277 480
277 482
277 499
278 286
278 289
278 300
278 302
278 335
278 344
278 360
278 379
278 397
278 398
278 404
278 421
278 439
278 450
278 455
278 461
278 463
278 485
278 491
279 284
279 293
279 319
279 320
279 353
279 382
279 389
279 416
279 420
279 433
279 449
279 454
279 462
279 466
279 482
279 487
280 311
280 332
280 333
280 335
280 340
280 346
280 357
280 358
280 376
280 380
280 385
280 404
280 410
280 422
280 468
280 482
280 484
281 284
281 288
281 294
281 300
281 322
281 332
281 338
281 361
281 362
281 369
281 379
281 392
281 402
281 417
281 426
281 428
281 435
281 451
281 477
281 479
281 482
281 483
281 488
282 336
282 338
282 354
282 369
282 403
282 413
282 419
282 436
282 448
282 451
282 471
282 479
282 483
282 499
283 287
283 301
283 310
283 312
283 319
283 354
283 358
283 359
283 360
283 366
283 392
283 393
283 445
283 452
283 479
283 482
283 486
284 301
284 304
284 305
284 316
284 318
284 335
284 385
284 391
284 405
284 411
284 449
284 459
284 466
285 301
285 303
285 328
285 354
285 359
285 379
285 388
285 393
285 412
285 428
285 432
285 448
285 466
285 471
286 296
286 311
286 315
286 319
286 322
286 336
286 338
286 344
286 352
286 356
286 362
286 387
286 396
286 399
286 404
286 412
286 423
286 448
286 462
286 467
286 498
287 292
287 293
287 296
287 313
287 318
287 334
287 335
287 348
287 370
287 371
287 378
287 403
287 415
287 432
287 435
287 437
287 438
287 445
287 459
287 479
287 497
288 300
288 355
288 372
288 379
288 381
288 411
288 419
288 423
288 437
288 439
288 455
288 463
288 465
288 472
288 482
288 497
289 290
289 304
289 309
289 311
289 321
289 328
289 360
289 381
289 422
289 449
289 450
289 458
289 467
289 474
289 475
289 478
289 479
289 484
290 294
290 335
290 337
290 390
290 394
290 396
290 399
290 406
290 420
290 422
290 423
290 443
290 454
290 457
290 465
290 491
290 495
291 303
291 304
291 315
291 320
291 326
291 337
291 346
291 358
291 371
291 379
291 399
291 404
291 406
291 414
291 420
291 428
291 437
291 448
291 452
291 465
291 481
291 483
291 493
291 498
292 330
292 335
292 339
292 372
292 383
292 395
292 411
292 418
292 434
292 438
292 482
292 489
293 307
293 332
293 357
293 375
293 382
293 399
293 409
293 411
293 428
293 436
293 453
293 483
293 486
293 496
294 312
294 349
294 356
294 359
294 360
294 374
294 377
294 382
294 384
294 391
294 395
294 438
294 440
294 469
294 473
294 479
294 481
295 303
295 316
295 321
295 324
295 329
295 330
295 350
295 402
295 410
295 417
295 419
295 420
295 429
295 434
295 439
295 476
295 484
295 490
296 302
296 316
296 355
296 361
296 365
296 368
296 378
296 398
296 429
296 433
296 450
296 461
296 470
296 473
296 476
296 480
296 481
296 483
296 491
297 310
297 335
297 337
297 345
297 361
297 411
297 436
297 438
297 452
298 301
298 318
298 321
298 334
298 342
298 353
298 361
298 370
298 379
298 380
298 427
298 449
298 468
298 469
298 474
299 339
299 362
299 388
299 411
299 415
299 416
299 428
299 490
300 304
300 315
300 319
300 346
300 373
300 377
300 381
300 389
300 393
300 415
300 421
300 423
300 429
300 445
300 454
300 465
300 472
300 488
301 311
301 315
301 328
301 336
301 348
301 355
301 373
301 431
301 445
301 448
301 467
301 473
301 487
302 303
302 311
302 327
302 330
302 333
302 341
302 354
302 357
302 380
302 398
302 425
302 426
302 432
302 438
302 464
302 473
302 484
302 494
302 495
302 497
303 313
303 325
303 333
303 334
303 340
303 341
303 354
303 357
303 374
303 380
303 385
303 390
303 393
303 394
303 397
303 406
303 413
303 444
303 454
303 468
303 471
303 473
303 482
303 485
303 498
304 314
304 333
304 334
304 361
304 364
304 369
304 392
304 401
304 408
304 425
304 456
304 461
304 463
304 485
305 309
305 313
305 317
305 385
305 393
305 397
305 411
305 413
305 416
305 427
305 443
305 464
306 307
306 336
306 338
306 347
306 352
306 359
306 377
306 462
306 479
307 326
307 330
307 332
307 340
307 352
307 358
307 394
307 410
307 411
307 412
307 414
307 437
307 450
307 470
308 319
308 330
308 354
308 357
308 368
308 376
308 377
308 385
308 408
308 418
308 447
308 467
308 487
308 489
309 312
309 350
309 351
309 361
309 369
309 374
309 382
309 386
309 392
309 408
309 417
309 425
309 437
309 438
309 444
309 458
309 491
309 493
310 320
310 321
310 347
310 367
310 428
310 447
310 462
310 470
310 491
311 323
311 326
311 332
311 342
311 345
311 373
311 392
311 404
311 408
311 414
311 423
311 445
311 481
311 487
311 491
311 499
312 326
312 345
312 357
312 362
312 363
312 369
312 372
312 373
312 400
312 411
312 427
312 441
312 465
312 491
313 329
313 334
313 339
313 342
313 346
313 352
313 359
313 414
313 439
313 448
313 451
313 478
313 479
313 486
313 492
314 321
314 339
314 344
314 362
314 365
314 384
314 392
314 395
314 409
314 410
314 423
314 441
314 444
314 451
314 452
314 455
314 461
314 463
314 469
314 475
314 484
314 487
314 491
315 324
315 344
315 350
315 352
315 356
315 363
315 371
315 375
315 398
315 415
315 424
315 462
315 467
315 471
315 498
316 318
316 320
316 328
316 347
316 348
316 357
316 418
316 429
316 446
316 454
316 471
316 473
316 481
316 487
316 494
316 497
317 325
317 327
317 339
317 346
317 362
317 367
317 375
317 376
317 387
317 388
317 390
317 391
317 407
317 415
317 441
317 445
317 453
317 476
317 488
318 321
318 346
318 348
318 354
318 359
318 386
318 395
318 396
318 428
318 431
318 443
318 444
318 462
318 474
318 492
319 338
319 339
319 352
319 365
319 382
319 397
319 414
319 432
319 433
319 446
319 450
319 452
319 461
319 462
319 474
319 476
319 499
320 327
320 356
320 360
320 416
320 433
320 441
320 457
320 493
321 325
321 334
321 336
321 348
321 355
321 361
321 362
321 368
321 389
321 423
321 431
321 432
321 454
321 460
321 462
321 472
321 475
321 483
322 336
322 351
322 383
322 392
322 395
322 411
322 450
322 459
322 462
322 491
322 495
323 332
323 347
323 367
323 370
323 387
323 392
323 416
323 425
323 430
323 431
323 468
323 495
324 326
324 340
324 362
324 384
324 418
324 423
324 424
324 427
324 454
324 480
325 328
325 334
325 346
325 355
325 364
325 379
325 404
325 410
325 427
325 431
325 432
325 435
325 441
325 445
325 467
325 492
326 335
326 338
326 348
326 362
326 365
326 372
326 390
326 392
326 393
326 409
326 431
326 441
326 452
326 455
326 483
327 331
327 347
327 371
327 376
327 390
327 402
327 420
327 437
327 443
327 445
327 463
327 465
327 468
327 469
327 485
328 329
328 340
328 346
328 352
328 374
328 377
328 379
328 414
328 418
328 443
328 484
329 347
329 358
329 359
329 388
329 390
329 395
329 402
329 403
329 404
329 449
329 452
329 459
329 463
329 476
329 486
329 489
329 492
329 493
330 340
330 344
330 349
330 352
330 353
330 367
330 396
330 405
330 406
330 415
330 427
330 428
330 464
330 471
331 344
331 353
331 358
331 363
331 368
331 393
331 402
331 404
331 412
331 415
331 416
331 418
331 424
331 442
331 452
331 456
331 460
331 464
331 475
331 498
332 334
332 340
332 345
332 370
332 421
332 436
332 437
332 465
332 494
333 336
333 376
333 409
333 431
333 434
333 462
333 472
333 474
334 344
334 346
334 352
334 358
334 383
334 388
334 390
334 404
334 406
334 426
334 440
334 443
334 449
334 452
334 458
334 459
334 465
334 483
334 490
335 336
335 344
335 355
335 386
335 389
335 422
335 438
335 439
335 463
335 473
335 482
335 492
336 369
336 376
336 407
336 424
336 435
336 444
336 445
336 449
336 454
336 459
336 486
337 338
337 341
337 350
337 370
337 375
337 385
337 402
337 421
337 426
337 441
337 447
337 482
337 488
338 340
338 341
338 348
338 379
338 390
338 410
338 425
338 429
338 455
338 468
338 487
339 360
339 363
339 385
339 400
339 412
339 459
339 464
339 470
339 480
340 347
340 358
340 359
340 374
340 394
340 401
340 428
340 441
340 498
341 367
341 396
341 403
341 407
341 421
341 429
341 447
341 457
341 458
341 460
341 465
341 499
342 347
342 367
342 370
342 412
342 416
342 434
342 452
342 465
342 472
342 474
342 475
343 372
343 408
343 412
343 438
343 443
343 447
343 459
343 471
343 472
343 476
343 478
343 481
343 484
343 486
343 495
343 496
343 497
344 385
344 398
344 409
344 419
344 420
344 426
344 432
344 435
344 439
344 442
344 444
344 448
344 452
344 458
344 459
344 468
344 475
344 480
345 346
345 355
345 365
345 379
345 418
345 430
345 439
345 473
345 479
345 485
345 486
345 490
345 498
346 357
346 360
346 393
346 403
346 404
346 434
346 442
346 492
347 365
347 371
347 382
347 387
347 395
347 400
347 418
347 421
347 422
347 426
347 433
347 446
347 476
347 477
347 485
347 494
347 499
348 355
348 371
348 405
348 414
348 452
348 476
348 498
349 350
349 372
349 389
349 396
349 405
349 426
349 443
349 444
349 447
349 454
349 461
349 467
349 469
349 470
350 356
350 361
350 400
350 416
350 424
350 430
350 442
350 448
350 461
350 493
351 376
351 406
351 409
351 443
351 455
351 475
351 479
351 484
351 493
352 380
352 409
352 430
352 445
352 458
352 474
352 495
353 366
353 369
353 374
353 375
353 381
353 421
353 428
353 429
353 441
353 445
353 447
353 453
353 458
353 474
353 487
354 357
354 368
354 371
354 384
354 412
354 418
354 423
354 426
354 442
354 443
354 446
354 452
354 471
354 476
354 485
354 494
355 358
355 360
355 367
355 368
355 370
355 384
355 389
355 395
355 401
355 408
355 413
355 429
355 433
355 442
355 452
355 454
355 461
355 467
355 468
355 488
356 360
356 364
356 371
356 373
356 374
356 386
356 450
356 459
356 486
356 495
357 364
357 381
357 389
357 392
357 403
357 413
357 429
357 455
357 462
357 480
358 368
358 406
358 431
358 436
358 448
358 457
358 462
358 476
358 490
359 366
359 367
359 368
359 369
359 386
359 393
359 414
359 420
359 424
359 435
359 436
359 449
359 455
359 458
359 469
360 398
360 405
360 407
360 449
360 450
360 459
360 471
360 474
360 487
360 494
361 362
361 374
361 385
361 400
361 401
361 414
361 443
361 445
361 475
361 482
361 485
361 494
361 498
362 364
362 383
362 395
362 433
362 437
362 439
362 441
362 444
362 457
362 460
362 489
363 387
363 407
363 416
363 427
363 430
363 432
363 435
363 458
363 472
363 478
364 405
364 432
364 434
364 462
364 464
364 468
364 473
364 486
364 497
365 372
365 380
365 385
365 396
365 424
365 430
365 434
365 441
365 452
365 460
365 477
365 478
365 481
365 482
365 484
365 490
366 368
366 374
366 407
366 417
366 432
366 438
366 449
366 478
367 370
367 371
367 387
367 406
367 414
367 424
367 457
367 462
367 481
367 485
367 493
368 371
368 377
368 395
368 420
368 423
368 428
368 432
368 437
368 477
368 487
368 488
368 493
369 400
369 402
369 428
369 436
369 444
369 480
369 483
369 486
370 404
370 413
370 415
370 416
370 419
370 428
370 449
370 494
371 401
371 407
371 411
371 433
371 460
371 474
371 478
371 491
371 495
372 387
372 389
372 418
372 444
372 448
372 488
373 379
373 384
373 392
373 395
373 426
373 444
373 454
373 455
373 469
373 471
373 482
373 485
373 487
373 490
374 401
374 406
374 412
374 419
374 423
374 447
374 452
374 485
375 404
375 411
375 412
375 423
375 434
375 442
375 452
375 477
375 478
375 484
375 497
376 413
376 416
376 432
376 453
376 456
376 462
376 476
376 481
376 482
376 496
377 379
377 388
377 389
377 396
377 397
377 398
377 413
377 416
377 426
377 429
377 445
377 464
377 465
377 466
377 480
378 397
378 412
378 414
378 418
378 432
378 454
378 464
378 467
378 477
378 485
378 490
378 496
379 388
379 397
379 398
379 409
379 424
379 434
379 438
379 465
379 474
380 387
380 389
380 402
380 414
380 423
380 455
380 462
380 466
380 471
380 490
381 413
381 417
381 433
381 437
381 438
381 439
381 441
381 444
381 459
381 470
381 476
381 479
381 480
381 495
381 499
382 385
382 416
382 432
382 436
382 449
382 465
382 474
382 487
382 493
383 384
383 404
383 435
383 456
383 463
383 469
383 471
383 479
384 398
384 402
384 407
384 423
384 434
384 442
384 471
384 478
384 484
384 485
384 494
385 390
385 420
385 431
385 453
385 457
385 458
385 472
385 494
385 497
386 394
386 397
386 405
386 406
386 408
386 412
386 420
386 434
386 456
386 457
386 472
386 478
386 494
387 389
387 396
387 432
387 439
387 442
387 450
387 466
387 473
387 481
387 485
388 395
388 406
388 407
388 415
388 418
388 430
388 439
388 442
388 446
388 449
388 450
388 471
388 477
388 491
389 396
389 406
389 407
389 411
389 412
389 446
389 449
389 450
389 470
390 399
390 403
390 409
390 451
390 458
390 493
391 394
391 405
391 423
391 442
392 394
392 440
392 481
392 484
392 485
392 498
393 401
393 410
393 421
393 422
393 434
393 438
393 440
393 456
393 457
393 463
393 465
393 470
393 497
394 418
394 426
394 428
394 434
394 453
394 462
394 491
394 494
395 411
395 417
395 434
395 437
395 449
395 463
395 478
395 479
395 488
395 490
396 403
396 419
396 420
396 431
396 438
396 442
396 452
396 456
396 461
396 469
397 424
397 437
397 467
398 402
398 413
398 416
398 448
398 453
398 467
398 470
398 484
398 497
399 407
399 456
399 458
399 486
399 490
399 496
399 499
400 406
400 423
400 426
400 427
400 432
400 471
400 484
400 491
401 402
401 423
401 447
401 455
401 465
401 484
401 489
401 493
401 495
401 496
402 403
402 423
402 424
402 426
402 436
402 437
402 451
402 496
403 414
403 418
403 445
403 457
403 459
403 470
403 491
403 497
404 418
404 429
404 440
404 451
404 476
404 478
405 408
405 415
405 426
405 430
405 446
405 447
405 451
405 457
405 474
405 478
406 412
406 413
406 419
406 424
406 474
406 491
406 496
407 413
407 429
407 436
407 460
407 490
408 442
408 443
409 410
409 433
409 450
409 471
409 493
410 429
410 436
410 445
410 452
410 486
410 492
410 494
410 497
411 415
411 423
411 425
411 426
411 435
411 464
411 476
411 488
412 459
412 472
412 474
412 475
412 487
412 489
413 427
413 445
413 452
413 467
413 468
413 473
413 479
413 496
413 499
414 418
414 435
414 444
414 454
414 461
414 476
414 484
414 495
415 426
415 427
415 432
415 446
415 451
415 454
415 465
415 467
415 497
416 433
416 437
416 464
416 482
417 424
417 430
417 437
417 492
417 496
417 498
418 421
418 433
418 436
418 452
418 460
418 472
418 474
418 483
419 423
419 438
419 449
419 454
419 465
419 474
419 488
420 424
420 427
420 445
420 463
420 485
420 492
421 434
421 441
421 455
421 457
421 479
421 485
421 490
422 424
422 430
422 432
422 450
422 454
422 492
423 427
423 442
423 443
423 446
423 453
423 457
423 466
423 470
423 483
423 491
424 438
424 439
424 450
424 456
424 464
424 480
424 494
424 495
425 430
425 440
425 443
425 456
425 458
425 460
425 468
425 494
426 429
426 435
426 436
426 457
426 464
426 467
426 485
426 498
427 451
427 458
427 498
428 472
428 482
428 484
428 491
429 458
429 469
429 484
429 487
429 491
429 492
429 497
430 458
430 483
430 492
430 494
431 433
431 451
431 456
431 464
431 490
431 491
431 494
432 496
433 449
433 453
433 464
433 468
433 470
433 485
433 494
433 496
433 497
434 451
434 452
434 468
434 469
434 478
434 481
434 490
435 438
435 439
435 462
435 466
435 469
435 470
435 477
435 481
435 499
436 445
436 446
436 461
436 482
436 492
437 486
437 492
437 494
438 446
438 465
438 470
438 474
438 475
438 481
438 487
439 484
440 457
440 477
440 489
440 492
441 481
442 470
442 473
442 476
442 496
443 450
443 457
443 478
443 479
443 487
444 451
444 455
444 462
444 497
445 450
445 472
446 457
446 462
446 468
446 479
447 466
447 468
447 471
447 496
448 466
448 476
448 491
448 496
449 466
449 469
449 483
450 454
450 464
450 483
450 496
451 467
451 471
451 483
451 490
451 492
451 495
451 498
452 462
452 465
452 495
453 456
453 461
453 464
453 465
453 476
453 488
453 491
454 456
454 479
454 493
454 495
454 497
454 499
455 469
455 473
455 484
455 497
456 459
456 479
456 483
457 489
457 495
458 482
459 478
459 485
459 491
460 462
460 490
461 464
461 472
461 475
461 477
461 492
461 493
462 463
462 469
462 497
464 465
464 488
465 481
465 492
465 493
465 496
466 472
466 484
466 485
466 491
467 475
467 485
467 490
467 491
468 484
469 475
469 481
469 496
471 476
471 495
471 497
472 491
473 488
474 476
475 496
476 483
477 497
478 484
478 485
478 495
478 499
479 483
479 489
479 493
479 498
480 487
481 489
482 487
482 494
484 486
484 491
485 491
485 494
487 492
489 492
491 494
494 496
