500 8711 0.5
0 2
0 10
0 27
0 62
0 82
0 88
0 91
0 102
0 106
0 151
0 165
0 172
0 204
0 213
0 214
0 222
0 250
0 253
0 268
0 289
0 301
0 323
0 324
0 329
0 341
0 348
0 361
0 366
0 397
0 427
0 441
0 455
0 475
0 499
1 7
1 11
1 22
1 31
1 44
1 99
1 104
1 109
1 117
1 126
1 127
1 138
1 142
1 147
1 155
1 161
1 170
1 182
1 206
1 217
1 243
1 264
1 272
1 277
1 316
1 328
1 371
1 375
1 380
1 431
1 464
2 37
2 64
2 72
2 77
2 80
2 85
2 87
2 91
2 104
2 110
2 177
2 188
2 190
2 217
2 234
2 242
2 243
2 260
2 281
2 308
2 316
2 317
2 319
2 330
2 336
2 341
2 366
2 367
2 369
2 404
2 406
2 415
2 418
2 445
2 480
2 482
2 489
3 11
3 20
3 27
3 33
3 39
3 75
3 84
3 88
3 93
3 122
3 129
3 137
3 150
3 175
3 180
3 183
3 190
3 204
3 217
3 232
3 235
3 236
3 281
3 291
3 382
3 396
3 399
3 403
3 422
3 460
3 467
3 479
3 491
3 493
4 7
4 20
4 23
4 60
4 83
4 125
4 165
4 166
4 173
4 184
4 197
4 202
4 220
4 248
4 278
4 295
4 298
4 300
4 303
4 315
4 333
4 336
4 351
4 355
4 377
4 386
4 400
4 415
4 423
4 425
4 434
4 436
4 437
4 466
4 468
4 487
4 495
4 497
5 6
5 17
5 45
5 69
5 73
5 74
5 98
5 123
5 138
5 164
5 196
5 200
5 208
5 223
5 229
5 281
5 284
5 285
5 319
5 325
5 353
5 363
5 378
5 393
5 415
5 423
5 426
5 435
5 438
5 445
5 457
5 463
5 477
5 486
6 17
6 24
6 29
6 63
6 67
6 74
6 102
6 104
6 131
6 149
6 152
6 162
6 166
6 178
6 183
6 194
6 198
6 212
6 222
6 240
6 246
6 271
6 283
6 285
6 302
6 308
6 318
6 319
6 342
6 368
6 376
6 380
6 391
6 398
6 433
6 438
6 471
7 9
7 30
7 36
7 55
7 60
7 92
7 119
7 144
7 145
7 148
7 156
7 159
7 177
7 184
7 232
7 239
7 250
7 253
7 264
7 280
7 289
7 293
7 350
7 351
7 358
7 368
7 373
7 378
7 415
7 443
7 448
7 452
7 456
7 463
7 473
7 474
8 13
8 33
8 63
8 120
8 122
8 139
8 146
8 168
8 183
8 186
8 236
8 242
8 246
8 257
8 270
8 281
8 284
8 285
8 287
8 338
8 343
8 344
8 358
8 368
8 384
8 405
8 407
8 409
8 413
8 431
8 442
8 452
8 492
9 23
9 32
9 53
9 80
9 99
9 133
9 148
9 173
9 214
9 229
9 233
9 234
9 262
9 264
9 270
9 313
9 339
9 349
9 376
9 381
9 400
9 407
9 418
9 438
9 456
9 469
9 484
9 488
10 16
10 35
10 37
10 42
10 74
10 83
10 110
10 161
10 173
10 175
10 180
10 190
10 210
10 237
10 244
10 250
10 303
10 315
10 316
10 331
10 334
10 346
10 358
10 366
10 381
10 382
10 393
10 394
10 442
10 454
10 475
10 485
10 496
11 21
11 39
11 44
11 59
11 67
11 68
11 87
11 88
11 122
11 129
11 134
11 155
11 156
11 191
11 198
11 202
11 229
11 241
11 267
11 272
11 276
11 283
11 292
11 297
11 298
11 314
11 346
11 352
11 393
11 416
11 440
11 443
11 462
11 476
12 42
12 49
12 66
12 91
12 92
12 103
12 116
12 119
12 134
12 139
12 148
12 170
12 175
12 205
12 221
12 223
12 253
12 265
12 273
12 282
12 300
12 301
12 321
12 334
12 360
12 369
12 374
12 406
12 407
12 408
12 437
12 441
13 44
13 63
13 91
13 102
13 122
13 128
13 166
13 169
13 178
13 191
13 195
13 205
13 208
13 209
13 210
13 212
13 215
13 216
13 227
13 252
13 272
13 279
13 315
13 325
13 341
13 356
13 357
13 362
13 367
13 371
13 391
13 402
13 411
13 431
13 457
13 462
13 464
13 498
14 40
14 51
14 66
14 69
14 72
14 80
14 92
14 97
14 103
14 110
14 139
14 149
14 169
14 173
14 181
14 213
14 222
14 228
14 232
14 233
14 246
14 283
14 294
14 303
14 306
14 314
14 316
14 322
14 330
14 351
14 355
14 362
14 382
14 383
14 384
14 387
14 403
14 410
14 441
14 471
14 478
14 495
15 24
15 67
15 75
15 85
15 98
15 109
15 112
15 150
15 173
15 182
15 197
15 203
15 215
15 220
15 221
15 265
15 267
15 294
15 301
15 322
15 329
15 347
15 349
15 358
15 360
15 362
15 381
15 387
15 415
15 426
15 443
15 450
15 486
16 29
16 43
16 65
16 89
16 90
16 92
16 110
16 124
16 125
16 128
16 141
16 143
16 152
16 159
16 170
16 172
16 178
16 199
16 207
16 214
16 225
16 234
16 241
16 281
16 319
16 331
16 371
16 372
16 377
16 389
16 413
16 427
16 458
16 472
16 485
17 22
17 50
17 57
17 60
17 64
17 81
17 86
17 102
17 131
17 132
17 137
17 156
17 165
17 167
17 197
17 198
17 201
17 250
17 261
17 269
17 286
17 371
17 377
17 403
17 413
17 416
17 419
17 436
17 439
17 453
17 456
17 468
17 470
17 495
18 22
18 23
18 31
18 42
18 52
18 69
18 81
18 82
18 95
18 114
18 127
18 135
18 138
18 214
18 242
18 245
18 249
18 262
18 263
18 272
18 273
18 292
18 300
18 305
18 311
18 330
18 331
18 335
18 341
18 345
18 350
18 352
18 366
18 369
18 370
18 379
18 385
18 389
18 397
18 435
18 436
18 438
18 498
19 28
19 49
19 64
19 86
19 113
19 136
19 164
19 178
19 195
19 197
19 199
19 206
19 247
19 264
19 267
19 276
19 300
19 319
19 334
19 335
19 348
19 355
19 360
19 364
19 385
19 404
19 421
19 439
19 440
19 457
19 495
20 24
20 33
20 35
20 40
20 43
20 73
20 86
20 120
20 121
20 130
20 138
20 160
20 182
20 214
20 232
20 233
20 243
20 247
20 252
20 278
20 342
20 381
20 393
20 400
20 419
20 420
20 426
20 436
20 437
20 464
20 468
20 479
20 498
21 30
21 48
21 49
21 58
21 65
21 79
21 84
21 106
21 141
21 159
21 161
21 164
21 214
21 218
21 248
21 254
21 255
21 273
21 292
21 294
21 301
21 318
21 334
21 349
21 354
21 366
21 380
21 389
21 394
21 409
21 447
21 488
21 491
22 68
22 74
22 94
22 105
22 106
22 108
22 112
22 115
22 125
22 142
22 146
22 179
22 186
22 205
22 209
22 223
22 240
22 259
22 262
22 272
22 284
22 288
22 308
22 324
22 336
22 340
22 341
22 353
22 381
22 385
22 386
22 410
22 438
22 440
22 442
22 460
22 474
22 479
22 489
22 496
23 39
23 44
23 49
23 66
23 84
23 92
23 105
23 141
23 142
23 170
23 188
23 202
23 203
23 232
23 244
23 257
23 288
23 306
23 322
23 324
23 333
23 372
23 382
23 388
23 404
23 408
23 413
23 424
23 425
23 433
23 453
23 456
23 461
23 466
23 472
23 479
23 480
23 488
23 493
24 33
24 40
24 64
24 75
24 78
24 85
24 89
24 92
24 94
24 98
24 107
24 113
24 130
24 149
24 171
24 183
24 201
24 207
24 212
24 218
24 238
24 242
24 247
24 294
24 304
24 317
24 387
24 390
24 403
24 418
24 447
24 471
24 493
24 497
25 32
25 37
25 41
25 61
25 83
25 91
25 112
25 124
25 128
25 138
25 152
25 161
25 172
25 173
25 200
25 208
25 219
25 226
25 234
25 257
25 278
25 289
25 291
25 318
25 346
25 375
25 397
25 407
25 422
25 460
25 487
26 46
26 63
26 66
26 71
26 122
26 143
26 164
26 180
26 186
26 189
26 194
26 198
26 210
26 228
26 230
26 271
26 297
26 322
26 328
26 354
26 364
26 372
26 375
26 388
26 394
26 421
26 435
26 445
26 447
26 451
26 461
26 478
26 496
27 33
27 48
27 55
27 60
27 61
27 69
27 110
27 119
27 124
27 177
27 186
27 194
27 204
27 230
27 279
27 288
27 296
27 311
27 314
27 383
27 397
27 411
27 420
27 424
27 442
27 462
27 464
27 490
28 31
28 35
28 60
28 61
28 77
28 82
28 91
28 108
28 109
28 111
28 152
28 161
28 175
28 177
28 221
28 227
28 231
28 241
28 255
28 268
28 274
28 276
28 279
28 284
28 291
28 295
28 305
28 312
28 318
28 355
28 362
28 389
28 411
28 426
28 428
28 435
28 442
28 481
28 497
29 35
29 38
29 44
29 56
29 58
29 76
29 77
29 93
29 95
29 99
29 117
29 132
29 142
29 144
29 167
29 179
29 198
29 205
29 232
29 240
29 253
29 280
29 287
29 288
29 294
29 297
29 317
29 323
29 337
29 359
29 361
29 370
29 372
29 386
29 389
29 413
29 416
29 418
29 457
29 459
29 460
29 468
29 480
29 488
29 490
30 37
30 43
30 48
30 55
30 66
30 71
30 78
30 83
30 90
30 97
30 100
30 101
30 104
30 110
30 124
30 148
30 153
30 164
30 175
30 183
30 188
30 221
30 301
30 314
30 318
30 327
30 336
30 348
30 361
30 362
30 440
30 443
30 482
31 34
31 39
31 44
31 92
31 109
31 117
31 130
31 132
31 160
31 162
31 165
31 190
31 191
31 223
31 226
31 232
31 247
31 249
31 253
31 257
31 258
31 274
31 275
31 277
31 298
31 302
31 319
31 329
31 331
31 349
31 364
31 380
31 381
31 438
31 451
31 452
31 487
31 489
31 491
31 497
32 55
32 60
32 66
32 97
32 106
32 128
32 159
32 184
32 206
32 219
32 227
32 248
32 308
32 327
32 379
32 417
32 427
32 428
32 433
32 447
32 460
32 484
33 49
33 95
33 122
33 124
33 140
33 154
33 157
33 168
33 199
33 229
33 269
33 291
33 293
33 295
33 311
33 322
33 331
33 350
33 352
33 370
33 372
33 406
33 421
33 441
33 460
33 482
34 57
34 94
34 107
34 115
34 130
34 144
34 146
34 153
34 181
34 198
34 199
34 221
34 233
34 237
34 238
34 251
34 275
34 328
34 368
34 373
34 378
34 385
34 388
34 412
34 421
34 431
34 441
34 449
34 450
34 467
34 470
34 473
34 485
34 487
34 491
35 41
35 110
35 117
35 133
35 159
35 193
35 236
35 257
35 273
35 297
35 313
35 319
35 320
35 329
35 330
35 341
35 347
35 357
35 379
35 422
35 431
35 441
35 447
35 448
35 458
35 478
35 492
35 495
36 45
36 49
36 52
36 73
36 87
36 101
36 109
36 118
36 140
36 143
36 145
36 166
36 171
36 191
36 192
36 208
36 220
36 225
36 232
36 263
36 279
36 285
36 288
36 306
36 321
36 331
36 336
36 339
36 350
36 371
36 372
36 380
36 383
36 442
36 447
36 464
36 476
36 481
36 498
37 38
37 45
37 51
37 53
37 76
37 99
37 110
37 120
37 121
37 153
37 174
37 187
37 208
37 248
37 254
37 259
37 264
37 292
37 301
37 313
37 339
37 358
37 360
37 369
37 374
37 386
37 391
37 457
37 481
37 491
37 495
37 497
38 44
38 51
38 105
38 120
38 129
38 134
38 158
38 171
38 179
38 220
38 251
38 254
38 265
38 269
38 285
38 320
38 330
38 346
38 356
38 357
38 367
38 383
38 395
38 401
38 405
38 407
38 411
38 438
38 457
38 462
38 490
38 499
39 48
39 89
39 93
39 102
39 125
39 140
39 145
39 152
39 159
39 162
39 166
39 177
39 190
39 217
39 249
39 250
39 254
39 255
39 277
39 308
39 340
39 369
39 377
39 387
39 393
39 434
40 46
40 59
40 64
40 68
40 70
40 85
40 90
40 106
40 108
40 112
40 117
40 123
40 146
40 164
40 184
40 198
40 228
40 237
40 249
40 264
40 284
40 294
40 296
40 315
40 319
40 345
40 358
40 386
40 396
40 403
40 412
40 413
40 415
40 422
40 441
41 63
41 97
41 116
41 136
41 181
41 182
41 250
41 251
41 255
41 262
41 265
41 270
41 271
41 279
41 295
41 296
41 305
41 311
41 319
41 321
41 356
41 358
41 380
41 391
41 396
41 412
41 421
41 445
41 451
41 455
41 495
42 45
42 56
42 73
42 84
42 89
42 97
42 101
42 123
42 128
42 129
42 137
42 140
42 153
42 156
42 195
42 196
42 209
42 217
42 224
42 225
42 228
42 236
42 243
42 244
42 248
42 257
42 270
42 271
42 273
42 287
42 288
42 289
42 312
42 344
42 346
42 347
42 352
42 364
42 397
42 438
42 444
42 466
42 488
43 47
43 58
43 65
43 79
43 83
43 91
43 99
43 105
43 109
43 142
43 143
43 153
43 168
43 180
43 187
43 195
43 209
43 244
43 250
43 274
43 279
43 285
43 288
43 305
43 339
43 361
43 363
43 374
43 376
43 377
43 378
43 390
43 411
43 420
43 436
43 458
43 495
44 74
44 85
44 88
44 102
44 107
44 108
44 128
44 134
44 173
44 180
44 210
44 234
44 253
44 276
44 277
44 291
44 300
44 304
44 329
44 365
44 373
44 393
44 419
44 421
44 466
44 487
44 497
45 59
45 61
45 77
45 81
45 91
45 100
45 101
45 102
45 122
45 131
45 132
45 135
45 148
45 164
45 184
45 185
45 204
45 211
45 221
45 285
45 305
45 330
45 338
45 339
45 364
45 367
45 391
45 394
45 407
45 418
45 424
45 430
45 479
46 51
46 61
46 67
46 97
46 115
46 130
46 168
46 175
46 183
46 202
46 204
46 219
46 229
46 240
46 245
46 257
46 266
46 276
46 286
46 303
46 304
46 306
46 311
46 314
46 324
46 334
46 336
46 421
46 444
46 447
46 449
46 463
46 472
47 56
47 96
47 109
47 110
47 119
47 126
47 162
47 167
47 187
47 192
47 221
47 241
47 242
47 245
47 259
47 265
47 269
47 279
47 280
47 283
47 286
47 293
47 304
47 332
47 371
47 382
47 393
47 424
47 432
47 434
47 445
47 455
47 458
47 471
47 473
47 488
47 494
47 495
48 49
48 53
48 55
48 71
48 73
48 129
48 130
48 170
48 177
48 203
48 211
48 218
48 226
48 228
48 244
48 250
48 264
48 276
48 282
48 283
48 297
48 308
48 337
48 338
48 379
48 432
48 463
48 473
48 476
48 480
48 482
48 486
48 493
49 57
49 77
49 84
49 85
49 100
49 111
49 116
49 131
49 134
49 149
49 168
49 169
49 175
49 204
49 212
49 216
49 239
49 251
49 255
49 271
49 283
49 288
49 298
49 300
49 330
49 338
49 343
49 344
49 391
49 407
49 432
49 442
49 460
49 475
49 498
50 59
50 60
50 104
50 131
50 134
50 135
50 137
50 148
50 152
50 165
50 230
50 251
50 325
50 333
50 348
50 372
50 386
50 423
50 430
50 433
50 435
50 437
50 438
50 450
50 463
51 56
51 87
51 93
51 113
51 117
51 148
51 155
51 162
51 166
51 169
51 187
51 203
51 211
51 218
51 228
51 235
51 260
51 297
51 349
51 350
51 356
51 378
51 393
51 394
51 459
51 470
51 490
51 491
52 53
52 84
52 151
52 155
52 157
52 158
52 162
52 165
52 198
52 200
52 208
52 225
52 232
52 237
52 238
52 239
52 252
52 272
52 288
52 295
52 298
52 300
52 363
52 388
52 393
52 413
52 419
52 429
52 431
52 435
52 496
53 68
53 95
53 114
53 159
53 169
53 173
53 176
53 177
53 188
53 248
53 262
53 274
53 279
53 285
53 298
53 321
53 335
53 337
53 338
53 358
53 363
53 367
53 379
53 402
53 437
54 66
54 90
54 91
54 106
54 123
54 133
54 150
54 179
54 196
54 208
54 213
54 228
54 244
54 268
54 280
54 300
54 322
54 383
54 413
54 415
54 446
54 452
54 479
55 108
55 127
55 132
55 136
55 138
55 147
55 174
55 198
55 202
55 224
55 231
55 249
55 273
55 336
55 363
55 381
55 382
55 396
55 408
55 419
55 425
55 430
55 458
55 469
55 470
55 472
55 476
55 480
55 491
56 84
56 86
56 101
56 124
56 149
56 157
56 171
56 184
56 195
56 207
56 221
56 225
56 232
56 238
56 248
56 254
56 266
56 272
56 279
56 298
56 306
56 321
56 330
56 332
56 334
56 377
56 396
56 435
56 436
56 439
56 443
56 475
56 487
56 495
56 499
57 76
57 77
57 80
57 105
57 131
57 153
57 162
57 199
57 257
57 266
57 291
57 305
57 341
57 348
57 363
57 399
57 410
57 425
57 432
57 463
57 464
57 482
58 86
58 120
58 122
58 126
58 138
58 139
58 148
58 153
58 167
58 180
58 188
58 197
58 203
58 238
58 263
58 268
58 282
58 290
58 309
58 319
58 356
58 384
58 392
58 436
58 452
58 456
58 457
58 461
58 472
58 482
58 492
58 497
59 63
59 74
59 116
59 130
59 140
59 145
59 184
59 200
59 227
59 234
59 235
59 244
59 279
59 290
59 293
59 336
59 343
59 371
59 385
59 429
59 467
60 61
60 62
60 63
60 75
60 79
60 83
60 90
60 94
60 184
60 197
60 232
60 242
60 262
60 271
60 281
60 298
60 305
60 315
60 330
60 345
60 355
60 357
60 375
60 419
60 431
60 438
60 458
60 481
61 75
61 97
61 113
61 118
61 127
61 130
61 153
61 155
61 180
61 182
61 183
61 187
61 197
61 201
61 215
61 237
61 238
61 270
61 293
61 294
61 297
61 309
61 339
61 355
61 364
61 367
61 369
61 381
61 399
61 411
61 423
61 425
61 429
61 437
61 440
61 454
61 468
61 469
61 476
61 488
61 494
62 96
62 106
62 128
62 136
62 144
62 159
62 160
62 172
62 188
62 205
62 218
62 242
62 248
62 283
62 285
62 303
62 306
62 324
62 325
62 356
62 362
62 365
62 371
62 409
62 411
62 461
63 75
63 94
63 97
63 104
63 105
63 153
63 181
63 199
63 203
63 222
63 248
63 263
63 264
63 281
63 297
63 301
63 313
63 368
63 369
63 401
63 403
63 415
63 426
63 452
63 466
63 479
63 494
64 66
64 71
64 77
64 79
64 108
64 140
64 158
64 173
64 177
64 208
64 225
64 231
64 244
64 265
64 311
64 329
64 336
64 352
64 354
64 361
64 364
64 367
64 374
64 385
64 399
64 415
64 427
64 434
64 467
64 471
64 489
65 70
65 77
65 81
65 89
65 95
65 114
65 115
65 125
65 138
65 170
65 193
65 208
65 228
65 255
65 260
65 265
65 276
65 326
65 329
65 364
65 376
65 403
65 420
65 421
65 424
65 439
65 444
65 469
65 470
66 75
66 100
66 119
66 127
66 129
66 136
66 143
66 187
66 205
66 216
66 218
66 225
66 266
66 272
66 288
66 295
66 309
66 355
66 359
66 372
66 375
66 389
66 402
66 408
66 411
66 420
66 465
66 477
66 480
66 486
67 87
67 109
67 126
67 128
67 154
67 155
67 164
67 165
67 169
67 181
67 191
67 200
67 207
67 216
67 235
67 250
67 253
67 255
67 275
67 277
67 286
67 293
67 310
67 311
67 324
67 326
67 337
67 348
67 359
67 382
67 399
67 429
67 440
67 441
67 462
67 467
67 470
67 472
67 488
67 495
68 76
68 104
68 109
68 128
68 131
68 149
68 152
68 181
68 183
68 186
68 209
68 211
68 234
68 246
68 267
68 270
68 271
68 301
68 320
68 335
68 343
68 352
68 356
68 375
68 385
68 392
68 397
68 401
68 404
68 415
68 439
68 468
68 487
68 491
69 94
69 110
69 142
69 156
69 164
69 165
69 172
69 187
69 218
69 220
69 233
69 237
69 238
69 239
69 240
69 250
69 282
69 289
69 308
69 317
69 365
69 403
69 420
69 450
69 488
70 74
70 90
70 95
70 96
70 101
70 102
70 108
70 121
70 127
70 179
70 185
70 186
70 198
70 206
70 207
70 249
70 271
70 286
70 297
70 317
70 326
70 351
70 366
70 368
70 369
70 379
70 403
70 418
70 419
70 478
71 78
71 86
71 90
71 91
71 120
71 129
71 130
71 157
71 158
71 172
71 193
71 197
71 199
71 201
71 206
71 224
71 240
71 246
71 251
71 277
71 282
71 291
71 306
71 339
71 358
71 368
71 373
71 390
71 400
71 413
71 423
71 435
71 445
71 447
71 457
71 471
71 482
72 90
72 96
72 102
72 108
72 125
72 126
72 131
72 145
72 151
72 161
72 180
72 185
72 191
72 193
72 203
72 207
72 255
72 261
72 292
72 296
72 359
72 367
72 419
72 421
72 423
72 425
72 429
72 447
72 458
72 488
73 85
73 118
73 120
73 156
73 174
73 186
73 216
73 231
73 249
73 255
73 278
73 279
73 326
73 331
73 334
73 353
73 377
73 380
73 391
73 406
73 412
73 416
73 430
73 436
73 451
73 456
73 463
73 468
73 472
73 474
73 498
74 79
74 97
74 106
74 135
74 151
74 175
74 190
74 191
74 208
74 215
74 216
74 236
74 254
74 258
74 268
74 271
74 272
74 275
74 277
74 324
74 327
74 328
74 331
74 369
74 370
74 379
74 385
74 392
74 396
74 416
74 421
74 425
74 436
74 464
74 475
74 481
74 498
75 77
75 86
75 120
75 126
75 127
75 147
75 150
75 158
75 204
75 210
75 248
75 252
75 273
75 281
75 291
75 308
75 310
75 314
75 315
75 323
75 348
75 351
75 370
75 373
75 378
75 382
75 401
75 411
75 422
75 451
75 466
75 483
76 78
76 81
76 83
76 97
76 102
76 106
76 131
76 140
76 150
76 162
76 180
76 206
76 220
76 234
76 238
76 240
76 241
76 248
76 289
76 298
76 308
76 317
76 322
76 325
76 326
76 328
76 366
76 395
76 397
76 398
76 426
76 442
76 458
76 462
76 469
76 472
76 488
76 499
77 90
77 92
77 122
77 174
77 186
77 196
77 203
77 229
77 233
77 241
77 257
77 259
77 267
77 269
77 293
77 297
77 364
77 394
77 409
77 422
77 470
77 485
77 498
78 95
78 97
78 125
78 154
78 159
78 176
78 183
78 191
78 202
78 206
78 212
78 254
78 256
78 266
78 275
78 336
78 351
78 359
78 360
78 369
78 395
78 400
78 421
78 427
78 437
78 461
78 462
78 469
78 489
78 497
79 97
79 127
79 132
79 153
79 156
79 161
79 179
79 193
79 215
79 222
79 224
79 227
79 228
79 232
79 237
79 240
79 253
79 276
79 280
79 281
79 296
79 303
79 308
79 323
79 336
79 343
79 367
79 413
79 415
79 426
79 433
79 456
79 464
79 471
80 87
80 106
80 142
80 147
80 155
80 156
80 159
80 161
80 193
80 225
80 233
80 246
80 251
80 292
80 303
80 305
80 313
80 320
80 340
80 349
80 351
80 353
80 360
80 363
80 366
80 373
80 386
80 394
80 404
80 437
80 451
80 452
80 455
80 456
80 461
80 463
80 473
80 487
80 491
81 88
81 89
81 118
81 124
81 147
81 150
81 160
81 161
81 213
81 215
81 247
81 251
81 291
81 308
81 313
81 325
81 344
81 352
81 364
81 403
81 411
81 421
81 435
81 473
81 474
81 491
81 498
81 499
82 142
82 199
82 240
82 287
82 288
82 293
82 294
82 298
82 325
82 328
82 333
82 340
82 389
82 402
82 417
82 434
82 451
82 458
82 462
82 493
82 494
83 95
83 97
83 99
83 151
83 171
83 172
83 180
83 188
83 224
83 254
83 267
83 299
83 304
83 345
83 349
83 367
83 378
83 401
83 411
83 422
83 427
83 428
83 432
83 458
83 473
84 111
84 130
84 134
84 139
84 152
84 159
84 166
84 177
84 197
84 223
84 230
84 241
84 263
84 275
84 292
84 326
84 347
84 355
84 373
84 379
84 381
84 390
84 392
84 394
84 406
84 413
84 432
84 462
84 465
84 471
84 487
85 116
85 132
85 149
85 171
85 208
85 210
85 211
85 239
85 241
85 242
85 285
85 292
85 299
85 303
85 341
85 353
85 367
85 376
85 391
85 402
85 416
85 417
85 429
85 432
85 444
85 449
85 472
86 120
86 123
86 135
86 145
86 146
86 159
86 163
86 164
86 177
86 183
86 189
86 192
86 207
86 219
86 220
86 236
86 256
86 274
86 304
86 328
86 338
86 413
86 434
86 439
86 448
86 449
86 469
86 483
86 497
87 109
87 134
87 139
87 144
87 160
87 174
87 181
87 196
87 220
87 235
87 250
87 259
87 263
87 273
87 311
87 349
87 355
87 376
87 385
87 390
87 407
87 436
87 437
87 474
87 482
87 492
87 498
88 101
88 135
88 136
88 139
88 150
88 156
88 183
88 193
88 206
88 207
88 216
88 235
88 236
88 243
88 255
88 267
88 288
88 296
88 307
88 313
88 320
88 332
88 336
88 372
88 387
88 405
88 425
88 430
88 434
88 447
88 489
89 98
89 104
89 116
89 142
89 148
89 163
89 179
89 199
89 223
89 238
89 256
89 263
89 267
89 271
89 281
89 285
89 303
89 328
89 342
89 377
89 389
89 400
89 427
89 428
89 438
89 451
89 476
89 482
89 484
90 92
90 112
90 133
90 164
90 174
90 201
90 210
90 213
90 223
90 226
90 264
90 292
90 306
90 310
90 340
90 350
90 355
90 359
90 374
90 385
90 391
90 413
90 440
90 456
90 461
90 463
90 477
90 497
91 101
91 119
91 130
91 144
91 148
91 149
91 161
91 164
91 166
91 182
91 189
91 192
91 193
91 196
91 203
91 214
91 224
91 226
91 234
91 264
91 279
91 316
91 318
91 324
91 329
91 333
91 374
91 398
91 402
91 403
91 421
91 449
91 461
91 479
91 495
91 498
91 499
92 95
92 110
92 116
92 126
92 151
92 179
92 215
92 222
92 251
92 311
92 381
92 383
92 408
92 416
92 417
92 441
92 457
92 475
92 496
93 107
93 114
93 125
93 129
93 132
93 187
93 206
93 208
93 209
93 211
93 251
93 260
93 271
93 272
93 293
93 297
93 333
93 370
93 384
93 416
93 423
93 438
93 462
93 485
93 495
94 101
94 115
94 123
94 138
94 148
94 190
94 195
94 223
94 227
94 234
94 246
94 248
94 253
94 263
94 271
94 289
94 290
94 328
94 332
94 375
94 376
94 460
94 473
94 494
95 114
95 115
95 119
95 128
95 130
95 135
95 136
95 139
95 185
95 190
95 195
95 217
95 233
95 240
95 243
95 256
95 264
95 276
95 292
95 316
95 320
95 336
95 341
95 362
95 377
95 379
95 386
95 444
95 489
96 112
96 115
96 130
96 141
96 162
96 168
96 182
96 204
96 207
96 244
96 249
96 254
96 265
96 306
96 311
96 314
96 318
96 331
96 333
96 338
96 343
96 348
96 382
96 384
96 386
96 395
96 426
96 438
96 451
96 459
96 476
97 112
97 121
97 123
97 124
97 138
97 146
97 180
97 185
97 186
97 191
97 233
97 239
97 276
97 295
97 299
97 305
97 309
97 311
97 325
97 367
97 389
97 394
97 410
97 415
97 432
97 440
97 442
97 452
97 470
97 471
97 488
98 149
98 158
98 169
98 177
98 189
98 195
98 200
98 206
98 216
98 227
98 228
98 250
98 297
98 307
98 314
98 330
98 334
98 336
98 343
98 391
98 394
98 400
98 407
98 421
98 431
98 440
98 443
98 459
98 461
98 473
98 484
98 488
99 101
99 142
99 149
99 154
99 159
99 162
99 169
99 186
99 210
99 229
99 231
99 240
99 242
99 282
99 286
99 294
99 317
99 329
99 371
99 373
99 388
99 398
99 408
99 412
99 414
99 446
99 483
99 487
100 104
100 111
100 129
100 148
100 151
100 163
100 189
100 192
100 203
100 208
100 211
100 212
100 232
100 271
100 285
100 287
100 297
100 299
100 303
100 308
100 312
100 334
100 342
100 366
100 372
100 410
100 418
100 430
100 443
100 471
100 476
100 477
100 494
100 496
100 497
101 110
101 121
101 142
101 192
101 206
101 232
101 237
101 251
101 258
101 276
101 277
101 291
101 331
101 348
101 349
101 354
101 366
101 399
101 413
101 418
101 451
101 464
101 473
101 488
102 114
102 121
102 145
102 164
102 176
102 189
102 192
102 194
102 206
102 244
102 287
102 307
102 322
102 340
102 360
102 414
102 426
102 441
102 443
102 451
102 454
102 464
102 479
103 113
103 124
103 135
103 136
103 148
103 151
103 166
103 201
103 222
103 252
103 260
103 273
103 274
103 283
103 310
103 335
103 365
103 374
103 375
103 382
103 406
103 411
103 425
103 440
103 463
103 480
103 484
103 499
104 108
104 117
104 156
104 182
104 197
104 202
104 203
104 209
104 214
104 242
104 247
104 255
104 301
104 326
104 336
104 344
104 360
104 363
104 373
104 414
104 437
104 438
104 448
104 477
104 484
105 128
105 129
105 138
105 144
105 147
105 152
105 162
105 167
105 185
105 195
105 206
105 226
105 245
105 257
105 277
105 306
105 309
105 315
105 325
105 326
105 349
105 413
105 420
105 430
105 444
105 446
105 471
106 113
106 138
106 140
106 146
106 154
106 168
106 173
106 176
106 182
106 183
106 188
106 189
106 207
106 214
106 218
106 233
106 242
106 254
106 265
106 279
106 309
106 331
106 356
106 363
106 402
106 403
106 423
106 443
106 497
106 498
107 129
107 147
107 152
107 191
107 204
107 212
107 217
107 246
107 255
107 270
107 285
107 288
107 303
107 317
107 343
107 380
107 404
107 406
107 411
107 446
107 453
107 497
108 114
108 160
108 164
108 193
108 200
108 201
108 212
108 227
108 260
108 261
108 280
108 282
108 291
108 304
108 315
108 340
108 351
108 359
108 370
108 400
108 410
108 411
108 422
108 432
108 435
108 455
109 131
109 163
109 181
109 189
109 201
109 203
109 213
109 228
109 258
109 259
109 264
109 288
109 302
109 306
109 318
109 339
109 355
109 361
109 376
109 380
109 382
109 394
109 412
109 413
109 427
109 440
109 453
109 462
109 468
109 493
110 134
110 136
110 139
110 149
110 151
110 159
110 167
110 176
110 180
110 222
110 229
110 238
110 261
110 283
110 289
110 330
110 388
110 423
110 424
110 429
110 441
110 470
110 479
111 121
111 129
111 141
111 145
111 156
111 183
111 199
111 204
111 214
111 222
111 257
111 267
111 289
111 297
111 298
111 323
111 325
111 336
111 341
111 356
111 358
111 361
111 367
111 370
111 371
111 389
111 393
111 400
111 418
111 424
111 433
111 469
111 475
111 478
111 484
111 485
111 490
112 124
112 128
112 153
112 154
112 158
112 192
112 196
112 205
112 238
112 269
112 298
112 304
112 310
112 344
112 378
112 417
112 423
112 441
112 446
112 454
112 457
112 460
112 478
113 127
113 142
113 146
113 148
113 152
113 159
113 169
113 249
113 263
113 278
113 292
113 302
113 307
113 321
113 353
113 356
113 369
113 421
113 444
113 446
113 452
113 483
114 130
114 134
114 165
114 166
114 174
114 212
114 236
114 267
114 271
114 274
114 279
114 282
114 286
114 288
114 291
114 299
114 313
114 326
114 330
114 340
114 350
114 352
114 362
114 374
114 406
114 412
114 435
114 441
114 448
114 454
114 457
114 481
114 493
115 133
115 141
115 147
115 180
115 182
115 195
115 228
115 241
115 242
115 243
115 260
115 274
115 295
115 302
115 307
115 311
115 335
115 355
115 369
115 375
115 404
115 409
115 426
115 428
115 432
115 434
115 470
115 481
115 497
116 123
116 152
116 154
116 162
116 169
116 172
116 187
116 190
116 192
116 199
116 203
116 207
116 229
116 232
116 233
116 247
116 280
116 295
116 300
116 307
116 311
116 321
116 349
116 366
116 380
116 395
116 400
116 406
116 436
116 443
116 450
116 454
116 457
116 475
116 483
116 485
117 123
117 125
117 130
117 151
117 162
117 184
117 192
117 195
117 216
117 229
117 230
117 244
117 250
117 251
117 254
117 281
117 287
117 292
117 322
117 339
117 343
117 346
117 360
117 364
117 378
117 379
117 385
117 396
117 398
117 401
117 406
117 415
117 462
118 155
118 188
118 195
118 222
118 225
118 228
118 231
118 237
118 240
118 247
118 271
118 300
118 311
118 322
118 346
118 353
118 365
118 416
118 419
118 420
118 432
118 437
118 439
118 478
118 488
119 126
119 134
119 139
119 146
119 149
119 152
119 154
119 155
119 207
119 280
119 289
119 294
119 296
119 302
119 303
119 307
119 311
119 354
119 359
119 360
119 365
119 382
119 391
119 403
119 438
119 448
119 449
119 453
119 457
119 458
119 487
120 139
120 143
120 173
120 191
120 195
120 217
120 232
120 242
120 249
120 265
120 279
120 285
120 286
120 294
120 301
120 332
120 349
120 392
120 393
120 400
120 423
120 435
120 481
121 132
121 182
121 183
121 191
121 195
121 230
121 243
121 270
121 328
121 347
121 357
121 360
121 385
121 411
121 416
121 426
121 443
121 444
121 450
121 455
121 467
121 470
121 472
121 478
121 480
121 496
122 150
122 151
122 180
122 191
122 219
122 228
122 231
122 256
122 269
122 290
122 306
122 312
122 333
122 360
122 398
122 424
122 432
122 439
122 440
122 467
122 468
122 487
123 132
123 179
123 188
123 198
123 206
123 229
123 231
123 240
123 241
123 259
123 275
123 282
123 292
123 341
123 383
123 411
123 412
123 415
123 474
123 480
124 138
124 140
124 153
124 162
124 175
124 189
124 197
124 206
124 207
124 255
124 269
124 287
124 300
124 305
124 313
124 328
124 334
124 336
124 337
124 346
124 367
124 368
124 369
124 379
124 383
124 390
124 417
124 437
124 444
124 448
124 464
124 472
124 489
124 492
125 127
125 137
125 145
125 174
125 206
125 209
125 212
125 234
125 241
125 267
125 270
125 302
125 313
125 352
125 355
125 359
125 372
125 378
125 388
125 406
125 417
125 418
125 444
125 463
126 134
126 145
126 150
126 163
126 167
126 194
126 195
126 224
126 238
126 275
126 276
126 285
126 302
126 305
126 315
126 330
126 336
126 357
126 373
126 383
126 385
126 404
126 441
126 483
126 490
127 144
127 157
127 159
127 167
127 179
127 180
127 181
127 199
127 202
127 219
127 225
127 237
127 276
127 288
127 297
127 310
127 385
127 397
127 403
127 411
127 429
127 438
127 441
127 469
127 473
127 490
128 141
128 148
128 151
128 166
128 174
128 200
128 212
128 220
128 222
128 238
128 255
128 267
128 269
128 272
128 277
128 282
128 284
128 290
128 295
128 305
128 322
128 329
128 341
128 352
128 361
128 362
128 370
128 375
128 385
128 386
128 391
128 401
128 415
128 418
128 433
128 438
128 452
128 476
128 486
129 144
129 148
129 152
129 159
129 188
129 253
129 275
129 296
129 303
129 308
129 340
129 355
129 365
129 372
129 394
129 397
129 406
129 429
129 441
129 452
129 468
129 490
130 133
130 143
130 145
130 160
130 175
130 193
130 231
130 256
130 265
130 300
130 301
130 304
130 313
130 327
130 330
130 334
130 344
130 357
130 375
130 382
130 388
130 390
130 457
130 463
130 481
130 482
130 490
131 136
131 175
131 189
131 199
131 200
131 206
131 213
131 260
131 271
131 277
131 323
131 339
131 379
131 390
131 391
131 403
131 409
131 415
131 433
131 442
131 446
131 453
131 480
131 495
132 165
132 180
132 181
132 215
132 219
132 223
132 232
132 251
132 263
132 275
132 277
132 316
132 338
132 341
132 362
132 373
132 376
132 377
132 389
132 397
132 408
132 424
132 430
132 452
132 465
132 466
132 468
132 497
132 499
133 163
133 164
133 213
133 226
133 258
133 260
133 268
133 269
133 284
133 292
133 296
133 301
133 302
133 326
133 357
133 371
133 381
133 397
133 429
133 444
133 459
133 467
133 473
133 487
134 166
134 192
134 198
134 264
134 292
134 306
134 314
134 340
134 368
134 376
134 401
134 407
134 414
134 428
134 439
134 450
134 465
135 150
135 157
135 165
135 168
135 177
135 223
135 244
135 273
135 290
135 293
135 313
135 324
135 326
135 344
135 388
135 398
135 402
135 405
135 414
135 441
135 464
135 465
135 473
135 489
135 490
135 499
136 159
136 182
136 196
136 200
136 204
136 230
136 231
136 272
136 276
136 289
136 304
136 315
136 321
136 322
136 335
136 347
136 368
136 369
136 384
136 386
136 389
136 391
136 408
136 434
136 441
136 471
136 487
136 494
137 169
137 192
137 205
137 221
137 230
137 231
137 241
137 256
137 266
137 301
137 338
137 357
137 368
137 398
137 428
137 438
137 443
137 448
137 482
138 144
138 178
138 187
138 216
138 239
138 240
138 249
138 256
138 304
138 307
138 317
138 319
138 325
138 331
138 337
138 344
138 360
138 361
138 365
138 379
138 400
138 404
138 434
138 439
138 443
138 465
138 475
139 166
139 169
139 195
139 200
139 207
139 221
139 222
139 260
139 316
139 356
139 380
139 394
139 399
139 401
139 423
139 433
139 437
139 442
139 443
139 461
139 463
139 466
139 475
139 495
140 143
140 146
140 163
140 175
140 194
140 200
140 210
140 222
140 240
140 241
140 265
140 279
140 282
140 299
140 301
140 303
140 315
140 318
140 331
140 389
140 412
140 439
140 455
140 470
140 473
140 483
141 144
141 148
141 164
141 198
141 214
141 225
141 240
141 245
141 256
141 279
141 283
141 284
141 286
141 298
141 302
141 307
141 323
141 328
141 339
141 345
141 349
141 386
141 432
141 434
141 438
141 439
141 471
141 497
142 151
142 163
142 179
142 181
142 189
142 199
142 200
142 209
142 214
142 247
142 255
142 267
142 272
142 277
142 280
142 286
142 313
142 342
142 344
142 382
142 409
142 415
142 443
142 463
143 148
143 167
143 169
143 187
143 199
143 206
143 263
143 265
143 272
143 288
143 300
143 301
143 321
143 322
143 330
143 343
143 348
143 378
143 396
143 406
143 407
143 450
143 479
144 154
144 156
144 210
144 219
144 258
144 263
144 281
144 297
144 305
144 308
144 317
144 318
144 335
144 376
144 428
144 475
144 482
144 488
144 498
145 152
145 153
145 165
145 174
145 207
145 210
145 227
145 230
145 231
145 242
145 250
145 253
145 323
145 343
145 362
145 367
145 388
145 400
145 413
145 460
145 498
146 152
146 166
146 179
146 189
146 196
146 198
146 201
146 202
146 221
146 243
146 251
146 292
146 301
146 311
146 331
146 349
146 364
146 382
146 385
146 393
146 412
146 431
146 459
146 468
146 480
146 485
147 161
147 177
147 185
147 191
147 201
147 204
147 218
147 284
147 296
147 306
147 307
147 323
147 357
147 390
147 453
147 464
148 152
148 164
148 175
148 187
148 207
148 223
148 236
148 311
148 336
148 337
148 363
148 368
148 388
148 398
148 399
148 460
148 461
148 478
149 164
149 169
149 179
149 199
149 229
149 230
149 251
149 272
149 278
149 285
149 308
149 313
149 314
149 338
149 348
149 354
149 375
149 376
149 412
149 455
149 477
149 485
149 487
150 227
150 228
150 249
150 270
150 302
150 311
150 317
150 328
150 374
150 384
150 397
150 398
150 404
150 418
150 433
150 449
150 480
150 492
151 205
151 213
151 236
151 255
151 276
151 295
151 298
151 308
151 319
151 323
151 349
151 351
151 355
151 356
151 362
151 367
151 383
151 422
151 449
151 462
151 464
151 471
151 476
151 477
152 155
152 177
152 198
152 205
152 242
152 279
152 286
152 298
152 300
152 310
152 317
152 323
152 362
152 366
152 375
152 440
152 464
152 475
152 483
152 485
153 155
153 159
153 173
153 185
153 200
153 227
153 228
153 246
153 247
153 256
153 294
153 299
153 316
153 321
153 342
153 356
153 359
153 368
153 374
153 378
153 381
153 391
153 408
153 418
153 428
153 444
153 447
153 455
153 477
153 499
154 174
154 178
154 210
154 233
154 269
154 302
154 327
154 331
154 340
154 361
154 375
154 377
154 384
154 391
154 393
154 394
154 396
154 434
154 458
154 467
155 158
155 166
155 181
155 187
155 203
155 216
155 233
155 239
155 277
155 284
155 290
155 331
155 340
155 367
155 394
155 403
155 415
155 420
155 422
155 440
155 477
155 490
156 159
156 166
156 219
156 232
156 253
156 260
156 265
156 283
156 284
156 317
156 338
156 346
156 360
156 374
156 375
156 379
156 386
156 414
156 426
156 447
156 470
156 471
156 476
156 483
156 491
156 498
157 180
157 201
157 205
157 212
157 222
157 224
157 239
157 253
157 257
157 267
157 295
157 302
157 336
157 386
157 391
157 398
157 403
157 425
157 426
157 437
157 451
157 458
157 472
157 475
157 484
158 159
158 162
158 165
158 168
158 169
158 180
158 184
158 195
158 218
158 234
158 242
158 269
158 278
158 282
158 287
158 290
158 303
158 317
158 357
158 368
158 396
158 422
158 430
158 442
158 447
158 449
158 493
159 166
159 200
159 201
159 236
159 252
159 256
159 267
159 281
159 333
159 353
159 358
159 361
159 387
159 422
159 433
159 439
159 460
159 465
159 469
159 484
159 489
160 161
160 163
160 167
160 183
160 197
160 200
160 206
160 213
160 226
160 236
160 249
160 271
160 288
160 305
160 347
160 351
160 354
160 363
160 403
160 420
160 447
160 448
160 478
160 496
161 167
161 172
161 183
161 185
161 188
161 193
161 225
161 227
161 235
161 255
161 277
161 296
161 304
161 305
161 344
161 357
161 381
161 390
161 404
161 432
161 434
162 175
162 193
162 196
162 208
162 209
162 213
162 238
162 243
162 245
162 254
162 259
162 266
162 275
162 276
162 297
162 303
162 318
162 322
162 351
162 362
162 373
162 386
162 415
162 427
162 433
162 437
162 438
162 497
162 498
163 176
163 199
163 203
163 205
163 206
163 208
163 209
163 211
163 221
163 223
163 241
163 246
163 255
163 263
163 286
163 290
163 291
163 321
163 330
163 336
163 356
163 364
163 386
163 413
163 414
163 421
163 430
163 448
163 456
163 477
163 490
163 492
164 168
164 169
164 181
164 196
164 219
164 231
164 233
164 245
164 266
164 280
164 296
164 321
164 339
164 368
164 386
164 397
164 404
164 406
164 426
164 434
164 446
164 450
164 474
164 485
165 189
165 197
165 223
165 256
165 263
165 268
165 270
165 282
165 288
165 320
165 324
165 371
165 390
165 414
165 433
165 435
165 451
166 179
166 195
166 196
166 202
166 208
166 216
166 233
166 244
166 267
166 307
166 312
166 315
166 317
166 328
166 330
166 359
166 379
166 384
166 407
166 427
166 438
166 450
166 467
166 472
167 200
167 228
167 230
167 255
167 271
167 286
167 315
167 316
167 327
167 349
167 370
167 379
167 381
167 387
167 394
167 406
167 421
167 436
167 441
167 461
167 491
167 495
168 178
168 199
168 208
168 279
168 293
168 319
168 336
168 338
168 352
168 386
168 394
168 418
168 434
168 435
168 440
168 450
168 451
168 473
168 480
168 499
169 175
169 185
169 204
169 209
169 213
169 215
169 238
169 247
169 285
169 298
169 317
169 323
169 334
169 336
169 339
169 348
169 376
169 381
169 436
169 458
169 461
169 469
169 476
169 477
169 479
169 481
169 484
170 171
170 179
170 180
170 192
170 219
170 230
170 231
170 257
170 263
170 271
170 296
170 299
170 305
170 307
170 309
170 318
170 335
170 349
170 355
170 365
170 388
170 401
170 406
170 408
170 414
170 426
170 460
170 463
170 465
170 494
171 176
171 193
171 195
171 214
171 239
171 240
171 241
171 253
171 261
171 318
171 380
171 398
171 407
171 410
171 415
171 422
171 429
171 430
171 437
171 445
171 452
171 468
172 178
172 181
172 195
172 196
172 202
172 220
172 223
172 287
172 293
172 302
172 304
172 316
172 357
172 364
172 366
172 370
172 377
172 424
172 443
172 444
172 450
172 453
172 459
172 463
172 482
172 499
173 183
173 187
173 190
173 195
173 203
173 212
173 224
173 240
173 247
173 280
173 299
173 310
173 332
173 356
173 373
173 378
173 429
173 431
173 433
173 463
173 469
173 470
173 473
173 486
173 487
174 217
174 223
174 225
174 230
174 237
174 241
174 251
174 256
174 281
174 305
174 343
174 349
174 364
174 367
174 372
174 451
174 454
174 459
174 465
175 178
175 196
175 221
175 235
175 254
175 268
175 295
175 299
175 315
175 316
175 317
175 321
175 324
175 333
175 336
175 343
175 347
175 359
175 372
175 395
175 404
175 415
175 423
175 434
175 445
175 447
175 451
175 456
175 478
175 495
175 497
176 185
176 191
176 199
176 209
176 211
176 216
176 229
176 239
176 266
176 286
176 308
176 312
176 329
176 333
176 352
176 359
176 364
176 365
176 369
176 370
176 379
176 398
176 410
176 411
176 431
176 432
176 465
176 467
176 472
176 497
176 498
177 178
177 188
177 193
177 203
177 212
177 230
177 265
177 279
177 312
177 351
177 353
177 367
177 385
177 391
177 426
177 453
177 460
177 464
177 471
177 472
177 492
177 494
177 497
178 181
178 199
178 209
178 223
178 227
178 258
178 272
178 273
178 296
178 306
178 318
178 330
178 340
178 351
178 352
178 362
178 390
178 407
178 414
178 440
178 447
178 460
178 470
178 471
178 492
179 188
179 205
179 252
179 271
179 281
179 285
179 287
179 298
179 309
179 313
179 324
179 330
179 358
179 368
179 375
179 380
179 392
179 409
179 416
179 452
179 455
179 475
179 481
180 195
180 233
180 247
180 251
180 266
180 296
180 298
180 311
180 359
180 365
180 373
180 396
180 404
180 409
180 410
180 428
180 445
180 447
180 468
180 469
180 481
181 182
181 214
181 222
181 234
181 257
181 264
181 267
181 287
181 299
181 300
181 314
181 327
181 332
181 339
181 341
181 359
181 386
181 404
181 481
181 483
182 184
182 203
182 218
182 224
182 226
182 238
182 254
182 258
182 264
182 271
182 273
182 274
182 279
182 282
182 291
182 299
182 320
182 362
182 365
182 379
182 400
182 432
182 455
182 462
182 481
182 495
183 187
183 227
183 245
183 288
183 290
183 302
183 325
183 326
183 400
183 401
183 407
183 419
183 433
183 453
183 470
183 476
184 198
184 207
184 235
184 246
184 247
184 257
184 266
184 274
184 283
184 295
184 339
184 341
184 368
184 469
184 485
185 186
185 194
185 224
185 240
185 245
185 248
185 257
185 260
185 279
185 291
185 301
185 314
185 322
185 337
185 348
185 366
185 370
185 382
185 389
185 392
185 452
185 455
185 478
186 187
186 208
186 223
186 240
186 250
186 267
186 269
186 279
186 296
186 328
186 335
186 337
186 346
186 356
186 373
186 377
186 386
186 393
186 400
186 412
186 429
186 448
186 455
186 459
186 470
187 224
187 234
187 241
187 251
187 268
187 274
187 320
187 361
187 377
187 395
187 412
187 421
187 435
187 457
187 460
187 469
187 482
187 488
188 197
188 205
188 222
188 229
188 248
188 255
188 264
188 334
188 341
188 347
188 379
188 398
188 401
188 424
188 443
188 445
188 455
188 471
189 203
189 249
189 280
189 282
189 285
189 287
189 296
189 297
189 301
189 308
189 350
189 363
189 366
189 367
189 385
189 421
189 455
189 463
190 216
190 229
190 236
190 259
190 260
190 267
190 273
190 275
190 277
190 279
190 294
190 348
190 355
190 374
190 385
190 393
190 406
190 412
190 432
190 448
190 459
190 467
190 468
190 475
190 499
191 205
191 227
191 229
191 239
191 243
191 262
191 264
191 280
191 313
191 321
191 326
191 327
191 332
191 340
191 358
191 371
191 375
191 377
191 379
191 432
191 442
191 481
191 489
192 198
192 219
192 240
192 243
192 249
192 251
192 271
192 289
192 300
192 305
192 311
192 329
192 368
192 422
192 430
192 458
192 479
192 480
192 492
193 218
193 239
193 249
193 259
193 277
193 299
193 302
193 307
193 310
193 362
193 367
193 374
193 381
193 385
193 420
193 428
193 438
194 229
194 231
194 249
194 262
194 263
194 281
194 316
194 328
194 371
194 372
194 398
194 421
194 469
194 486
194 493
195 222
195 226
195 228
195 245
195 258
195 286
195 297
195 304
195 306
195 318
195 327
195 363
195 369
195 386
195 394
195 411
195 417
195 438
195 439
195 440
195 450
195 465
195 470
195 477
195 480
196 197
196 241
196 245
196 250
196 274
196 277
196 294
196 303
196 307
196 310
196 322
196 330
196 339
196 340
196 346
196 372
196 375
196 411
196 417
196 419
196 426
196 439
196 452
196 460
196 489
197 201
197 203
197 236
197 245
197 256
197 273
197 290
197 308
197 332
197 351
197 353
197 355
197 359
197 365
197 371
197 372
197 396
197 398
197 419
197 423
197 460
197 474
197 478
197 481
197 482
197 490
197 491
197 493
198 204
198 234
198 235
198 242
198 257
198 259
198 278
198 317
198 338
198 355
198 364
198 387
198 391
198 401
198 454
198 455
198 480
198 486
198 494
198 499
199 212
199 216
199 237
199 282
199 286
199 296
199 297
199 310
199 327
199 336
199 338
199 360
199 373
199 413
199 425
199 446
199 449
199 457
199 460
199 489
200 201
200 205
200 207
200 208
200 209
200 225
200 256
200 262
200 297
200 300
200 302
200 343
200 361
200 369
200 373
200 381
200 390
200 408
200 438
200 439
200 460
200 463
200 474
201 216
201 259
201 297
201 304
201 307
201 316
201 317
201 330
201 336
201 341
201 380
201 403
201 439
201 459
201 465
201 492
201 493
202 206
202 216
202 286
202 329
202 336
202 341
202 364
202 378
202 392
202 394
202 395
202 397
202 399
202 418
202 451
202 480
202 489
203 207
203 250
203 255
203 264
203 282
203 294
203 325
203 336
203 401
203 429
203 445
203 454
203 467
203 468
204 232
204 244
204 252
204 280
204 294
204 295
204 299
204 350
204 368
204 373
204 383
204 393
204 411
204 413
204 436
204 444
204 453
204 454
204 455
204 461
204 491
205 228
205 232
205 236
205 250
205 275
205 282
205 291
205 315
205 326
205 330
205 331
205 361
205 367
205 378
205 379
205 395
205 396
205 405
205 410
205 430
205 464
205 466
205 473
205 474
205 481
206 207
206 213
206 218
206 221
206 229
206 230
206 239
206 266
206 280
206 287
206 303
206 309
206 323
206 330
206 345
206 349
206 354
206 371
206 375
206 380
206 395
206 402
206 409
206 413
206 415
206 428
206 432
206 444
206 458
206 468
206 474
206 486
206 496
206 498
207 243
207 291
207 298
207 312
207 386
207 387
207 396
207 406
207 420
207 427
207 445
207 449
207 484
208 216
208 217
208 219
208 221
208 239
208 256
208 273
208 281
208 284
208 287
208 305
208 315
208 324
208 327
208 331
208 340
208 344
208 367
208 393
208 409
208 421
208 458
208 468
208 478
208 483
208 492
209 211
209 229
209 248
209 252
209 255
209 270
209 280
209 333
209 334
209 335
209 338
209 346
209 362
209 396
209 399
209 401
209 408
209 410
209 424
209 434
209 448
209 458
209 460
209 494
210 237
210 260
210 268
210 277
210 279
210 284
210 302
210 315
210 333
210 334
210 339
210 394
210 397
210 401
210 402
210 405
210 416
210 431
210 432
210 437
210 455
210 459
210 498
211 223
211 339
211 373
211 384
211 397
211 411
211 420
211 433
211 463
211 489
212 218
212 225
212 257
212 274
212 307
212 312
212 313
212 342
212 364
212 376
212 397
212 411
212 426
212 436
212 464
212 474
212 477
212 482
213 220
213 276
213 303
213 313
213 316
213 320
213 324
213 383
213 435
213 437
213 442
213 465
213 466
213 470
213 478
213 483
213 494
214 241
214 252
214 262
214 270
214 310
214 343
214 351
214 365
214 378
214 395
214 401
214 411
214 418
214 428
214 434
214 447
214 448
214 452
214 475
214 482
214 485
214 491
214 493
215 247
215 267
215 274
215 275
215 332
215 375
215 387
215 395
215 398
215 425
215 431
215 468
215 472
215 492
216 217
216 223
216 232
216 323
216 327
216 365
216 374
216 375
216 383
216 393
216 419
216 428
216 429
216 450
216 452
216 495
216 498
217 255
217 263
217 282
217 299
217 312
217 314
217 318
217 336
217 345
217 350
217 368
217 369
217 384
217 385
217 417
217 432
217 451
217 474
217 492
218 222
218 226
218 244
218 247
218 261
218 268
218 282
218 289
218 306
218 307
218 308
218 313
218 320
218 347
218 354
218 457
218 461
219 225
219 251
219 255
219 263
219 265
219 277
219 295
219 353
219 367
219 407
219 426
219 436
219 480
220 245
220 246
220 249
220 262
220 277
220 290
220 304
220 307
220 312
220 341
220 347
220 362
220 373
220 392
220 410
220 430
220 447
220 453
221 230
221 232
221 267
221 279
221 286
221 297
221 310
221 324
221 325
221 352
221 403
221 430
221 447
221 451
221 452
221 480
221 493
222 229
222 230
222 232
222 239
222 258
222 259
222 271
222 298
222 312
222 313
222 319
222 321
222 390
222 397
222 418
222 431
222 446
222 470
222 476
222 477
222 483
222 486
222 493
223 252
223 256
223 257
223 265
223 289
223 301
223 316
223 326
223 337
223 356
223 366
223 415
223 458
223 464
223 478
223 489
224 230
224 239
224 246
224 272
224 300
224 315
224 318
224 366
224 376
224 387
224 392
224 408
224 470
224 483
225 257
225 299
225 320
225 362
225 368
225 392
225 393
225 403
225 404
225 453
225 455
225 465
225 490
225 499
226 241
226 248
226 253
226 263
226 265
226 266
226 268
226 287
226 292
226 319
226 344
226 382
226 397
226 402
226 407
226 419
226 420
226 439
226 480
226 488
226 497
227 241
227 260
227 266
227 268
227 281
227 303
227 310
227 318
227 335
227 340
227 457
227 463
227 471
227 496
228 232
228 236
228 257
228 262
228 267
228 281
228 287
228 288
228 295
228 296
228 335
228 344
228 346
228 362
228 379
228 382
228 394
228 403
228 406
228 408
228 414
228 416
228 421
228 423
228 458
228 463
228 477
228 494
229 245
229 252
229 285
229 287
229 305
229 334
229 385
229 387
229 403
229 408
229 433
229 450
229 455
229 456
229 458
229 466
230 243
230 247
230 249
230 250
230 270
230 278
230 329
230 330
230 342
230 346
230 349
230 363
230 381
230 383
230 392
230 426
230 439
230 448
230 453
230 460
230 463
230 469
230 471
230 472
230 476
230 484
230 489
231 260
231 284
231 298
231 329
231 331
231 332
231 379
231 388
231 391
231 394
231 403
231 404
231 416
231 435
231 457
231 468
231 469
231 484
231 485
232 239
232 255
232 261
232 276
232 282
232 307
232 320
232 337
232 342
232 363
232 382
232 384
232 401
232 403
232 407
232 431
232 442
232 451
232 454
232 462
232 463
233 243
233 249
233 251
233 273
233 275
233 276
233 311
233 319
233 334
233 349
233 373
233 389
233 391
233 405
233 416
233 418
233 428
233 431
233 440
233 464
233 469
233 487
233 489
234 250
234 254
234 257
234 259
234 267
234 274
234 322
234 341
234 345
234 350
234 362
234 375
234 382
234 392
234 404
234 423
234 426
234 434
234 447
234 474
234 477
234 484
234 494
235 254
235 283
235 286
235 344
235 347
235 360
235 365
235 374
235 382
235 385
235 404
235 410
235 416
235 427
235 429
235 469
235 479
235 499
236 243
236 255
236 293
236 314
236 320
236 326
236 339
236 347
236 349
236 356
236 361
236 447
236 463
236 494
237 261
237 267
237 301
237 304
237 305
237 325
237 344
237 349
237 354
237 367
237 378
237 412
237 448
237 468
237 477
237 481
237 483
237 484
237 491
237 492
238 249
238 262
238 273
238 291
238 298
238 305
238 308
238 315
238 317
238 329
238 345
238 354
238 387
238 394
238 410
238 431
238 432
238 442
238 445
238 455
238 464
238 473
238 479
238 484
238 486
238 488
239 250
239 282
239 283
239 290
239 296
239 300
239 334
239 335
239 346
239 348
239 356
239 357
239 370
239 377
239 385
239 391
239 427
239 430
239 434
239 450
239 453
239 460
239 462
239 471
239 499
240 247
240 265
240 306
240 317
240 391
240 419
240 420
240 437
240 448
240 449
240 450
240 477
240 497
240 499
241 259
241 274
241 299
241 306
241 315
241 329
241 337
241 342
241 348
241 357
241 375
241 381
241 384
241 390
241 408
241 413
241 417
241 418
241 422
241 447
241 448
241 467
241 492
241 495
242 243
242 244
242 255
242 264
242 286
242 304
242 312
242 330
242 336
242 339
242 349
242 394
242 402
242 423
242 430
242 435
242 436
242 440
242 442
242 458
242 466
242 474
242 477
242 486
242 494
243 260
243 277
243 319
243 354
243 366
243 373
243 387
243 421
243 438
243 448
243 449
243 457
243 480
243 486
244 246
244 267
244 270
244 281
244 295
244 310
244 312
244 317
244 326
244 332
244 376
244 379
244 401
244 422
244 478
245 257
245 260
245 267
245 271
245 275
245 293
245 301
245 302
245 305
245 310
245 334
245 340
245 356
245 410
245 421
245 430
245 439
245 452
245 488
246 247
246 258
246 299
246 316
246 317
246 322
246 328
246 332
246 346
246 375
246 383
246 384
246 406
246 415
246 417
246 433
246 445
246 449
246 464
246 467
246 469
246 470
246 488
247 250
247 268
247 271
247 275
247 327
247 335
247 338
247 339
247 352
247 359
247 369
247 370
247 380
247 384
247 409
247 429
247 442
247 487
247 489
248 251
248 255
248 262
248 270
248 271
248 314
248 319
248 345
248 356
248 376
248 398
248 399
248 403
248 406
248 455
248 459
248 482
249 263
249 274
249 277
249 295
249 303
249 309
249 317
249 336
249 356
249 365
249 366
249 372
249 378
249 382
249 406
249 442
249 443
249 458
249 481
249 483
250 265
250 279
250 284
250 289
250 294
250 318
250 319
250 324
250 365
250 374
250 396
250 401
250 416
250 426
250 430
250 432
250 444
250 450
250 460
250 474
250 476
250 477
250 481
251 253
251 259
251 266
251 281
251 320
251 337
251 344
251 346
251 356
251 393
251 410
251 430
251 434
251 439
251 443
251 446
251 480
251 496
251 498
252 254
252 256
252 283
252 303
252 305
252 309
252 310
252 314
252 345
252 358
252 362
252 409
252 412
252 424
252 430
252 432
252 489
252 497
253 254
253 313
253 335
253 385
253 402
253 426
253 439
253 455
253 456
253 461
253 472
253 486
253 497
254 263
254 264
254 272
254 294
254 305
254 337
254 374
254 390
254 407
254 418
254 434
254 435
254 457
255 259
255 275
255 296
255 312
255 331
255 367
255 380
255 382
255 386
255 393
255 396
255 403
255 418
255 425
255 443
255 464
255 465
255 473
255 475
255 483
256 267
256 270
256 276
256 281
256 292
256 304
256 317
256 319
256 329
256 335
256 350
256 380
256 398
256 412
256 413
256 417
256 428
257 260
257 282
257 286
257 287
257 288
257 311
257 334
257 352
257 367
257 395
257 406
257 407
257 408
257 414
257 431
257 433
257 442
257 497
258 269
258 281
258 294
258 296
258 297
258 301
258 314
258 319
258 320
258 324
258 331
258 336
258 349
258 363
258 399
258 408
258 418
258 432
258 476
258 488
258 497
259 268
259 280
259 336
259 347
259 348
259 352
259 356
259 378
259 387
259 395
259 399
259 433
259 437
259 453
259 456
259 468
259 498
259 499
260 261
260 263
260 274
260 294
260 303
260 328
260 329
260 386
260 470
260 475
260 485
261 278
261 292
261 295
261 300
261 342
261 362
261 394
261 417
261 422
261 439
261 443
261 450
261 465
261 466
261 470
261 481
261 488
261 492
261 493
262 278
262 280
262 288
262 291
262 296
262 307
262 317
262 318
262 323
262 337
262 357
262 366
262 384
262 385
262 390
262 412
262 421
262 453
262 460
262 475
262 498
263 292
263 294
263 304
263 307
263 309
263 313
263 337
263 341
263 361
263 369
263 383
263 425
263 431
263 443
263 444
264 269
264 271
264 285
264 302
264 340
264 345
264 358
264 378
264 411
264 435
264 481
264 485
264 493
265 361
265 375
265 384
265 401
265 409
265 423
265 425
265 437
265 495
266 267
266 304
266 312
266 324
266 343
266 407
266 411
266 421
266 430
266 433
266 442
266 486
267 273
267 275
267 282
267 289
267 294
267 297
267 306
267 358
267 401
267 431
267 437
267 442
267 453
267 477
267 479
268 278
268 284
268 289
268 304
268 311
268 347
268 355
268 360
268 404
268 411
268 419
268 449
268 464
268 468
268 469
269 280
269 285
269 292
269 293
269 322
269 323
269 328
269 348
269 355
269 356
269 366
269 383
269 397
269 399
269 430
269 438
269 449
269 468
269 495
269 496
269 497
270 284
270 290
270 320
270 339
270 350
270 365
270 386
270 388
270 392
270 422
270 426
270 458
270 462
270 481
270 497
271 284
271 293
271 302
271 345
271 362
271 380
271 393
271 396
271 397
271 405
271 410
271 411
271 430
271 446
271 450
271 453
271 454
271 482
271 495
271 497
272 293
272 352
272 385
272 399
272 425
272 427
272 434
272 447
272 452
272 454
272 481
272 488
272 489
272 495
273 281
273 289
273 299
273 311
273 326
273 343
273 353
273 363
273 380
273 381
273 396
273 408
273 418
273 431
273 434
273 435
273 436
273 457
273 464
273 477
273 487
273 490
274 307
274 330
274 341
274 357
274 404
274 421
274 429
274 435
274 438
274 476
274 485
275 297
275 305
275 335
275 339
275 350
275 364
275 397
275 405
275 417
275 444
275 472
275 491
275 492
276 300
276 306
276 307
276 365
276 403
276 411
276 412
276 417
276 429
276 431
276 432
276 448
276 459
276 460
276 471
277 278
277 280
277 291
277 292
277 304
277 343
277 349
277 358
277 380
277 416
277 446
277 465
277 472
277 479
277 484
277 489
278 288
278 297
278 359
278 373
278 374
278 410
278 411
278 414
278 415
278 436
278 437
278 447
278 456
278 462
279 314
279 322
279 339
279 373
279 384
279 398
279 402
279 409
279 424
279 463
279 474
279 475
279 494
279 497
280 290
280 291
280 332
280 342
280 359
280 361
280 374
280 380
280 382
280 420
280 438
280 489
280 493
281 284
281 313
281 322
281 341
281 342
281 353
281 371
281 378
281 398
281 401
281 424
281 435
281 446
281 447
281 452
281 453
281 460
281 484
281 485
281 490
281 493
282 356
282 357
282 374
282 382
282 390
282 410
282 425
282 461
282 471
282 488
283 284
283 300
283 306
283 326
283 336
283 367
283 376
283 380
283 391
283 411
283 422
283 449
283 463
283 479
283 481
283 486
283 487
283 490
284 287
284 412
284 413
284 437
284 448
284 457
284 479
284 480
284 488
284 496
285 314
285 334
285 350
285 352
285 374
285 395
285 400
285 436
285 460
285 468
285 473
285 487
286 302
286 307
286 312
286 332
286 334
286 337
286 356
286 380
286 398
286 403
286 408
286 411
286 418
286 420
286 427
286 443
286 463
286 496
287 322
287 345
287 353
287 362
287 375
287 387
287 444
287 465
287 472
287 487
287 488
288 305
288 307
288 327
288 338
288 350
288 370
288 378
288 388
288 408
288 423
288 443
288 469
288 479
288 480
288 483
288 492
289 298
289 323
289 331
289 332
289 335
289 383
289 386
289 388
289 397
289 398
289 404
289 407
289 424
289 456
289 465
290 292
290 331
290 348
290 377
290 383
290 384
290 386
290 387
290 395
290 430
290 471
290 484
290 491
290 497
291 296
291 302
291 313
291 314
291 324
291 338
291 364
291 384
291 400
291 411
291 412
291 423
291 438
291 443
291 446
291 448
291 464
291 476
291 478
292 313
292 331
292 343
292 368
292 389
292 397
292 405
292 407
292 440
292 442
292 461
292 470
292 471
292 476
292 478
292 485
293 311
293 315
293 330
293 343
293 346
293 350
293 377
293 407
293 418
293 425
293 431
293 434
293 451
293 470
293 494
294 303
294 304
294 309
294 359
294 400
294 405
294 421
294 441
294 442
294 447
294 453
294 496
295 305
295 342
295 369
295 378
295 398
295 403
295 409
295 414
295 439
295 444
295 454
295 457
295 467
295 473
295 476
295 485
295 489
296 300
296 325
296 331
296 349
296 365
296 379
296 389
296 392
296 397
296 405
296 419
296 422
296 473
296 484
297 309
297 344
297 350
297 384
297 399
297 408
297 419
297 421
297 425
297 433
297 439
297 447
297 468
297 469
297 473
297 481
297 494
298 323
298 340
298 342
298 375
298 392
298 404
298 419
298 444
298 476
298 481
298 487
298 493
299 300
299 312
299 316
299 335
299 351
299 354
299 378
299 391
299 399
299 403
299 421
299 423
299 437
300 317
300 321
300 354
300 359
300 367
300 394
300 402
300 417
300 441
300 446
300 454
300 483
301 302
301 335
301 348
301 368
301 369
301 378
301 421
301 433
301 437
301 452
301 481
301 489
301 495
302 331
302 347
302 361
302 364
302 396
302 405
302 429
302 431
302 436
302 462
302 463
302 485
303 337
303 343
303 353
303 391
303 398
303 443
303 470
304 315
304 317
304 337
304 338
304 339
304 360
304 381
304 397
304 398
304 445
304 484
304 488
304 498
305 311
305 313
305 354
305 358
305 379
305 389
305 410
305 411
305 419
305 474
305 495
305 498
306 361
306 438
306 453
306 456
306 473
307 311
307 354
307 370
307 392
307 402
307 435
307 436
307 444
307 447
307 466
307 480
307 485
307 492
307 493
308 328
308 343
308 348
308 361
308 362
308 363
308 371
308 378
308 386
308 390
308 398
308 401
308 403
308 409
308 414
308 423
308 455
308 472
308 474
309 330
309 332
309 333
309 335
309 336
309 345
309 348
309 353
309 363
309 365
309 368
309 378
309 411
309 413
309 431
309 436
309 437
309 457
309 460
309 476
310 323
310 326
310 333
310 351
310 389
310 397
310 438
310 446
310 461
310 466
310 490
310 498
311 333
311 350
311 383
311 391
311 417
311 422
311 449
311 453
311 472
311 487
312 319
312 322
312 335
312 357
312 380
312 382
312 409
312 418
312 433
312 443
312 446
312 492
313 337
313 347
313 359
313 365
313 367
313 375
313 376
313 379
313 449
313 492
314 355
314 369
314 390
314 413
314 430
314 439
314 450
314 493
315 339
315 344
315 348
315 358
315 367
315 369
315 399
315 439
315 444
315 448
315 452
315 461
315 468
315 469
315 484
315 487
316 319
316 343
316 348
316 361
316 403
316 414
316 419
317 318
317 358
317 367
317 379
317 382
317 386
317 399
317 432
317 437
317 439
317 480
317 491
318 320
318 322
318 323
318 327
318 330
318 335
318 352
318 354
318 357
318 415
318 416
318 418
318 427
318 431
318 433
318 439
318 467
318 476
319 321
319 327
319 381
319 384
319 385
319 409
319 431
319 438
319 462
319 467
319 468
319 471
319 488
319 489
320 322
320 334
320 338
320 340
320 364
320 377
320 390
320 405
320 411
320 413
320 420
320 422
320 438
320 493
321 340
321 371
321 389
321 407
321 425
321 443
321 447
321 455
321 465
321 490
321 491
322 326
322 330
322 350
322 352
322 368
322 377
322 387
322 388
322 424
322 435
322 444
322 452
322 489
322 495
323 326
323 341
323 343
323 354
323 367
323 389
323 390
323 455
323 464
324 364
324 383
324 392
324 407
324 442
324 448
324 475
324 476
324 478
325 356
325 357
325 365
325 372
325 375
325 390
325 402
325 411
325 417
325 421
325 427
325 430
325 439
325 443
325 444
325 460
325 491
325 493
326 335
326 350
326 357
326 422
326 425
326 433
326 484
327 336
327 341
327 360
327 375
327 381
327 409
327 410
327 414
327 425
327 431
327 469
327 478
328 332
328 343
328 370
328 371
328 402
328 404
328 408
328 417
328 430
328 449
328 472
328 473
328 475
328 487
328 490
328 491
329 365
329 381
329 399
329 400
329 418
329 446
329 484
330 339
330 354
330 363
330 427
330 430
330 439
330 471
330 498
331 333
331 362
331 369
331 378
331 379
331 414
331 421
331 427
331 433
331 451
331 456
331 465
331 479
331 496
332 336
332 355
332 360
332 361
332 375
332 400
332 403
332 405
332 413
332 418
332 422
332 495
332 496
333 344
333 350
333 373
333 376
333 380
333 389
333 391
333 394
333 406
333 427
333 458
333 474
334 358
334 361
334 363
334 366
334 388
334 405
334 416
334 417
334 429
334 446
334 448
334 451
334 461
334 470
335 343
335 354
335 355
335 385
335 386
335 407
335 411
335 422
335 437
335 454
335 473
335 480
336 345
336 395
336 400
336 403
336 420
336 439
336 448
336 450
336 466
336 482
337 377
337 393
337 399
337 457
337 484
337 496
338 348
338 353
338 358
338 376
338 413
338 446
338 459
338 466
338 470
338 476
339 344
339 348
339 354
339 389
339 397
339 403
339 413
339 418
339 429
339 431
339 437
339 440
339 447
339 479
339 481
339 483
339 488
339 495
339 496
340 343
340 345
340 358
340 368
340 372
340 376
340 380
340 391
340 394
340 435
340 442
340 457
340 471
340 473
340 488
341 371
341 396
341 409
341 419
341 424
341 426
341 434
341 438
341 443
341 460
341 462
341 463
341 465
341 484
341 487
341 490
342 355
342 368
342 385
342 388
342 429
342 495
343 374
343 384
343 414
343 415
343 471
343 483
344 354
344 381
344 386
344 397
344 405
344 444
344 452
344 462
344 463
344 464
344 468
344 474
344 483
344 484
345 349
345 374
345 387
345 395
345 397
345 417
345 421
345 450
345 469
345 471
345 484
346 364
346 367
346 375
346 387
346 390
346 392
346 399
346 431
346 446
346 456
346 458
346 468
346 479
346 484
346 492
347 351
347 357
347 359
347 362
347 375
347 379
347 391
347 405
347 407
347 413
347 415
347 421
347 427
347 433
347 434
347 441
347 464
347 471
347 474
347 499
348 388
348 422
348 455
348 462
348 479
348 482
349 365
349 369
349 373
349 422
349 452
349 465
349 466
349 476
350 352
350 363
350 380
350 402
350 415
350 428
350 452
351 434
351 448
351 466
351 492
351 497
352 367
352 371
352 382
352 417
352 424
352 432
352 466
352 485
352 488
352 490
352 498
353 378
353 380
353 394
353 411
353 426
353 454
353 470
354 376
354 379
354 383
354 388
354 390
354 420
354 439
354 443
354 470
354 491
354 492
354 499
355 376
355 396
355 408
355 468
355 483
356 359
356 386
356 404
356 408
356 412
356 427
356 455
357 360
357 361
357 363
357 392
357 408
357 419
357 440
357 444
357 472
358 369
358 388
358 390
358 409
358 417
358 425
358 456
358 463
359 371
359 387
359 391
359 398
359 433
359 436
359 444
359 476
359 477
359 492
359 495
360 389
360 406
360 411
360 412
360 420
360 423
360 445
360 463
360 486
361 375
361 379
361 393
361 399
361 404
361 439
361 492
361 498
362 365
362 371
362 373
362 407
362 411
362 416
362 444
362 450
362 464
362 487
362 494
362 497
363 369
363 375
363 377
363 391
363 395
363 405
363 407
363 433
363 436
363 444
363 453
363 459
363 477
363 488
364 369
364 373
364 386
364 416
364 430
364 431
364 468
365 368
365 377
365 384
365 387
365 403
365 407
365 410
365 412
365 444
365 476
365 497
365 498
366 368
366 369
366 371
366 400
366 420
366 485
366 496
366 497
367 370
367 397
367 411
367 421
367 424
367 443
367 451
367 488
368 390
368 446
368 469
368 479
369 376
369 381
369 392
369 399
369 409
369 415
369 418
369 432
369 435
369 445
369 456
369 470
369 478
369 479
369 484
369 497
370 379
370 400
370 413
370 417
370 445
370 460
370 490
371 406
371 415
371 423
371 427
371 430
371 468
371 472
371 481
372 392
372 437
372 476
372 481
372 485
372 495
373 374
373 384
373 396
373 397
373 400
373 422
373 482
373 490
374 376
374 381
374 389
374 396
374 398
374 412
374 434
374 463
374 469
375 381
375 411
375 423
375 426
375 441
375 457
375 473
376 389
376 422
376 441
376 463
376 478
376 480
376 484
376 486
376 490
376 499
377 422
377 425
377 443
377 449
377 463
377 481
378 394
378 401
378 402
378 408
378 411
378 415
378 446
378 468
378 470
378 472
378 481
379 385
379 413
379 419
379 420
379 439
379 441
379 442
379 455
379 459
379 471
379 479
379 497
380 382
380 396
380 413
380 425
380 429
380 445
380 461
380 471
380 479
380 492
381 387
381 413
381 427
381 433
381 436
381 439
381 444
381 445
381 450
381 461
381 463
381 479
382 391
382 397
382 406
382 407
382 419
382 449
382 457
382 459
382 487
383 388
383 393
383 399
383 418
383 453
383 474
383 484
383 491
383 494
383 495
383 499
384 399
384 405
384 407
384 412
384 414
384 443
384 445
384 461
384 468
384 486
384 492
384 499
385 414
385 427
385 441
385 492
386 387
386 410
386 421
386 433
386 455
386 456
386 462
386 464
386 495
387 393
387 400
387 403
387 439
387 462
387 470
387 484
387 485
388 401
388 405
388 406
388 417
388 452
388 474
388 478
389 402
389 439
389 449
389 451
389 456
389 457
389 476
389 478
389 492
390 424
390 431
390 434
390 462
390 482
391 392
391 396
391 399
391 400
391 413
391 414
391 420
391 430
391 471
392 419
392 445
392 478
392 488
393 404
393 407
393 412
393 419
393 424
393 478
394 413
394 428
394 454
394 464
394 474
395 423
395 450
395 472
395 476
395 483
396 397
396 402
396 420
396 424
396 429
396 436
396 439
396 474
396 483
396 486
396 491
396 492
397 401
397 430
397 440
397 459
397 461
397 473
397 492
398 402
398 404
398 405
398 429
398 441
398 498
399 413
399 425
399 429
399 488
399 494
399 495
400 406
400 423
400 431
400 434
400 470
400 473
400 477
400 483
400 488
401 436
401 444
401 449
401 462
401 480
401 488
402 404
402 413
402 425
402 460
402 463
402 467
402 473
403 420
403 427
403 457
403 460
403 468
403 493
404 407
404 420
404 425
404 455
404 475
404 476
404 497
405 423
405 439
405 443
405 460
405 462
405 463
405 465
405 486
406 413
406 462
407 420
407 424
407 441
407 444
407 462
407 468
407 475
407 489
408 413
408 416
408 424
408 427
408 437
408 446
408 451
408 458
408 465
408 466
408 468
408 473
408 496
409 443
409 447
409 453
409 473
410 474
410 485
411 424
411 439
411 472
411 495
412 420
412 430
412 432
412 440
412 459
412 461
412 462
413 427
413 432
413 455
414 419
414 444
414 461
414 473
415 422
415 445
415 467
415 468
415 478
416 423
416 425
416 458
416 488
417 422
418 424
418 438
418 472
418 492
419 420
419 441
419 451
419 452
419 469
419 474
419 479
419 481
419 482
419 487
420 450
420 473
420 484
420 495
420 496
421 429
421 431
421 479
421 496
422 436
422 458
422 475
423 447
423 473
423 482
423 485
424 436
424 448
424 479
424 482
425 479
425 492
426 445
426 452
426 458
426 459
427 449
427 458
427 460
427 471
428 451
428 454
428 460
428 466
428 477
428 497
429 448
429 472
429 478
430 450
430 458
430 482
430 484
430 493
430 494
431 452
431 468
431 476
431 485
431 491
431 495
431 496
432 439
432 459
432 463
432 485
432 488
433 463
433 466
433 499
434 448
434 458
435 453
435 469
435 471
436 463
436 483
437 453
437 454
437 476
437 485
438 455
438 459
438 463
438 464
438 477
438 480
438 499
439 482
440 441
440 450
440 461
440 463
440 474
440 487
441 454
441 457
441 460
441 487
441 491
441 494
442 446
442 448
442 462
442 464
442 485
443 462
443 463
443 467
443 472
443 476
443 479
444 448
444 453
444 476
445 452
445 468
446 448
446 449
446 469
446 473
446 480
446 487
447 475
447 481
447 489
447 491
448 458
448 472
449 451
449 468
449 474
449 482
450 473
450 483
450 490
450 493
451 457
451 464
451 489
451 490
452 460
452 466
453 482
453 484
454 470
454 472
455 458
455 470
455 479
455 497
456 460
456 462
456 468
456 476
456 483
457 470
457 479
457 487
458 470
458 490
458 494
459 468
459 473
459 479
459 489
460 473
460 491
461 473
461 476
462 465
462 467
462 494
463 468
463 489
463 491
463 493
463 497
464 499
465 486
465 498
466 493
468 490
468 492
469 474
470 480
471 482
471 487
471 491
471 499
472 488
472 492
472 493
473 478
475 499
476 490
477 484
477 498
478 482
478 483
478 487
478 499
479 485
480 489
480 499
481 499
482 484
482 487
484 499
486 489
486 491
486 498
487 493
488 490
488 497
492 495
494 497
