200 1810 0.8
0 3
0 6
0 13
0 45
0 61
0 69
0 77
0 87
0 107
0 111
0 150
0 152
0 153
0 157
0 191
0 197
1 20
1 24
1 52
1 61
1 69
1 71
1 86
1 91
1 98
1 140
1 147
1 150
1 155
1 164
1 165
1 180
1 182
1 187
1 189
1 190
1 191
2 19
2 21
2 24
2 58
2 62
2 64
2 69
2 70
2 98
2 111
2 144
2 147
2 148
2 180
2 186
2 189
2 194
3 5
3 9
3 12
3 15
3 18
3 19
3 32
3 66
3 80
3 93
3 94
3 128
3 131
3 136
3 143
3 153
3 168
3 172
3 191
4 6
4 14
4 19
4 32
4 34
4 66
4 75
4 80
4 83
4 85
4 88
4 99
4 106
4 108
4 115
4 145
4 157
4 159
4 183
4 190
5 39
5 46
5 51
5 76
5 84
5 85
5 113
5 120
5 139
5 151
5 152
5 155
5 164
5 173
5 186
6 10
6 11
6 25
6 32
6 35
6 42
6 51
6 66
6 76
6 81
6 84
6 98
6 105
6 114
6 132
6 139
6 140
6 171
6 179
7 18
7 20
7 29
7 33
7 60
7 88
7 98
7 112
7 113
7 119
7 144
7 171
7 172
7 178
7 195
8 16
8 26
8 36
8 37
8 51
8 52
8 62
8 64
8 85
8 94
8 105
8 120
8 131
8 139
8 140
8 141
8 149
8 154
8 158
8 171
8 181
9 27
9 33
9 40
9 73
9 99
9 106
9 111
9 112
9 126
9 149
9 155
9 160
9 162
9 170
9 188
9 189
9 190
10 15
10 22
10 40
10 49
10 61
10 65
10 74
10 90
10 142
10 167
10 179
10 197
11 21
11 27
11 50
11 51
11 84
11 90
11 106
11 110
11 134
11 146
11 149
11 151
11 152
11 156
11 167
12 24
12 30
12 48
12 65
12 77
12 80
12 103
12 135
12 136
12 151
12 157
12 183
12 188
13 14
13 31
13 34
13 40
13 46
13 69
13 88
13 110
13 123
13 133
13 147
13 163
13 182
13 183
13 190
14 27
14 31
14 43
14 60
14 62
14 63
14 75
14 78
14 88
14 100
14 124
14 148
14 150
14 161
14 180
14 181
14 185
14 186
14 194
15 21
15 27
15 35
15 46
15 48
15 55
15 79
15 83
15 87
15 98
15 100
15 112
15 127
15 148
15 182
16 32
16 37
16 38
16 42
16 48
16 54
16 61
16 74
16 79
16 93
16 97
16 104
16 117
16 119
16 124
16 128
16 151
16 159
16 169
16 177
16 182
17 21
17 23
17 28
17 33
17 50
17 77
17 93
17 118
17 161
17 167
17 169
17 171
17 174
17 182
18 20
18 22
18 32
18 33
18 37
18 49
18 52
18 57
18 67
18 77
18 88
18 89
18 100
18 132
18 143
18 144
18 153
18 167
18 184
18 189
18 191
18 199
19 36
19 50
19 53
19 55
19 69
19 74
19 77
19 79
19 95
19 96
19 98
19 102
19 103
19 111
19 116
19 123
19 128
19 134
19 139
19 143
19 168
20 39
20 44
20 46
20 77
20 82
20 86
20 88
20 100
20 105
20 109
20 120
20 150
20 157
20 170
20 174
20 193
20 199
21 32
21 40
21 45
21 56
21 106
21 112
21 118
21 130
21 140
21 141
21 142
21 153
21 155
21 162
21 168
21 183
21 192
22 49
22 55
22 56
22 58
22 63
22 78
22 95
22 119
22 130
22 131
22 136
22 140
22 141
22 158
22 162
22 176
23 28
23 39
23 45
23 58
23 79
23 111
23 116
23 119
23 133
23 134
23 152
23 194
24 28
24 35
24 42
24 46
24 51
24 60
24 67
24 70
24 118
24 158
24 166
24 175
24 198
25 26
25 29
25 48
25 64
25 69
25 71
25 82
25 89
25 102
25 107
25 148
25 149
25 150
25 158
25 160
25 180
26 37
26 45
26 46
26 49
26 75
26 102
26 103
26 141
26 144
26 165
26 191
27 41
27 46
27 49
27 50
27 51
27 91
27 98
27 99
27 103
27 105
27 115
27 122
27 123
27 140
27 142
27 151
27 169
27 190
27 196
28 32
28 46
28 57
28 62
28 67
28 71
28 92
28 109
28 113
28 131
28 138
28 149
28 157
28 180
28 195
29 45
29 53
29 59
29 63
29 74
29 86
29 109
29 118
29 137
29 153
29 171
29 175
29 192
30 53
30 58
30 62
30 81
30 84
30 89
30 94
30 97
30 135
30 137
30 150
30 160
31 35
31 40
31 43
31 59
31 77
31 86
31 92
31 96
31 134
31 137
31 150
31 159
31 170
31 172
31 178
31 190
32 44
32 68
32 76
32 92
32 93
32 108
32 140
32 144
32 155
32 159
32 173
32 189
33 55
33 69
33 74
33 76
33 86
33 96
33 126
33 139
33 140
33 141
33 159
33 164
33 165
33 172
33 173
33 182
34 91
34 103
34 104
34 106
34 109
34 128
34 135
34 141
34 150
34 152
34 153
34 154
34 176
34 180
34 181
34 184
34 186
34 192
35 43
35 57
35 67
35 75
35 101
35 103
35 108
35 126
35 133
35 140
35 141
35 187
35 194
35 196
36 40
36 43
36 47
36 52
36 63
36 64
36 65
36 88
36 101
36 114
36 119
36 120
36 129
36 132
36 138
36 146
36 153
36 174
36 191
36 193
37 44
37 49
37 50
37 142
37 144
37 146
37 148
37 160
37 165
37 173
37 174
37 189
38 40
38 57
38 95
38 108
38 111
38 116
38 118
38 119
38 123
38 127
38 131
38 138
38 161
38 168
38 171
39 41
39 49
39 55
39 58
39 61
39 62
39 91
39 99
39 107
39 121
39 126
39 128
39 140
39 154
39 166
39 169
39 174
39 175
39 179
39 183
39 184
40 55
40 56
40 58
40 59
40 77
40 86
40 92
40 99
40 103
40 141
40 142
40 170
40 186
40 193
41 50
41 56
41 57
41 62
41 74
41 77
41 78
41 96
41 154
41 158
41 159
41 164
41 171
41 174
41 178
41 182
41 190
42 64
42 83
42 100
42 101
42 109
42 144
42 154
42 162
42 163
42 165
42 182
42 191
43 47
43 51
43 53
43 59
43 65
43 71
43 96
43 99
43 117
43 122
43 132
43 133
43 148
43 183
44 56
44 60
44 67
44 68
44 69
44 91
44 96
44 98
44 100
44 108
44 164
44 168
44 171
44 182
44 186
44 191
45 50
45 54
45 70
45 80
45 87
45 94
45 96
45 103
45 109
45 114
45 125
45 133
45 138
45 144
45 149
45 159
45 170
45 177
45 184
45 191
45 192
46 51
46 53
46 59
46 68
46 75
46 76
46 88
46 101
46 118
46 149
46 153
46 179
46 191
47 55
47 94
47 114
47 125
47 142
47 145
47 146
47 147
47 155
47 170
47 178
47 182
47 185
47 186
47 195
48 49
48 125
48 128
48 143
48 145
48 157
48 172
48 185
48 186
48 191
49 86
49 95
49 113
49 114
49 115
49 116
49 117
49 121
49 126
49 133
49 136
49 148
49 149
49 150
49 157
49 158
49 161
49 162
49 165
49 168
50 66
50 73
50 84
50 87
50 93
50 94
50 109
50 118
50 120
50 130
50 145
50 157
50 166
50 172
50 185
50 191
50 196
51 55
51 66
51 69
51 79
51 80
51 86
51 93
51 105
51 115
51 121
51 142
51 143
51 153
51 197
52 65
52 67
52 84
52 97
52 112
52 139
52 156
52 160
52 184
52 185
52 191
52 194
53 64
53 77
53 83
53 104
53 118
53 120
53 121
53 125
53 127
53 130
53 171
53 186
54 59
54 63
54 68
54 70
54 80
54 91
54 98
54 102
54 126
54 136
54 139
54 145
54 148
54 164
54 170
54 172
54 178
54 198
55 66
55 72
55 77
55 112
55 129
55 132
55 147
55 173
55 180
56 60
56 62
56 67
56 73
56 91
56 96
56 100
56 104
56 124
56 128
56 136
56 141
56 153
56 161
56 178
56 196
57 80
57 104
57 105
57 108
57 128
57 132
57 144
57 157
57 177
57 179
57 184
57 189
58 60
58 68
58 72
58 73
58 78
58 88
58 109
58 111
58 162
58 171
59 64
59 70
59 85
59 86
59 91
59 92
59 95
59 116
59 125
59 155
59 159
59 175
59 177
59 189
59 196
59 198
60 66
60 84
60 87
60 92
60 95
60 97
60 106
60 110
60 125
60 127
60 146
60 192
60 193
61 74
61 76
61 89
61 93
61 95
61 104
61 127
61 130
61 136
61 146
61 153
61 171
61 178
61 184
61 189
62 81
62 88
62 91
62 100
62 108
62 127
62 133
62 148
62 174
62 193
63 76
63 83
63 85
63 87
63 88
63 93
63 116
63 119
63 162
63 175
63 194
64 84
64 86
64 92
64 105
64 109
64 138
64 151
64 157
64 158
64 179
64 188
65 67
65 93
65 96
65 104
65 146
65 148
65 166
65 181
65 195
66 83
66 98
66 122
66 137
66 142
66 156
66 159
66 161
66 167
66 172
66 199
67 95
67 96
67 102
67 118
67 147
67 151
67 157
67 167
67 173
68 81
68 84
68 86
68 112
68 129
68 137
68 143
68 146
68 149
68 162
68 189
69 71
69 77
69 78
69 90
69 96
69 107
69 122
69 128
69 129
69 147
69 155
69 168
69 177
70 87
70 90
70 112
70 113
70 117
70 121
70 123
70 136
70 138
70 140
70 143
70 170
70 179
70 187
70 188
70 194
71 83
71 86
71 108
71 116
71 120
71 130
71 148
71 168
71 193
72 76
72 87
72 106
72 161
72 162
72 163
72 187
73 87
73 95
73 101
73 107
73 112
73 120
73 124
73 126
73 136
73 155
73 157
73 160
73 166
73 168
73 176
73 181
73 189
73 193
74 83
74 92
74 103
74 105
74 111
74 126
74 130
74 155
74 167
75 83
75 98
75 111
75 130
75 133
75 157
75 171
75 173
75 180
75 181
75 190
76 87
76 97
76 104
76 115
76 134
76 141
76 147
76 189
76 195
77 81
77 84
77 110
77 179
77 191
77 197
78 113
78 114
78 130
78 131
78 140
78 159
78 162
78 166
78 178
78 191
78 196
79 85
79 92
79 106
79 115
79 120
79 124
79 128
79 135
79 150
79 166
79 182
79 199
80 103
80 110
80 134
80 135
80 137
80 147
80 148
80 151
80 187
80 198
81 94
81 113
81 136
81 143
81 157
81 159
81 169
81 171
81 190
82 87
82 113
82 114
82 121
82 123
82 151
82 159
82 172
82 178
82 188
82 189
82 190
82 194
82 198
83 91
83 102
83 105
83 106
83 108
83 110
83 127
83 132
83 138
83 143
83 146
83 159
83 175
83 176
83 180
83 181
84 86
84 90
84 100
84 104
84 128
84 133
84 138
84 150
84 152
84 158
84 173
84 174
84 192
84 195
85 120
85 134
85 136
85 150
85 152
85 157
85 162
85 171
85 185
85 193
86 122
86 126
86 130
86 136
86 140
86 147
86 162
86 166
86 171
86 179
86 181
87 96
87 100
87 114
87 125
87 130
87 134
87 138
87 160
87 172
87 187
88 107
88 115
88 117
88 123
88 129
88 147
88 162
88 163
88 180
88 183
88 192
88 194
89 95
89 106
89 108
89 112
89 127
89 142
89 154
89 173
89 196
89 197
90 127
90 129
90 143
90 172
90 176
91 102
91 112
91 116
91 128
91 143
91 147
91 154
91 158
91 167
91 176
91 195
91 197
91 198
92 96
92 111
92 113
92 128
92 131
92 144
92 145
92 147
92 166
92 168
92 185
92 189
92 190
92 197
92 198
93 94
93 100
93 101
93 104
93 119
93 120
93 147
93 190
93 194
94 95
94 101
94 113
94 126
94 147
94 153
94 170
94 171
94 172
94 174
94 176
94 179
94 180
94 181
94 193
94 198
95 98
95 100
95 108
95 123
95 124
95 136
95 152
95 169
95 174
96 98
96 104
96 131
96 141
96 157
96 188
97 132
97 155
97 173
97 175
97 176
97 183
97 193
98 113
98 128
98 135
98 137
98 151
98 158
98 191
98 192
99 113
99 131
99 150
99 152
99 156
99 161
99 166
99 170
99 175
99 189
100 108
100 118
100 119
100 129
100 155
100 157
100 175
100 197
101 123
101 176
101 191
102 140
102 174
102 180
102 182
102 197
103 111
103 128
103 132
103 139
103 144
103 145
103 147
103 177
103 184
103 188
104 157
104 158
104 172
104 182
104 184
104 186
105 108
105 112
105 128
105 134
105 149
105 154
105 171
105 184
105 185
106 111
106 136
106 154
106 157
106 158
106 166
106 168
106 174
106 182
106 183
106 187
107 114
107 117
107 122
107 123
107 127
107 188
107 191
107 193
107 199
108 129
108 137
108 153
108 164
108 181
109 111
109 116
109 123
109 133
109 143
109 145
109 147
109 172
110 123
110 125
110 129
110 136
110 145
110 154
110 159
111 113
111 129
111 137
111 142
111 151
111 152
111 154
111 172
111 182
111 197
112 113
112 133
112 140
112 156
112 159
112 162
112 198
113 120
113 129
113 135
113 136
113 141
113 184
113 198
114 127
114 128
114 146
114 150
114 164
114 182
115 136
115 137
115 139
115 148
115 162
115 180
115 182
115 183
115 184
116 122
116 125
116 131
116 141
116 168
116 183
117 119
117 125
117 128
117 158
117 161
117 173
117 176
117 177
117 182
117 192
117 199
118 119
118 127
118 131
118 136
118 139
118 141
118 148
118 167
118 192
119 132
119 134
119 147
119 186
119 187
120 135
120 153
120 154
120 170
121 130
121 136
121 140
121 145
121 150
121 158
121 160
121 190
121 194
121 196
122 140
122 167
122 188
123 151
123 152
123 158
123 163
123 169
123 173
123 181
123 195
123 196
124 126
124 127
124 130
124 139
124 155
124 167
124 173
124 181
124 183
124 195
125 134
125 137
125 158
126 134
126 165
126 166
126 175
126 183
126 195
126 198
126 199
127 130
127 131
127 180
128 139
128 152
128 168
128 177
128 184
128 187
129 131
129 159
129 160
129 171
129 173
129 175
129 188
129 189
129 195
130 150
130 161
130 173
130 185
130 188
131 141
131 153
131 160
131 175
131 182
131 192
131 199
132 135
132 137
132 145
132 147
132 172
132 175
132 181
132 182
132 191
133 139
133 159
133 169
133 175
133 189
134 135
134 149
134 170
134 179
134 196
135 141
135 144
135 152
135 153
135 169
135 171
135 178
135 188
136 146
136 147
136 167
136 170
136 171
136 172
136 175
136 178
137 145
137 167
137 175
137 189
138 141
138 143
138 144
138 165
138 177
138 179
139 145
139 150
139 165
139 172
139 177
139 198
140 141
140 143
140 153
140 156
140 171
140 172
140 173
140 174
140 189
140 194
141 150
141 174
141 189
141 196
141 197
142 156
142 170
143 162
143 195
143 196
144 173
144 192
145 156
145 164
145 176
145 182
145 190
146 147
146 153
146 156
146 162
146 167
146 168
146 173
147 161
147 173
147 180
148 163
148 178
148 185
148 195
149 163
149 175
149 184
149 188
149 191
149 195
150 151
150 171
150 174
150 176
150 178
150 191
150 195
151 170
152 165
152 171
152 190
153 160
153 165
153 179
153 193
153 194
154 166
154 170
154 185
154 187
155 158
155 160
155 175
155 178
155 185
155 186
155 191
155 197
155 199
156 157
156 160
156 161
156 183
156 195
157 175
157 184
157 185
157 192
157 199
158 168
158 179
158 180
158 189
158 198
159 174
159 186
159 193
159 196
160 193
160 195
161 192
161 193
162 163
162 172
162 175
162 180
162 182
162 195
162 197
162 198
163 164
163 186
164 173
164 180
164 181
166 167
166 173
166 174
166 181
167 185
167 189
168 186
168 192
169 170
169 171
169 187
169 188
170 179
170 181
171 191
172 176
172 185
172 192
173 174
173 197
174 178
174 184
175 181
177 182
177 183
177 185
177 198
178 197
179 197
180 186
180 199
181 198
182 186
182 196
183 190
187 191
187 197
188 190
188 199
189 191
190 195
190 197
192 197
193 195
