300 2263 0.8
0 30
0 33
0 42
0 49
0 50
0 104
0 109
0 137
0 187
0 193
0 220
0 232
0 259
0 284
1 19
1 47
1 49
1 77
1 78
1 83
1 101
1 108
1 124
1 131
1 159
1 172
1 220
1 237
1 244
1 261
1 276
1 299
2 24
2 25
2 55
2 75
2 104
2 116
2 133
2 140
2 162
2 202
2 205
2 223
2 238
2 255
2 259
2 285
3 16
3 25
3 44
3 64
3 72
3 92
3 95
3 114
3 137
3 141
3 158
3 169
3 178
3 204
3 220
3 234
3 250
3 277
3 283
4 19
4 31
4 48
4 51
4 55
4 71
4 78
4 118
4 122
4 204
4 205
4 210
4 226
4 243
5 14
5 50
5 77
5 122
5 160
5 163
5 207
5 212
5 223
5 225
5 238
5 250
5 256
5 283
6 7
6 31
6 47
6 63
6 115
6 128
6 145
6 192
6 196
6 198
6 232
6 243
6 244
6 286
6 293
7 72
7 121
7 135
7 140
7 145
7 164
7 177
7 182
7 211
7 228
7 237
7 256
7 268
7 280
8 13
8 29
8 51
8 62
8 68
8 126
8 140
8 149
8 165
8 194
8 222
8 254
8 260
8 272
8 290
9 67
9 85
9 103
9 124
9 171
9 261
9 283
9 292
10 13
10 21
10 38
10 93
10 131
10 175
10 190
10 216
10 219
10 226
10 239
10 280
10 290
11 16
11 29
11 42
11 78
11 92
11 94
11 110
11 125
11 145
11 149
11 155
11 224
11 248
11 249
11 263
11 268
11 277
11 278
11 285
12 25
12 48
12 53
12 86
12 106
12 154
12 156
12 177
12 197
12 210
12 224
12 244
12 270
12 271
13 55
13 77
13 185
13 195
13 200
13 205
13 230
13 239
13 240
13 242
13 243
13 280
13 282
14 15
14 17
14 26
14 34
14 54
14 67
14 82
14 96
14 100
14 104
14 110
14 167
14 173
14 186
14 191
14 202
14 214
14 216
14 222
14 230
14 233
14 254
14 258
14 288
14 290
14 295
15 27
15 49
15 51
15 110
15 112
15 114
15 123
15 133
15 158
15 180
15 193
15 196
15 221
15 222
15 272
16 22
16 39
16 40
16 48
16 52
16 95
16 102
16 160
16 163
16 176
16 205
16 224
16 238
16 248
16 258
16 263
17 21
17 52
17 58
17 60
17 62
17 66
17 85
17 155
17 162
17 163
17 220
17 275
17 285
17 298
18 38
18 79
18 100
18 119
18 159
18 208
18 255
18 270
19 24
19 33
19 44
19 47
19 51
19 63
19 75
19 79
19 89
19 136
19 198
19 205
19 217
19 232
19 242
19 247
19 250
19 259
19 270
19 271
20 68
20 81
20 83
20 95
20 103
20 119
20 150
20 161
20 173
20 179
20 183
20 204
20 214
20 223
20 227
20 234
20 278
20 293
20 297
20 299
21 39
21 40
21 63
21 64
21 142
21 147
21 203
21 205
21 261
21 268
21 275
21 285
21 297
22 77
22 92
22 175
22 176
22 196
22 201
22 238
22 245
22 263
22 291
22 296
23 70
23 122
23 155
23 158
23 222
23 230
23 231
23 232
23 271
23 297
24 32
24 46
24 63
24 74
24 78
24 105
24 194
24 195
24 204
24 205
24 278
24 286
25 39
25 49
25 60
25 72
25 76
25 110
25 119
25 189
25 228
25 246
25 255
25 260
25 261
25 271
25 281
25 299
26 28
26 34
26 57
26 71
26 76
26 93
26 99
26 100
26 107
26 143
26 163
26 168
26 187
26 197
26 206
26 209
26 234
26 242
26 254
26 256
26 276
26 286
27 28
27 48
27 75
27 80
27 85
27 86
27 93
27 113
27 119
27 156
27 165
27 181
27 185
27 223
27 227
27 231
27 249
27 267
27 279
27 284
28 57
28 96
28 146
28 148
28 154
28 171
28 245
28 254
28 280
29 30
29 58
29 107
29 119
29 134
29 156
29 170
29 203
29 206
29 207
29 241
29 243
29 263
30 57
30 93
30 94
30 114
30 125
30 131
30 138
30 147
30 151
30 193
30 214
30 225
30 249
30 268
30 274
30 288
31 48
31 49
31 57
31 70
31 115
31 116
31 128
31 147
31 184
31 198
31 236
31 239
31 252
32 39
32 69
32 75
32 95
32 108
32 114
32 127
32 128
32 161
32 211
32 213
32 235
32 248
32 253
32 255
32 273
33 52
33 92
33 101
33 102
33 115
33 123
33 140
33 141
33 152
33 179
33 193
33 204
33 214
33 269
33 270
34 70
34 102
34 149
34 215
34 230
34 268
35 57
35 77
35 106
35 116
35 135
35 147
35 157
35 164
35 189
35 204
35 249
35 269
35 272
35 278
35 285
35 286
36 48
36 58
36 93
36 103
36 105
36 128
36 141
36 151
36 155
36 170
36 172
36 223
36 225
36 259
37 47
37 64
37 66
37 71
37 108
37 121
37 125
37 126
37 165
37 172
37 186
37 213
37 249
37 253
37 255
37 256
37 288
37 289
38 41
38 52
38 72
38 85
38 87
38 141
38 171
38 189
38 244
38 253
38 291
38 294
39 42
39 65
39 74
39 134
39 154
39 168
39 195
39 222
39 247
39 283
40 47
40 84
40 92
40 93
40 102
40 156
40 170
40 200
40 226
40 230
40 233
40 234
40 246
40 299
41 102
41 134
41 147
41 158
41 221
42 46
42 48
42 58
42 99
42 133
42 141
42 213
42 230
42 251
42 270
42 298
43 52
43 59
43 85
43 143
43 146
43 148
43 196
43 211
43 298
44 52
44 59
44 60
44 66
44 98
44 125
44 152
44 155
44 171
44 203
44 211
44 237
45 74
45 88
45 107
45 114
45 120
45 122
45 127
45 130
45 149
45 156
45 197
45 247
45 253
45 262
45 271
46 53
46 54
46 100
46 130
46 137
46 173
46 218
46 242
46 247
46 265
46 281
46 292
47 61
47 81
47 123
47 126
47 127
47 134
47 178
47 225
47 245
48 59
48 61
48 62
48 78
48 83
48 93
48 123
48 141
48 157
48 158
48 222
48 247
48 249
48 254
48 273
48 287
49 93
49 127
49 132
49 134
49 159
49 174
49 208
49 214
49 244
49 267
49 278
50 87
50 88
50 91
50 98
50 115
50 137
50 183
50 199
50 226
50 276
50 298
51 80
51 85
51 115
51 121
51 128
51 136
51 171
51 203
51 219
51 252
51 257
51 263
51 269
51 279
51 284
51 291
52 74
52 107
52 111
52 150
52 175
52 188
52 220
52 224
52 227
52 264
52 274
53 56
53 67
53 86
53 97
53 100
53 109
53 122
53 123
53 131
53 202
53 224
54 83
54 94
54 128
54 133
54 160
54 164
54 165
54 171
54 181
54 191
54 194
54 209
54 215
54 219
54 225
54 227
54 239
54 265
54 296
55 57
55 69
55 71
55 86
55 92
55 115
55 127
55 208
55 213
55 247
55 255
55 270
55 278
55 283
56 69
56 81
56 98
56 149
56 174
56 186
56 208
56 218
56 242
56 290
57 80
57 94
57 101
57 102
57 110
57 131
57 138
57 141
57 167
57 180
57 200
57 203
57 207
57 212
57 229
57 280
58 64
58 73
58 81
58 92
58 159
58 243
59 83
59 88
59 97
59 109
59 117
59 125
59 157
59 165
59 171
59 173
59 196
59 201
59 219
59 242
59 244
59 248
59 253
59 284
60 66
60 83
60 93
60 124
60 132
60 138
60 150
60 161
60 197
60 212
60 224
60 246
60 283
60 297
61 66
61 75
61 83
61 121
61 133
61 148
61 149
61 159
61 168
61 172
61 179
61 293
62 63
62 87
62 128
62 138
62 156
62 163
62 206
62 227
62 240
62 243
62 249
62 276
62 283
63 74
63 147
63 148
63 157
63 206
63 222
63 291
64 79
64 90
64 91
64 108
64 112
64 129
64 160
64 182
64 196
64 231
64 237
64 268
64 289
65 78
65 81
65 117
65 128
65 135
65 215
65 233
65 234
65 238
65 243
65 295
66 113
66 138
66 182
66 183
66 184
66 219
66 222
66 224
66 253
67 98
67 131
67 168
67 187
67 190
67 217
67 228
67 231
67 250
67 272
67 274
67 280
68 83
68 93
68 102
68 108
68 136
68 146
68 149
68 170
68 188
68 190
68 231
68 235
68 241
69 73
69 85
69 90
69 110
69 128
69 136
69 156
69 193
69 209
69 212
69 228
69 232
69 236
69 244
69 253
69 257
69 277
70 86
70 89
70 118
70 132
70 157
70 175
70 189
70 196
70 207
70 214
70 235
70 245
70 247
70 261
70 272
70 278
70 291
71 159
71 161
71 215
71 229
71 245
71 247
71 251
71 274
71 281
72 86
72 102
72 112
72 136
72 144
72 153
72 217
72 256
72 274
72 289
72 297
73 98
73 106
73 134
73 136
73 186
73 199
73 206
73 207
73 208
73 212
73 214
74 104
74 139
74 143
74 146
74 208
74 297
75 85
75 129
75 150
75 176
75 180
75 193
75 231
75 232
75 253
75 292
76 111
76 142
76 179
76 184
76 220
76 230
76 246
76 250
76 279
77 78
77 82
77 134
77 163
77 175
77 200
77 235
77 236
77 242
77 290
78 89
78 99
78 146
78 181
78 222
78 232
78 244
78 253
78 270
78 278
78 280
78 287
79 89
79 118
79 143
79 180
79 211
79 235
79 239
79 277
80 109
80 120
80 122
80 132
80 159
80 168
80 181
80 257
80 284
80 298
81 86
81 103
81 104
81 108
81 115
81 131
81 146
81 147
81 175
81 184
81 220
81 249
81 257
81 270
81 288
82 84
82 87
82 93
82 99
82 195
82 205
82 216
82 226
82 230
82 257
82 260
82 284
83 117
83 126
83 172
83 174
83 206
83 208
83 245
83 256
83 268
83 282
83 294
84 97
84 124
84 131
84 158
84 159
84 168
84 196
84 204
84 209
84 223
84 237
84 252
85 89
85 100
85 106
85 119
85 136
85 150
85 169
85 195
85 205
85 209
85 213
85 228
85 234
85 270
85 294
86 99
86 127
86 128
86 147
86 218
86 228
86 256
86 275
86 284
87 116
87 156
87 159
87 168
87 193
87 221
87 244
87 268
87 274
87 280
88 90
88 111
88 119
88 122
88 141
88 168
88 194
88 196
88 201
88 243
88 283
88 297
89 96
89 109
89 129
89 146
89 159
89 163
89 168
89 193
89 202
89 203
89 214
89 233
89 292
90 94
90 123
90 131
90 153
90 180
90 216
90 221
90 270
90 281
90 285
91 98
91 115
91 182
91 216
91 220
91 222
91 228
91 229
91 232
91 242
91 250
91 260
91 267
91 283
91 293
92 115
92 134
92 196
92 203
92 274
92 283
92 284
92 285
93 100
93 101
93 132
93 147
93 161
93 174
93 177
93 231
93 245
93 246
93 252
93 254
93 264
93 270
93 286
94 107
94 109
94 152
94 196
94 208
94 217
94 229
94 252
94 265
94 271
95 96
95 148
95 157
95 160
95 189
95 204
95 207
95 233
95 241
96 119
96 125
96 148
96 208
96 214
96 246
96 251
96 270
96 274
97 121
97 143
97 144
97 148
97 151
97 204
97 207
97 231
97 284
97 293
98 104
98 118
98 153
98 170
98 177
98 184
98 194
98 221
98 248
98 253
98 262
99 101
99 116
99 121
99 124
99 128
99 158
99 177
99 186
99 193
99 197
99 209
99 240
99 241
99 274
100 171
100 185
100 203
100 205
100 206
100 232
100 233
100 249
100 275
100 276
101 109
101 147
101 223
101 286
102 116
102 134
102 165
102 175
102 180
102 227
102 252
103 108
103 119
103 120
103 125
103 138
103 141
103 152
103 208
103 218
103 219
103 221
103 227
103 228
103 241
103 265
103 266
103 288
104 116
104 123
104 131
104 138
104 145
104 149
104 170
104 174
104 204
104 250
105 111
105 130
105 132
105 140
105 145
105 150
105 154
105 165
105 196
105 204
105 252
105 285
105 294
106 107
106 146
106 155
106 161
106 179
106 184
106 187
106 203
106 213
106 238
106 251
106 258
106 261
106 279
106 291
107 109
107 126
107 157
107 198
107 210
107 243
107 248
107 254
108 115
108 118
108 188
108 201
108 209
108 249
108 292
109 113
109 120
109 164
109 196
109 223
109 234
109 298
110 117
110 139
110 169
110 257
110 271
110 288
111 134
111 147
111 149
111 153
111 164
111 188
111 197
111 266
111 283
112 127
112 172
112 259
112 272
113 133
113 161
113 169
113 232
113 240
113 270
113 278
113 288
113 293
114 137
114 170
114 182
114 184
114 188
114 225
114 236
114 251
114 265
114 280
114 282
115 122
115 136
115 144
115 167
115 172
115 177
115 178
115 181
115 190
115 194
115 205
115 212
115 221
115 225
115 265
115 282
115 288
116 143
116 195
116 205
116 214
116 251
116 276
116 293
117 119
117 240
117 242
117 250
117 258
117 270
117 280
117 289
118 144
118 195
118 293
119 149
119 178
119 183
119 192
119 235
119 265
119 283
120 121
120 144
120 150
120 163
120 165
120 197
120 198
120 210
120 226
120 292
121 132
121 146
121 161
121 163
121 181
121 184
121 253
121 262
121 272
121 284
121 287
122 154
122 193
122 200
122 210
122 235
122 248
122 254
122 273
122 293
123 138
123 141
123 171
123 173
123 184
123 186
123 196
123 229
123 242
123 260
124 143
124 166
124 170
124 184
124 188
124 203
124 206
124 236
124 249
124 250
124 298
125 159
125 175
125 199
125 203
125 205
125 217
125 251
125 258
125 269
125 279
126 133
126 159
126 174
126 278
126 290
126 293
127 131
127 132
127 181
127 193
127 196
127 198
127 236
127 239
127 297
128 136
128 138
128 153
128 246
128 252
128 254
128 268
128 296
129 146
129 205
129 214
129 268
129 278
130 159
130 206
130 248
130 250
130 289
130 290
131 134
131 163
131 176
131 192
131 209
131 213
131 278
131 281
132 150
132 155
132 225
132 241
133 178
133 212
133 219
133 251
133 266
133 274
133 283
134 203
134 227
134 240
134 249
134 259
134 260
134 282
134 287
135 140
135 146
135 167
135 178
135 189
135 201
135 220
135 284
136 155
136 160
136 164
136 187
136 203
136 212
136 214
136 256
136 261
136 288
136 294
137 154
137 162
137 176
137 187
137 204
137 245
137 253
137 259
137 272
137 281
138 174
138 212
138 240
138 277
138 296
139 186
139 197
139 227
139 251
139 260
139 270
139 287
139 297
140 154
140 169
140 176
140 183
140 193
140 201
140 247
140 267
140 288
140 294
141 142
141 155
141 171
141 219
141 224
141 231
141 255
142 154
142 161
142 211
142 284
143 159
143 165
143 166
143 196
143 236
143 257
143 262
143 280
143 292
143 298
144 148
144 214
144 224
144 227
144 267
145 151
145 170
145 174
145 202
145 204
145 268
145 288
145 289
146 176
146 188
146 203
146 221
146 237
146 298
147 159
147 163
147 200
147 226
147 241
147 266
147 271
147 272
147 283
147 297
148 166
148 196
148 256
148 257
148 293
148 295
148 296
149 185
149 191
149 222
149 291
150 161
150 196
150 197
150 203
150 226
150 248
150 249
150 251
151 220
151 236
151 254
151 269
151 280
152 169
152 187
152 202
152 219
152 252
152 286
152 296
153 188
153 201
153 204
153 230
153 235
153 284
153 286
154 165
154 175
154 214
154 217
154 246
154 265
154 266
155 201
155 238
155 241
155 271
155 278
155 291
156 185
156 217
156 264
156 270
156 276
156 299
157 171
157 178
157 190
157 198
157 213
157 263
157 270
157 273
158 173
158 200
158 205
158 224
158 225
158 230
158 232
158 246
158 250
158 277
158 289
159 183
159 187
159 216
159 222
159 223
159 236
159 268
159 274
159 282
159 296
160 179
160 190
160 208
160 209
160 225
160 247
160 276
160 286
161 165
161 188
161 202
161 203
161 221
161 243
161 299
162 166
162 173
162 198
162 210
162 214
162 243
162 244
162 287
162 290
163 175
163 190
163 210
163 229
164 182
164 191
164 232
164 272
165 171
165 187
165 210
165 236
165 238
165 244
165 259
165 262
165 269
165 287
165 292
165 297
166 169
166 173
166 210
166 224
167 172
167 202
167 218
167 245
167 250
167 271
167 284
168 191
168 197
168 199
168 205
168 216
168 242
168 264
168 292
169 175
169 245
169 251
169 254
169 299
170 205
170 230
170 239
170 256
170 281
170 289
171 214
171 217
171 245
171 268
171 289
172 192
172 206
172 221
172 233
172 272
172 273
173 177
173 192
173 208
173 260
173 272
174 205
174 219
174 224
174 246
174 248
174 266
174 284
175 181
175 191
175 213
175 231
175 245
175 253
175 270
175 275
175 276
176 192
176 208
176 213
176 244
176 246
176 296
177 182
177 190
177 195
177 222
177 230
177 235
177 283
177 284
177 286
177 292
177 298
178 182
178 183
178 199
178 207
178 218
178 229
178 243
178 274
179 193
179 211
179 224
179 272
179 283
180 211
180 214
180 225
180 242
180 255
180 256
180 263
181 220
181 221
181 237
181 239
181 253
182 208
182 217
182 229
182 250
182 268
182 269
183 196
183 233
183 272
183 285
183 296
185 229
185 239
185 240
185 251
185 268
185 284
185 286
185 294
186 190
186 204
186 224
186 264
186 297
187 188
187 219
187 221
187 247
187 257
187 258
187 266
187 271
187 279
187 292
188 195
188 238
188 243
188 247
188 265
188 282
189 219
189 232
189 233
189 236
189 284
190 216
190 228
190 267
191 214
191 219
191 227
191 231
191 236
191 238
191 257
191 261
191 280
192 216
192 246
192 252
192 280
192 296
193 201
193 212
193 244
193 252
193 281
194 233
194 239
194 255
194 263
195 204
195 207
195 214
195 234
195 291
196 206
196 207
196 210
196 217
196 230
196 259
197 224
197 252
197 273
197 298
198 220
199 210
199 228
199 287
199 292
200 224
200 234
200 247
200 252
200 281
200 291
201 208
201 230
201 233
201 242
201 252
201 275
202 211
202 220
202 244
202 248
202 291
202 296
203 204
203 231
203 275
204 210
204 238
204 262
204 274
204 284
204 293
204 297
205 214
205 216
205 253
205 256
206 211
206 219
206 249
207 231
207 232
207 276
207 280
207 290
208 216
208 233
208 269
208 275
208 279
208 283
209 216
209 248
210 231
210 257
210 270
210 278
210 299
211 241
211 255
211 277
211 290
212 221
212 233
212 247
212 273
212 285
212 289
213 229
213 238
213 239
213 251
213 276
213 288
214 225
214 231
214 234
214 236
214 259
214 289
214 291
215 226
215 229
215 233
215 265
215 292
216 223
216 246
216 269
216 289
217 226
217 233
217 261
217 264
217 270
218 238
218 283
219 248
219 261
220 261
220 265
220 279
220 285
221 227
221 232
221 241
222 224
222 226
222 266
222 272
222 278
223 244
223 284
224 227
224 231
224 238
224 261
224 271
224 272
224 281
224 292
225 232
225 236
225 246
225 280
225 297
226 238
226 246
226 274
227 233
227 275
227 288
228 278
228 295
229 241
229 251
229 254
229 290
230 234
230 273
231 243
231 245
231 274
231 279
232 242
232 252
232 262
232 271
232 286
232 297
233 236
233 279
233 289
233 290
233 293
233 295
234 248
234 265
235 243
235 248
235 269
235 279
236 249
236 250
236 275
236 282
236 284
236 290
236 299
237 247
237 287
239 240
239 243
239 254
239 255
239 269
240 264
240 287
241 271
241 282
242 246
242 289
242 299
243 247
243 248
243 297
244 247
244 256
244 260
245 279
246 247
246 250
246 256
247 262
247 271
248 249
248 269
248 296
249 278
250 262
250 279
251 269
251 287
254 271
254 280
255 256
255 258
255 269
255 282
256 264
256 275
256 299
257 267
257 272
258 277
258 295
260 261
260 291
261 265
261 268
262 275
262 298
263 291
263 293
263 294
263 295
264 272
264 280
264 286
264 288
266 293
267 291
268 272
268 293
269 273
270 293
272 279
272 285
273 287
273 296
274 286
274 294
274 296
275 283
275 288
276 291
282 285
283 287
283 293
285 296
286 292
287 295
289 290
