300 3221 0.5
0 13
0 44
0 62
0 65
0 73
0 94
0 96
0 120
0 139
0 161
0 168
0 169
0 182
0 194
0 199
0 209
0 248
0 254
0 257
0 261
0 271
1 7
1 13
1 27
1 35
1 71
1 72
1 88
1 120
1 127
1 141
1 144
1 167
1 201
1 229
1 231
1 240
1 242
1 271
1 284
1 293
1 298
2 16
2 45
2 67
2 78
2 87
2 123
2 126
2 150
2 168
2 176
2 187
2 190
2 203
2 207
2 214
2 241
2 249
2 270
2 295
2 299
3 14
3 65
3 66
3 67
3 84
3 137
3 151
3 175
3 178
3 183
3 190
3 199
3 216
3 253
3 271
4 20
4 24
4 41
4 42
4 86
4 111
4 112
4 119
4 147
4 151
4 163
4 182
4 192
4 205
4 211
4 214
4 215
4 231
4 260
4 267
4 286
4 294
5 10
5 55
5 56
5 67
5 69
5 78
5 81
5 91
5 94
5 111
5 123
5 135
5 175
5 179
5 192
5 196
5 236
5 257
5 273
6 8
6 13
6 21
6 45
6 55
6 84
6 108
6 112
6 113
6 120
6 122
6 133
6 135
6 141
6 163
6 165
6 166
6 177
6 178
6 181
6 184
6 255
6 262
6 263
6 266
6 287
7 28
7 57
7 66
7 95
7 97
7 101
7 102
7 123
7 142
7 148
7 152
7 153
7 157
7 172
7 173
7 188
7 191
7 243
7 246
7 261
7 268
7 269
7 273
7 276
7 292
8 13
8 22
8 31
8 33
8 48
8 50
8 64
8 66
8 75
8 77
8 98
8 100
8 108
8 111
8 118
8 134
8 154
8 163
8 193
8 203
8 205
8 210
8 227
8 246
8 259
8 270
8 293
9 22
9 71
9 77
9 124
9 153
9 178
9 194
9 196
9 207
9 208
9 234
9 259
9 278
9 293
10 11
10 40
10 58
10 90
10 92
10 97
10 101
10 102
10 104
10 110
10 128
10 139
10 145
10 155
10 168
10 171
10 196
10 208
10 216
10 226
10 231
10 234
10 237
10 239
10 261
10 299
11 24
11 36
11 53
11 80
11 83
11 105
11 136
11 143
11 150
11 153
11 157
11 160
11 168
11 176
11 181
11 203
11 205
11 214
11 219
11 241
11 246
11 248
11 258
11 280
11 299
12 21
12 25
12 28
12 37
12 44
12 46
12 108
12 131
12 144
12 153
12 161
12 169
12 177
12 193
12 210
12 225
12 233
12 261
12 268
12 283
12 295
13 30
13 42
13 51
13 53
13 64
13 67
13 86
13 97
13 121
13 134
13 142
13 184
13 211
13 220
13 225
13 265
14 55
14 74
14 75
14 86
14 97
14 123
14 135
14 159
14 177
14 228
14 252
14 254
14 284
15 20
15 44
15 49
15 57
15 58
15 83
15 90
15 93
15 114
15 137
15 155
15 160
15 178
15 218
15 221
15 260
15 261
15 262
15 268
15 275
15 276
15 283
15 291
15 299
16 24
16 34
16 66
16 68
16 92
16 100
16 140
16 158
16 177
16 194
16 197
16 198
16 227
16 243
16 263
16 271
16 290
16 291
17 37
17 56
17 80
17 89
17 120
17 214
17 225
17 247
17 298
18 30
18 84
18 87
18 88
18 106
18 109
18 110
18 114
18 116
18 130
18 141
18 144
18 146
18 148
18 164
18 170
18 175
18 183
18 209
18 225
18 231
18 254
18 282
18 295
19 38
19 40
19 76
19 81
19 147
19 149
19 219
19 236
19 251
19 279
19 281
19 299
20 31
20 48
20 58
20 70
20 71
20 79
20 82
20 108
20 116
20 117
20 120
20 127
20 180
20 182
20 192
20 211
20 213
20 246
20 248
20 249
20 257
20 281
20 291
21 41
21 43
21 54
21 71
21 99
21 103
21 109
21 146
21 149
21 173
21 177
21 181
21 188
21 189
21 199
21 214
21 218
21 220
21 233
21 253
21 263
21 264
22 45
22 48
22 53
22 57
22 63
22 100
22 105
22 110
22 125
22 148
22 166
22 176
22 195
22 209
22 210
22 219
22 259
22 260
22 265
22 269
22 278
22 284
22 286
23 41
23 46
23 80
23 97
23 98
23 107
23 117
23 118
23 143
23 160
23 162
23 167
23 190
23 206
23 231
23 248
23 257
23 263
23 279
23 280
23 283
24 26
24 41
24 79
24 123
24 130
24 134
24 141
24 147
24 163
24 177
24 225
24 230
24 245
24 255
24 260
24 265
24 289
24 290
25 36
25 46
25 48
25 76
25 77
25 82
25 93
25 113
25 120
25 126
25 157
25 161
25 192
25 198
25 215
25 216
25 218
25 223
25 252
25 256
25 257
25 271
25 297
25 298
25 299
26 30
26 33
26 69
26 72
26 76
26 86
26 99
26 111
26 144
26 155
26 181
26 200
26 206
26 219
26 230
26 236
26 245
26 278
26 281
26 299
27 43
27 95
27 112
27 123
27 158
27 160
27 202
27 203
27 205
27 258
27 269
28 38
28 53
28 56
28 64
28 80
28 119
28 125
28 130
28 132
28 182
28 184
28 209
28 239
28 242
28 248
28 249
28 271
29 44
29 52
29 63
29 67
29 74
29 94
29 98
29 100
29 123
29 125
29 160
29 162
29 165
29 182
29 184
29 191
29 196
29 254
29 258
29 268
30 32
30 55
30 64
30 94
30 129
30 153
30 196
30 197
30 199
30 209
30 211
30 233
30 240
30 242
30 245
30 257
30 270
31 49
31 89
31 111
31 118
31 129
31 141
31 157
31 223
31 249
31 250
31 254
31 261
31 272
31 276
32 51
32 69
32 81
32 105
32 106
32 107
32 116
32 117
32 141
32 187
32 188
32 194
32 195
32 202
32 209
32 222
32 244
32 246
32 268
32 269
32 274
32 287
32 298
33 42
33 91
33 148
33 161
33 167
33 178
33 194
33 216
33 226
33 233
33 238
33 241
33 243
33 254
33 255
33 259
34 35
34 36
34 44
34 56
34 97
34 105
34 124
34 145
34 162
34 183
34 186
34 191
34 250
34 264
34 265
34 274
35 36
35 37
35 44
35 62
35 109
35 116
35 154
35 162
35 170
35 189
35 191
35 208
35 211
35 222
35 224
35 232
35 264
35 287
35 291
36 55
36 89
36 110
36 113
36 115
36 126
36 134
36 148
36 160
36 178
36 195
36 241
36 253
36 261
36 268
36 283
37 43
37 45
37 64
37 88
37 110
37 121
37 135
37 137
37 145
37 151
37 167
37 188
37 218
37 256
37 261
37 280
38 59
38 66
38 68
38 80
38 102
38 115
38 140
38 174
38 191
38 194
38 196
38 208
38 218
38 219
38 222
38 242
38 244
38 265
38 266
38 270
38 289
38 290
39 63
39 68
39 71
39 88
39 108
39 112
39 117
39 144
39 152
39 158
39 164
39 191
39 203
39 219
39 236
39 248
39 292
39 298
40 45
40 60
40 67
40 161
40 163
40 188
40 192
40 221
40 238
40 241
40 245
40 251
40 265
40 266
40 269
40 287
40 295
41 42
41 48
41 61
41 65
41 69
41 75
41 77
41 84
41 96
41 109
41 121
41 129
41 148
41 164
41 168
41 189
41 199
41 228
41 231
41 254
41 258
41 262
41 280
41 292
41 298
41 299
42 47
42 66
42 93
42 96
42 98
42 122
42 126
42 145
42 168
42 181
42 194
42 209
42 228
42 244
42 256
42 261
42 267
42 272
43 65
43 77
43 105
43 150
43 158
43 160
43 166
43 169
43 174
43 188
43 209
43 214
43 217
43 219
43 235
43 255
43 257
43 282
44 59
44 81
44 90
44 95
44 101
44 146
44 159
44 184
44 187
44 199
44 224
44 231
44 236
44 255
44 263
44 285
45 67
45 83
45 96
45 99
45 107
45 109
45 121
45 126
45 135
45 164
45 198
45 217
45 230
45 233
45 235
45 272
45 282
45 293
46 72
46 78
46 82
46 98
46 101
46 118
46 121
46 127
46 137
46 140
46 153
46 164
46 173
46 214
46 219
46 240
46 254
46 261
46 264
46 273
46 292
47 52
47 53
47 62
47 131
47 133
47 137
47 141
47 173
47 179
47 186
47 206
47 222
47 246
47 266
47 273
47 274
48 54
48 60
48 69
48 80
48 97
48 128
48 138
48 139
48 160
48 179
48 196
48 213
48 215
48 221
48 225
48 229
48 237
48 251
48 268
48 290
48 293
49 66
49 94
49 96
49 114
49 115
49 122
49 138
49 141
49 143
49 166
49 171
49 195
49 202
49 219
49 229
49 239
49 242
49 248
49 253
49 255
49 261
50 75
50 79
50 82
50 88
50 109
50 133
50 146
50 152
50 154
50 167
50 182
50 222
50 231
50 251
50 253
50 259
50 269
50 286
50 291
51 52
51 59
51 60
51 74
51 75
51 97
51 114
51 115
51 116
51 123
51 186
51 203
51 208
51 222
51 230
51 238
51 258
51 284
52 118
52 126
52 134
52 142
52 152
52 162
52 181
52 202
52 205
52 212
52 270
52 299
53 54
53 70
53 73
53 75
53 138
53 140
53 141
53 170
53 176
53 203
53 234
53 254
53 256
53 279
53 281
53 283
53 287
53 288
53 298
54 78
54 86
54 113
54 128
54 140
54 160
54 162
54 201
54 217
54 219
54 243
54 262
54 263
54 278
54 283
54 288
55 71
55 78
55 88
55 89
55 93
55 94
55 95
55 107
55 112
55 121
55 131
55 134
55 149
55 150
55 161
55 180
55 193
55 194
55 201
55 212
55 242
55 248
55 258
55 277
55 279
55 282
55 296
56 78
56 85
56 108
56 140
56 174
56 204
56 229
56 249
57 65
57 121
57 122
57 127
57 141
57 171
57 185
57 195
57 220
57 223
57 232
57 242
57 262
57 265
57 281
57 290
58 82
58 94
58 116
58 130
58 131
58 139
58 142
58 149
58 154
58 166
58 173
58 226
58 254
58 268
58 274
58 276
59 103
59 109
59 117
59 119
59 133
59 135
59 141
59 158
59 186
59 209
59 227
59 247
60 61
60 86
60 100
60 112
60 116
60 123
60 134
60 142
60 145
60 173
60 179
60 182
60 198
60 217
60 230
60 232
60 235
60 283
60 291
60 295
61 69
61 73
61 89
61 103
61 110
61 123
61 125
61 152
61 157
61 161
61 180
61 186
61 187
61 193
61 216
61 248
61 250
61 295
62 106
62 112
62 149
62 154
62 161
62 181
62 187
62 218
62 241
63 69
63 112
63 130
63 150
63 154
63 159
63 177
63 184
63 193
63 195
63 200
63 229
63 230
63 250
63 253
63 273
63 282
64 72
64 94
64 98
64 111
64 161
64 172
64 176
64 180
64 181
64 183
64 218
64 242
64 275
65 69
65 87
65 108
65 132
65 154
65 183
65 192
65 204
65 222
65 236
65 252
65 280
65 295
66 75
66 76
66 104
66 112
66 130
66 132
66 148
66 175
66 177
66 198
66 201
66 204
66 205
66 211
66 212
66 213
66 218
66 239
66 258
66 296
67 82
67 95
67 111
67 121
67 146
67 148
67 157
67 159
67 166
67 172
67 176
67 182
67 199
67 218
67 240
67 285
67 292
68 69
68 80
68 81
68 92
68 102
68 114
68 118
68 119
68 131
68 133
68 156
68 169
68 174
68 193
68 208
68 213
68 215
68 249
68 258
68 265
68 286
68 295
68 297
68 299
69 78
69 95
69 99
69 159
69 165
69 167
69 175
69 189
69 211
69 240
69 241
69 252
69 273
69 274
69 277
69 290
70 71
70 89
70 123
70 135
70 149
70 157
70 158
70 181
70 198
70 206
70 210
70 213
70 220
70 232
70 254
70 256
70 271
70 280
70 294
71 107
71 113
71 128
71 140
71 143
71 157
71 162
71 167
71 183
71 190
71 192
71 197
71 210
71 237
71 258
71 266
71 286
71 287
71 289
72 97
72 118
72 136
72 137
72 141
72 145
72 147
72 148
72 157
72 164
72 202
72 211
72 228
72 236
72 244
72 258
72 271
72 272
72 273
72 289
72 295
73 117
73 119
73 127
73 129
73 148
73 149
73 160
73 162
73 174
73 176
73 182
73 192
73 223
73 243
73 257
73 270
73 275
73 279
74 76
74 99
74 110
74 115
74 141
74 150
74 176
74 217
74 219
74 247
74 296
75 78
75 82
75 89
75 116
75 137
75 158
75 176
75 183
75 197
75 200
75 203
75 212
75 214
75 221
75 225
75 231
75 245
75 259
75 280
75 295
76 79
76 93
76 103
76 104
76 107
76 112
76 116
76 148
76 174
76 177
76 190
76 200
76 207
76 214
76 252
76 253
76 266
77 83
77 91
77 94
77 114
77 145
77 150
77 173
77 193
77 203
77 252
77 254
77 277
78 80
78 88
78 89
78 103
78 124
78 128
78 143
78 148
78 149
78 155
78 159
78 166
78 170
78 209
78 216
78 252
78 264
78 296
79 86
79 120
79 123
79 153
79 175
79 220
79 233
79 246
79 259
79 275
79 290
79 294
80 98
80 112
80 116
80 148
80 158
80 184
80 216
80 221
80 257
80 285
80 297
81 91
81 105
81 123
81 149
81 153
81 170
81 173
81 174
81 177
81 220
81 295
82 97
82 105
82 108
82 110
82 120
82 146
82 239
82 245
82 282
82 283
82 287
83 110
83 118
83 139
83 156
83 164
83 187
83 203
83 213
83 223
83 234
83 259
83 279
83 281
84 85
84 95
84 111
84 120
84 132
84 139
84 147
84 172
84 176
84 179
84 195
84 198
84 206
84 223
84 244
84 252
84 253
84 277
84 280
84 282
85 86
85 116
85 157
85 162
85 170
85 181
85 189
85 192
85 210
85 217
85 237
85 245
85 297
86 110
86 113
86 115
86 129
86 144
86 145
86 171
86 193
86 214
86 216
86 267
86 270
87 111
87 119
87 122
87 132
87 134
87 151
87 162
87 163
87 184
87 203
87 224
87 240
87 245
87 246
87 255
87 294
88 108
88 111
88 134
88 137
88 140
88 141
88 148
88 149
88 156
88 167
88 168
88 181
88 194
88 199
88 204
88 238
88 251
88 258
89 97
89 100
89 103
89 106
89 109
89 114
89 132
89 140
89 154
89 164
89 166
89 169
89 179
89 194
89 211
89 234
89 241
90 94
90 100
90 103
90 104
90 151
90 166
90 204
90 243
90 253
90 286
91 111
91 112
91 116
91 119
91 133
91 138
91 177
91 183
91 184
91 190
91 191
91 201
91 218
91 220
91 224
91 242
91 247
91 255
91 265
91 270
91 276
91 281
92 93
92 107
92 110
92 123
92 127
92 133
92 134
92 140
92 146
92 167
92 233
92 248
92 262
92 269
92 283
92 289
92 296
93 96
93 108
93 112
93 115
93 124
93 128
93 132
93 134
93 140
93 142
93 146
93 149
93 174
93 199
93 201
93 218
93 245
93 263
93 265
93 269
93 271
93 281
94 118
94 132
94 136
94 148
94 149
94 152
94 180
94 190
94 191
94 199
94 204
94 234
94 240
94 248
94 250
94 260
94 270
95 112
95 114
95 131
95 132
95 147
95 152
95 165
95 179
95 180
95 195
95 225
95 245
95 269
95 277
95 282
95 290
95 291
96 105
96 171
96 176
96 199
96 200
96 204
96 210
96 218
96 228
96 234
96 239
96 250
96 255
96 268
96 283
96 284
96 287
96 290
97 118
97 130
97 134
97 140
97 150
97 156
97 167
97 183
97 202
97 211
97 227
97 239
97 243
97 252
97 254
97 256
97 265
97 282
97 298
98 103
98 104
98 132
98 134
98 141
98 165
98 191
98 192
98 199
98 201
98 209
98 219
98 220
98 232
98 247
98 263
98 279
99 122
99 125
99 152
99 158
99 163
99 184
99 193
99 199
99 210
99 212
99 223
99 228
99 248
99 255
99 269
99 277
100 107
100 111
100 133
100 145
100 168
100 194
100 209
100 296
101 144
101 160
101 166
101 168
101 175
101 181
101 184
101 189
101 226
101 275
101 281
101 291
101 296
102 105
102 120
102 136
102 166
102 182
102 193
102 201
102 235
102 259
102 274
102 276
102 292
103 118
103 123
103 149
103 152
103 169
103 171
103 210
103 217
103 229
103 254
103 258
103 261
103 265
104 113
104 124
104 157
104 161
104 168
104 174
104 190
104 201
104 212
104 218
104 235
105 141
105 146
105 147
105 208
105 210
105 223
105 228
105 236
105 243
105 285
106 115
106 126
106 135
106 166
106 179
106 181
106 183
106 199
106 228
106 257
106 285
107 119
107 132
107 149
107 172
107 186
107 192
107 218
107 221
107 238
107 239
107 244
107 248
107 255
108 121
108 128
108 143
108 145
108 148
108 168
108 177
108 197
108 235
108 245
108 247
108 252
108 254
109 123
109 143
109 144
109 210
109 222
109 257
109 272
110 144
110 159
110 174
110 178
110 184
110 196
110 202
110 240
110 290
111 112
111 118
111 122
111 132
111 150
111 164
111 169
111 170
111 189
111 190
111 202
111 226
111 229
111 236
111 249
111 271
111 280
111 287
111 294
112 128
112 145
112 162
112 163
112 186
112 194
112 198
112 209
112 217
112 222
112 252
112 258
112 275
112 278
112 280
113 121
113 140
113 145
113 149
113 180
113 184
113 188
113 192
113 207
113 218
113 225
113 247
113 292
114 167
114 168
114 169
114 207
114 220
114 221
114 230
114 253
114 259
114 274
114 280
114 294
115 128
115 135
115 152
115 167
115 202
115 215
115 223
115 224
115 240
115 261
115 275
115 278
115 291
116 120
116 131
116 139
116 144
116 157
116 161
116 168
116 181
116 189
116 209
116 215
116 238
116 255
116 280
116 295
116 296
117 136
117 147
117 172
117 180
117 182
117 199
117 219
117 220
117 228
117 229
117 232
117 237
117 247
117 279
118 128
118 129
118 136
118 143
118 153
118 166
118 245
118 249
118 253
118 273
119 124
119 148
119 150
119 162
119 212
119 249
119 260
119 271
119 288
120 122
120 133
120 174
120 188
120 201
120 210
120 222
120 238
120 262
120 283
121 194
121 199
121 227
121 228
121 234
121 253
121 276
121 278
122 140
122 149
122 152
122 175
122 187
122 203
122 210
122 228
122 230
122 234
122 274
122 295
123 127
123 134
123 136
123 149
123 174
123 177
123 187
123 194
123 195
123 196
123 201
123 216
123 224
123 241
123 250
123 252
123 254
123 262
123 276
123 277
124 132
124 212
124 221
124 223
124 238
124 242
124 243
124 282
125 140
125 141
125 205
125 221
125 253
125 257
125 264
125 270
125 271
126 130
126 133
126 136
126 175
126 178
126 179
126 184
126 190
126 194
126 201
126 216
126 219
126 231
126 281
126 283
126 285
127 128
127 135
127 144
127 156
127 159
127 166
127 197
127 213
127 228
127 239
127 256
127 270
128 134
128 137
128 148
128 149
128 160
128 173
128 191
128 221
128 228
128 237
128 262
128 266
128 270
128 293
128 295
129 149
129 173
129 202
129 222
129 233
129 236
129 245
129 263
129 282
129 285
129 297
130 131
130 153
130 158
130 172
130 232
130 238
130 251
130 252
130 263
130 276
130 280
131 138
131 174
131 177
131 208
131 241
131 253
131 290
132 154
132 166
132 184
132 186
132 193
132 194
132 203
132 205
132 206
132 211
132 235
132 242
132 256
132 266
132 297
133 148
133 155
133 159
133 161
133 163
133 167
133 194
133 197
133 199
133 204
133 209
133 210
133 228
133 233
133 245
133 248
133 251
133 287
133 293
134 142
134 149
134 153
134 154
134 164
134 166
134 171
134 179
134 181
134 200
134 214
134 217
134 226
134 237
134 244
134 278
134 298
135 136
135 151
135 178
135 183
135 188
135 221
135 226
135 232
135 238
135 249
135 256
135 283
136 170
136 175
136 182
136 198
136 208
136 242
136 250
136 271
136 283
136 291
136 294
136 296
136 298
137 154
137 162
137 175
137 217
137 253
137 254
137 270
137 295
137 298
138 146
138 163
138 169
138 187
138 199
138 200
138 206
138 208
138 218
138 242
138 253
138 277
138 285
138 286
139 140
139 151
139 154
139 155
139 159
139 160
139 167
139 178
139 179
139 185
139 188
139 226
139 230
139 277
140 147
140 163
140 168
140 174
140 175
140 184
140 191
140 194
140 230
140 263
140 271
140 280
140 284
141 142
141 154
141 181
141 187
141 188
141 198
141 211
141 219
141 233
141 236
141 253
141 262
141 272
141 278
141 279
141 293
142 145
142 170
142 178
142 181
142 210
142 226
142 244
142 255
142 265
142 277
142 284
142 289
142 291
143 167
143 187
143 191
143 211
143 212
143 232
143 235
143 242
143 282
143 295
143 298
144 145
144 150
144 167
144 190
144 195
144 208
144 212
144 231
144 244
144 277
144 284
144 291
144 298
145 168
145 174
145 187
145 195
145 201
145 205
145 212
145 213
145 224
145 230
145 249
145 256
145 259
145 293
146 149
146 153
146 154
146 157
146 176
146 216
146 229
146 245
146 249
147 211
147 218
147 221
147 288
147 289
148 172
148 187
148 193
148 203
148 211
148 215
148 219
148 221
148 229
148 231
148 246
148 247
148 283
149 167
149 170
149 189
149 191
149 215
149 248
149 253
149 281
149 288
149 299
150 160
150 178
150 181
150 202
150 236
150 239
150 246
150 288
150 297
150 299
151 153
151 163
151 185
151 189
151 247
151 265
151 268
151 276
151 293
152 163
152 172
152 177
152 193
152 198
152 199
152 206
152 229
152 242
152 254
152 278
152 281
152 295
153 160
153 211
153 212
153 214
153 235
153 241
153 243
153 288
153 299
154 166
154 211
154 223
154 227
154 231
154 253
154 255
154 258
154 275
154 277
154 284
154 286
154 287
155 162
155 171
155 174
155 221
155 223
155 226
155 231
155 260
155 264
155 271
155 296
156 165
156 167
156 169
156 170
156 184
156 192
156 198
156 214
156 223
156 235
156 238
156 243
156 245
156 252
156 255
156 256
156 257
156 260
156 269
156 277
156 285
156 298
157 188
157 216
157 230
157 231
157 238
157 247
157 259
157 267
157 274
157 276
157 283
157 287
157 297
158 173
158 182
158 226
158 246
158 252
158 289
159 197
159 210
159 217
159 220
159 226
159 234
159 241
159 244
159 257
159 289
159 298
160 167
160 172
160 183
160 209
160 254
160 272
160 274
160 289
160 295
160 298
161 174
161 175
161 187
161 198
161 200
161 209
161 263
162 176
162 182
162 189
162 200
162 218
162 236
162 238
162 244
162 267
162 280
162 289
162 295
162 297
163 175
163 180
163 188
163 203
163 218
163 239
163 250
163 251
163 274
163 281
163 287
163 290
164 168
164 194
164 217
164 218
164 219
164 221
164 229
164 241
164 249
164 266
164 278
164 291
165 199
165 211
165 221
165 232
165 245
165 250
165 280
166 181
166 201
166 204
166 207
166 213
166 216
166 217
166 235
166 247
166 278
166 279
166 287
166 292
167 183
167 186
167 192
167 284
167 286
167 288
167 290
168 189
168 207
168 217
168 221
168 250
168 263
168 267
169 180
169 196
169 248
169 256
169 274
169 278
169 282
170 173
170 243
170 246
170 271
170 283
171 173
171 217
171 242
171 252
171 269
171 278
172 188
172 198
172 214
172 248
172 254
172 275
172 278
172 279
172 285
173 198
173 211
173 222
173 233
173 239
173 252
173 266
173 269
174 185
174 201
174 211
174 218
174 225
174 245
174 261
174 268
174 276
174 292
174 296
175 177
175 181
175 182
175 219
175 221
175 226
175 231
175 232
175 241
175 258
175 261
175 272
175 294
175 299
176 188
176 218
176 234
176 236
176 239
176 249
176 250
176 251
176 288
177 183
177 207
177 214
177 228
177 244
177 248
177 251
177 293
178 192
178 193
178 195
178 230
178 237
178 258
179 189
179 195
179 212
179 229
179 233
179 236
179 250
179 257
180 183
180 201
180 202
180 209
180 220
180 221
180 234
180 241
180 245
180 253
180 263
180 267
180 272
180 283
181 189
181 217
181 253
181 273
182 202
182 211
182 226
182 227
182 260
182 297
183 232
183 233
183 255
183 260
183 277
183 291
183 298
184 201
184 224
184 250
184 251
184 257
184 268
185 193
185 230
185 244
185 259
185 282
185 284
185 296
186 197
186 232
186 280
186 282
186 288
187 188
187 201
187 207
187 222
187 249
187 258
187 278
187 294
188 209
188 220
188 229
188 238
188 258
188 262
188 269
188 282
188 288
188 293
188 294
189 191
189 202
189 232
189 235
189 256
189 258
189 285
190 195
190 208
190 209
190 210
190 238
190 252
190 253
190 286
191 197
191 201
191 222
191 234
191 235
191 240
191 251
191 252
191 274
192 195
192 203
192 222
192 223
192 241
192 243
192 245
192 260
193 206
193 208
193 212
193 223
193 238
193 249
193 283
193 285
193 293
193 298
193 299
194 217
194 228
194 234
194 240
194 243
194 260
194 275
195 212
195 214
195 273
195 299
196 219
196 263
196 264
196 273
196 282
196 293
197 217
197 236
197 255
197 266
198 204
198 218
198 245
198 256
198 257
198 258
198 275
198 282
198 283
198 294
199 202
199 221
199 224
199 232
199 244
199 247
199 258
199 261
199 265
199 267
199 278
199 279
199 280
200 209
200 210
200 218
200 231
200 241
200 270
201 216
201 223
201 240
201 253
201 254
201 268
201 295
202 204
202 206
202 214
202 254
202 258
202 281
202 287
203 230
203 233
203 257
203 264
203 280
204 216
204 223
204 246
204 258
204 269
204 279
204 287
204 294
205 211
205 213
205 217
205 220
205 262
205 284
206 220
206 274
207 227
207 229
207 234
207 237
208 221
208 223
208 227
208 247
208 249
208 258
209 215
209 221
209 229
209 258
209 261
209 298
210 231
210 232
210 235
210 246
210 279
210 297
211 222
211 223
211 242
211 243
211 245
211 270
211 276
211 283
211 288
211 290
212 219
212 231
212 237
212 239
212 240
212 243
212 261
212 292
213 219
213 223
213 236
213 241
213 254
213 257
213 258
213 294
214 215
214 225
214 244
214 254
214 261
214 275
214 276
214 294
215 217
215 222
215 233
215 258
215 260
215 268
215 278
215 287
216 234
216 293
216 298
217 228
217 249
217 252
217 258
217 276
217 290
218 234
218 239
218 246
218 251
218 269
219 221
219 246
219 247
219 248
219 249
219 259
219 261
219 265
219 285
220 222
220 227
220 246
220 254
220 262
220 264
220 270
220 275
220 277
220 284
220 286
220 289
220 294
221 243
221 260
221 270
221 277
221 280
222 225
222 270
222 284
222 286
222 295
222 298
223 241
223 257
223 259
223 260
223 265
223 267
223 281
223 286
223 292
224 241
224 250
224 252
224 282
224 292
225 251
225 256
225 278
225 289
226 235
226 239
226 242
226 261
226 272
226 278
226 280
227 230
227 246
227 257
227 268
228 258
228 262
228 272
228 292
228 295
228 297
229 247
229 292
230 236
230 239
230 256
230 270
231 237
231 244
231 266
231 285
231 286
231 298
231 299
232 240
232 257
232 267
232 270
232 278
232 293
233 249
233 276
233 284
233 288
233 292
233 298
234 276
235 236
235 251
235 252
235 270
235 277
235 281
236 245
236 280
236 299
237 252
237 260
237 287
238 240
238 243
238 266
238 298
239 250
239 258
239 279
239 293
239 299
240 258
240 271
240 274
240 279
240 285
241 246
241 265
241 267
241 269
241 270
242 248
242 267
242 295
243 258
243 262
243 280
243 297
244 247
244 248
244 250
244 251
244 253
244 283
244 291
245 246
245 249
245 263
245 268
245 299
246 259
246 280
246 282
247 253
247 267
247 276
248 253
248 254
248 265
249 262
249 277
249 290
249 291
250 265
250 280
250 288
250 294
251 259
251 263
252 263
252 286
253 293
254 262
254 280
254 285
254 287
255 266
255 282
255 292
255 295
256 262
256 271
256 272
256 281
256 291
257 265
257 278
257 287
257 291
258 269
258 277
258 282
258 285
258 292
259 267
259 284
259 285
259 287
260 262
260 285
260 291
260 294
261 286
261 293
261 295
262 268
262 272
262 280
263 284
263 295
264 277
264 288
264 289
264 295
264 296
265 278
265 281
265 284
265 298
266 285
266 288
266 289
266 294
267 276
267 284
267 295
268 277
268 284
269 281
269 288
270 275
270 281
270 284
270 296
271 272
271 275
271 284
271 295
272 286
272 287
272 290
272 292
272 293
272 298
273 281
274 278
274 284
275 283
275 291
275 299
276 277
276 286
276 294
279 281
279 283
280 291
280 295
281 286
282 289
283 294
283 296
284 289
284 299
286 294
286 297
298 299
