400 5648 0.2
0 1
0 14
0 17
0 24
0 25
0 40
0 47
0 49
0 92
0 105
0 106
0 109
0 120
0 126
0 142
0 159
0 164
0 190
0 278
0 287
0 303
0 331
0 344
0 360
0 365
0 382
1 14
1 17
1 21
1 28
1 47
1 54
1 64
1 70
1 148
1 149
1 155
1 169
1 187
1 200
1 218
1 219
1 285
1 295
1 341
1 343
1 344
1 350
1 352
1 354
1 361
1 363
1 398
2 13
2 41
2 52
2 97
2 128
2 181
2 193
2 204
2 222
2 223
2 234
2 264
2 275
2 282
2 283
2 286
2 293
2 301
2 308
2 335
2 338
2 383
3 6
3 21
3 23
3 41
3 73
3 111
3 116
3 122
3 136
3 143
3 162
3 187
3 220
3 230
3 231
3 251
3 267
3 287
3 313
3 353
3 361
3 374
4 15
4 40
4 42
4 57
4 62
4 79
4 84
4 90
4 118
4 121
4 126
4 135
4 158
4 164
4 176
4 195
4 213
4 214
4 216
4 238
4 248
4 283
4 297
4 305
4 309
4 314
4 327
4 345
4 350
4 358
4 365
4 374
4 378
4 395
5 7
5 13
5 37
5 50
5 96
5 98
5 103
5 121
5 130
5 135
5 136
5 137
5 150
5 186
5 208
5 225
5 232
5 238
5 253
5 255
5 280
5 298
5 343
5 363
5 374
6 11
6 80
6 90
6 100
6 107
6 133
6 178
6 179
6 183
6 187
6 192
6 209
6 231
6 257
6 261
6 329
6 332
6 362
6 380
7 8
7 13
7 104
7 108
7 111
7 148
7 152
7 155
7 160
7 161
7 185
7 188
7 249
7 253
7 269
7 272
7 303
7 305
7 351
7 352
7 362
7 382
8 22
8 23
8 26
8 44
8 47
8 63
8 73
8 87
8 90
8 104
8 117
8 118
8 126
8 142
8 155
8 187
8 189
8 190
8 225
8 238
8 240
8 263
8 266
8 274
8 278
8 282
8 290
8 294
8 320
8 377
9 10
9 13
9 27
9 35
9 36
9 52
9 57
9 80
9 83
9 84
9 87
9 118
9 129
9 136
9 147
9 156
9 171
9 181
9 204
9 215
9 216
9 221
9 283
9 285
9 287
9 289
9 312
9 325
9 336
9 342
9 349
9 357
9 379
9 383
9 399
10 23
10 25
10 29
10 32
10 58
10 71
10 100
10 104
10 123
10 141
10 155
10 156
10 162
10 171
10 177
10 181
10 226
10 238
10 242
10 255
10 270
10 272
10 282
10 290
10 292
10 318
10 326
10 346
10 363
10 385
11 41
11 51
11 68
11 82
11 83
11 99
11 104
11 113
11 125
11 126
11 142
11 188
11 194
11 197
11 203
11 211
11 224
11 243
11 252
11 257
11 290
11 295
11 302
11 308
11 309
11 314
11 343
11 355
11 366
11 370
11 371
11 380
12 19
12 29
12 48
12 68
12 73
12 81
12 100
12 108
12 110
12 143
12 146
12 156
12 168
12 178
12 188
12 227
12 232
12 234
12 253
12 281
12 286
12 293
12 295
12 300
12 308
12 333
12 343
12 350
12 388
12 399
13 38
13 41
13 71
13 106
13 109
13 119
13 126
13 128
13 134
13 145
13 163
13 164
13 178
13 199
13 206
13 218
13 222
13 283
13 288
13 312
13 313
13 356
14 15
14 19
14 20
14 39
14 41
14 75
14 92
14 122
14 130
14 133
14 146
14 151
14 158
14 166
14 167
14 215
14 224
14 230
14 257
14 264
14 269
14 284
14 291
14 301
14 309
14 326
14 338
14 342
14 346
14 357
15 64
15 84
15 111
15 131
15 134
15 135
15 152
15 161
15 164
15 209
15 210
15 214
15 220
15 242
15 254
15 289
15 301
15 317
15 338
15 364
15 377
15 394
16 43
16 67
16 93
16 99
16 110
16 113
16 173
16 180
16 192
16 196
16 264
16 275
16 295
16 366
16 391
16 394
17 18
17 29
17 91
17 95
17 113
17 123
17 155
17 177
17 191
17 200
17 224
17 251
17 316
17 331
17 332
17 362
17 392
18 20
18 25
18 40
18 47
18 52
18 53
18 102
18 136
18 144
18 180
18 221
18 247
18 249
18 257
18 322
18 328
18 340
18 354
18 378
19 22
19 27
19 29
19 36
19 41
19 42
19 44
19 49
19 52
19 54
19 108
19 130
19 147
19 153
19 154
19 159
19 161
19 172
19 179
19 225
19 230
19 234
19 236
19 265
19 292
19 300
19 310
19 312
19 314
19 325
19 326
19 332
19 335
19 338
19 363
19 387
19 392
19 398
20 37
20 46
20 48
20 55
20 65
20 73
20 95
20 109
20 114
20 124
20 129
20 136
20 163
20 190
20 213
20 230
20 238
20 240
20 243
20 266
20 292
20 295
20 296
20 297
20 317
20 349
20 395
21 22
21 60
21 125
21 134
21 136
21 140
21 144
21 147
21 168
21 173
21 175
21 206
21 208
21 210
21 223
21 248
21 258
21 270
21 274
21 279
21 301
21 304
21 309
21 312
21 313
21 318
21 346
21 347
21 349
21 384
22 24
22 41
22 44
22 53
22 79
22 84
22 121
22 124
22 149
22 184
22 194
22 199
22 213
22 241
22 247
22 249
22 269
22 270
22 272
22 277
22 291
22 307
22 310
22 315
22 337
22 345
22 393
22 396
22 398
23 27
23 32
23 64
23 67
23 101
23 105
23 124
23 128
23 138
23 147
23 151
23 159
23 163
23 200
23 202
23 222
23 245
23 252
23 258
23 266
23 268
23 271
23 292
23 315
23 324
23 346
23 358
23 382
23 396
23 398
24 27
24 30
24 66
24 69
24 71
24 78
24 141
24 145
24 151
24 167
24 174
24 180
24 200
24 209
24 218
24 219
24 225
24 245
24 262
24 301
24 308
24 318
24 346
24 359
24 374
24 382
25 64
25 78
25 82
25 88
25 89
25 94
25 118
25 120
25 126
25 169
25 172
25 190
25 195
25 203
25 212
25 226
25 229
25 318
25 325
25 326
25 330
25 334
25 338
25 353
25 357
25 363
25 377
25 384
25 395
25 398
26 51
26 85
26 100
26 106
26 108
26 131
26 132
26 133
26 166
26 169
26 208
26 223
26 232
26 270
26 298
26 299
26 334
26 369
26 394
27 36
27 43
27 71
27 74
27 79
27 88
27 111
27 112
27 138
27 140
27 144
27 147
27 151
27 169
27 186
27 229
27 238
27 264
27 277
27 286
27 288
27 302
27 303
27 314
27 338
27 353
27 380
27 384
28 44
28 54
28 71
28 76
28 85
28 118
28 122
28 135
28 143
28 149
28 169
28 184
28 193
28 203
28 213
28 232
28 238
28 240
28 268
28 271
28 293
28 313
28 320
28 348
28 363
28 371
28 385
29 31
29 36
29 44
29 73
29 134
29 136
29 137
29 160
29 163
29 165
29 209
29 230
29 233
29 235
29 262
29 294
29 296
29 298
29 300
29 306
29 312
29 337
29 346
29 362
29 375
30 32
30 40
30 48
30 67
30 85
30 96
30 99
30 110
30 119
30 136
30 144
30 165
30 169
30 178
30 179
30 183
30 192
30 199
30 214
30 226
30 232
30 237
30 239
30 245
30 246
30 247
30 307
30 320
30 325
30 370
30 397
31 36
31 77
31 101
31 110
31 130
31 151
31 165
31 185
31 195
31 229
31 233
31 249
31 285
31 291
31 298
31 304
31 327
31 329
31 331
31 342
31 344
31 353
31 358
31 360
31 388
31 396
32 36
32 37
32 46
32 60
32 67
32 76
32 85
32 100
32 139
32 158
32 175
32 181
32 195
32 224
32 226
32 280
32 289
32 337
32 345
32 347
32 378
32 388
33 39
33 45
33 56
33 68
33 80
33 140
33 144
33 165
33 177
33 181
33 204
33 205
33 209
33 212
33 219
33 242
33 251
33 257
33 270
33 292
33 302
33 323
33 334
33 340
33 353
33 357
33 369
33 372
33 394
34 50
34 100
34 137
34 138
34 163
34 164
34 209
34 221
34 225
34 245
34 273
34 286
34 288
34 318
34 336
34 344
34 351
34 371
34 381
34 384
34 395
34 396
34 399
35 55
35 77
35 80
35 101
35 119
35 128
35 134
35 137
35 150
35 153
35 175
35 191
35 205
35 224
35 236
35 238
35 247
35 258
35 290
35 311
35 313
35 318
35 319
35 326
35 328
35 366
35 374
35 379
35 394
36 38
36 62
36 65
36 95
36 110
36 182
36 188
36 190
36 196
36 197
36 209
36 229
36 246
36 265
36 266
36 269
36 301
36 347
36 358
36 377
37 48
37 75
37 77
37 83
37 85
37 105
37 110
37 120
37 122
37 123
37 136
37 137
37 153
37 155
37 174
37 193
37 213
37 241
37 247
37 283
37 298
37 315
37 317
37 338
37 345
37 348
37 351
37 353
37 368
37 376
37 399
38 41
38 44
38 61
38 65
38 69
38 79
38 93
38 94
38 103
38 110
38 113
38 116
38 124
38 125
38 152
38 158
38 171
38 186
38 189
38 195
38 196
38 220
38 236
38 247
38 248
38 257
38 264
38 275
38 287
38 295
38 299
38 307
38 324
38 361
38 378
38 395
39 63
39 67
39 75
39 77
39 91
39 110
39 126
39 145
39 158
39 168
39 188
39 193
39 194
39 195
39 202
39 205
39 206
39 211
39 223
39 232
39 251
39 282
39 286
39 287
39 288
39 306
39 317
39 319
39 328
39 339
39 356
39 358
39 362
39 372
39 390
39 391
39 398
40 108
40 143
40 146
40 173
40 176
40 198
40 203
40 209
40 213
40 233
40 249
40 264
40 288
40 297
40 299
40 302
40 310
40 315
40 323
40 341
40 343
40 350
40 366
40 371
40 384
40 399
41 72
41 80
41 90
41 91
41 92
41 97
41 99
41 134
41 140
41 162
41 164
41 183
41 218
41 249
41 253
41 255
41 277
41 311
41 339
41 340
41 352
41 354
41 376
41 378
41 389
41 397
42 63
42 76
42 83
42 104
42 110
42 113
42 119
42 129
42 141
42 165
42 201
42 210
42 224
42 232
42 241
42 246
42 272
42 283
42 294
42 304
42 307
42 310
42 328
42 329
42 333
42 335
42 341
42 354
42 372
42 374
42 399
43 45
43 48
43 50
43 55
43 72
43 156
43 163
43 173
43 196
43 198
43 211
43 221
43 252
43 299
43 307
43 310
44 54
44 65
44 71
44 103
44 128
44 132
44 156
44 158
44 167
44 173
44 178
44 186
44 189
44 193
44 203
44 220
44 229
44 231
44 249
44 253
44 260
44 289
44 299
44 316
44 319
44 337
44 352
44 355
45 52
45 70
45 74
45 95
45 99
45 102
45 115
45 138
45 148
45 149
45 181
45 204
45 207
45 210
45 221
45 225
45 233
45 259
45 264
45 306
45 316
45 330
45 353
45 363
45 383
45 387
46 100
46 118
46 128
46 138
46 141
46 144
46 156
46 170
46 216
46 243
46 251
46 255
46 267
46 283
46 284
46 309
46 319
46 341
46 360
46 367
46 384
47 58
47 88
47 91
47 102
47 118
47 136
47 157
47 169
47 176
47 178
47 216
47 217
47 226
47 241
47 256
47 279
47 282
47 312
47 343
47 347
47 359
47 370
47 399
48 66
48 77
48 85
48 99
48 160
48 186
48 188
48 226
48 258
48 281
48 294
48 320
48 329
48 343
48 360
48 373
49 74
49 96
49 113
49 119
49 140
49 143
49 156
49 163
49 185
49 190
49 210
49 221
49 231
49 239
49 244
49 247
49 259
49 260
49 270
49 282
49 288
49 299
49 305
49 312
49 316
49 323
49 336
49 351
50 51
50 97
50 110
50 123
50 147
50 148
50 170
50 173
50 190
50 214
50 240
50 257
50 261
50 284
50 291
50 304
50 324
50 330
50 347
50 356
50 369
50 382
50 396
51 76
51 92
51 95
51 104
51 115
51 119
51 137
51 138
51 143
51 158
51 162
51 166
51 168
51 182
51 201
51 207
51 233
51 243
51 277
51 359
51 367
51 372
51 385
52 65
52 73
52 74
52 82
52 85
52 136
52 186
52 193
52 199
52 214
52 233
52 238
52 242
52 270
52 273
52 286
52 323
52 352
52 387
52 390
52 392
53 55
53 58
53 69
53 92
53 98
53 110
53 114
53 122
53 135
53 136
53 145
53 248
53 262
53 370
53 384
54 104
54 108
54 117
54 126
54 141
54 149
54 157
54 206
54 215
54 226
54 240
54 262
54 284
54 323
54 357
54 360
55 68
55 98
55 99
55 113
55 124
55 136
55 168
55 200
55 203
55 208
55 220
55 226
55 228
55 235
55 242
55 264
55 287
55 291
55 292
55 298
55 300
55 304
55 310
55 323
55 332
55 342
55 350
55 360
55 366
55 368
55 383
55 387
55 398
56 61
56 80
56 113
56 116
56 118
56 122
56 136
56 144
56 157
56 191
56 192
56 251
56 314
56 352
56 388
56 393
56 395
56 399
57 63
57 80
57 87
57 89
57 100
57 106
57 124
57 128
57 139
57 188
57 202
57 206
57 222
57 224
57 226
57 240
57 260
57 271
57 305
57 376
58 65
58 70
58 73
58 81
58 114
58 115
58 142
58 157
58 178
58 185
58 190
58 193
58 215
58 241
58 250
58 265
58 271
58 285
58 300
58 303
58 327
58 342
58 357
58 359
58 394
58 397
59 80
59 81
59 87
59 91
59 101
59 108
59 111
59 112
59 117
59 122
59 123
59 125
59 160
59 166
59 169
59 196
59 222
59 313
59 335
59 381
60 62
60 90
60 106
60 147
60 156
60 159
60 181
60 248
60 300
60 313
60 347
60 355
60 360
60 370
60 371
60 382
60 388
61 62
61 70
61 78
61 87
61 108
61 111
61 118
61 123
61 125
61 144
61 189
61 200
61 204
61 206
61 227
61 239
61 285
61 289
61 295
61 300
61 301
61 312
61 314
61 318
61 320
61 321
61 328
61 330
61 336
61 353
61 355
61 356
61 361
61 375
61 399
62 85
62 91
62 107
62 113
62 127
62 154
62 162
62 182
62 189
62 191
62 196
62 203
62 223
62 257
62 275
62 291
62 310
62 314
62 325
62 340
62 370
62 375
62 385
63 90
63 91
63 97
63 100
63 109
63 111
63 132
63 133
63 187
63 194
63 219
63 232
63 263
63 291
63 292
63 319
63 324
63 362
63 391
63 397
64 72
64 105
64 107
64 146
64 168
64 181
64 192
64 194
64 202
64 210
64 227
64 241
64 248
64 249
64 253
64 258
64 266
64 284
64 324
64 327
64 331
64 344
64 365
64 379
65 67
65 111
65 115
65 137
65 139
65 214
65 216
65 226
65 233
65 272
65 285
65 293
65 336
65 355
65 356
65 358
65 371
65 377
65 378
66 95
66 113
66 117
66 144
66 156
66 166
66 180
66 189
66 190
66 192
66 196
66 212
66 219
66 223
66 239
66 240
66 265
66 291
66 293
66 311
66 314
66 317
66 330
66 332
66 334
66 343
66 345
66 352
67 70
67 81
67 84
67 98
67 104
67 113
67 168
67 210
67 214
67 226
67 237
67 279
67 283
67 286
67 346
67 372
68 88
68 95
68 112
68 127
68 133
68 142
68 144
68 165
68 174
68 175
68 214
68 222
68 225
68 244
68 260
68 270
68 292
68 297
68 313
68 320
68 334
68 344
68 347
68 348
68 349
68 356
68 363
68 376
68 398
69 91
69 96
69 136
69 151
69 158
69 160
69 179
69 200
69 203
69 253
69 256
69 272
69 273
69 275
69 291
69 294
69 302
69 331
69 338
69 373
69 396
70 89
70 121
70 139
70 140
70 151
70 174
70 186
70 197
70 198
70 208
70 220
70 231
70 264
70 292
70 297
70 305
70 306
70 314
70 363
70 366
70 382
70 392
70 398
71 76
71 80
71 84
71 95
71 120
71 121
71 131
71 133
71 143
71 150
71 154
71 162
71 182
71 184
71 210
71 271
71 277
71 281
71 285
71 292
71 324
71 325
71 335
71 346
71 353
71 356
71 371
71 390
72 76
72 98
72 111
72 115
72 185
72 204
72 265
72 272
72 274
72 276
72 277
72 292
72 332
72 360
72 361
72 362
72 368
72 388
72 392
73 102
73 121
73 168
73 171
73 175
73 181
73 183
73 184
73 186
73 189
73 192
73 195
73 228
73 238
73 250
73 261
73 271
73 279
73 313
73 346
73 357
73 367
73 383
73 384
73 398
74 75
74 90
74 106
74 112
74 118
74 140
74 167
74 178
74 188
74 202
74 206
74 220
74 225
74 234
74 247
74 258
74 282
74 289
74 290
74 291
74 297
74 305
74 351
74 354
74 359
74 360
74 366
74 372
74 379
74 392
75 78
75 91
75 107
75 122
75 129
75 151
75 152
75 158
75 191
75 201
75 219
75 256
75 285
75 296
75 308
75 338
75 343
75 352
75 364
75 371
75 386
75 388
76 100
76 128
76 136
76 137
76 143
76 157
76 179
76 197
76 214
76 224
76 234
76 238
76 283
76 306
76 321
76 331
76 342
76 351
76 378
76 382
76 390
77 80
77 82
77 92
77 105
77 132
77 136
77 145
77 157
77 169
77 181
77 187
77 240
77 246
77 254
77 266
77 268
77 273
77 286
77 302
77 305
77 306
77 324
77 339
77 346
77 360
77 364
77 368
77 375
77 396
78 84
78 85
78 89
78 96
78 98
78 99
78 101
78 105
78 112
78 120
78 168
78 196
78 200
78 201
78 217
78 224
78 317
78 334
78 337
78 347
78 350
78 364
78 372
78 385
78 396
78 399
79 83
79 142
79 148
79 207
79 215
79 230
79 254
79 286
79 288
79 297
79 302
79 308
79 318
79 319
79 332
79 354
79 364
79 372
79 393
80 107
80 135
80 143
80 145
80 152
80 159
80 177
80 182
80 183
80 184
80 197
80 205
80 212
80 213
80 223
80 253
80 260
80 270
80 277
80 289
80 294
80 314
80 335
80 343
80 348
80 369
80 385
81 91
81 109
81 110
81 112
81 129
81 143
81 167
81 176
81 211
81 219
81 247
81 248
81 258
81 269
81 277
81 316
81 323
81 325
81 393
81 399
82 95
82 119
82 143
82 153
82 163
82 171
82 192
82 212
82 222
82 223
82 224
82 252
82 306
82 340
82 341
82 365
82 389
82 390
83 91
83 115
83 119
83 120
83 129
83 131
83 176
83 198
83 217
83 234
83 249
83 250
83 299
83 307
83 364
83 372
83 386
83 396
83 398
84 100
84 154
84 166
84 170
84 177
84 181
84 184
84 186
84 199
84 204
84 205
84 206
84 220
84 225
84 238
84 258
84 260
84 281
84 302
84 306
84 307
84 312
84 320
84 323
84 368
84 386
85 109
85 115
85 140
85 147
85 152
85 153
85 189
85 199
85 229
85 269
85 280
85 294
85 338
85 350
85 365
85 366
85 367
85 373
85 390
85 392
85 399
86 90
86 97
86 106
86 107
86 114
86 118
86 150
86 192
86 202
86 207
86 218
86 222
86 227
86 233
86 245
86 271
86 296
86 297
86 312
86 316
86 327
86 337
86 351
86 375
86 381
87 91
87 132
87 142
87 147
87 148
87 175
87 181
87 182
87 200
87 201
87 202
87 210
87 212
87 217
87 220
87 245
87 248
87 253
87 270
87 314
87 321
87 327
87 341
87 354
87 373
87 374
87 375
87 380
88 98
88 105
88 114
88 115
88 119
88 127
88 169
88 173
88 200
88 215
88 217
88 221
88 223
88 225
88 230
88 235
88 241
88 261
88 280
88 297
88 308
88 312
88 324
88 329
88 331
88 332
88 339
88 340
88 344
88 345
88 359
89 90
89 97
89 101
89 115
89 129
89 149
89 159
89 162
89 190
89 196
89 223
89 257
89 268
89 281
89 290
89 297
89 303
89 317
89 319
89 333
89 337
89 342
89 365
89 391
90 114
90 137
90 169
90 185
90 207
90 209
90 263
90 266
90 294
90 296
90 304
90 309
90 321
90 325
90 336
90 347
90 373
90 374
90 375
90 397
91 147
91 168
91 169
91 176
91 208
91 225
91 226
91 239
91 241
91 274
91 289
91 298
91 318
91 332
91 337
91 345
91 360
91 362
91 385
92 101
92 109
92 146
92 153
92 155
92 156
92 161
92 173
92 222
92 226
92 230
92 236
92 260
92 272
92 277
92 307
92 327
92 330
92 332
92 337
92 340
92 347
92 348
92 362
92 374
92 392
92 393
93 136
93 143
93 167
93 189
93 208
93 251
93 263
93 271
93 284
93 288
93 342
93 346
93 363
93 364
93 371
93 399
94 99
94 103
94 125
94 156
94 157
94 193
94 194
94 209
94 224
94 232
94 258
94 263
94 267
94 274
94 311
94 322
94 325
94 327
94 336
94 337
94 352
94 371
94 374
94 387
95 126
95 127
95 171
95 175
95 185
95 206
95 207
95 220
95 228
95 259
95 260
95 286
95 295
95 304
95 308
95 326
95 355
95 366
95 398
96 107
96 125
96 129
96 135
96 137
96 139
96 163
96 165
96 172
96 177
96 180
96 221
96 229
96 230
96 240
96 256
96 257
96 263
96 274
96 278
96 295
96 322
96 362
96 372
96 386
96 389
96 396
96 399
97 190
97 194
97 206
97 213
97 215
97 223
97 249
97 266
97 268
97 269
97 296
97 347
97 359
97 360
97 363
97 375
97 385
98 112
98 136
98 144
98 162
98 187
98 205
98 215
98 228
98 230
98 234
98 244
98 248
98 264
98 316
98 347
98 363
98 383
98 394
99 113
99 125
99 127
99 150
99 173
99 179
99 197
99 199
99 204
99 205
99 227
99 250
99 259
99 275
99 314
99 327
99 330
99 340
99 342
99 350
99 359
99 384
100 103
100 123
100 125
100 126
100 140
100 179
100 182
100 189
100 197
100 198
100 210
100 211
100 232
100 251
100 271
100 275
100 283
100 286
100 288
100 298
100 360
100 371
100 375
101 105
101 118
101 119
101 121
101 136
101 160
101 164
101 215
101 224
101 226
101 237
101 261
101 264
101 271
101 287
101 304
101 316
101 318
101 323
101 324
101 340
101 347
101 352
101 357
101 358
101 389
101 394
102 112
102 117
102 119
102 127
102 150
102 154
102 175
102 193
102 196
102 200
102 216
102 225
102 234
102 237
102 247
102 265
102 275
102 316
102 345
102 351
102 355
102 363
102 366
102 372
102 375
102 387
102 388
102 391
103 107
103 109
103 132
103 161
103 163
103 195
103 203
103 217
103 222
103 225
103 231
103 282
103 299
103 320
103 324
103 328
103 334
103 360
103 390
104 106
104 117
104 124
104 143
104 148
104 149
104 174
104 198
104 218
104 233
104 241
104 245
104 279
104 287
104 303
104 307
104 316
104 321
104 329
104 338
104 340
104 345
104 357
104 374
104 378
104 389
104 397
105 115
105 136
105 146
105 150
105 167
105 175
105 212
105 220
105 226
105 233
105 252
105 261
105 262
105 279
105 281
105 287
105 291
105 357
105 359
105 366
106 118
106 121
106 128
106 185
106 190
106 230
106 240
106 278
106 301
106 308
106 309
106 333
106 362
106 383
106 399
107 151
107 192
107 199
107 203
107 210
107 217
107 220
107 226
107 323
107 327
107 338
107 355
107 356
107 374
107 380
108 110
108 129
108 133
108 139
108 142
108 156
108 164
108 170
108 207
108 208
108 210
108 211
108 221
108 236
108 244
108 287
108 300
108 305
108 314
108 319
108 325
108 340
108 363
108 374
108 389
109 116
109 145
109 151
109 153
109 154
109 158
109 175
109 179
109 187
109 197
109 198
109 203
109 247
109 308
109 316
109 323
109 349
109 355
109 363
110 113
110 132
110 135
110 167
110 172
110 261
110 297
110 299
110 310
110 319
110 345
110 352
110 364
110 367
110 378
110 384
111 125
111 127
111 136
111 163
111 170
111 189
111 217
111 219
111 222
111 224
111 249
111 271
111 276
111 291
111 303
111 311
111 335
111 344
111 368
111 373
111 399
112 131
112 139
112 161
112 177
112 197
112 202
112 216
112 217
112 225
112 242
112 243
112 269
112 287
112 321
112 328
112 340
112 351
112 370
112 376
113 116
113 152
113 167
113 223
113 244
113 246
113 258
113 266
113 295
113 341
113 343
113 354
113 361
113 369
113 373
113 393
113 394
114 119
114 123
114 144
114 153
114 156
114 191
114 220
114 222
114 269
114 315
114 326
114 334
114 337
114 342
114 369
114 383
114 385
114 387
115 126
115 130
115 141
115 148
115 167
115 186
115 207
115 216
115 239
115 240
115 255
115 263
115 266
115 271
115 278
115 289
115 292
115 313
115 315
115 316
115 343
115 344
115 363
115 389
115 392
115 394
116 122
116 138
116 185
116 189
116 200
116 224
116 230
116 256
116 294
116 302
116 314
116 317
116 325
116 327
116 338
116 339
116 381
116 395
117 133
117 134
117 135
117 142
117 149
117 160
117 191
117 199
117 202
117 205
117 237
117 239
117 249
117 267
117 275
117 334
117 337
117 347
117 354
117 371
117 372
117 382
117 396
118 149
118 170
118 176
118 190
118 224
118 230
118 240
118 250
118 262
118 271
118 275
118 317
118 323
118 327
118 332
118 333
118 335
118 340
118 365
118 367
118 372
118 374
118 378
118 385
119 132
119 133
119 140
119 174
119 182
119 183
119 208
119 215
119 218
119 233
119 239
119 273
119 282
119 300
119 306
119 320
119 322
119 328
119 329
119 332
119 335
119 336
119 376
119 392
120 172
120 177
120 178
120 208
120 219
120 247
120 250
120 274
120 287
120 296
120 308
120 311
120 339
120 352
120 363
120 390
121 143
121 159
121 169
121 170
121 177
121 218
121 226
121 231
121 250
121 252
121 255
121 257
121 261
121 297
121 321
121 324
121 325
121 367
121 382
121 394
122 133
122 141
122 145
122 158
122 185
122 196
122 223
122 235
122 237
122 239
122 242
122 243
122 266
122 269
122 283
122 289
122 301
122 315
122 319
122 347
122 360
122 385
122 394
123 131
123 143
123 153
123 157
123 160
123 161
123 167
123 168
123 169
123 182
123 196
123 199
123 211
123 229
123 239
123 253
123 262
123 293
123 296
123 304
123 305
123 308
123 313
123 318
123 326
123 328
123 333
123 345
123 350
123 368
123 369
123 384
123 385
123 388
123 395
123 398
124 128
124 130
124 145
124 163
124 165
124 199
124 204
124 214
124 221
124 230
124 233
124 241
124 242
124 249
124 283
124 285
124 290
124 315
124 320
124 348
124 355
124 362
124 365
124 380
124 383
125 198
125 203
125 253
125 268
125 273
125 280
125 292
125 299
125 315
125 334
125 366
126 127
126 157
126 162
126 163
126 164
126 174
126 190
126 219
126 227
126 231
126 269
126 324
126 375
126 378
126 385
126 390
126 391
127 136
127 146
127 161
127 165
127 173
127 185
127 263
127 272
127 284
127 286
127 288
127 289
127 291
127 293
127 304
127 365
127 388
128 132
128 171
128 178
128 194
128 208
128 210
128 212
128 216
128 218
128 233
128 246
128 262
128 268
128 271
128 281
128 283
128 296
128 297
128 298
128 300
128 309
128 328
128 354
128 355
128 366
128 377
128 378
128 392
129 164
129 174
129 180
129 185
129 193
129 199
129 220
129 225
129 231
129 236
129 248
129 255
129 277
129 279
129 291
129 296
129 305
129 323
129 330
129 361
129 382
130 142
130 144
130 181
130 204
130 219
130 225
130 241
130 242
130 250
130 252
130 258
130 279
130 282
130 321
130 330
130 331
130 378
130 393
131 152
131 170
131 173
131 174
131 182
131 217
131 222
131 238
131 253
131 254
131 285
131 299
131 374
131 383
131 384
131 385
132 135
132 178
132 180
132 183
132 219
132 238
132 266
132 284
132 317
132 342
132 362
132 371
132 393
132 399
133 134
133 136
133 153
133 160
133 181
133 188
133 203
133 204
133 243
133 254
133 272
133 283
133 287
133 295
133 312
133 315
133 336
133 339
133 340
133 342
133 344
133 349
133 370
133 374
134 159
134 207
134 217
134 222
134 224
134 256
134 262
134 269
134 273
134 278
134 284
134 308
134 326
134 332
134 342
134 344
134 347
134 353
134 373
134 374
134 376
134 380
134 383
134 389
134 399
135 138
135 145
135 147
135 164
135 185
135 192
135 214
135 218
135 245
135 270
135 293
135 304
135 309
135 311
135 317
135 329
135 354
135 358
135 360
135 361
135 370
135 372
136 141
136 142
136 152
136 153
136 156
136 162
136 205
136 207
136 211
136 244
136 263
136 275
136 296
136 311
136 320
136 350
136 385
137 151
137 169
137 212
137 221
137 231
137 249
137 251
137 259
137 266
137 280
137 288
137 291
137 292
137 294
137 297
137 305
137 313
137 319
137 343
137 345
137 348
137 356
137 383
137 385
138 152
138 159
138 162
138 167
138 178
138 186
138 203
138 206
138 213
138 235
138 271
138 292
138 307
138 316
138 329
138 378
138 387
138 388
138 398
139 144
139 149
139 192
139 195
139 202
139 206
139 209
139 247
139 249
139 255
139 274
139 280
139 285
139 290
139 327
139 328
139 345
139 351
139 356
139 362
139 367
139 386
139 398
139 399
140 154
140 163
140 182
140 184
140 196
140 260
140 308
140 309
140 347
140 367
140 380
140 392
141 151
141 168
141 176
141 210
141 224
141 248
141 263
141 280
141 292
141 393
142 148
142 149
142 156
142 165
142 236
142 242
142 247
142 264
142 277
142 283
142 321
142 329
142 342
142 353
142 359
142 361
142 362
142 374
142 387
143 243
143 248
143 257
143 272
143 282
143 299
143 328
143 339
143 351
143 356
143 371
144 152
144 161
144 166
144 171
144 203
144 215
144 302
144 304
144 342
144 356
144 372
145 148
145 149
145 151
145 156
145 157
145 169
145 172
145 178
145 186
145 195
145 222
145 227
145 237
145 240
145 242
145 255
145 285
145 286
145 287
145 290
145 335
145 339
145 354
145 356
145 360
145 362
145 387
145 388
146 201
146 203
146 206
146 234
146 239
146 241
146 281
146 288
146 297
146 300
146 309
146 317
146 329
146 330
146 333
146 336
146 342
146 366
146 376
147 149
147 181
147 186
147 190
147 197
147 210
147 261
147 273
147 278
147 280
147 303
147 308
147 319
147 332
147 348
147 355
147 360
147 369
148 156
148 159
148 167
148 218
148 266
148 301
148 324
148 331
148 352
148 363
148 365
148 370
148 377
148 398
149 163
149 208
149 212
149 220
149 227
149 237
149 259
149 325
149 341
149 347
149 379
150 156
150 176
150 187
150 203
150 220
150 232
150 235
150 258
150 263
150 276
150 282
150 286
150 304
150 334
150 365
150 371
151 163
151 176
151 185
151 202
151 207
151 235
151 245
151 254
151 261
151 270
151 297
151 302
151 313
151 345
151 362
151 365
151 367
151 368
151 374
151 376
151 397
152 153
152 168
152 183
152 185
152 189
152 215
152 255
152 257
152 272
152 283
152 303
152 309
152 330
152 337
152 344
152 370
152 384
152 398
153 162
153 163
153 168
153 214
153 241
153 260
153 267
153 268
153 286
153 294
153 320
153 347
153 348
153 356
153 365
153 376
153 380
153 392
154 155
154 156
154 173
154 177
154 180
154 181
154 194
154 196
154 199
154 227
154 238
154 239
154 240
154 243
154 279
154 293
154 321
154 326
154 348
154 379
154 394
155 176
155 214
155 263
155 273
155 276
155 292
155 306
155 319
155 320
155 332
155 339
155 354
155 392
155 393
156 164
156 169
156 210
156 215
156 228
156 248
156 257
156 280
156 300
156 314
156 317
156 330
156 332
156 357
156 369
156 376
157 184
157 188
157 198
157 206
157 229
157 247
157 249
157 262
157 272
157 276
157 295
157 313
157 320
157 321
157 327
157 350
157 356
157 367
157 399
158 160
158 167
158 189
158 232
158 254
158 255
158 271
158 272
158 273
158 319
158 330
158 332
158 333
158 341
158 360
158 367
158 369
158 396
159 192
159 197
159 200
159 244
159 256
159 278
159 291
159 299
159 308
159 314
159 315
159 327
159 332
159 334
159 341
159 342
159 345
159 364
159 376
160 186
160 188
160 203
160 253
160 259
160 262
160 263
160 279
160 316
160 323
160 333
160 351
160 364
160 383
161 164
161 212
161 213
161 218
161 219
161 224
161 245
161 247
161 263
161 277
161 338
161 342
161 378
161 384
161 395
161 399
162 163
162 164
162 189
162 211
162 226
162 234
162 249
162 250
162 258
162 273
162 276
162 283
162 314
162 318
162 327
162 341
162 349
162 354
162 375
162 376
162 377
162 387
163 168
163 173
163 175
163 193
163 201
163 218
163 223
163 258
163 271
163 290
163 296
163 335
163 346
163 363
163 385
164 173
164 188
164 219
164 244
164 247
164 253
164 270
164 273
164 282
164 293
164 326
164 330
164 351
164 354
164 375
164 389
165 212
165 278
165 284
165 288
165 299
165 310
165 332
165 361
165 369
166 170
166 176
166 183
166 186
166 192
166 194
166 205
166 255
166 276
166 280
166 282
166 314
166 316
166 328
166 332
166 387
167 192
167 205
167 207
167 218
167 261
167 272
167 274
167 277
167 301
167 304
167 322
167 366
168 177
168 179
168 184
168 204
168 230
168 242
168 278
168 295
168 298
168 327
168 350
168 394
168 396
169 185
169 210
169 221
169 231
169 235
169 243
169 245
169 264
169 266
169 275
169 292
169 328
169 341
169 371
169 377
169 385
169 398
170 176
170 217
170 244
170 255
170 282
170 288
170 303
170 351
170 366
171 183
171 191
171 206
171 211
171 225
171 294
171 308
171 339
171 343
171 375
171 377
172 211
172 213
172 214
172 225
172 230
172 267
172 272
172 274
172 281
172 291
172 306
172 315
172 320
172 340
172 350
172 370
172 377
173 183
173 211
173 213
173 226
173 229
173 236
173 241
173 247
173 258
173 329
173 338
173 344
173 345
173 349
173 357
173 358
173 384
173 387
174 179
174 183
174 184
174 205
174 227
174 251
174 259
174 269
174 279
174 292
174 294
174 307
174 308
174 324
174 363
174 372
174 385
175 184
175 193
175 201
175 256
175 276
175 279
175 287
175 289
175 299
175 305
175 310
175 334
175 349
175 365
175 383
176 214
176 244
176 260
176 263
176 300
176 303
176 323
176 330
176 337
176 355
176 364
177 205
177 220
177 229
177 243
177 248
177 290
177 299
177 307
177 314
177 331
177 361
177 389
177 391
178 198
178 211
178 219
178 250
178 255
178 261
178 279
178 302
178 345
178 361
178 363
179 213
179 230
179 236
179 272
179 275
179 278
179 280
179 293
179 327
179 328
179 342
179 363
179 371
180 188
180 202
180 208
180 209
180 216
180 235
180 244
180 250
180 262
180 286
180 294
180 297
180 304
180 308
180 312
180 314
180 318
180 352
180 359
180 379
180 395
181 192
181 204
181 205
181 215
181 231
181 277
181 285
181 291
181 292
181 304
181 310
181 317
181 335
181 347
181 378
181 399
182 188
182 192
182 208
182 225
182 244
182 284
182 286
182 296
182 321
182 324
182 331
182 337
182 342
182 343
183 210
183 215
183 242
183 257
183 261
183 263
183 273
183 285
183 296
183 322
183 329
183 333
183 338
183 343
183 359
183 385
183 389
183 395
184 186
184 210
184 246
184 247
184 255
184 257
184 259
184 272
184 315
184 342
184 357
184 365
185 191
185 210
185 213
185 214
185 228
185 246
185 262
185 272
185 283
185 312
185 314
185 327
185 340
185 341
185 343
185 382
185 389
185 396
185 399
186 190
186 195
186 198
186 204
186 206
186 267
186 299
186 302
186 306
186 324
186 343
186 351
186 360
186 362
186 365
186 369
187 198
187 200
187 226
187 232
187 257
187 265
187 289
187 320
187 338
187 341
187 380
187 382
188 192
188 224
188 253
188 311
188 313
188 328
188 368
188 388
189 196
189 248
189 256
189 283
189 296
189 311
189 347
189 367
189 389
189 394
190 196
190 199
190 223
190 230
190 268
190 278
190 282
190 292
190 298
190 305
190 318
190 325
190 359
190 366
190 371
190 385
190 388
190 396
190 399
191 216
191 217
191 223
191 225
191 237
191 253
191 260
191 262
191 263
191 275
191 285
191 291
191 313
191 322
191 329
191 336
191 354
191 378
191 384
192 201
192 202
192 205
192 215
192 226
192 233
192 251
192 269
192 301
192 309
192 317
192 344
192 367
192 368
192 369
192 377
192 378
192 380
193 207
193 218
193 256
193 282
193 309
193 311
193 326
193 345
193 379
193 384
193 389
194 197
194 205
194 208
194 215
194 226
194 242
194 253
194 290
194 298
194 304
194 306
194 357
194 375
194 383
194 385
194 395
195 239
195 249
195 267
195 271
195 274
195 304
195 306
195 316
195 325
195 331
195 345
195 380
195 386
196 212
196 220
196 287
196 294
196 299
196 304
196 322
196 364
196 375
196 392
197 223
197 228
197 232
197 241
197 258
197 271
197 279
197 280
197 288
197 314
197 317
197 321
197 323
197 358
197 367
198 215
198 230
198 249
198 260
198 272
198 286
198 291
198 295
198 299
198 300
198 318
198 330
198 336
198 357
198 359
198 365
198 366
198 387
198 391
199 214
199 219
199 236
199 240
199 243
199 253
199 265
199 269
199 273
199 282
199 305
199 329
199 333
199 336
199 366
199 372
199 377
199 391
200 201
200 216
200 233
200 253
200 261
200 281
200 283
200 287
200 293
200 296
200 319
200 326
200 342
200 347
200 350
200 358
200 359
200 370
200 378
200 387
201 203
201 204
201 205
201 242
201 265
201 273
201 298
201 299
201 319
201 328
201 333
201 335
201 345
201 365
201 379
201 381
202 230
202 257
202 263
202 267
202 275
202 278
202 280
202 290
202 312
202 346
202 347
202 349
202 354
202 376
202 386
202 388
202 389
203 219
203 232
203 235
203 236
203 246
203 294
203 312
203 330
203 346
203 351
203 364
203 367
203 398
204 227
204 239
204 246
204 249
204 263
204 273
204 274
204 298
204 315
204 319
204 321
204 349
204 380
205 222
205 223
205 261
205 268
205 269
205 279
205 293
205 344
205 354
205 369
206 224
206 229
206 234
206 235
206 237
206 260
206 265
206 282
206 309
206 334
206 336
206 339
206 344
206 353
206 371
206 379
206 383
206 384
207 211
207 212
207 216
207 226
207 231
207 258
207 264
207 287
207 302
207 307
207 334
207 359
207 375
207 397
208 225
208 226
208 229
208 240
208 288
208 292
208 293
208 297
208 300
208 303
208 305
208 306
208 312
208 323
208 326
208 358
208 359
208 366
208 381
208 392
208 396
209 233
209 241
209 256
209 363
209 379
209 388
210 215
210 227
210 245
210 261
210 295
210 300
210 302
210 375
210 378
210 391
211 222
211 226
211 274
211 280
211 298
211 323
211 337
211 338
211 353
211 389
212 218
212 223
212 237
212 254
212 265
212 267
212 273
212 277
212 299
212 311
212 316
212 337
213 222
213 225
213 226
213 231
213 260
213 263
213 292
213 303
213 304
213 307
213 313
213 318
213 378
214 234
214 260
214 265
214 268
214 269
214 313
214 319
214 327
214 330
214 345
214 356
214 360
214 380
214 390
214 392
215 229
215 238
215 253
215 259
215 269
215 271
215 286
215 305
215 317
215 323
215 339
215 346
215 347
215 367
215 371
215 396
216 217
216 226
216 227
216 234
216 251
216 262
216 274
216 304
216 310
216 340
216 344
216 376
217 223
217 276
217 294
217 296
217 320
217 329
217 366
217 369
217 385
218 219
218 220
218 240
218 254
218 264
218 286
218 302
218 321
218 336
218 337
218 338
218 357
218 385
218 394
219 222
219 226
219 237
219 243
219 260
219 261
219 290
219 346
219 354
219 360
219 366
219 382
219 385
219 396
220 230
220 237
220 247
220 248
220 280
220 294
220 295
220 302
220 327
220 349
220 362
220 369
220 372
220 374
220 376
221 229
221 237
221 259
221 261
221 287
221 289
221 291
221 297
221 306
221 334
221 354
221 364
221 373
221 379
221 390
222 255
222 263
222 266
222 287
222 292
222 310
222 311
222 327
222 332
222 342
223 241
223 252
223 258
223 262
223 278
223 310
223 312
223 339
223 357
223 360
223 374
223 396
224 235
224 236
224 251
224 344
224 345
224 348
224 358
224 366
224 370
224 393
224 396
225 233
225 241
225 254
225 281
225 296
225 299
225 302
225 312
225 342
225 366
225 369
225 371
225 385
226 233
226 251
226 288
226 299
226 302
226 309
226 314
226 336
226 353
227 254
227 258
227 260
227 261
227 280
227 288
227 316
227 326
227 367
227 387
227 398
228 251
228 253
228 262
228 275
228 287
228 295
228 300
228 313
228 316
228 320
228 330
228 337
228 363
228 399
229 238
229 241
229 253
229 341
229 392
230 234
230 256
230 276
230 280
230 288
230 293
230 300
230 310
230 339
230 358
230 362
230 368
230 377
230 383
230 389
230 391
230 394
231 243
231 248
231 272
231 290
231 307
231 358
231 367
231 389
232 233
232 251
232 253
232 306
232 323
232 357
233 235
233 252
233 264
233 273
233 275
233 281
233 329
233 340
233 361
233 386
234 235
234 251
234 254
234 295
234 301
234 311
234 312
234 351
234 386
234 396
235 236
235 287
235 288
235 300
235 327
235 330
235 364
235 369
235 382
235 386
236 242
236 283
236 327
236 337
236 341
236 356
236 368
237 251
237 258
237 271
237 274
237 278
237 291
237 307
237 320
237 338
237 349
237 382
237 395
238 241
238 248
238 271
238 310
238 322
238 324
238 332
238 362
238 372
238 398
239 255
239 275
239 281
239 292
239 295
239 333
239 342
239 374
239 387
239 396
240 244
240 245
240 251
240 252
240 261
240 264
240 282
240 290
240 303
240 326
240 389
240 396
240 398
241 253
241 257
241 296
241 306
241 307
241 312
241 333
241 335
241 339
241 372
241 382
242 247
242 289
242 298
242 330
242 356
242 357
242 374
242 396
243 251
243 257
243 274
243 312
243 319
243 324
243 348
243 350
243 365
244 260
244 320
244 339
244 365
244 375
244 378
245 250
245 282
245 316
245 327
245 329
245 346
245 352
245 357
245 365
245 368
245 379
245 383
245 385
245 390
245 398
246 281
246 291
246 299
246 305
246 307
246 311
246 319
246 361
246 363
246 367
246 376
246 382
246 393
247 249
247 255
247 299
247 324
247 371
247 377
247 389
247 390
248 273
248 287
248 304
248 309
248 369
248 374
248 381
248 384
248 386
249 261
249 279
249 293
249 299
249 317
249 321
249 367
249 384
250 264
250 282
250 290
250 316
250 318
250 319
250 384
251 265
251 276
251 290
251 320
251 324
251 334
251 336
251 340
251 354
251 371
252 255
252 271
252 293
252 295
252 299
252 301
252 325
252 328
252 357
252 370
252 372
252 373
252 378
253 279
253 302
253 304
253 308
253 313
253 328
253 339
253 348
253 355
253 357
253 374
253 380
253 384
254 263
254 327
254 328
254 335
254 343
255 266
255 281
255 302
255 351
255 354
255 358
255 392
256 271
256 299
256 308
256 316
256 350
256 353
256 367
256 373
256 391
256 393
257 260
257 267
257 281
257 290
257 297
257 313
257 315
257 327
257 329
257 330
257 343
257 345
257 351
257 357
257 360
257 361
257 363
257 382
257 386
257 389
258 277
258 301
258 305
258 310
258 373
258 376
258 381
258 382
258 391
258 393
259 273
259 311
259 327
259 347
259 394
260 266
260 271
260 292
260 322
260 337
260 345
260 357
260 362
260 367
260 375
260 383
260 392
261 264
261 275
261 286
261 287
261 295
261 304
261 335
261 353
261 357
261 378
261 382
261 385
262 290
262 297
262 300
262 302
262 303
262 336
262 340
262 374
262 380
262 386
263 273
263 320
263 331
263 349
263 351
263 374
263 378
263 391
264 295
264 298
264 323
264 328
264 329
264 336
264 349
264 389
264 392
264 393
264 399
265 289
265 294
265 322
265 362
265 383
266 295
266 298
266 303
266 328
266 334
266 337
266 338
266 357
266 363
266 370
266 378
266 381
266 382
266 387
266 396
267 268
267 273
267 287
267 288
267 329
267 342
267 345
267 361
267 369
267 372
267 377
267 382
267 388
267 394
267 398
268 269
268 275
268 301
268 319
268 335
268 360
269 304
269 314
269 323
269 335
269 350
269 363
269 368
269 378
269 381
269 384
269 386
269 391
269 395
270 289
270 300
270 332
270 333
270 334
270 368
271 274
271 275
271 292
271 310
271 311
271 333
271 334
271 337
271 342
271 345
271 346
271 350
271 372
271 379
272 274
272 275
272 284
272 287
272 302
272 305
272 311
272 322
272 323
272 329
272 350
272 382
272 389
272 398
273 280
273 281
273 310
273 314
273 353
273 389
273 395
274 278
274 290
274 299
274 308
274 320
274 329
274 333
274 343
274 377
274 380
274 384
274 396
275 279
275 293
275 298
275 299
275 326
275 331
275 340
275 349
275 351
275 378
275 386
276 292
276 335
276 348
276 383
277 283
277 304
277 306
277 317
277 379
277 386
278 285
278 319
278 342
278 351
278 362
278 376
278 379
278 386
278 393
279 294
279 301
279 309
279 324
279 329
279 345
279 350
279 358
279 381
279 398
280 283
280 285
280 293
280 332
280 356
280 377
280 388
281 286
281 321
281 323
281 332
281 337
281 352
281 353
281 356
281 365
281 376
281 395
281 398
282 293
282 324
282 339
282 341
282 350
282 369
282 382
282 388
282 389
282 392
283 301
283 305
283 311
283 332
283 344
283 345
283 365
283 367
284 291
284 302
284 303
284 331
284 361
284 372
284 375
284 395
285 288
285 296
285 313
285 314
285 335
285 337
285 344
285 394
285 397
286 293
286 319
286 346
286 352
286 355
286 361
286 365
286 377
286 385
286 394
286 396
287 296
287 341
287 364
287 372
287 375
287 381
288 293
288 302
288 308
288 309
288 311
288 328
288 376
288 385
288 386
288 390
288 391
288 399
289 293
289 304
289 308
289 312
289 316
289 331
289 349
289 358
289 361
289 374
289 385
289 389
290 310
290 324
290 333
290 351
290 356
290 364
290 381
290 397
291 292
291 311
291 325
291 337
291 342
291 349
291 360
291 376
291 377
291 380
291 381
291 384
291 397
292 295
292 325
292 329
292 337
292 383
293 305
293 309
293 328
293 366
293 367
293 380
293 381
294 305
294 332
294 351
294 354
294 355
294 370
294 372
294 382
294 393
294 395
294 397
295 319
295 332
295 338
295 356
296 298
296 310
296 324
296 358
296 382
296 384
297 306
297 317
297 322
297 329
297 338
297 345
297 347
297 357
297 366
297 367
297 395
298 304
298 315
298 317
298 329
298 334
298 352
298 374
298 375
298 384
298 385
298 392
298 395
299 300
299 321
299 325
299 330
299 335
299 343
299 349
299 350
299 353
299 378
300 302
300 318
300 319
300 329
300 334
300 361
300 375
301 305
301 317
301 329
301 338
301 354
301 360
301 382
302 317
302 373
302 395
303 308
303 318
303 338
303 384
304 345
304 362
304 374
304 377
304 394
304 395
304 398
305 306
305 316
305 322
305 324
305 337
305 346
305 359
305 382
305 394
306 319
306 352
306 385
306 390
307 333
307 334
307 340
307 341
307 356
307 393
307 399
308 324
308 349
308 363
308 376
308 384
308 388
308 398
309 315
309 329
309 344
309 354
309 357
309 382
309 384
310 316
310 324
310 340
310 341
310 372
310 382
311 322
311 336
311 349
311 368
311 377
311 378
311 381
311 390
312 319
312 324
312 325
312 333
312 374
312 392
312 396
313 317
313 321
313 326
313 331
313 344
313 346
313 368
313 385
314 320
314 326
314 356
314 375
314 376
314 381
314 383
314 385
314 388
314 389
314 395
315 341
315 358
315 367
316 331
316 351
316 367
316 396
317 318
317 327
317 337
317 342
317 370
317 371
318 322
318 358
318 364
318 391
319 323
319 337
319 347
319 348
319 371
319 377
319 378
320 327
320 362
320 366
320 379
321 328
321 331
321 361
321 364
321 370
321 396
322 323
322 328
322 343
322 344
322 367
322 368
322 384
322 387
322 388
322 392
323 365
324 343
324 359
324 361
324 375
324 378
325 336
325 385
325 389
325 392
326 332
326 346
326 370
326 371
326 381
326 386
326 392
327 333
327 341
327 349
328 333
328 334
328 335
328 346
328 349
328 362
328 396
329 352
329 374
329 388
330 370
330 372
330 385
330 388
330 392
331 335
331 344
331 348
331 351
331 355
331 357
331 363
331 396
332 333
332 364
332 366
332 378
333 342
333 350
333 353
333 358
333 393
334 338
334 340
334 343
334 352
334 367
334 390
335 336
335 345
335 352
335 366
335 367
335 383
335 391
335 396
336 361
336 366
337 368
337 370
337 397
338 384
338 397
339 346
339 364
339 365
339 366
339 375
339 384
339 389
340 345
340 353
340 371
340 395
341 343
341 359
341 360
341 368
341 384
341 389
341 397
341 399
342 346
342 359
342 364
342 366
343 393
344 368
345 346
345 370
345 373
345 386
345 390
346 363
346 391
346 396
347 351
347 353
347 382
347 387
347 397
348 369
348 399
349 362
349 380
349 381
349 382
350 353
350 370
350 371
350 373
350 374
350 397
351 355
351 358
351 366
351 385
352 368
352 383
352 386
352 398
353 359
353 372
353 394
353 397
354 373
354 374
354 398
355 365
355 381
355 396
356 366
356 386
356 395
357 374
357 383
357 389
357 395
358 387
358 395
358 396
359 368
360 362
360 375
360 381
360 391
361 368
361 369
361 374
361 381
361 395
362 374
363 367
363 384
363 385
363 398
364 382
366 374
366 388
367 371
368 397
369 370
369 374
369 376
369 378
370 373
370 391
371 377
371 388
371 390
372 375
372 378
372 380
372 395
372 399
373 375
373 391
374 383
375 378
376 386
377 386
377 398
378 390
378 391
379 390
379 396
380 385
381 388
381 391
381 393
382 396
382 397
382 398
383 390
383 391
385 389
385 390
385 391
385 393
386 388
386 390
386 399
388 389
390 393
391 397
393 395
395 397
