500 11149 0.8
0 3
0 10
0 14
0 16
0 22
0 24
0 31
0 46
0 71
0 74
0 79
0 85
0 107
0 108
0 118
0 126
0 145
0 149
0 153
0 170
0 177
0 183
0 194
0 199
0 200
0 201
0 215
0 218
0 219
0 227
0 237
0 265
0 272
0 276
0 290
0 291
0 302
0 311
0 314
0 321
0 347
0 387
0 434
0 444
0 465
0 474
0 477
0 489
0 492
1 3
1 12
1 15
1 32
1 48
1 50
1 51
1 52
1 61
1 70
1 76
1 89
1 100
1 105
1 109
1 115
1 122
1 128
1 146
1 151
1 156
1 158
1 173
1 271
1 281
1 288
1 319
1 321
1 331
1 332
1 347
1 354
1 355
1 373
1 377
1 381
1 393
1 427
1 428
1 432
1 437
1 462
1 470
1 474
1 475
1 481
1 499
2 5
2 21
2 34
2 36
2 54
2 55
2 66
2 81
2 85
2 146
2 155
2 159
2 166
2 167
2 173
2 177
2 179
2 196
2 204
2 206
2 219
2 222
2 237
2 263
2 265
2 266
2 274
2 284
2 295
2 305
2 341
2 347
2 350
2 360
2 361
2 364
2 375
2 379
2 385
2 398
2 401
2 420
2 432
2 441
2 442
2 443
2 471
3 10
3 24
3 25
3 68
3 91
3 94
3 96
3 120
3 140
3 146
3 154
3 176
3 190
3 191
3 211
3 236
3 256
3 290
3 305
3 316
3 333
3 354
3 368
3 398
3 401
3 405
3 410
3 430
3 435
3 455
3 466
3 475
3 483
3 484
4 8
4 11
4 27
4 52
4 62
4 77
4 79
4 83
4 86
4 87
4 91
4 98
4 104
4 123
4 125
4 126
4 128
4 146
4 151
4 152
4 182
4 184
4 187
4 213
4 221
4 225
4 226
4 231
4 238
4 243
4 253
4 269
4 287
4 299
4 303
4 306
4 314
4 317
4 329
4 331
4 332
4 343
4 346
4 366
4 371
4 435
4 443
4 444
4 451
4 452
4 458
4 461
4 469
4 488
4 499
5 12
5 18
5 24
5 26
5 29
5 42
5 50
5 51
5 67
5 81
5 83
5 85
5 90
5 120
5 134
5 138
5 142
5 164
5 177
5 201
5 211
5 214
5 215
5 217
5 228
5 253
5 302
5 323
5 330
5 343
5 345
5 378
5 385
5 387
5 399
5 402
5 412
5 414
5 433
5 434
5 445
5 467
5 474
5 489
6 26
6 28
6 43
6 56
6 65
6 69
6 82
6 85
6 110
6 116
6 124
6 134
6 135
6 139
6 170
6 171
6 197
6 205
6 210
6 245
6 246
6 253
6 257
6 258
6 268
6 289
6 298
6 305
6 317
6 318
6 323
6 343
6 354
6 386
6 395
6 402
6 420
6 433
6 436
6 445
6 450
6 457
6 477
6 499
7 8
7 22
7 25
7 48
7 51
7 53
7 54
7 55
7 101
7 112
7 121
7 122
7 161
7 173
7 187
7 192
7 193
7 194
7 196
7 198
7 210
7 211
7 220
7 233
7 242
7 250
7 263
7 265
7 276
7 286
7 302
7 304
7 306
7 307
7 309
7 323
7 329
7 340
7 351
7 381
7 383
7 386
7 391
7 395
7 399
7 402
7 405
7 412
7 424
7 434
7 449
7 454
7 489
8 18
8 28
8 30
8 31
8 33
8 34
8 44
8 58
8 63
8 64
8 80
8 97
8 101
8 109
8 111
8 113
8 118
8 123
8 130
8 162
8 169
8 177
8 191
8 197
8 202
8 205
8 217
8 227
8 229
8 235
8 236
8 238
8 262
8 267
8 276
8 277
8 296
8 310
8 312
8 323
8 340
8 346
8 370
8 372
8 388
8 394
8 395
8 398
8 404
8 433
8 434
8 440
8 470
8 473
8 479
9 12
9 20
9 21
9 37
9 86
9 158
9 159
9 163
9 182
9 185
9 190
9 191
9 194
9 196
9 213
9 222
9 228
9 256
9 264
9 290
9 306
9 318
9 338
9 340
9 341
9 368
9 414
9 419
9 424
9 426
9 443
9 467
9 470
9 476
9 482
10 30
10 32
10 34
10 36
10 48
10 58
10 68
10 70
10 76
10 85
10 94
10 98
10 100
10 143
10 148
10 163
10 170
10 171
10 173
10 182
10 191
10 197
10 210
10 218
10 222
10 225
10 254
10 261
10 264
10 269
10 271
10 277
10 290
10 301
10 304
10 307
10 311
10 320
10 327
10 338
10 344
10 379
10 386
10 396
10 412
10 424
10 431
10 439
10 451
10 462
10 467
10 474
10 486
10 491
10 494
11 50
11 56
11 68
11 77
11 87
11 102
11 144
11 145
11 169
11 180
11 184
11 188
11 194
11 225
11 230
11 243
11 257
11 279
11 292
11 299
11 309
11 316
11 329
11 330
11 338
11 350
11 366
11 370
11 403
11 423
11 427
11 434
11 441
11 497
12 18
12 38
12 60
12 67
12 97
12 120
12 125
12 141
12 144
12 148
12 150
12 193
12 206
12 218
12 222
12 234
12 251
12 281
12 293
12 301
12 303
12 360
12 369
12 384
12 388
12 411
12 432
12 438
12 442
12 443
12 452
12 454
12 463
12 482
12 483
12 494
12 498
13 27
13 38
13 68
13 71
13 77
13 95
13 107
13 110
13 126
13 136
13 138
13 142
13 160
13 184
13 187
13 221
13 224
13 229
13 230
13 231
13 241
13 251
13 255
13 257
13 258
13 260
13 284
13 330
13 333
13 355
13 359
13 364
13 374
13 385
13 393
13 397
13 398
13 409
13 417
13 438
13 456
13 475
13 492
13 497
14 29
14 31
14 39
14 40
14 45
14 66
14 72
14 74
14 76
14 89
14 93
14 104
14 106
14 117
14 150
14 163
14 164
14 176
14 178
14 182
14 186
14 208
14 232
14 235
14 239
14 244
14 260
14 267
14 274
14 288
14 298
14 300
14 312
14 315
14 331
14 335
14 338
14 345
14 347
14 359
14 365
14 379
14 391
14 396
14 410
14 456
14 463
14 466
14 468
15 23
15 27
15 39
15 48
15 52
15 56
15 82
15 104
15 112
15 126
15 132
15 193
15 208
15 211
15 234
15 245
15 249
15 269
15 275
15 299
15 301
15 307
15 308
15 314
15 320
15 365
15 366
15 370
15 376
15 383
15 389
15 394
15 398
15 416
15 422
15 441
15 454
15 455
15 461
15 482
16 33
16 59
16 105
16 106
16 120
16 151
16 163
16 181
16 182
16 216
16 231
16 235
16 250
16 252
16 320
16 325
16 327
16 332
16 334
16 344
16 391
16 397
16 402
16 408
16 418
16 422
16 423
16 426
16 431
16 464
16 478
16 481
16 485
17 30
17 35
17 54
17 56
17 81
17 82
17 84
17 93
17 103
17 114
17 147
17 152
17 161
17 168
17 175
17 176
17 185
17 226
17 241
17 242
17 254
17 255
17 277
17 290
17 304
17 310
17 311
17 318
17 319
17 334
17 336
17 339
17 349
17 364
17 369
17 372
17 412
17 423
17 430
17 441
17 447
17 475
17 478
17 489
18 41
18 47
18 58
18 62
18 63
18 76
18 87
18 123
18 141
18 175
18 189
18 201
18 241
18 245
18 246
18 267
18 282
18 285
18 295
18 314
18 323
18 329
18 337
18 368
18 392
18 394
18 437
18 438
18 463
18 496
18 499
19 20
19 29
19 35
19 44
19 57
19 63
19 67
19 79
19 81
19 87
19 95
19 100
19 136
19 140
19 141
19 154
19 165
19 170
19 173
19 177
19 179
19 213
19 232
19 257
19 289
19 299
19 310
19 314
19 319
19 324
19 327
19 337
19 351
19 354
19 364
19 365
19 379
19 384
19 394
19 396
19 402
19 413
19 423
19 439
19 451
19 461
19 462
19 491
20 21
20 25
20 35
20 42
20 45
20 57
20 62
20 63
20 72
20 76
20 110
20 113
20 118
20 122
20 123
20 132
20 137
20 146
20 152
20 168
20 186
20 200
20 210
20 220
20 225
20 230
20 232
20 233
20 237
20 239
20 251
20 252
20 259
20 278
20 282
20 285
20 296
20 303
20 341
20 342
20 344
20 349
20 351
20 354
20 355
20 356
20 364
20 376
20 389
20 399
20 412
20 414
20 422
20 425
20 428
20 433
20 444
20 454
20 457
20 459
20 462
21 23
21 24
21 49
21 57
21 73
21 90
21 91
21 97
21 102
21 115
21 122
21 129
21 152
21 154
21 157
21 183
21 206
21 216
21 231
21 242
21 257
21 276
21 285
21 290
21 299
21 305
21 316
21 324
21 351
21 362
21 378
21 396
21 405
21 428
21 429
21 457
21 471
21 478
22 39
22 65
22 73
22 77
22 83
22 95
22 107
22 110
22 126
22 148
22 159
22 163
22 165
22 169
22 176
22 185
22 200
22 202
22 231
22 235
22 245
22 247
22 255
22 260
22 284
22 287
22 291
22 314
22 327
22 329
22 341
22 344
22 346
22 350
22 356
22 365
22 367
22 379
22 382
22 384
22 387
22 394
22 418
22 426
22 430
22 431
22 448
22 451
22 471
22 481
23 25
23 43
23 65
23 86
23 109
23 146
23 149
23 166
23 169
23 181
23 193
23 208
23 210
23 213
23 230
23 233
23 246
23 258
23 260
23 264
23 277
23 280
23 288
23 294
23 299
23 314
23 318
23 325
23 326
23 329
23 336
23 345
23 348
23 359
23 360
23 366
23 370
23 391
23 423
23 439
23 443
23 453
23 460
23 467
23 482
23 488
24 31
24 37
24 40
24 52
24 62
24 86
24 87
24 102
24 125
24 132
24 133
24 180
24 192
24 194
24 195
24 200
24 223
24 257
24 272
24 286
24 290
24 294
24 304
24 325
24 365
24 376
24 383
24 387
24 395
24 422
24 438
24 447
24 455
24 465
24 480
24 492
24 495
25 42
25 51
25 67
25 77
25 80
25 89
25 95
25 109
25 114
25 140
25 171
25 176
25 181
25 228
25 256
25 267
25 271
25 282
25 307
25 311
25 319
25 337
25 371
25 402
25 410
25 413
25 426
25 433
25 463
25 493
25 495
26 27
26 31
26 40
26 44
26 55
26 60
26 76
26 79
26 96
26 105
26 111
26 132
26 136
26 142
26 183
26 185
26 195
26 198
26 203
26 214
26 229
26 236
26 254
26 265
26 313
26 323
26 331
26 332
26 333
26 339
26 342
26 353
26 365
26 371
26 379
26 384
26 387
26 397
26 433
26 471
26 473
26 475
26 490
27 28
27 44
27 52
27 65
27 86
27 110
27 111
27 112
27 131
27 167
27 192
27 226
27 251
27 267
27 270
27 278
27 288
27 294
27 314
27 318
27 358
27 360
27 366
27 368
27 371
27 372
27 374
27 376
27 377
27 378
27 382
27 390
27 400
27 419
27 422
27 446
27 452
27 458
27 464
27 472
28 34
28 59
28 68
28 73
28 112
28 128
28 159
28 163
28 176
28 192
28 198
28 200
28 202
28 208
28 212
28 215
28 228
28 243
28 246
28 248
28 271
28 287
28 328
28 332
28 339
28 349
28 358
28 367
28 371
28 383
28 387
28 393
28 413
28 427
28 443
28 455
28 465
28 466
28 467
28 474
28 485
29 35
29 51
29 72
29 87
29 126
29 182
29 223
29 238
29 246
29 247
29 249
29 251
29 301
29 311
29 314
29 327
29 334
29 342
29 352
29 354
29 365
29 381
29 390
29 423
29 428
29 430
29 431
29 434
29 438
29 451
29 454
29 474
29 490
30 39
30 44
30 82
30 94
30 114
30 126
30 182
30 185
30 200
30 210
30 242
30 271
30 274
30 281
30 312
30 321
30 326
30 330
30 332
30 340
30 343
30 352
30 360
30 393
30 404
30 408
30 435
30 442
30 445
30 489
30 494
31 32
31 55
31 75
31 80
31 81
31 83
31 91
31 97
31 105
31 109
31 123
31 138
31 145
31 161
31 163
31 164
31 181
31 191
31 194
31 208
31 209
31 231
31 233
31 236
31 253
31 262
31 278
31 281
31 319
31 321
31 339
31 355
31 356
31 360
31 366
31 368
31 375
31 376
31 382
31 383
31 389
31 420
31 429
31 433
31 453
31 458
31 473
31 488
31 489
31 493
32 43
32 51
32 96
32 111
32 112
32 154
32 156
32 180
32 181
32 183
32 191
32 214
32 231
32 237
32 271
32 292
32 300
32 308
32 321
32 359
32 363
32 372
32 373
32 411
32 413
32 418
32 420
32 434
32 438
32 440
32 443
32 467
32 481
32 486
32 491
33 66
33 69
33 94
33 99
33 115
33 122
33 128
33 136
33 137
33 142
33 166
33 222
33 230
33 250
33 270
33 277
33 293
33 299
33 318
33 320
33 323
33 343
33 351
33 362
33 372
33 394
33 398
33 404
33 450
33 461
33 476
33 477
34 43
34 49
34 55
34 88
34 89
34 125
34 139
34 147
34 158
34 164
34 177
34 183
34 197
34 213
34 215
34 218
34 222
34 225
34 242
34 243
34 253
34 254
34 259
34 262
34 263
34 270
34 280
34 303
34 304
34 321
34 323
34 359
34 372
34 374
34 384
34 389
34 393
34 418
34 421
34 441
34 473
35 58
35 69
35 72
35 76
35 79
35 81
35 99
35 100
35 112
35 125
35 147
35 149
35 166
35 172
35 176
35 184
35 186
35 196
35 211
35 216
35 244
35 245
35 258
35 260
35 261
35 275
35 293
35 298
35 310
35 334
35 336
35 352
35 362
35 371
35 387
35 400
35 401
35 430
35 478
35 494
35 499
36 38
36 54
36 61
36 65
36 66
36 77
36 87
36 88
36 91
36 110
36 114
36 116
36 127
36 139
36 142
36 166
36 178
36 179
36 183
36 193
36 220
36 229
36 238
36 239
36 249
36 258
36 276
36 303
36 305
36 341
36 363
36 366
36 376
36 387
36 409
36 410
36 413
36 417
36 420
36 430
36 438
36 444
36 447
36 449
36 451
36 460
36 462
36 474
36 481
36 483
37 41
37 47
37 49
37 50
37 69
37 86
37 87
37 93
37 103
37 111
37 118
37 123
37 126
37 134
37 139
37 180
37 185
37 201
37 211
37 228
37 277
37 280
37 296
37 312
37 333
37 343
37 350
37 360
37 390
37 414
37 426
37 454
37 474
37 498
38 51
38 61
38 78
38 80
38 84
38 131
38 133
38 149
38 157
38 166
38 170
38 176
38 183
38 196
38 205
38 206
38 220
38 231
38 275
38 285
38 287
38 296
38 304
38 328
38 331
38 336
38 337
38 341
38 347
38 356
38 361
38 362
38 369
38 378
38 397
38 409
38 410
38 420
38 428
38 443
38 474
38 483
38 487
39 44
39 48
39 61
39 67
39 94
39 97
39 129
39 145
39 150
39 166
39 172
39 181
39 184
39 186
39 233
39 240
39 265
39 288
39 307
39 324
39 338
39 354
39 357
39 360
39 367
39 371
39 382
39 386
39 403
39 408
39 428
39 433
39 437
39 442
39 444
39 459
40 43
40 47
40 54
40 59
40 73
40 85
40 95
40 121
40 123
40 150
40 164
40 166
40 187
40 188
40 205
40 212
40 223
40 224
40 248
40 271
40 299
40 309
40 325
40 334
40 336
40 369
40 381
40 398
40 422
40 423
40 424
40 442
40 443
41 48
41 69
41 75
41 87
41 89
41 112
41 115
41 136
41 165
41 169
41 171
41 177
41 193
41 195
41 198
41 201
41 219
41 238
41 245
41 249
41 254
41 261
41 282
41 286
41 295
41 301
41 332
41 378
41 399
41 433
41 440
41 467
41 472
41 497
42 56
42 57
42 76
42 82
42 86
42 97
42 117
42 119
42 135
42 146
42 147
42 166
42 172
42 175
42 178
42 200
42 210
42 212
42 214
42 232
42 235
42 238
42 241
42 244
42 247
42 303
42 316
42 321
42 322
42 332
42 337
42 372
42 376
42 380
42 408
42 410
42 413
42 420
42 427
42 439
42 483
42 493
43 44
43 50
43 67
43 114
43 128
43 133
43 140
43 149
43 166
43 176
43 179
43 190
43 195
43 209
43 219
43 230
43 249
43 258
43 270
43 284
43 306
43 307
43 326
43 327
43 338
43 371
43 380
43 389
43 402
43 406
43 417
43 419
43 491
43 497
44 53
44 64
44 72
44 77
44 79
44 101
44 134
44 141
44 168
44 175
44 194
44 223
44 229
44 237
44 254
44 257
44 259
44 263
44 271
44 277
44 294
44 300
44 309
44 322
44 332
44 341
44 342
44 345
44 348
44 370
44 383
44 402
44 403
44 405
44 409
44 431
44 436
44 440
44 442
44 448
44 464
44 466
44 468
44 479
44 486
44 487
44 495
45 66
45 73
45 94
45 122
45 136
45 146
45 150
45 194
45 214
45 244
45 246
45 248
45 276
45 279
45 294
45 312
45 318
45 330
45 332
45 335
45 350
45 353
45 356
45 375
45 431
45 438
45 469
45 478
45 483
45 492
46 50
46 53
46 69
46 78
46 92
46 158
46 168
46 176
46 184
46 189
46 215
46 232
46 244
46 264
46 267
46 290
46 310
46 358
46 364
46 369
46 377
46 384
46 388
46 389
46 395
46 398
46 432
46 435
46 460
46 481
46 487
46 497
47 53
47 64
47 65
47 68
47 70
47 73
47 74
47 101
47 103
47 110
47 114
47 123
47 130
47 149
47 163
47 173
47 187
47 202
47 244
47 257
47 258
47 289
47 309
47 313
47 317
47 320
47 326
47 337
47 338
47 353
47 355
47 374
47 402
47 409
47 431
47 444
47 458
47 466
47 469
47 495
48 68
48 77
48 79
48 103
48 145
48 157
48 194
48 199
48 218
48 222
48 248
48 253
48 258
48 259
48 287
48 288
48 302
48 319
48 326
48 327
48 329
48 333
48 343
48 352
48 353
48 355
48 358
48 372
48 386
48 390
48 403
48 410
48 421
48 437
48 446
48 460
48 464
48 486
49 54
49 73
49 74
49 90
49 92
49 104
49 105
49 111
49 119
49 122
49 127
49 205
49 263
49 264
49 268
49 277
49 279
49 298
49 347
49 350
49 362
49 393
49 416
49 438
49 453
49 473
49 474
49 492
49 499
50 52
50 63
50 66
50 81
50 93
50 99
50 104
50 112
50 116
50 123
50 125
50 127
50 144
50 153
50 159
50 178
50 187
50 208
50 219
50 225
50 236
50 252
50 265
50 291
50 292
50 296
50 298
50 310
50 338
50 353
50 370
50 379
50 422
50 432
50 457
50 478
50 486
50 489
50 491
51 58
51 79
51 86
51 109
51 112
51 126
51 174
51 193
51 205
51 216
51 227
51 230
51 263
51 268
51 269
51 278
51 283
51 301
51 308
51 313
51 318
51 338
51 340
51 360
51 375
51 383
51 405
51 412
51 416
51 420
51 439
51 449
51 453
51 459
51 466
51 474
51 479
51 480
51 490
51 492
51 493
51 497
52 65
52 69
52 82
52 93
52 107
52 132
52 147
52 148
52 159
52 167
52 168
52 176
52 177
52 186
52 187
52 194
52 201
52 208
52 218
52 220
52 224
52 229
52 232
52 254
52 260
52 294
52 299
52 328
52 334
52 335
52 344
52 347
52 350
52 384
52 385
52 390
52 406
52 415
52 424
52 432
52 434
52 444
52 461
52 468
52 477
52 488
52 491
52 498
53 64
53 105
53 111
53 122
53 125
53 135
53 137
53 161
53 172
53 178
53 206
53 211
53 237
53 243
53 252
53 255
53 257
53 279
53 281
53 294
53 296
53 300
53 304
53 310
53 311
53 334
53 348
53 362
53 370
53 395
53 414
53 415
53 421
53 426
53 429
53 433
53 437
53 446
53 455
53 471
53 476
53 479
53 494
54 57
54 73
54 80
54 105
54 107
54 113
54 116
54 120
54 125
54 137
54 146
54 165
54 195
54 215
54 244
54 245
54 250
54 253
54 258
54 259
54 260
54 297
54 321
54 335
54 341
54 342
54 345
54 348
54 369
54 375
54 391
54 400
54 401
54 423
54 463
54 496
55 73
55 78
55 99
55 120
55 121
55 125
55 126
55 129
55 131
55 142
55 149
55 155
55 174
55 180
55 197
55 202
55 231
55 242
55 243
55 257
55 261
55 280
55 285
55 286
55 289
55 294
55 297
55 301
55 323
55 336
55 346
55 348
55 360
55 384
55 391
55 395
55 406
55 448
55 459
55 471
55 480
55 486
56 80
56 99
56 113
56 129
56 157
56 175
56 184
56 191
56 200
56 203
56 226
56 250
56 276
56 288
56 293
56 301
56 325
56 331
56 332
56 340
56 349
56 363
56 369
56 370
56 373
56 383
56 399
56 412
56 424
56 470
56 471
56 482
56 495
56 499
57 62
57 70
57 96
57 106
57 111
57 139
57 141
57 143
57 152
57 183
57 208
57 212
57 215
57 226
57 231
57 234
57 240
57 254
57 291
57 295
57 306
57 311
57 318
57 323
57 331
57 346
57 350
57 361
57 376
57 384
57 413
57 417
57 431
57 478
57 493
57 499
58 62
58 65
58 97
58 124
58 138
58 163
58 167
58 172
58 194
58 200
58 202
58 206
58 214
58 218
58 221
58 238
58 240
58 255
58 269
58 270
58 287
58 289
58 303
58 329
58 338
58 340
58 356
58 363
58 373
58 395
58 397
58 420
58 449
58 455
58 494
59 62
59 85
59 117
59 120
59 124
59 125
59 129
59 138
59 140
59 141
59 142
59 144
59 151
59 170
59 171
59 182
59 185
59 196
59 202
59 256
59 271
59 273
59 283
59 288
59 297
59 300
59 309
59 312
59 317
59 320
59 324
59 327
59 332
59 333
59 351
59 369
59 371
59 377
59 380
59 381
59 414
59 420
59 434
59 455
59 460
59 464
59 468
59 470
59 474
59 486
60 61
60 71
60 85
60 88
60 89
60 98
60 121
60 131
60 133
60 143
60 179
60 191
60 198
60 213
60 214
60 225
60 228
60 232
60 240
60 247
60 248
60 251
60 277
60 283
60 286
60 296
60 312
60 313
60 322
60 339
60 356
60 365
60 377
60 383
60 384
60 387
60 403
60 406
60 409
60 410
60 419
60 428
60 458
60 469
60 470
60 472
60 477
60 490
60 491
60 494
61 64
61 82
61 87
61 98
61 100
61 103
61 105
61 108
61 112
61 126
61 143
61 155
61 156
61 158
61 179
61 181
61 183
61 192
61 196
61 197
61 203
61 204
61 225
61 262
61 267
61 269
61 279
61 284
61 285
61 301
61 315
61 317
61 330
61 342
61 349
61 378
61 385
61 391
61 399
61 402
61 409
61 412
61 418
61 422
61 437
61 440
61 444
61 446
61 465
61 475
61 476
61 491
62 70
62 74
62 76
62 82
62 85
62 86
62 113
62 172
62 177
62 190
62 195
62 214
62 233
62 239
62 246
62 252
62 263
62 264
62 277
62 280
62 299
62 306
62 307
62 312
62 317
62 341
62 349
62 350
62 353
62 359
62 385
62 392
62 424
62 430
62 435
62 444
62 445
62 454
62 462
62 466
62 472
62 492
62 493
62 498
62 499
63 68
63 74
63 80
63 114
63 125
63 143
63 146
63 153
63 192
63 223
63 254
63 267
63 289
63 293
63 300
63 303
63 304
63 317
63 333
63 364
63 367
63 371
63 376
63 387
63 397
63 414
63 417
63 420
63 434
63 462
63 466
63 473
63 476
63 493
64 73
64 82
64 99
64 103
64 117
64 139
64 152
64 181
64 200
64 201
64 202
64 221
64 228
64 231
64 252
64 267
64 277
64 284
64 286
64 290
64 292
64 294
64 315
64 323
64 325
64 328
64 352
64 364
64 372
64 382
64 397
64 398
64 404
64 415
64 427
64 432
64 435
64 442
64 461
64 462
64 464
64 469
64 475
64 485
64 495
64 497
64 498
65 67
65 83
65 121
65 128
65 136
65 137
65 147
65 158
65 182
65 199
65 203
65 227
65 243
65 245
65 264
65 265
65 277
65 281
65 284
65 288
65 304
65 307
65 320
65 323
65 338
65 378
65 408
65 426
65 429
65 431
65 446
65 450
65 455
65 472
65 482
65 490
65 499
66 105
66 110
66 113
66 121
66 154
66 172
66 174
66 175
66 183
66 225
66 244
66 281
66 283
66 294
66 302
66 307
66 326
66 327
66 345
66 372
66 394
66 430
66 433
66 443
66 451
66 473
66 495
67 70
67 77
67 94
67 96
67 120
67 130
67 150
67 163
67 165
67 172
67 175
67 181
67 191
67 228
67 253
67 290
67 291
67 293
67 299
67 316
67 321
67 325
67 334
67 339
67 348
67 361
67 368
67 379
67 380
67 392
67 401
67 411
67 419
67 420
67 428
67 434
67 442
67 448
67 470
67 478
67 497
68 79
68 83
68 88
68 89
68 106
68 115
68 137
68 140
68 184
68 186
68 192
68 194
68 196
68 201
68 211
68 213
68 229
68 234
68 238
68 254
68 273
68 276
68 277
68 279
68 314
68 330
68 331
68 334
68 336
68 338
68 340
68 365
68 372
68 374
68 375
68 383
68 389
68 391
68 393
68 400
68 408
68 415
68 420
68 423
68 425
68 477
68 482
68 491
69 74
69 76
69 87
69 96
69 104
69 105
69 106
69 118
69 131
69 137
69 138
69 148
69 154
69 164
69 172
69 202
69 203
69 217
69 232
69 233
69 244
69 256
69 273
69 281
69 283
69 294
69 295
69 298
69 313
69 321
69 325
69 337
69 351
69 359
69 362
69 364
69 366
69 371
69 373
69 381
69 382
69 388
69 402
69 404
69 411
69 413
69 416
69 421
69 440
69 441
69 446
69 468
69 476
69 479
70 97
70 116
70 119
70 126
70 134
70 135
70 136
70 137
70 151
70 152
70 154
70 155
70 164
70 173
70 175
70 214
70 229
70 244
70 247
70 265
70 268
70 273
70 283
70 287
70 309
70 314
70 317
70 322
70 324
70 326
70 350
70 353
70 362
70 383
70 385
70 388
70 411
70 456
70 458
70 468
70 482
70 496
71 80
71 86
71 107
71 116
71 121
71 131
71 145
71 163
71 165
71 169
71 177
71 182
71 189
71 191
71 195
71 196
71 203
71 206
71 211
71 212
71 227
71 236
71 243
71 252
71 259
71 264
71 269
71 272
71 274
71 275
71 283
71 287
71 296
71 305
71 319
71 330
71 347
71 348
71 368
71 381
71 391
71 407
71 408
71 413
71 427
71 435
71 438
71 473
71 480
71 484
71 496
72 89
72 90
72 91
72 106
72 110
72 111
72 127
72 130
72 153
72 160
72 162
72 165
72 176
72 189
72 203
72 218
72 280
72 287
72 297
72 300
72 310
72 322
72 328
72 331
72 337
72 366
72 374
72 381
72 419
72 427
72 434
72 453
72 472
72 491
73 74
73 75
73 82
73 95
73 106
73 113
73 120
73 126
73 129
73 159
73 163
73 164
73 168
73 181
73 193
73 199
73 201
73 202
73 203
73 209
73 216
73 218
73 219
73 228
73 249
73 258
73 271
73 281
73 292
73 323
73 334
73 344
73 352
73 370
73 393
73 409
73 411
73 415
73 416
73 426
73 427
73 437
73 438
73 446
73 448
73 461
73 470
73 482
74 78
74 91
74 92
74 110
74 112
74 129
74 134
74 145
74 150
74 154
74 156
74 159
74 162
74 172
74 178
74 194
74 195
74 198
74 232
74 239
74 244
74 257
74 262
74 272
74 280
74 285
74 295
74 301
74 337
74 338
74 348
74 395
74 397
74 405
74 411
74 418
74 436
74 475
74 476
74 478
74 480
74 497
75 86
75 90
75 91
75 101
75 114
75 130
75 132
75 140
75 141
75 150
75 161
75 175
75 177
75 179
75 182
75 185
75 187
75 189
75 190
75 192
75 216
75 223
75 224
75 232
75 304
75 359
75 380
75 388
75 399
75 401
75 402
75 403
75 404
75 410
75 422
75 424
75 426
75 434
75 436
75 447
75 456
75 458
75 470
75 473
76 77
76 83
76 98
76 104
76 115
76 154
76 156
76 160
76 180
76 208
76 213
76 222
76 226
76 229
76 281
76 320
76 329
76 348
76 353
76 359
76 365
76 367
76 370
76 403
76 406
76 434
76 460
76 469
76 471
76 484
76 499
77 97
77 99
77 107
77 112
77 122
77 125
77 137
77 148
77 157
77 162
77 177
77 183
77 187
77 193
77 195
77 196
77 217
77 223
77 241
77 254
77 270
77 271
77 274
77 279
77 307
77 319
77 326
77 327
77 330
77 338
77 362
77 376
77 378
77 400
77 403
77 416
77 422
77 431
77 440
77 447
77 450
77 476
77 491
78 90
78 105
78 106
78 107
78 110
78 126
78 139
78 145
78 160
78 170
78 171
78 172
78 176
78 182
78 183
78 186
78 189
78 199
78 213
78 218
78 237
78 243
78 273
78 279
78 281
78 282
78 294
78 297
78 315
78 325
78 338
78 339
78 340
78 351
78 356
78 366
78 380
78 385
78 399
78 423
78 435
78 443
78 444
78 447
78 456
78 476
78 480
78 488
79 115
79 117
79 120
79 123
79 135
79 140
79 141
79 154
79 174
79 178
79 212
79 213
79 216
79 228
79 272
79 274
79 277
79 281
79 282
79 313
79 316
79 321
79 325
79 333
79 336
79 338
79 347
79 351
79 352
79 353
79 362
79 386
79 388
79 393
79 418
79 423
79 427
79 436
79 467
79 476
80 82
80 107
80 115
80 116
80 172
80 186
80 235
80 256
80 264
80 270
80 271
80 272
80 283
80 335
80 340
80 350
80 365
80 371
80 378
80 386
80 417
80 419
80 424
80 428
80 432
80 441
80 448
80 453
80 455
80 456
80 478
80 481
80 490
80 498
81 83
81 104
81 127
81 132
81 133
81 152
81 160
81 170
81 172
81 182
81 200
81 215
81 224
81 226
81 228
81 267
81 286
81 293
81 299
81 344
81 345
81 353
81 380
81 388
81 392
81 398
81 410
81 437
81 443
81 449
81 475
81 490
81 496
81 499
82 89
82 92
82 101
82 115
82 146
82 148
82 150
82 155
82 156
82 170
82 176
82 183
82 188
82 196
82 210
82 214
82 218
82 221
82 230
82 239
82 241
82 253
82 288
82 300
82 315
82 322
82 324
82 332
82 338
82 340
82 349
82 374
82 375
82 390
82 391
82 417
82 426
82 428
82 433
82 440
82 444
82 450
82 452
82 472
82 496
83 89
83 112
83 124
83 127
83 132
83 134
83 143
83 145
83 147
83 160
83 164
83 167
83 171
83 189
83 221
83 236
83 237
83 240
83 274
83 280
83 281
83 285
83 306
83 313
83 334
83 344
83 353
83 365
83 371
83 373
83 375
83 381
83 400
83 401
83 412
83 432
83 433
83 444
83 453
83 486
83 499
84 90
84 113
84 154
84 191
84 206
84 217
84 230
84 234
84 235
84 263
84 282
84 297
84 299
84 316
84 336
84 376
84 377
84 388
84 391
84 400
84 415
84 423
84 426
84 437
84 458
84 481
85 92
85 97
85 116
85 135
85 147
85 149
85 159
85 161
85 164
85 172
85 203
85 216
85 222
85 244
85 256
85 270
85 274
85 279
85 309
85 325
85 330
85 356
85 360
85 363
85 382
85 395
85 398
85 401
85 406
85 419
85 431
85 433
85 436
85 446
85 450
85 462
85 473
85 474
85 475
85 477
85 483
85 494
85 495
85 499
86 93
86 103
86 115
86 127
86 130
86 141
86 156
86 167
86 170
86 171
86 177
86 185
86 207
86 213
86 216
86 217
86 226
86 233
86 246
86 264
86 265
86 268
86 276
86 290
86 295
86 314
86 315
86 322
86 376
86 383
86 399
86 408
86 410
86 413
86 419
86 421
86 431
86 445
86 453
86 459
86 461
86 464
86 475
86 480
86 484
86 493
86 496
86 497
87 105
87 112
87 124
87 134
87 148
87 173
87 206
87 209
87 218
87 230
87 234
87 237
87 241
87 242
87 274
87 299
87 309
87 321
87 327
87 343
87 363
87 386
87 394
87 395
87 406
87 411
87 413
87 416
87 431
87 436
87 439
87 448
87 450
87 457
87 464
87 470
87 492
88 89
88 92
88 100
88 105
88 109
88 146
88 195
88 214
88 227
88 231
88 234
88 269
88 308
88 319
88 323
88 336
88 338
88 346
88 350
88 353
88 378
88 390
88 403
88 411
88 412
88 416
88 451
88 453
88 471
88 480
88 482
88 492
88 493
88 498
89 97
89 99
89 100
89 102
89 111
89 113
89 185
89 189
89 191
89 199
89 206
89 214
89 217
89 229
89 248
89 252
89 307
89 318
89 339
89 353
89 357
89 374
89 378
89 379
89 407
89 411
89 414
89 418
89 428
89 430
89 468
89 481
89 484
90 93
90 99
90 121
90 137
90 165
90 172
90 191
90 197
90 199
90 239
90 246
90 248
90 263
90 324
90 327
90 329
90 330
90 342
90 344
90 353
90 370
90 385
90 396
90 413
90 423
90 435
90 447
90 451
90 455
90 467
90 484
90 493
91 127
91 134
91 139
91 140
91 144
91 148
91 150
91 161
91 163
91 180
91 187
91 189
91 191
91 198
91 202
91 216
91 233
91 235
91 247
91 250
91 266
91 269
91 270
91 332
91 350
91 361
91 368
91 371
91 385
91 396
91 420
91 435
91 447
91 468
91 471
91 475
91 479
91 490
92 93
92 107
92 128
92 133
92 161
92 169
92 205
92 221
92 223
92 271
92 272
92 276
92 277
92 299
92 312
92 316
92 349
92 353
92 355
92 356
92 360
92 363
92 368
92 370
92 371
92 373
92 390
92 393
92 442
92 461
92 468
92 479
93 111
93 117
93 119
93 129
93 130
93 137
93 164
93 180
93 181
93 185
93 189
93 204
93 218
93 253
93 257
93 280
93 302
93 313
93 339
93 348
93 358
93 364
93 379
93 393
93 402
93 428
93 433
93 436
93 437
93 444
94 99
94 111
94 126
94 136
94 158
94 167
94 175
94 188
94 190
94 205
94 223
94 241
94 242
94 251
94 257
94 265
94 275
94 278
94 282
94 287
94 291
94 293
94 298
94 302
94 303
94 304
94 328
94 330
94 333
94 339
94 347
94 353
94 361
94 367
94 381
94 410
94 433
94 438
94 444
94 447
94 456
95 107
95 108
95 115
95 126
95 127
95 142
95 173
95 178
95 186
95 196
95 208
95 213
95 219
95 231
95 247
95 253
95 258
95 272
95 274
95 291
95 299
95 303
95 304
95 354
95 388
95 392
95 393
95 395
95 401
95 403
95 409
95 414
95 424
95 428
95 436
95 440
95 454
95 481
95 488
96 109
96 111
96 113
96 127
96 140
96 153
96 158
96 171
96 207
96 224
96 228
96 235
96 244
96 249
96 279
96 297
96 299
96 302
96 303
96 309
96 311
96 320
96 325
96 329
96 345
96 347
96 350
96 357
96 360
96 361
96 371
96 372
96 389
96 392
96 416
96 435
96 445
96 472
96 474
96 493
96 499
97 107
97 140
97 154
97 155
97 182
97 186
97 216
97 249
97 255
97 257
97 258
97 259
97 286
97 296
97 300
97 311
97 314
97 322
97 326
97 328
97 342
97 351
97 363
97 370
97 382
97 391
97 418
97 429
97 432
97 436
97 438
97 453
97 461
97 463
97 477
97 487
97 489
97 494
97 496
98 126
98 135
98 143
98 156
98 168
98 183
98 208
98 209
98 219
98 252
98 262
98 268
98 286
98 287
98 292
98 314
98 319
98 341
98 347
98 356
98 358
98 359
98 372
98 402
98 405
98 408
98 430
98 438
98 455
98 464
98 496
99 103
99 118
99 123
99 161
99 164
99 175
99 185
99 208
99 233
99 247
99 259
99 262
99 304
99 322
99 343
99 353
99 366
99 371
99 372
99 374
99 379
99 380
99 386
99 388
99 408
99 415
99 417
99 421
99 422
99 431
99 446
99 455
99 457
99 459
99 487
99 494
100 117
100 125
100 129
100 130
100 157
100 165
100 175
100 177
100 181
100 193
100 250
100 251
100 261
100 295
100 296
100 297
100 298
100 305
100 363
100 366
100 390
100 397
100 398
100 423
100 427
100 431
100 438
100 446
100 476
100 491
101 103
101 112
101 122
101 127
101 139
101 171
101 195
101 207
101 213
101 226
101 231
101 240
101 273
101 280
101 297
101 308
101 316
101 320
101 322
101 326
101 333
101 348
101 355
101 365
101 376
101 382
101 409
101 415
101 424
101 432
101 440
101 452
101 467
101 470
101 472
101 478
101 481
101 489
102 103
102 119
102 124
102 134
102 140
102 147
102 154
102 158
102 159
102 168
102 187
102 195
102 196
102 208
102 217
102 228
102 239
102 241
102 266
102 311
102 340
102 361
102 373
102 374
102 385
102 397
102 399
102 405
102 437
102 438
102 441
102 445
102 456
102 462
102 469
102 470
102 480
102 490
102 499
103 158
103 167
103 178
103 180
103 187
103 189
103 211
103 224
103 261
103 262
103 267
103 270
103 276
103 281
103 293
103 294
103 306
103 308
103 342
103 350
103 368
103 421
103 431
103 439
103 441
103 472
103 476
103 483
104 133
104 134
104 148
104 170
104 177
104 185
104 214
104 234
104 237
104 241
104 277
104 285
104 294
104 321
104 335
104 350
104 375
104 379
104 383
104 403
104 428
104 457
104 488
105 135
105 138
105 144
105 152
105 164
105 172
105 195
105 197
105 201
105 223
105 225
105 227
105 242
105 258
105 267
105 271
105 281
105 291
105 307
105 308
105 309
105 320
105 328
105 351
105 359
105 373
105 390
105 408
105 411
105 414
105 416
105 432
105 434
105 440
105 454
105 480
105 493
106 136
106 183
106 186
106 201
106 210
106 223
106 233
106 240
106 250
106 265
106 302
106 309
106 323
106 325
106 336
106 362
106 385
106 388
106 416
106 420
106 426
106 438
106 444
106 451
106 454
106 457
106 460
106 462
106 464
106 471
106 474
106 482
106 485
106 493
107 114
107 136
107 142
107 150
107 190
107 191
107 201
107 208
107 214
107 223
107 257
107 262
107 269
107 280
107 287
107 294
107 295
107 302
107 317
107 322
107 347
107 355
107 412
107 424
107 430
107 490
107 493
108 115
108 123
108 137
108 141
108 147
108 151
108 155
108 214
108 216
108 218
108 220
108 228
108 240
108 256
108 262
108 274
108 290
108 319
108 326
108 329
108 343
108 352
108 363
108 364
108 365
108 366
108 398
108 399
108 411
108 429
108 439
108 455
108 457
108 464
108 469
108 481
108 482
109 127
109 140
109 142
109 143
109 148
109 167
109 170
109 174
109 182
109 194
109 197
109 199
109 228
109 234
109 237
109 239
109 246
109 259
109 269
109 280
109 285
109 293
109 307
109 324
109 329
109 336
109 342
109 344
109 354
109 355
109 363
109 366
109 407
109 440
109 450
109 467
109 473
109 490
109 499
110 127
110 132
110 148
110 153
110 157
110 168
110 203
110 205
110 213
110 215
110 217
110 221
110 236
110 247
110 282
110 297
110 331
110 342
110 343
110 356
110 384
110 402
110 407
110 410
110 417
110 436
110 448
110 456
110 479
110 491
111 115
111 119
111 132
111 136
111 141
111 169
111 174
111 191
111 194
111 195
111 218
111 226
111 235
111 239
111 244
111 262
111 270
111 283
111 298
111 314
111 328
111 368
111 377
111 382
111 384
111 391
111 410
111 438
111 454
111 479
111 481
111 484
111 489
112 142
112 147
112 162
112 163
112 188
112 209
112 215
112 221
112 225
112 241
112 244
112 257
112 277
112 282
112 297
112 303
112 306
112 314
112 318
112 321
112 323
112 343
112 346
112 359
112 360
112 366
112 372
112 378
112 392
112 405
112 408
112 410
112 413
112 435
112 438
112 452
112 464
112 469
112 482
112 492
113 115
113 125
113 168
113 188
113 192
113 193
113 212
113 215
113 220
113 222
113 236
113 240
113 241
113 255
113 264
113 312
113 317
113 326
113 337
113 354
113 360
113 365
113 381
113 384
113 389
113 398
113 411
113 416
113 436
113 444
113 458
113 464
113 481
113 495
114 175
114 185
114 201
114 233
114 241
114 242
114 256
114 288
114 307
114 330
114 357
114 366
114 381
114 403
114 411
114 417
114 419
114 444
114 447
114 455
114 465
114 486
114 490
115 121
115 126
115 135
115 141
115 163
115 164
115 201
115 202
115 204
115 233
115 238
115 241
115 247
115 263
115 264
115 269
115 272
115 276
115 283
115 286
115 289
115 296
115 301
115 334
115 371
115 378
115 388
115 391
115 420
115 424
115 431
115 444
115 452
115 454
115 492
115 494
115 497
115 499
116 121
116 132
116 136
116 149
116 156
116 157
116 172
116 177
116 205
116 233
116 234
116 238
116 240
116 263
116 269
116 279
116 313
116 320
116 327
116 330
116 331
116 368
116 387
116 394
116 398
116 420
116 425
116 444
116 447
116 458
116 459
116 468
116 470
116 473
116 486
116 494
116 498
117 119
117 159
117 200
117 203
117 216
117 230
117 233
117 236
117 246
117 267
117 275
117 307
117 321
117 322
117 329
117 358
117 365
117 376
117 389
117 400
117 404
117 431
117 433
117 448
117 451
117 459
117 486
118 138
118 154
118 155
118 157
118 179
118 197
118 211
118 222
118 239
118 240
118 246
118 250
118 251
118 258
118 267
118 281
118 298
118 317
118 332
118 333
118 339
118 344
118 359
118 362
118 383
118 385
118 403
118 410
118 426
118 432
118 448
118 466
118 478
118 486
119 120
119 129
119 137
119 140
119 153
119 187
119 204
119 209
119 225
119 231
119 232
119 245
119 250
119 255
119 260
119 263
119 264
119 265
119 273
119 282
119 307
119 308
119 310
119 318
119 321
119 328
119 334
119 343
119 346
119 391
119 408
119 423
119 455
119 467
119 476
119 485
119 489
119 495
120 129
120 135
120 136
120 142
120 144
120 152
120 158
120 170
120 183
120 185
120 196
120 200
120 226
120 229
120 243
120 251
120 254
120 258
120 277
120 294
120 308
120 315
120 317
120 318
120 347
120 349
120 400
120 407
120 411
120 416
120 436
120 439
120 472
120 484
120 490
120 498
121 145
121 163
121 168
121 177
121 185
121 190
121 192
121 208
121 216
121 230
121 241
121 245
121 275
121 276
121 280
121 284
121 287
121 299
121 309
121 313
121 340
121 348
121 375
121 391
121 400
121 401
121 414
121 422
121 423
121 435
121 447
121 464
121 481
121 494
122 137
122 141
122 159
122 162
122 175
122 192
122 208
122 213
122 234
122 250
122 262
122 266
122 270
122 278
122 302
122 315
122 318
122 333
122 334
122 349
122 358
122 361
122 372
122 404
122 412
122 431
122 439
122 452
122 475
122 496
123 146
123 176
123 179
123 189
123 191
123 196
123 211
123 212
123 219
123 228
123 249
123 260
123 262
123 267
123 273
123 276
123 287
123 290
123 294
123 297
123 333
123 339
123 345
123 352
123 354
123 358
123 365
123 371
123 376
123 380
123 381
123 382
123 385
123 386
123 390
123 406
123 407
123 417
123 472
124 128
124 136
124 139
124 144
124 152
124 159
124 165
124 177
124 194
124 198
124 211
124 214
124 216
124 218
124 224
124 239
124 259
124 263
124 270
124 276
124 278
124 280
124 318
124 321
124 323
124 340
124 342
124 359
124 366
124 375
124 377
124 380
124 383
124 387
124 410
124 416
124 423
124 440
124 455
124 456
124 483
124 492
125 146
125 159
125 190
125 204
125 210
125 224
125 230
125 238
125 239
125 313
125 316
125 325
125 343
125 344
125 350
125 354
125 356
125 366
125 372
125 379
125 404
125 416
125 425
125 444
125 447
125 453
125 481
125 486
125 499
126 132
126 135
126 147
126 149
126 159
126 171
126 179
126 181
126 193
126 235
126 245
126 247
126 250
126 252
126 255
126 288
126 289
126 321
126 327
126 350
126 355
126 365
126 387
126 393
126 397
126 443
126 460
126 469
126 494
127 129
127 137
127 138
127 141
127 150
127 153
127 168
127 191
127 198
127 221
127 241
127 246
127 250
127 267
127 270
127 278
127 284
127 287
127 288
127 290
127 303
127 304
127 305
127 308
127 327
127 328
127 330
127 354
127 360
127 372
127 378
127 380
127 397
127 405
127 407
127 427
127 442
127 454
127 477
127 478
127 486
127 491
128 131
128 164
128 165
128 192
128 212
128 225
128 229
128 240
128 251
128 257
128 258
128 269
128 270
128 306
128 315
128 374
128 388
128 400
128 402
128 412
128 426
128 431
128 436
128 437
128 440
128 451
128 456
128 461
128 463
128 487
128 493
128 499
129 168
129 173
129 181
129 192
129 210
129 223
129 224
129 229
129 234
129 241
129 245
129 246
129 253
129 256
129 263
129 264
129 268
129 281
129 285
129 286
129 310
129 317
129 322
129 323
129 336
129 341
129 342
129 372
129 388
129 394
129 399
129 405
129 409
129 420
129 439
129 452
129 469
129 479
129 482
129 499
130 137
130 139
130 154
130 171
130 199
130 239
130 250
130 253
130 256
130 345
130 348
130 362
130 365
130 377
130 379
130 409
130 419
130 427
130 447
130 456
130 471
130 489
131 162
131 173
131 177
131 188
131 206
131 236
131 241
131 255
131 259
131 260
131 268
131 273
131 284
131 303
131 320
131 334
131 340
131 343
131 353
131 354
131 360
131 381
131 390
131 391
131 419
131 425
131 428
131 436
131 459
131 462
131 471
131 482
132 135
132 139
132 165
132 183
132 204
132 221
132 230
132 243
132 252
132 261
132 280
132 285
132 298
132 309
132 312
132 351
132 354
132 377
132 379
132 381
132 385
132 440
132 447
132 471
132 489
132 492
132 499
133 136
133 151
133 153
133 155
133 160
133 186
133 198
133 212
133 236
133 265
133 289
133 292
133 322
133 326
133 345
133 355
133 357
133 365
133 366
133 403
133 412
133 414
133 432
133 443
133 462
133 471
133 492
134 152
134 172
134 173
134 184
134 189
134 222
134 225
134 236
134 254
134 262
134 283
134 306
134 309
134 320
134 326
134 331
134 338
134 340
134 348
134 356
134 357
134 362
134 370
134 371
134 377
134 417
134 422
134 434
134 438
134 454
134 468
134 480
134 488
135 143
135 166
135 196
135 206
135 212
135 218
135 219
135 221
135 222
135 233
135 262
135 266
135 285
135 307
135 313
135 325
135 332
135 360
135 363
135 365
135 371
135 385
135 393
135 394
135 399
135 405
135 409
135 412
135 451
135 459
135 483
136 140
136 144
136 152
136 190
136 196
136 202
136 217
136 255
136 262
136 294
136 306
136 374
136 378
136 383
136 404
136 408
136 416
136 425
136 431
136 432
136 436
136 449
136 476
136 495
136 497
137 168
137 179
137 183
137 185
137 194
137 219
137 220
137 245
137 263
137 316
137 317
137 323
137 328
137 330
137 333
137 373
137 379
137 391
137 408
137 447
137 455
137 465
137 481
137 485
137 490
138 139
138 140
138 148
138 149
138 157
138 158
138 163
138 173
138 174
138 183
138 185
138 191
138 193
138 199
138 206
138 212
138 236
138 245
138 246
138 254
138 256
138 279
138 284
138 293
138 303
138 304
138 316
138 347
138 360
138 429
138 435
138 454
138 466
138 494
138 499
139 140
139 142
139 145
139 161
139 170
139 184
139 191
139 196
139 200
139 210
139 218
139 220
139 226
139 241
139 245
139 264
139 279
139 280
139 285
139 299
139 321
139 325
139 372
139 375
139 402
139 419
139 428
139 440
139 442
139 452
139 460
139 466
139 468
140 152
140 156
140 167
140 178
140 189
140 211
140 216
140 238
140 245
140 246
140 252
140 254
140 291
140 310
140 320
140 324
140 325
140 331
140 334
140 399
140 405
140 412
140 419
140 422
140 428
140 442
140 447
140 459
140 464
140 465
140 485
140 487
141 163
141 169
141 175
141 180
141 186
141 202
141 220
141 241
141 244
141 285
141 293
141 294
141 295
141 315
141 335
141 358
141 366
141 394
141 400
141 407
141 418
141 419
141 421
141 445
141 453
141 460
141 462
141 480
142 144
142 147
142 172
142 176
142 178
142 186
142 193
142 197
142 204
142 205
142 219
142 221
142 226
142 248
142 267
142 272
142 301
142 312
142 314
142 321
142 344
142 400
142 410
142 417
142 426
142 429
142 435
142 437
142 442
142 453
142 460
143 149
143 154
143 160
143 161
143 163
143 178
143 182
143 197
143 210
143 218
143 222
143 283
143 296
143 314
143 322
143 327
143 331
143 355
143 361
143 379
143 385
143 397
143 426
143 436
143 438
143 446
143 450
143 467
144 145
144 154
144 160
144 162
144 168
144 171
144 184
144 227
144 260
144 277
144 293
144 295
144 297
144 301
144 308
144 312
144 314
144 326
144 350
144 356
144 358
144 360
144 385
144 389
144 410
144 419
144 424
144 430
144 431
144 441
144 460
144 461
144 490
145 148
145 151
145 161
145 163
145 164
145 167
145 170
145 183
145 189
145 190
145 195
145 198
145 200
145 234
145 239
145 241
145 251
145 262
145 283
145 309
145 317
145 336
145 365
145 391
145 396
145 399
145 442
145 462
145 465
145 467
145 474
146 160
146 166
146 169
146 177
146 178
146 198
146 206
146 244
146 248
146 251
146 278
146 281
146 283
146 301
146 310
146 330
146 337
146 339
146 363
146 364
146 384
146 392
146 398
146 399
146 401
146 403
146 418
146 419
146 427
146 442
146 450
146 460
146 482
146 484
146 487
147 153
147 157
147 161
147 176
147 181
147 183
147 186
147 188
147 189
147 224
147 234
147 235
147 257
147 259
147 260
147 262
147 268
147 276
147 288
147 293
147 309
147 347
147 356
147 379
147 380
147 402
147 409
147 427
147 435
147 436
147 442
147 453
147 462
147 466
147 468
147 476
147 490
147 493
148 160
148 161
148 165
148 181
148 185
148 191
148 193
148 223
148 231
148 258
148 321
148 327
148 328
148 355
148 370
148 371
148 384
148 393
148 409
148 419
148 422
148 423
148 441
148 442
148 446
148 449
148 455
148 460
148 471
148 490
149 152
149 182
149 193
149 221
149 229
149 237
149 246
149 278
149 293
149 311
149 317
149 347
149 360
149 365
149 376
149 392
149 411
149 429
149 450
149 455
149 464
149 469
150 153
150 165
150 177
150 184
150 187
150 203
150 220
150 247
150 252
150 260
150 281
150 286
150 292
150 302
150 303
150 330
150 333
150 351
150 366
150 371
150 392
150 415
150 434
150 457
150 476
150 481
150 491
151 164
151 173
151 215
151 222
151 226
151 229
151 248
151 272
151 274
151 276
151 300
151 308
151 314
151 320
151 328
151 330
151 336
151 343
151 357
151 361
151 377
151 380
151 401
151 403
151 409
151 418
151 420
151 423
151 437
151 438
151 450
151 457
151 459
151 470
151 475
151 480
151 481
151 493
151 497
151 499
152 163
152 191
152 193
152 233
152 241
152 242
152 254
152 258
152 260
152 282
152 285
152 290
152 297
152 300
152 319
152 324
152 336
152 351
152 353
152 355
152 357
152 361
152 376
152 377
152 398
152 403
152 406
152 417
152 423
152 447
152 451
152 468
152 471
153 166
153 169
153 170
153 178
153 190
153 256
153 303
153 355
153 363
153 371
153 414
153 420
153 447
153 451
153 470
153 475
153 481
153 485
154 157
154 179
154 180
154 187
154 209
154 211
154 220
154 222
154 242
154 269
154 271
154 275
154 281
154 290
154 296
154 301
154 302
154 306
154 328
154 332
154 359
154 381
154 401
154 415
154 425
154 434
154 439
154 442
154 467
154 484
155 163
155 165
155 171
155 174
155 187
155 189
155 190
155 194
155 203
155 213
155 215
155 225
155 228
155 241
155 249
155 254
155 263
155 282
155 312
155 322
155 359
155 361
155 410
155 446
155 452
155 469
155 473
155 493
156 166
156 167
156 170
156 172
156 175
156 176
156 195
156 196
156 213
156 222
156 232
156 237
156 255
156 275
156 283
156 303
156 323
156 324
156 325
156 326
156 345
156 354
156 380
156 382
156 389
156 400
156 405
156 410
156 429
156 438
156 461
156 463
156 465
156 491
157 164
157 170
157 182
157 187
157 212
157 230
157 238
157 246
157 257
157 290
157 292
157 308
157 319
157 321
157 349
157 352
157 361
157 365
157 415
157 419
157 420
157 438
157 446
157 452
157 456
157 462
158 170
158 185
158 198
158 204
158 235
158 244
158 251
158 263
158 267
158 270
158 282
158 283
158 295
158 304
158 316
158 325
158 326
158 344
158 354
158 380
158 418
158 426
158 429
158 446
158 451
158 464
158 477
158 480
158 484
158 486
158 495
159 170
159 171
159 190
159 194
159 216
159 219
159 233
159 250
159 262
159 269
159 277
159 300
159 310
159 325
159 380
159 385
159 393
159 427
159 451
159 455
159 463
159 469
159 470
159 471
159 475
159 482
159 497
160 167
160 169
160 170
160 190
160 191
160 205
160 206
160 241
160 248
160 252
160 269
160 286
160 291
160 303
160 359
160 366
160 393
160 405
160 406
160 413
160 422
160 425
160 429
160 442
160 455
160 461
160 462
160 463
160 467
160 474
160 478
160 483
161 174
161 184
161 194
161 206
161 215
161 216
161 226
161 241
161 245
161 249
161 252
161 254
161 263
161 269
161 299
161 300
161 303
161 306
161 308
161 310
161 312
161 320
161 329
161 334
161 345
161 353
161 392
161 408
161 428
161 429
161 470
161 473
161 482
161 496
162 185
162 201
162 228
162 229
162 243
162 250
162 252
162 254
162 270
162 278
162 281
162 283
162 320
162 326
162 333
162 338
162 339
162 356
162 372
162 373
162 375
162 378
162 379
162 386
162 392
162 393
162 397
162 399
162 403
162 416
162 418
162 439
162 443
162 449
162 456
162 463
162 468
162 470
163 164
163 167
163 170
163 196
163 216
163 221
163 232
163 235
163 237
163 241
163 246
163 247
163 250
163 262
163 265
163 267
163 271
163 276
163 288
163 289
163 296
163 309
163 315
163 339
163 340
163 376
163 392
163 409
163 411
163 416
163 417
163 426
163 427
163 428
163 458
163 470
163 498
164 169
164 173
164 179
164 198
164 203
164 204
164 205
164 227
164 228
164 267
164 281
164 315
164 323
164 331
164 340
164 345
164 346
164 359
164 369
164 381
164 394
164 418
164 428
164 438
164 444
164 454
164 461
164 466
164 473
164 485
164 490
164 492
165 166
165 182
165 185
165 187
165 192
165 199
165 200
165 211
165 228
165 247
165 253
165 254
165 264
165 276
165 286
165 297
165 310
165 320
165 322
165 325
165 329
165 330
165 336
165 368
165 373
165 400
165 428
165 447
165 452
165 473
165 474
165 476
165 481
165 495
165 499
166 175
166 196
166 198
166 210
166 226
166 232
166 236
166 238
166 252
166 258
166 276
166 281
166 287
166 288
166 298
166 300
166 323
166 327
166 333
166 354
166 357
166 370
166 395
166 400
166 406
166 423
166 424
166 437
166 439
166 449
166 451
166 454
166 461
166 468
166 469
166 477
166 492
166 494
167 192
167 219
167 248
167 250
167 251
167 256
167 267
167 287
167 330
167 342
167 364
167 385
167 413
167 432
167 444
167 449
167 455
167 457
167 460
167 461
167 462
167 470
167 475
168 185
168 190
168 205
168 213
168 216
168 218
168 219
168 232
168 233
168 236
168 241
168 251
168 277
168 278
168 307
168 328
168 334
168 354
168 358
168 380
168 388
168 419
168 455
168 456
168 461
168 463
168 473
168 475
168 489
169 208
169 221
169 222
169 231
169 249
169 257
169 260
169 262
169 271
169 291
169 327
169 350
169 352
169 355
169 356
169 371
169 374
169 379
169 387
169 400
169 401
169 405
169 408
169 425
169 434
169 453
169 463
169 492
169 495
170 178
170 215
170 217
170 226
170 229
170 234
170 244
170 262
170 271
170 274
170 285
170 302
170 304
170 306
170 307
170 338
170 347
170 358
170 362
170 371
170 385
170 387
170 403
170 411
170 413
170 453
170 467
170 471
170 477
170 496
171 172
171 182
171 183
171 187
171 193
171 209
171 233
171 248
171 253
171 277
171 289
171 291
171 293
171 301
171 308
171 337
171 351
171 359
171 366
171 389
171 392
171 413
171 417
171 426
171 430
171 444
171 465
171 468
171 481
171 487
172 189
172 192
172 224
172 226
172 231
172 241
172 278
172 286
172 294
172 301
172 313
172 321
172 322
172 330
172 337
172 348
172 355
172 406
172 414
172 424
172 433
172 445
172 446
172 462
172 464
172 474
173 175
173 178
173 189
173 199
173 205
173 244
173 252
173 262
173 298
173 315
173 323
173 334
173 346
173 347
173 352
173 365
173 372
173 387
173 388
173 390
173 410
173 421
173 426
173 430
173 433
173 442
173 455
173 464
173 466
173 491
173 492
173 495
174 177
174 180
174 184
174 199
174 205
174 236
174 238
174 272
174 282
174 286
174 296
174 329
174 332
174 353
174 374
174 378
174 398
174 410
174 412
174 425
174 426
174 427
174 441
174 446
174 480
174 487
175 180
175 185
175 190
175 194
175 203
175 221
175 228
175 232
175 251
175 253
175 255
175 260
175 280
175 284
175 293
175 298
175 306
175 328
175 345
175 363
175 376
175 380
175 413
175 416
175 440
175 445
175 452
175 464
175 471
175 488
175 490
175 499
176 179
176 196
176 219
176 225
176 230
176 252
176 257
176 271
176 284
176 291
176 327
176 334
176 337
176 352
176 384
176 386
176 420
176 424
176 425
176 433
176 435
176 457
176 464
176 470
176 480
176 487
176 488
177 183
177 190
177 193
177 219
177 223
177 225
177 259
177 264
177 281
177 288
177 299
177 315
177 358
177 365
177 380
177 387
177 391
177 397
177 414
177 422
177 425
177 443
177 460
177 480
177 498
178 182
178 191
178 204
178 227
178 240
178 245
178 250
178 257
178 275
178 283
178 300
178 392
178 400
178 401
178 444
178 454
178 469
178 470
178 475
178 479
178 480
178 481
178 485
179 199
179 221
179 235
179 242
179 246
179 251
179 256
179 261
179 267
179 294
179 299
179 316
179 333
179 337
179 341
179 343
179 353
179 359
179 362
179 373
179 397
179 428
179 429
179 441
179 450
179 467
179 469
179 473
179 476
179 484
180 189
180 198
180 200
180 204
180 214
180 215
180 227
180 256
180 260
180 269
180 272
180 307
180 308
180 332
180 348
180 354
180 366
180 367
180 371
180 437
180 446
180 447
180 449
180 454
180 462
180 463
180 470
180 486
180 492
180 493
181 213
181 231
181 237
181 255
181 278
181 298
181 300
181 303
181 319
181 327
181 335
181 342
181 347
181 352
181 381
181 387
181 397
181 399
181 480
181 481
181 482
181 488
181 490
182 184
182 196
182 210
182 211
182 217
182 232
182 254
182 286
182 294
182 323
182 325
182 330
182 350
182 351
182 389
182 394
182 408
182 457
182 464
182 471
182 483
183 207
183 239
183 241
183 248
183 289
183 312
183 373
183 390
183 396
183 400
183 406
183 408
183 415
183 432
183 436
183 472
183 498
183 499
184 205
184 208
184 218
184 220
184 221
184 244
184 274
184 280
184 281
184 288
184 302
184 303
184 332
184 348
184 352
184 359
184 396
184 418
184 427
184 432
184 435
184 442
184 443
184 449
184 486
184 497
185 193
185 194
185 201
185 203
185 218
185 232
185 250
185 268
185 270
185 271
185 273
185 276
185 293
185 299
185 302
185 304
185 348
185 365
185 424
185 434
185 456
186 222
186 224
186 247
186 259
186 281
186 285
186 286
186 293
186 296
186 301
186 307
186 309
186 314
186 339
186 356
186 361
186 366
186 380
186 394
186 403
186 416
186 444
186 480
186 491
186 496
187 191
187 196
187 215
187 216
187 224
187 235
187 254
187 259
187 268
187 273
187 296
187 303
187 316
187 324
187 327
187 338
187 339
187 353
187 355
187 359
187 360
187 361
187 373
187 379
187 393
187 399
187 403
187 404
187 410
187 421
187 489
188 196
188 204
188 210
188 213
188 220
188 247
188 249
188 252
188 257
188 270
188 297
188 306
188 326
188 337
188 339
188 340
188 342
188 356
188 364
188 377
188 379
188 408
188 420
188 422
188 427
188 433
188 436
188 440
188 444
188 476
188 490
188 492
189 193
189 201
189 218
189 227
189 253
189 264
189 268
189 273
189 274
189 301
189 323
189 325
189 326
189 335
189 338
189 346
189 352
189 382
189 383
189 392
189 394
189 397
189 399
189 400
189 406
189 448
189 466
189 482
189 498
190 200
190 207
190 212
190 213
190 226
190 227
190 229
190 274
190 289
190 291
190 292
190 293
190 298
190 323
190 327
190 343
190 345
190 371
190 376
190 390
190 415
190 435
190 458
190 468
190 493
191 201
191 206
191 214
191 219
191 222
191 232
191 243
191 257
191 269
191 278
191 281
191 300
191 322
191 349
191 356
191 359
191 378
191 387
191 390
191 399
191 400
191 402
191 403
191 413
191 420
191 431
191 440
191 444
191 456
191 467
191 492
192 202
192 215
192 218
192 253
192 294
192 302
192 305
192 308
192 313
192 314
192 321
192 339
192 341
192 352
192 373
192 386
192 394
192 409
192 415
192 417
192 438
192 455
192 484
193 197
193 209
193 212
193 217
193 227
193 232
193 245
193 261
193 263
193 267
193 268
193 273
193 290
193 303
193 343
193 350
193 359
193 360
193 366
193 382
193 384
193 401
193 402
193 413
193 427
193 438
193 443
193 447
193 464
193 473
193 474
193 480
193 484
193 486
194 197
194 200
194 206
194 210
194 227
194 231
194 238
194 241
194 243
194 246
194 254
194 258
194 260
194 270
194 273
194 291
194 297
194 298
194 301
194 308
194 338
194 350
194 354
194 360
194 375
194 383
194 385
194 389
194 415
194 425
194 433
194 441
194 448
194 451
194 454
194 471
194 481
195 203
195 218
195 221
195 229
195 231
195 270
195 291
195 293
195 300
195 307
195 328
195 334
195 345
195 390
195 392
195 448
195 472
196 219
196 223
196 224
196 236
196 255
196 258
196 269
196 289
196 291
196 300
196 303
196 308
196 314
196 316
196 318
196 319
196 321
196 337
196 349
196 353
196 359
196 364
196 378
196 383
196 385
196 394
196 408
196 417
196 434
196 445
196 447
196 455
196 460
196 463
196 468
196 474
196 482
197 202
197 203
197 255
197 265
197 268
197 298
197 306
197 310
197 321
197 350
197 353
197 366
197 368
197 369
197 384
197 398
197 401
197 416
197 439
197 456
197 461
197 469
197 483
197 486
197 487
197 488
197 489
197 492
197 493
197 494
198 206
198 207
198 225
198 240
198 243
198 249
198 275
198 278
198 279
198 300
198 304
198 315
198 337
198 358
198 364
198 377
198 382
198 385
198 392
198 402
198 413
198 432
198 451
198 461
198 466
198 469
198 474
198 491
198 492
199 205
199 212
199 217
199 227
199 239
199 246
199 248
199 256
199 257
199 269
199 273
199 277
199 286
199 321
199 330
199 365
199 373
199 388
199 395
199 397
199 406
199 422
199 426
199 428
199 433
199 441
199 447
199 452
199 476
199 478
199 492
200 204
200 209
200 220
200 242
200 248
200 256
200 260
200 291
200 296
200 297
200 300
200 314
200 324
200 380
200 389
200 427
200 440
200 446
200 454
200 460
200 467
200 471
200 481
200 490
201 257
201 281
201 284
201 298
201 301
201 302
201 305
201 323
201 332
201 342
201 345
201 363
201 365
201 371
201 393
201 416
201 422
201 423
201 436
201 444
201 449
201 458
201 467
201 478
202 226
202 260
202 268
202 273
202 282
202 301
202 303
202 357
202 361
202 363
202 381
202 395
202 400
202 402
202 441
202 445
202 449
202 456
202 458
202 462
202 476
202 495
203 213
203 243
203 250
203 254
203 256
203 260
203 291
203 321
203 340
203 346
203 348
203 354
203 355
203 364
203 366
203 367
203 386
203 410
203 413
203 420
203 433
203 444
203 446
203 448
203 463
203 469
203 473
203 474
203 483
203 490
204 205
204 208
204 219
204 250
204 254
204 270
204 295
204 297
204 303
204 307
204 318
204 348
204 354
204 357
204 386
204 392
204 401
204 421
204 427
204 431
204 459
204 479
204 489
205 207
205 223
205 229
205 237
205 244
205 245
205 258
205 262
205 267
205 269
205 305
205 319
205 321
205 325
205 348
205 350
205 352
205 362
205 404
205 422
205 427
205 434
205 457
205 478
205 483
205 484
206 238
206 248
206 252
206 301
206 304
206 308
206 312
206 338
206 341
206 343
206 353
206 372
206 379
206 392
206 396
206 400
206 403
206 420
206 440
206 451
206 455
206 466
206 467
206 480
206 485
207 212
207 220
207 226
207 233
207 242
207 245
207 293
207 313
207 326
207 329
207 359
207 363
207 383
207 387
207 403
207 407
207 417
207 423
207 459
207 465
207 471
207 473
207 476
207 491
208 209
208 210
208 212
208 245
208 262
208 266
208 273
208 288
208 289
208 317
208 326
208 348
208 362
208 366
208 378
208 395
208 413
208 417
208 419
208 422
208 427
208 430
208 444
208 451
208 453
208 463
208 464
208 491
208 492
209 210
209 231
209 236
209 239
209 263
209 293
209 295
209 307
209 309
209 312
209 315
209 328
209 334
209 351
209 354
209 364
209 387
209 390
209 391
209 393
209 405
209 410
209 419
209 420
209 440
209 468
209 472
209 487
209 489
210 213
210 216
210 227
210 267
210 269
210 272
210 278
210 279
210 286
210 292
210 293
210 303
210 304
210 318
210 322
210 335
210 337
210 385
210 398
210 399
210 400
210 417
210 428
210 444
210 452
210 465
210 468
210 469
210 485
210 495
210 496
210 499
211 220
211 244
211 282
211 291
211 326
211 345
211 352
211 365
211 371
211 390
211 391
211 397
211 399
211 403
211 423
211 440
211 444
211 452
211 457
211 461
211 468
211 470
211 472
211 478
211 487
211 491
211 492
212 217
212 219
212 231
212 252
212 255
212 257
212 268
212 277
212 308
212 310
212 316
212 328
212 347
212 352
212 358
212 364
212 376
212 418
212 433
212 440
212 445
212 458
212 470
213 218
213 221
213 259
213 265
213 271
213 286
213 295
213 298
213 305
213 309
213 310
213 313
213 315
213 335
213 353
213 380
213 395
213 407
213 444
213 473
213 480
213 481
213 499
214 221
214 228
214 261
214 282
214 334
214 344
214 346
214 348
214 349
214 355
214 371
214 372
214 381
214 410
214 413
214 448
214 451
214 459
214 472
214 473
214 477
214 479
214 498
215 219
215 225
215 231
215 236
215 244
215 247
215 255
215 256
215 260
215 264
215 273
215 282
215 289
215 298
215 332
215 337
215 368
215 383
215 384
215 425
215 444
215 457
215 459
215 469
215 488
216 241
216 257
216 284
216 311
216 312
216 323
216 334
216 341
216 347
216 348
216 352
216 368
216 369
216 370
216 378
216 421
216 443
216 444
216 446
216 453
216 468
216 469
216 488
216 489
216 499
217 220
217 246
217 252
217 258
217 262
217 266
217 280
217 294
217 295
217 301
217 322
217 330
217 333
217 347
217 348
217 389
217 390
217 400
217 404
217 408
217 415
217 441
217 444
217 452
217 453
217 471
217 472
217 480
217 489
218 235
218 258
218 276
218 277
218 286
218 287
218 291
218 320
218 321
218 332
218 345
218 380
218 385
218 394
218 401
218 408
218 412
218 414
218 426
218 429
218 430
218 439
218 447
218 448
218 455
218 461
218 464
218 472
218 483
219 247
219 249
219 254
219 261
219 263
219 270
219 272
219 281
219 291
219 295
219 313
219 318
219 320
219 327
219 335
219 344
219 358
219 361
219 363
219 384
219 390
219 425
219 429
219 431
219 432
219 443
219 452
219 455
219 478
219 481
219 490
219 498
220 231
220 235
220 240
220 246
220 253
220 258
220 283
220 292
220 312
220 339
220 340
220 375
220 419
220 448
220 453
220 463
220 464
220 471
220 478
220 490
220 493
221 242
221 250
221 252
221 269
221 271
221 279
221 294
221 298
221 303
221 313
221 321
221 331
221 339
221 355
221 356
221 359
221 384
221 388
221 392
221 393
221 438
221 478
221 481
221 496
222 223
222 232
222 258
222 261
222 272
222 287
222 288
222 306
222 310
222 329
222 334
222 365
222 383
222 394
222 399
222 406
222 413
222 437
222 452
222 463
222 464
222 473
222 484
223 248
223 250
223 255
223 258
223 265
223 266
223 283
223 294
223 302
223 310
223 311
223 312
223 313
223 330
223 336
223 338
223 350
223 369
223 374
223 389
223 400
223 412
223 437
223 440
223 456
223 458
223 475
223 477
223 487
223 488
223 496
223 499
224 242
224 250
224 254
224 261
224 268
224 275
224 277
224 289
224 314
224 353
224 360
224 364
224 365
224 379
224 382
224 384
224 428
224 431
224 434
224 440
224 454
224 471
224 475
224 482
224 496
225 226
225 227
225 230
225 233
225 242
225 256
225 266
225 267
225 288
225 290
225 294
225 296
225 297
225 307
225 314
225 318
225 320
225 324
225 326
225 335
225 342
225 349
225 356
225 358
225 361
225 364
225 371
225 372
225 373
225 383
225 384
225 385
225 390
225 428
225 446
225 464
225 491
225 498
226 235
226 249
226 262
226 299
226 301
226 332
226 347
226 354
226 360
226 398
226 406
226 433
226 442
226 490
226 495
226 499
227 231
227 244
227 246
227 251
227 252
227 327
227 331
227 344
227 357
227 362
227 376
227 416
227 419
227 427
227 431
227 432
227 438
227 472
227 485
227 487
227 495
228 229
228 247
228 251
228 257
228 262
228 304
228 308
228 326
228 330
228 345
228 357
228 376
228 398
228 401
228 408
228 421
228 468
228 486
229 231
229 261
229 269
229 300
229 303
229 304
229 326
229 335
229 340
229 358
229 368
229 371
229 390
229 394
229 397
229 405
229 419
229 425
229 428
229 466
229 484
229 489
229 497
230 256
230 264
230 279
230 289
230 293
230 300
230 318
230 331
230 340
230 342
230 348
230 373
230 385
230 404
230 405
230 415
230 419
230 447
230 448
230 461
230 463
230 467
230 488
231 240
231 246
231 282
231 300
231 306
231 331
231 339
231 369
231 370
231 381
231 393
231 400
231 413
231 418
231 436
231 441
231 444
231 453
231 489
232 237
232 242
232 243
232 255
232 258
232 280
232 282
232 336
232 341
232 345
232 350
232 351
232 358
232 363
232 369
232 387
232 395
232 400
232 403
232 440
232 441
232 453
232 467
232 492
232 499
233 251
233 264
233 278
233 280
233 293
233 296
233 303
233 306
233 327
233 330
233 346
233 360
233 368
233 371
233 432
233 437
233 457
233 458
233 464
233 467
233 473
234 237
234 256
234 259
234 262
234 264
234 272
234 275
234 295
234 296
234 306
234 312
234 313
234 321
234 323
234 337
234 338
234 342
234 362
234 365
234 369
234 371
234 394
234 395
234 406
234 407
234 417
234 421
234 440
234 450
234 458
234 467
234 472
235 240
235 252
235 261
235 283
235 287
235 292
235 295
235 298
235 313
235 316
235 320
235 328
235 333
235 340
235 391
235 430
235 445
235 449
235 459
235 461
235 462
235 479
235 482
236 298
236 306
236 308
236 309
236 322
236 342
236 351
236 359
236 362
236 366
236 375
236 427
236 439
236 440
236 445
236 456
236 468
236 471
236 497
237 267
237 269
237 273
237 278
237 284
237 288
237 291
237 299
237 305
237 328
237 329
237 341
237 342
237 343
237 361
237 372
237 373
237 374
237 397
237 412
237 431
237 441
237 452
237 474
237 489
238 244
238 250
238 253
238 254
238 255
238 271
238 299
238 316
238 343
238 348
238 360
238 371
238 386
238 391
238 411
238 413
238 414
238 428
238 436
238 437
238 439
238 482
238 483
239 247
239 248
239 250
239 251
239 269
239 273
239 278
239 290
239 294
239 300
239 303
239 329
239 337
239 355
239 359
239 389
239 398
239 404
239 412
239 419
239 421
239 422
239 426
239 429
239 455
239 463
239 466
240 246
240 251
240 253
240 258
240 269
240 274
240 276
240 286
240 311
240 313
240 330
240 333
240 355
240 365
240 366
240 382
240 394
240 397
240 399
240 408
240 412
240 426
240 429
240 439
240 446
240 447
240 457
240 462
240 467
240 469
240 473
240 475
240 483
240 489
240 499
241 242
241 245
241 272
241 276
241 280
241 293
241 298
241 310
241 314
241 327
241 336
241 398
241 400
241 415
241 419
241 449
241 455
241 472
241 474
242 257
242 298
242 308
242 324
242 327
242 339
242 347
242 414
242 439
242 443
242 448
242 450
242 453
242 455
242 458
242 471
242 476
242 487
243 254
243 262
243 275
243 287
243 288
243 291
243 319
243 328
243 335
243 337
243 339
243 370
243 375
243 381
243 389
243 392
243 393
243 395
243 427
243 436
243 450
243 465
243 470
243 471
243 480
243 482
244 257
244 263
244 269
244 307
244 310
244 317
244 337
244 338
244 349
244 353
244 390
244 404
244 408
244 415
244 446
244 450
244 451
244 452
244 457
244 468
244 489
244 490
244 492
245 266
245 272
245 286
245 301
245 317
245 318
245 342
245 343
245 365
245 383
245 395
245 428
245 435
245 440
245 480
245 490
245 492
245 499
246 254
246 257
246 265
246 282
246 287
246 310
246 322
246 323
246 325
246 331
246 332
246 345
246 351
246 364
246 402
246 417
246 428
246 458
246 469
246 495
247 266
247 285
247 300
247 307
247 313
247 325
247 326
247 331
247 349
247 356
247 380
247 387
247 395
247 396
247 419
247 421
247 433
247 441
247 449
247 457
247 482
247 492
247 493
247 494
248 250
248 277
248 284
248 308
248 318
248 324
248 345
248 390
248 396
248 399
248 409
248 411
248 412
248 418
248 422
248 451
248 455
248 459
248 464
248 473
248 482
248 494
248 496
249 273
249 297
249 298
249 299
249 304
249 305
249 307
249 322
249 324
249 383
249 397
249 400
249 402
249 404
249 408
249 416
249 428
249 486
249 489
249 493
249 498
250 261
250 273
250 291
250 306
250 318
250 323
250 350
250 367
250 382
250 383
250 392
250 393
250 397
250 401
250 404
250 411
250 420
250 437
250 440
250 442
250 472
250 489
250 490
250 497
251 283
251 291
251 300
251 304
251 311
251 317
251 326
251 341
251 345
251 346
251 360
251 367
251 380
251 393
251 401
251 441
251 451
251 463
251 468
251 478
251 494
252 255
252 257
252 263
252 271
252 291
252 303
252 327
252 337
252 349
252 353
252 355
252 360
252 368
252 390
252 391
252 405
252 408
252 438
252 439
252 454
252 457
252 465
252 468
252 473
252 492
253 255
253 308
253 315
253 340
253 343
253 352
253 359
253 380
253 387
253 394
253 401
253 406
253 421
253 426
253 428
253 437
253 471
253 475
253 476
253 495
254 255
254 258
254 276
254 288
254 294
254 303
254 344
254 346
254 351
254 365
254 398
254 416
254 437
254 460
254 465
254 469
254 484
254 486
254 494
255 264
255 299
255 306
255 314
255 324
255 325
255 341
255 344
255 345
255 356
255 361
255 371
255 377
255 410
255 413
255 433
255 437
255 468
255 481
255 482
255 491
256 273
256 281
256 310
256 324
256 329
256 343
256 356
256 361
256 397
256 412
256 413
256 415
256 416
256 428
256 438
256 469
256 475
256 480
256 485
257 259
257 267
257 270
257 293
257 296
257 298
257 311
257 314
257 315
257 320
257 321
257 336
257 343
257 344
257 378
257 383
257 423
257 425
257 432
257 433
257 499
258 267
258 268
258 270
258 283
258 295
258 309
258 336
258 340
258 358
258 360
258 368
258 370
258 412
258 415
258 424
258 434
258 439
258 452
258 455
258 459
258 461
258 465
258 470
258 487
259 272
259 283
259 295
259 352
259 359
259 360
259 361
259 366
259 372
259 377
259 379
259 385
259 388
259 395
259 420
259 428
259 429
259 433
259 449
259 463
259 466
259 476
259 484
259 487
259 494
260 283
260 287
260 292
260 319
260 384
260 392
260 393
260 394
260 406
260 425
260 429
260 430
260 436
260 440
260 458
260 469
260 480
260 491
260 495
261 264
261 265
261 276
261 285
261 291
261 298
261 300
261 304
261 308
261 327
261 331
261 354
261 377
261 385
261 391
261 395
261 421
261 435
261 437
261 438
261 439
261 449
261 452
261 453
261 466
261 489
262 271
262 285
262 311
262 312
262 323
262 324
262 347
262 369
262 401
262 414
262 415
262 417
262 437
262 469
262 473
262 487
262 492
262 495
263 270
263 271
263 276
263 285
263 291
263 296
263 316
263 321
263 344
263 364
263 365
263 367
263 380
263 381
263 440
263 444
263 456
263 470
263 473
263 480
263 486
264 308
264 313
264 315
264 319
264 337
264 343
264 345
264 346
264 410
264 420
264 429
264 436
264 438
264 440
264 454
264 479
264 482
264 484
264 493
265 300
265 327
265 335
265 343
265 357
265 368
265 400
265 405
265 409
265 426
265 427
265 433
265 434
265 446
265 455
265 470
265 475
265 476
265 488
266 282
266 284
266 288
266 299
266 309
266 317
266 338
266 364
266 366
266 381
266 385
266 407
266 410
266 413
266 426
266 462
266 479
267 268
267 271
267 280
267 283
267 296
267 298
267 299
267 301
267 307
267 327
267 338
267 341
267 342
267 363
267 383
267 390
267 394
267 397
267 398
267 419
267 431
267 451
267 466
267 484
268 271
268 297
268 304
268 339
268 347
268 356
268 359
268 375
268 389
268 390
268 395
268 402
268 426
268 431
269 281
269 290
269 296
269 300
269 344
269 350
269 360
269 386
269 387
269 402
269 408
269 427
269 452
269 462
269 498
270 287
270 314
270 317
270 330
270 335
270 340
270 342
270 352
270 371
270 384
270 386
270 420
270 428
270 465
270 472
270 485
270 486
270 498
271 274
271 294
271 302
271 308
271 317
271 318
271 319
271 331
271 342
271 345
271 352
271 373
271 380
271 382
271 390
271 404
271 413
271 438
271 443
271 463
271 466
272 275
272 294
272 296
272 303
272 335
272 344
272 353
272 363
272 366
272 371
272 386
272 391
272 414
272 429
272 440
272 457
272 471
272 477
272 478
272 496
272 498
273 279
273 280
273 290
273 304
273 312
273 319
273 330
273 336
273 344
273 349
273 353
273 358
273 363
273 375
273 383
273 404
273 406
273 411
273 420
273 430
273 441
273 449
273 450
273 457
273 461
273 465
274 276
274 289
274 290
274 296
274 299
274 303
274 306
274 310
274 312
274 327
274 341
274 351
274 353
274 357
274 368
274 372
274 373
274 401
274 443
274 452
274 457
274 465
274 466
274 470
274 484
275 288
275 292
275 301
275 313
275 314
275 319
275 332
275 334
275 340
275 343
275 347
275 364
275 374
275 392
275 449
276 281
276 303
276 307
276 313
276 322
276 333
276 357
276 360
276 367
276 378
276 380
276 387
276 414
276 418
276 433
276 457
276 460
276 468
276 476
276 477
276 480
276 489
277 284
277 288
277 292
277 303
277 306
277 330
277 333
277 351
277 358
277 367
277 391
277 394
277 397
277 398
277 402
277 411
277 416
277 429
277 446
277 484
278 283
278 285
278 292
278 295
278 303
278 304
278 325
278 328
278 337
278 369
278 381
278 393
278 394
278 398
278 430
278 447
278 449
278 461
278 479
278 484
278 494
279 315
279 321
279 346
279 375
279 385
279 389
279 412
279 423
279 428
279 447
279 457
279 463
279 482
279 484
279 487
279 492
280 292
280 310
280 319
280 329
280 330
280 345
280 360
280 362
280 386
280 391
280 399
280 420
280 421
280 427
280 441
280 455
280 478
280 499
281 320
281 325
281 330
281 359
281 377
281 387
281 390
281 398
281 415
281 427
281 456
281 468
282 285
282 306
282 319
282 324
282 334
282 357
282 367
282 395
282 404
282 410
282 414
282 417
282 423
282 425
282 430
282 431
282 467
282 496
283 288
283 317
283 318
283 336
283 337
283 342
283 371
283 378
283 384
283 385
283 409
283 412
283 414
283 421
283 456
283 459
283 469
283 482
284 285
284 303
284 306
284 314
284 318
284 325
284 327
284 334
284 353
284 358
284 382
284 386
284 392
284 401
284 404
284 430
284 431
284 433
284 438
284 471
284 474
284 475
284 493
285 288
285 294
285 305
285 327
285 330
285 339
285 355
285 358
285 361
285 388
285 396
285 418
285 421
285 435
285 439
285 447
285 449
285 451
285 466
285 472
285 489
285 490
286 311
286 332
286 338
286 358
286 372
286 373
286 414
286 431
286 439
286 440
286 452
286 453
286 467
286 468
286 475
286 494
286 496
287 301
287 309
287 317
287 333
287 334
287 349
287 360
287 371
287 381
287 383
287 384
287 398
287 402
287 423
287 432
287 443
287 459
287 480
287 492
287 494
288 292
288 295
288 310
288 321
288 347
288 358
288 364
288 366
288 375
288 383
288 385
288 393
288 420
288 428
288 444
288 447
288 463
288 486
289 291
289 308
289 312
289 319
289 321
289 338
289 358
289 370
289 374
289 387
289 404
289 440
289 468
289 485
290 303
290 318
290 320
290 321
290 341
290 348
290 352
290 377
290 385
290 396
290 468
290 474
290 484
290 486
290 497
291 295
291 303
291 308
291 315
291 327
291 330
291 346
291 349
291 352
291 355
291 361
291 404
291 407
291 414
291 432
291 440
291 461
291 488
291 498
291 499
292 296
292 321
292 333
292 345
292 355
292 359
292 393
292 397
292 405
292 419
292 421
292 450
292 456
292 472
293 299
293 314
293 323
293 333
293 340
293 343
293 353
293 367
293 369
293 372
293 373
293 389
293 392
293 411
293 442
293 447
293 452
293 462
293 464
293 469
293 472
293 476
293 483
293 485
293 492
294 300
294 301
294 320
294 323
294 343
294 390
294 423
294 428
294 430
294 443
294 448
294 455
294 456
294 461
294 482
295 297
295 305
295 310
295 321
295 329
295 330
295 332
295 339
295 386
295 411
295 413
295 418
295 421
295 435
295 440
295 445
295 449
295 455
295 463
295 465
295 477
295 488
296 306
296 346
296 357
296 366
296 394
296 405
296 430
296 440
296 449
296 457
296 481
296 484
297 308
297 320
297 333
297 335
297 337
297 339
297 345
297 362
297 373
297 385
297 391
297 412
297 425
297 429
297 436
297 451
297 453
297 465
297 468
297 470
298 300
298 305
298 311
298 318
298 324
298 327
298 338
298 343
298 347
298 348
298 350
298 355
298 363
298 365
298 376
298 384
298 391
298 399
298 411
298 416
298 419
298 440
298 443
298 445
298 475
298 494
299 312
299 316
299 317
299 321
299 336
299 348
299 349
299 363
299 379
299 390
299 404
299 410
299 421
299 422
299 455
300 309
300 317
300 325
300 329
300 333
300 336
300 343
300 344
300 357
300 361
300 367
300 415
300 426
300 430
300 446
300 466
300 476
300 485
301 304
301 332
301 349
301 359
301 360
301 362
301 367
301 376
301 379
301 408
301 418
301 429
301 433
301 439
301 455
301 475
301 489
302 312
302 321
302 355
302 360
302 362
302 370
302 371
302 391
302 422
302 424
302 425
302 427
302 446
302 461
302 475
302 476
302 487
302 492
303 307
303 323
303 360
303 373
303 380
303 397
303 428
303 455
303 457
303 460
303 483
303 485
303 497
304 307
304 323
304 347
304 349
304 357
304 373
304 386
304 387
304 389
304 391
304 403
304 418
304 420
304 428
304 438
304 457
304 463
304 464
304 467
304 470
304 485
304 488
305 339
305 342
305 355
305 359
305 367
305 385
305 393
305 394
305 413
305 419
305 423
305 436
305 452
305 453
305 456
305 472
305 484
305 497
306 332
306 333
306 349
306 352
306 356
306 358
306 370
306 378
306 384
306 387
306 388
306 396
306 439
306 440
306 454
306 467
306 492
306 493
307 339
307 346
307 356
307 362
307 363
307 367
307 373
307 424
307 440
307 444
307 460
307 462
307 463
307 467
308 314
308 320
308 359
308 364
308 382
308 434
308 438
308 459
308 460
308 466
308 468
308 473
308 481
308 483
309 322
309 326
309 327
309 335
309 347
309 379
309 406
309 415
309 420
309 434
309 452
309 461
309 477
309 481
309 483
309 492
310 311
310 313
310 336
310 340
310 358
310 365
310 375
310 383
310 400
310 406
310 424
310 427
310 429
310 435
310 441
310 447
310 482
311 317
311 329
311 361
311 363
311 386
311 390
311 396
311 397
311 420
311 429
311 456
311 463
311 485
312 313
312 325
312 330
312 343
312 359
312 364
312 370
312 376
312 391
312 397
312 399
312 400
312 407
312 415
312 445
312 447
312 458
312 474
312 479
312 484
312 486
312 493
313 317
313 321
313 365
313 391
313 407
313 419
313 450
313 466
313 481
313 482
313 498
314 331
314 358
314 364
314 370
314 373
314 415
314 435
314 440
314 447
314 455
314 467
314 487
314 491
314 496
315 338
315 349
315 351
315 355
315 358
315 381
315 403
315 405
315 421
315 423
315 442
315 448
315 464
315 470
316 327
316 330
316 336
316 342
316 365
316 368
316 380
316 383
316 391
316 405
316 412
316 425
316 435
316 443
316 450
316 494
316 497
317 329
317 333
317 335
317 339
317 343
317 349
317 367
317 385
317 405
317 419
317 426
317 431
317 438
317 442
317 443
317 445
317 449
317 472
317 475
317 493
318 325
318 327
318 343
318 363
318 366
318 411
318 415
318 417
318 465
318 477
318 479
318 482
318 484
318 487
318 491
319 329
319 333
319 340
319 344
319 354
319 359
319 373
319 376
319 398
319 401
319 405
319 409
319 417
319 420
319 454
319 457
319 460
319 475
319 482
320 334
320 353
320 363
320 368
320 382
320 385
320 406
320 412
320 421
320 452
321 323
321 326
321 336
321 337
321 342
321 348
321 356
321 363
321 388
321 395
321 416
321 435
321 457
321 469
321 472
321 482
321 487
321 498
322 333
322 364
322 385
322 389
322 390
322 391
322 415
322 430
322 437
322 452
322 458
322 464
322 473
322 481
322 482
322 484
322 493
322 498
323 327
323 365
323 390
323 410
323 433
323 439
323 448
323 449
323 456
323 457
323 459
323 465
323 478
323 488
324 328
324 343
324 346
324 349
324 374
324 380
324 385
324 390
324 392
324 418
324 420
324 437
324 439
324 440
324 459
324 460
324 486
325 341
325 345
325 347
325 352
325 353
325 359
325 451
325 456
325 457
325 468
325 482
325 487
325 496
326 332
326 337
326 362
326 366
326 373
326 389
326 435
326 438
326 445
326 462
326 464
326 477
326 479
326 484
326 488
327 332
327 336
327 347
327 356
327 376
327 379
327 385
327 386
327 389
327 403
327 405
327 412
327 418
327 422
327 425
327 448
327 452
327 455
327 465
327 485
327 493
328 340
328 345
328 358
328 361
328 364
328 375
328 394
328 397
328 431
328 453
328 463
328 467
328 472
328 483
328 484
328 491
329 330
329 337
329 338
329 345
329 352
329 368
329 379
329 404
329 423
329 427
329 431
329 434
329 441
329 456
329 458
329 475
329 481
329 488
330 335
330 337
330 339
330 348
330 350
330 353
330 354
330 358
330 365
330 381
330 389
330 392
330 412
330 415
330 418
330 435
330 438
330 442
330 446
330 459
330 461
330 469
330 480
330 487
331 335
331 351
331 381
331 386
331 387
331 413
331 442
331 458
331 482
332 344
332 371
332 377
332 379
332 398
332 412
332 443
332 447
332 453
332 467
332 489
332 493
332 496
333 364
333 406
333 423
333 437
333 445
333 456
333 464
333 473
333 482
333 483
333 488
333 494
334 381
334 389
334 394
334 400
334 412
334 437
334 449
334 455
334 466
334 484
334 488
334 492
335 357
335 376
335 386
335 408
335 410
335 427
335 440
335 445
335 469
335 473
335 478
336 343
336 370
336 387
336 407
336 414
336 417
336 421
336 429
336 438
336 440
336 454
336 466
336 492
336 496
337 344
337 348
337 353
337 354
337 369
337 379
337 382
337 386
337 394
337 396
337 406
337 408
337 414
337 419
337 431
337 478
338 349
338 357
338 359
338 362
338 368
338 396
338 405
338 421
338 427
338 459
338 464
338 470
339 347
339 355
339 372
339 377
339 384
339 393
339 395
339 396
339 403
339 412
339 426
339 461
339 466
339 478
340 341
340 358
340 369
340 375
340 386
340 393
340 400
340 415
340 430
340 434
340 435
340 439
340 441
340 445
340 451
340 454
340 469
340 470
340 471
340 484
341 364
341 385
341 400
341 432
341 438
341 439
341 441
341 442
341 450
341 465
341 477
341 479
342 351
342 363
342 372
342 374
342 397
342 415
342 427
342 454
342 457
342 458
342 489
342 494
343 360
343 368
343 416
343 421
343 423
343 424
343 431
343 443
343 448
343 458
343 463
343 468
343 475
344 351
344 356
344 360
344 377
344 398
344 404
344 419
344 445
344 452
344 458
344 478
344 488
345 346
345 362
345 363
345 386
345 402
345 411
345 452
345 467
345 488
345 493
346 377
346 388
346 407
346 417
346 422
346 426
346 436
346 437
346 456
346 459
346 463
346 472
346 486
347 348
347 355
347 356
347 369
347 379
347 425
347 427
347 429
347 463
347 484
348 350
348 359
348 361
348 365
348 378
348 388
348 395
348 430
348 431
348 443
348 445
348 450
348 457
348 459
348 462
348 465
348 471
349 353
349 355
349 358
349 363
349 379
349 408
349 436
349 451
349 454
349 460
349 470
349 499
350 365
350 376
350 384
350 388
350 389
350 392
350 403
350 404
350 406
350 410
350 427
350 430
350 435
350 436
350 448
350 456
350 472
350 493
351 363
351 368
351 372
351 380
351 383
351 386
351 395
351 401
351 408
351 409
351 414
351 421
351 422
351 455
351 464
351 471
352 362
352 374
352 404
352 406
352 421
352 423
352 428
352 436
352 448
352 464
352 472
352 484
352 492
352 495
352 497
353 360
353 364
353 393
353 400
353 401
353 405
353 408
353 421
353 422
353 424
353 429
353 436
353 438
353 439
353 455
353 479
353 482
353 498
354 355
354 356
354 389
354 402
354 427
354 432
354 445
354 448
354 450
354 465
354 474
354 479
354 484
354 487
354 498
355 359
355 362
355 371
355 380
355 382
355 410
355 418
355 423
355 425
355 433
355 456
355 460
356 382
356 396
356 402
356 414
356 430
356 433
356 442
356 452
356 462
356 463
356 474
356 476
356 483
357 361
357 365
357 366
357 376
357 380
357 381
357 383
357 398
357 400
357 407
357 423
357 427
357 431
357 442
357 445
357 461
357 464
357 465
357 466
357 474
357 484
357 485
357 493
357 495
358 377
358 382
358 387
358 407
358 422
358 445
358 470
359 368
359 369
359 382
359 386
359 392
359 406
359 412
359 429
359 432
359 435
359 454
359 463
359 476
359 480
359 489
359 499
360 371
360 392
360 400
360 423
360 427
360 441
360 450
360 469
360 498
361 396
361 399
361 408
361 446
361 452
361 470
361 474
361 475
361 478
361 484
362 367
362 369
362 371
362 377
362 384
362 388
362 394
362 401
362 402
362 414
362 423
362 439
363 375
363 388
363 391
363 404
363 414
363 427
363 432
363 433
363 457
363 468
363 470
364 374
364 394
364 396
364 406
364 445
364 450
364 458
364 475
364 486
364 497
365 366
365 371
365 375
365 391
365 399
365 408
365 432
365 456
365 464
365 499
366 374
366 375
366 384
366 390
366 394
366 408
366 442
366 443
366 451
366 467
366 472
366 479
367 368
367 397
367 425
367 428
367 455
367 456
367 459
367 465
367 466
367 477
367 484
367 485
367 496
368 401
368 413
368 434
368 438
368 448
368 465
368 475
368 476
368 477
368 478
368 495
369 409
369 427
369 463
369 468
369 476
369 479
369 495
369 497
370 379
370 390
370 395
370 404
370 407
370 410
370 412
370 414
370 459
370 465
370 470
370 480
370 495
371 376
371 382
371 391
371 396
371 398
371 399
371 403
371 406
371 409
371 416
371 434
371 470
371 472
371 475
371 493
372 374
372 381
372 383
372 392
372 394
372 401
372 411
372 420
372 432
372 436
372 449
372 458
372 461
372 462
372 480
372 484
372 490
372 494
372 496
373 378
373 391
373 392
373 413
373 418
373 426
373 446
373 463
373 471
373 473
373 481
373 495
374 376
374 397
374 429
374 449
374 459
374 461
374 481
374 489
374 490
374 495
375 378
375 387
375 394
375 401
375 416
375 419
375 432
375 463
375 477
375 481
375 495
375 497
376 382
376 395
376 408
376 410
376 417
376 425
376 432
376 442
376 465
377 417
377 424
377 490
377 491
377 494
377 496
378 385
378 389
378 395
378 400
378 419
378 435
378 440
378 461
378 480
378 488
378 498
379 385
379 405
379 407
379 418
379 445
379 451
379 462
379 472
379 484
380 390
380 427
380 433
380 449
380 457
380 463
380 469
380 499
381 399
381 407
381 408
381 423
381 425
381 443
381 455
381 479
381 483
382 385
382 404
382 426
382 438
382 456
382 478
382 482
382 483
382 484
382 485
382 497
383 386
383 391
383 398
383 407
383 409
383 410
383 420
383 421
383 429
383 448
383 462
383 469
383 471
383 476
384 400
384 405
384 420
384 432
384 452
384 454
384 490
384 493
384 497
385 387
385 390
385 399
385 408
385 410
385 419
385 424
385 425
385 434
385 440
385 441
385 445
385 468
385 471
385 472
385 475
385 477
385 483
385 498
386 392
386 402
386 418
386 422
386 459
386 469
386 483
386 493
386 496
387 393
387 397
387 429
387 434
387 468
387 471
387 472
387 489
387 497
388 394
388 402
388 424
388 425
388 432
388 454
388 456
388 471
388 490
389 392
389 420
389 439
389 450
389 457
389 485
389 486
389 498
390 402
390 416
390 422
390 425
390 429
390 431
390 433
390 447
390 455
390 465
390 472
390 475
390 478
390 488
391 400
391 406
391 416
391 417
391 429
391 448
391 457
391 459
391 466
391 484
392 401
392 405
392 413
392 416
392 418
392 426
392 437
392 456
392 467
392 469
393 395
393 417
393 428
393 449
393 460
393 464
393 467
394 404
394 432
394 437
394 466
395 429
395 430
395 439
395 442
395 443
395 448
395 449
395 452
395 461
395 499
396 403
396 404
396 426
396 478
396 493
397 407
397 415
397 416
397 420
397 434
397 451
397 454
397 484
397 494
397 496
398 401
398 410
398 413
398 416
398 425
398 440
398 442
398 454
398 463
398 464
398 468
398 480
398 485
398 494
399 402
399 426
399 437
399 444
399 447
399 448
399 449
399 457
399 467
399 477
399 478
399 479
399 484
399 487
399 495
399 496
400 410
400 424
400 435
400 440
400 474
400 494
401 411
401 415
401 436
401 443
401 450
401 454
401 495
401 496
401 497
401 499
402 418
402 434
402 437
402 438
402 453
402 468
402 486
403 409
403 416
403 446
403 450
403 462
403 471
403 483
403 490
403 493
404 413
404 417
404 421
404 446
404 495
404 498
405 415
405 429
405 438
405 453
405 457
405 462
405 468
405 473
405 478
405 486
405 487
405 488
405 490
406 419
406 438
406 441
406 442
406 445
406 452
406 476
406 480
406 484
406 496
407 429
407 438
407 442
407 460
407 465
407 469
407 470
407 483
407 496
408 411
408 418
408 426
408 430
408 441
408 461
408 487
408 490
408 497
409 420
409 423
409 447
409 451
409 453
409 457
409 468
409 475
409 479
409 480
410 415
410 420
410 461
410 469
410 479
410 482
410 491
411 415
411 434
411 435
411 436
411 439
411 442
411 448
411 474
411 480
411 485
412 417
412 418
412 430
412 442
412 443
412 455
412 463
412 465
412 477
413 414
413 415
413 467
413 479
413 498
414 444
414 446
414 449
414 451
414 455
414 456
414 471
414 487
414 491
415 421
415 446
415 449
415 467
415 472
415 487
415 490
416 418
416 424
416 426
416 430
416 440
416 452
416 477
416 487
416 489
417 418
417 437
417 451
417 452
417 453
417 454
417 465
417 466
417 471
417 472
417 489
417 495
418 424
418 447
418 451
418 452
418 481
418 491
418 495
419 427
419 447
419 452
419 453
419 455
419 456
419 499
420 442
420 459
420 461
420 464
420 491
420 497
420 498
421 426
421 430
421 431
421 433
421 437
421 439
421 457
421 459
421 466
421 478
421 488
421 497
422 435
422 457
422 476
422 484
422 485
422 491
423 427
423 430
423 433
423 436
423 438
423 445
423 447
423 459
423 465
423 468
423 469
423 481
423 484
423 496
424 435
424 461
424 466
424 480
424 482
424 484
424 490
425 427
425 448
425 465
425 467
425 476
425 479
425 482
425 495
426 435
426 443
426 451
426 453
426 459
426 470
426 477
426 482
426 494
427 438
427 462
427 473
427 497
428 430
428 433
428 435
428 450
428 474
428 480
428 485
428 493
428 499
429 459
429 469
429 470
429 482
429 494
429 497
430 455
430 464
430 489
430 495
430 496
431 439
431 481
431 483
431 485
431 498
432 436
432 439
432 450
432 451
432 473
432 476
432 482
432 490
432 496
433 441
433 442
433 447
433 469
433 479
434 448
434 450
434 456
434 471
434 476
434 487
434 494
435 443
435 469
435 491
435 492
435 493
435 495
435 496
436 437
436 438
436 441
436 448
436 449
436 483
436 486
437 470
437 477
437 483
437 490
437 491
438 445
438 461
438 478
439 445
439 495
439 496
439 498
440 445
440 446
440 447
440 460
441 450
441 457
441 463
441 472
442 444
442 445
442 448
442 466
442 479
443 453
443 461
443 471
443 493
443 496
444 452
444 459
444 463
444 470
444 479
444 481
444 494
445 465
445 470
445 489
445 496
446 448
446 449
446 465
446 467
446 469
447 486
448 451
448 460
448 470
448 475
448 481
448 487
448 499
450 468
450 470
450 473
450 478
450 482
450 490
450 492
450 493
451 457
451 476
451 479
451 491
451 493
451 498
452 460
452 468
452 477
452 484
453 457
453 470
453 472
453 478
454 456
454 457
454 460
454 470
454 498
455 457
455 478
455 482
455 486
455 491
455 497
456 459
456 461
456 468
456 476
456 498
457 473
457 476
457 480
457 483
457 484
457 488
457 491
457 495
458 462
458 467
458 470
458 478
458 491
458 492
458 493
458 494
459 465
459 470
459 494
460 473
460 475
460 493
461 462
461 478
461 481
461 482
461 488
461 494
462 467
462 468
462 475
462 477
462 480
462 489
463 493
464 495
465 470
465 473
465 485
465 495
466 480
466 484
466 487
466 492
466 495
466 497
467 481
467 484
468 471
468 479
468 493
468 496
470 491
470 497
471 490
471 493
472 480
472 481
472 489
472 492
473 474
473 482
473 486
473 493
474 483
474 493
474 494
475 479
475 486
475 487
476 491
477 481
477 487
477 490
477 494
477 497
478 496
480 487
480 493
480 498
481 495
482 492
482 493
482 494
482 499
483 496
485 489
485 499
486 498
487 491
490 497
490 499
491 496
494 497
