100 310 0.2
0 7
0 10
0 15
0 29
0 44
0 48
1 21
1 25
1 26
1 35
1 45
1 89
1 90
2 5
2 35
2 72
3 31
3 35
3 40
3 70
3 80
4 27
4 34
4 37
4 51
4 60
4 62
4 76
4 80
4 87
5 16
5 22
5 28
5 40
5 45
5 53
5 80
5 82
5 89
6 19
6 27
6 33
6 67
6 68
6 77
6 90
6 95
7 8
7 22
7 40
7 65
7 67
8 15
8 17
8 34
8 39
8 45
8 55
8 69
8 96
9 16
9 20
9 32
9 86
9 94
9 95
10 13
10 21
10 22
10 35
10 86
11 22
11 23
11 74
11 99
12 25
12 45
12 56
13 16
13 34
13 52
13 61
13 64
13 87
14 20
14 24
14 29
14 34
14 35
14 79
15 24
15 28
15 30
15 51
15 65
16 39
16 66
17 26
17 43
17 64
17 68
17 80
17 97
18 59
18 83
18 93
19 40
19 50
19 55
19 69
19 75
20 33
20 44
20 61
20 63
20 78
20 84
21 32
21 75
21 81
22 52
22 58
22 65
22 75
22 78
22 80
22 82
22 96
23 33
23 82
23 87
24 58
24 67
24 88
25 67
25 72
25 86
25 87
25 90
26 37
26 38
26 53
26 76
26 83
27 39
27 43
27 51
27 80
28 29
28 43
28 44
28 46
28 67
29 38
29 56
29 59
29 64
29 68
29 97
30 55
30 68
31 38
31 42
31 59
31 68
32 35
32 38
32 48
32 67
32 69
33 37
33 50
34 58
34 73
34 81
34 96
35 39
35 50
35 75
35 78
35 88
36 65
36 92
37 38
37 48
37 68
38 42
38 68
38 89
39 50
39 57
39 64
39 67
39 80
39 84
39 86
39 98
40 46
40 58
40 64
40 73
40 74
40 75
41 53
41 59
41 64
41 83
41 93
41 96
43 48
43 62
43 73
43 79
43 98
44 78
44 79
44 94
45 83
45 94
45 99
46 64
46 81
47 52
47 65
47 67
47 88
48 67
48 73
48 89
48 91
49 76
49 90
50 66
50 71
51 60
51 61
51 79
52 60
52 63
52 65
52 93
52 99
53 57
53 59
53 76
53 93
54 74
55 62
55 64
55 72
56 92
57 83
58 62
58 73
58 83
59 85
60 71
60 80
61 66
61 74
61 75
61 84
61 94
62 71
62 90
64 74
64 80
64 85
64 91
65 66
65 68
65 82
66 75
66 80
66 81
66 92
67 71
68 74
69 89
70 84
70 97
71 77
71 92
72 75
72 81
72 85
72 87
73 98
74 79
74 91
75 86
75 93
75 99
77 90
78 83
78 92
79 92
79 97
80 86
80 97
81 91
81 99
82 85
83 90
85 93
87 99
88 91
88 98
90 93
91 93
