400 5551 0.8
0 2
0 18
0 25
0 36
0 52
0 55
0 108
0 124
0 126
0 147
0 161
0 165
0 173
0 180
0 181
0 209
0 214
0 226
0 243
0 249
0 263
0 267
0 285
0 320
0 324
0 344
0 356
0 363
0 365
0 377
0 391
1 14
1 30
1 57
1 88
1 93
1 114
1 119
1 150
1 163
1 180
1 195
1 213
1 220
1 225
1 243
1 252
1 300
1 320
1 327
1 333
1 375
1 377
2 46
2 51
2 63
2 73
2 83
2 122
2 128
2 175
2 180
2 184
2 203
2 204
2 210
2 244
2 268
2 297
2 307
2 313
2 333
2 348
2 349
2 358
2 360
2 365
2 382
3 32
3 60
3 79
3 95
3 99
3 101
3 120
3 140
3 161
3 170
3 179
3 181
3 205
3 209
3 213
3 258
3 311
3 346
3 352
3 358
3 362
3 363
3 371
3 393
4 58
4 88
4 107
4 124
4 146
4 206
4 211
4 212
4 221
4 234
4 254
4 264
4 277
4 289
4 298
4 307
4 352
4 366
4 378
4 382
4 398
5 19
5 46
5 63
5 86
5 98
5 130
5 131
5 138
5 139
5 168
5 172
5 218
5 276
5 284
5 287
5 323
5 333
5 339
5 383
5 389
6 26
6 27
6 51
6 76
6 92
6 104
6 137
6 140
6 147
6 182
6 189
6 191
6 212
6 247
6 257
6 269
6 296
6 321
6 324
6 327
6 338
6 363
6 375
6 390
7 31
7 42
7 49
7 62
7 115
7 119
7 131
7 136
7 139
7 150
7 159
7 172
7 178
7 209
7 269
7 286
7 298
7 315
7 325
7 340
7 351
7 382
7 388
8 17
8 23
8 68
8 76
8 112
8 116
8 128
8 144
8 151
8 168
8 216
8 221
8 222
8 250
8 254
8 267
8 295
8 307
8 347
8 348
8 355
8 392
9 25
9 30
9 61
9 84
9 125
9 131
9 137
9 155
9 157
9 166
9 169
9 183
9 192
9 206
9 219
9 230
9 239
9 241
9 242
9 252
9 257
9 265
9 266
9 284
9 286
9 332
9 350
9 367
9 377
9 380
9 383
9 384
9 392
9 393
10 11
10 52
10 88
10 100
10 103
10 105
10 106
10 115
10 120
10 151
10 152
10 158
10 166
10 183
10 192
10 198
10 199
10 204
10 211
10 231
10 244
10 257
10 266
10 278
10 304
10 320
10 326
10 330
10 340
10 344
10 345
10 367
10 379
10 385
11 34
11 37
11 47
11 70
11 73
11 89
11 91
11 97
11 101
11 109
11 133
11 135
11 142
11 167
11 182
11 183
11 191
11 194
11 196
11 207
11 212
11 226
11 231
11 232
11 262
11 278
11 285
11 304
11 312
11 316
11 322
11 337
11 354
11 379
11 384
11 386
12 26
12 27
12 41
12 60
12 61
12 67
12 75
12 98
12 117
12 147
12 151
12 158
12 166
12 170
12 219
12 220
12 227
12 233
12 248
12 323
12 341
12 346
12 350
12 351
12 369
13 20
13 21
13 30
13 45
13 48
13 58
13 66
13 70
13 88
13 99
13 134
13 153
13 164
13 232
13 248
13 259
13 264
13 272
13 279
13 300
13 309
13 312
13 313
13 333
13 336
13 354
13 367
13 379
13 383
13 392
13 396
14 17
14 22
14 29
14 40
14 136
14 137
14 149
14 154
14 156
14 161
14 228
14 232
14 253
14 284
14 300
14 315
14 318
14 342
14 351
14 353
14 355
15 60
15 65
15 69
15 82
15 95
15 105
15 109
15 127
15 133
15 163
15 167
15 173
15 179
15 222
15 224
15 234
15 236
15 247
15 252
15 257
15 260
15 281
15 294
15 348
15 359
15 398
15 399
16 18
16 38
16 46
16 47
16 69
16 78
16 90
16 145
16 151
16 157
16 199
16 254
16 257
16 261
16 281
16 296
16 314
16 325
16 351
16 386
16 393
17 18
17 43
17 67
17 80
17 87
17 101
17 150
17 160
17 194
17 203
17 205
17 235
17 255
17 256
17 258
17 265
17 276
17 285
17 288
17 310
17 371
17 376
18 53
18 63
18 80
18 86
18 89
18 97
18 105
18 115
18 134
18 135
18 153
18 158
18 189
18 217
18 298
18 322
18 336
18 341
18 349
18 359
18 397
19 31
19 37
19 42
19 45
19 61
19 89
19 95
19 105
19 112
19 134
19 162
19 197
19 199
19 249
19 250
19 262
19 267
19 291
19 323
19 334
19 344
19 355
19 361
19 368
19 375
20 21
20 22
20 57
20 90
20 94
20 104
20 113
20 116
20 150
20 180
20 185
20 195
20 216
20 227
20 228
20 233
20 235
20 247
20 290
20 291
20 293
20 304
20 306
20 312
20 316
20 347
20 358
20 359
20 381
21 22
21 65
21 100
21 110
21 124
21 128
21 141
21 158
21 168
21 174
21 184
21 199
21 220
21 224
21 225
21 241
21 259
21 282
21 286
21 347
21 370
21 379
21 388
21 394
21 398
22 54
22 68
22 70
22 98
22 105
22 111
22 114
22 133
22 150
22 164
22 205
22 211
22 241
22 266
22 275
22 286
22 297
22 316
22 319
22 328
22 339
22 361
22 391
23 24
23 53
23 68
23 78
23 80
23 85
23 86
23 109
23 115
23 117
23 125
23 127
23 128
23 138
23 170
23 175
23 194
23 201
23 206
23 215
23 227
23 239
23 249
23 310
23 319
23 326
23 328
23 332
23 342
23 380
23 386
24 33
24 50
24 72
24 82
24 84
24 107
24 122
24 123
24 149
24 183
24 232
24 243
24 246
24 297
24 320
24 338
24 365
24 373
24 380
25 26
25 27
25 31
25 39
25 49
25 55
25 59
25 66
25 83
25 90
25 104
25 125
25 136
25 142
25 146
25 159
25 175
25 177
25 178
25 179
25 180
25 181
25 207
25 211
25 213
25 217
25 222
25 269
25 270
25 272
25 310
25 316
25 318
25 334
25 336
25 374
25 381
26 43
26 67
26 88
26 93
26 106
26 129
26 141
26 142
26 154
26 158
26 161
26 171
26 194
26 198
26 205
26 206
26 251
26 263
26 270
26 282
26 299
26 319
26 321
26 336
26 396
26 399
27 75
27 78
27 81
27 89
27 94
27 107
27 108
27 111
27 130
27 171
27 174
27 176
27 181
27 194
27 234
27 256
27 266
27 285
27 287
27 310
27 315
27 326
27 336
27 338
27 348
27 376
27 391
27 395
28 33
28 99
28 109
28 125
28 128
28 143
28 156
28 165
28 175
28 221
28 223
28 229
28 262
28 289
28 313
28 326
29 68
29 78
29 79
29 102
29 111
29 121
29 131
29 152
29 164
29 180
29 218
29 231
29 241
29 252
29 256
29 270
29 271
29 292
29 308
29 309
29 316
29 357
29 358
29 359
29 368
29 369
29 375
29 376
30 43
30 44
30 63
30 105
30 118
30 142
30 147
30 174
30 213
30 233
30 250
30 279
30 288
30 309
30 319
30 345
30 354
30 369
30 394
31 42
31 56
31 82
31 87
31 91
31 92
31 93
31 112
31 138
31 141
31 157
31 164
31 172
31 194
31 198
31 203
31 220
31 261
31 267
31 272
31 284
31 299
31 314
31 321
31 334
31 336
31 347
31 363
31 377
31 382
31 392
32 73
32 79
32 88
32 115
32 122
32 192
32 211
32 217
32 225
32 290
32 295
32 299
32 317
32 329
32 335
32 351
32 360
32 365
32 380
33 40
33 42
33 45
33 61
33 71
33 90
33 110
33 129
33 131
33 135
33 160
33 163
33 202
33 213
33 219
33 227
33 229
33 231
33 233
33 252
33 268
33 303
33 308
33 311
33 353
33 354
33 365
33 370
33 386
33 394
34 49
34 80
34 82
34 102
34 105
34 116
34 138
34 143
34 158
34 166
34 167
34 182
34 183
34 192
34 252
34 306
34 346
34 358
34 387
34 390
34 398
35 40
35 48
35 52
35 63
35 65
35 69
35 75
35 77
35 86
35 89
35 107
35 111
35 148
35 186
35 248
35 254
35 263
35 283
35 293
35 315
35 323
35 354
35 374
35 388
35 396
36 38
36 46
36 48
36 78
36 92
36 94
36 106
36 114
36 119
36 160
36 179
36 200
36 233
36 254
36 281
36 290
36 304
36 310
36 312
36 322
36 326
36 339
36 354
36 355
36 360
36 391
36 393
37 49
37 91
37 102
37 112
37 113
37 147
37 154
37 171
37 174
37 217
37 219
37 220
37 245
37 285
37 303
37 316
37 332
37 343
37 366
37 388
38 51
38 56
38 79
38 120
38 136
38 138
38 165
38 194
38 202
38 211
38 227
38 239
38 277
38 283
38 295
38 365
38 370
38 372
38 376
38 387
38 389
39 72
39 95
39 96
39 99
39 153
39 154
39 161
39 173
39 183
39 184
39 233
39 255
39 263
39 266
39 276
39 278
39 286
39 291
39 299
39 301
39 322
39 326
39 336
39 346
39 347
39 356
39 368
39 383
39 387
39 398
40 48
40 69
40 162
40 205
40 214
40 236
40 252
40 266
40 275
40 283
40 302
40 321
40 353
40 362
41 48
41 53
41 54
41 79
41 81
41 114
41 128
41 147
41 174
41 176
41 194
41 195
41 197
41 232
41 248
41 263
41 285
41 287
41 316
41 321
41 339
41 356
41 361
42 50
42 65
42 103
42 109
42 164
42 205
42 224
42 230
42 235
42 237
42 249
42 263
42 283
42 287
42 288
42 289
42 300
42 303
42 304
42 308
42 326
42 335
42 357
42 369
43 55
43 63
43 67
43 85
43 86
43 116
43 123
43 168
43 169
43 179
43 191
43 214
43 234
43 271
43 277
43 289
43 290
43 320
43 321
43 334
43 366
43 387
43 388
44 51
44 52
44 55
44 65
44 70
44 76
44 107
44 109
44 132
44 136
44 148
44 157
44 177
44 179
44 203
44 205
44 211
44 245
44 247
44 269
44 290
44 292
44 312
44 327
44 336
44 338
44 343
44 355
44 358
44 375
45 63
45 74
45 83
45 99
45 180
45 185
45 202
45 213
45 229
45 240
45 247
45 337
45 347
45 353
45 370
45 373
45 374
45 378
45 385
46 77
46 119
46 140
46 145
46 157
46 174
46 199
46 203
46 204
46 227
46 230
46 247
46 258
46 268
46 293
46 300
46 328
46 344
46 348
46 352
46 357
46 367
46 372
46 376
47 48
47 51
47 52
47 58
47 71
47 72
47 81
47 88
47 99
47 124
47 137
47 139
47 143
47 151
47 172
47 175
47 185
47 187
47 244
47 245
47 257
47 281
47 297
47 341
47 342
47 399
48 96
48 100
48 113
48 129
48 167
48 171
48 194
48 206
48 231
48 248
48 253
48 256
48 257
48 262
48 265
48 324
48 332
48 356
48 376
48 382
48 388
49 53
49 54
49 68
49 78
49 83
49 118
49 136
49 150
49 168
49 180
49 183
49 192
49 216
49 252
49 260
49 264
49 272
49 287
49 289
49 305
49 314
49 335
49 345
49 353
49 386
50 52
50 60
50 77
50 83
50 93
50 96
50 104
50 110
50 136
50 172
50 204
50 210
50 220
50 225
50 230
50 233
50 236
50 283
50 298
50 299
50 309
50 321
50 335
50 346
50 360
50 372
50 374
50 387
50 398
51 55
51 70
51 181
51 183
51 188
51 196
51 209
51 230
51 245
51 250
51 255
51 280
51 290
51 299
51 311
51 315
51 331
51 346
51 353
51 370
51 377
51 392
51 397
52 75
52 78
52 79
52 121
52 171
52 186
52 191
52 197
52 203
52 209
52 220
52 231
52 277
52 292
52 303
52 338
52 358
52 372
52 376
52 393
53 55
53 90
53 135
53 156
53 170
53 208
53 210
53 211
53 215
53 223
53 237
53 245
53 275
53 285
53 295
53 300
53 333
53 334
53 353
53 356
53 365
53 397
54 89
54 96
54 114
54 127
54 128
54 136
54 140
54 142
54 171
54 184
54 189
54 234
54 240
54 251
54 254
54 267
54 292
54 301
54 332
54 338
54 342
54 363
54 366
54 379
54 397
55 82
55 95
55 99
55 107
55 110
55 115
55 132
55 151
55 165
55 197
55 201
55 204
55 212
55 234
55 237
55 249
55 267
55 297
55 305
55 327
55 331
55 343
55 377
55 378
55 381
55 392
56 64
56 81
56 85
56 86
56 88
56 90
56 96
56 112
56 122
56 135
56 137
56 147
56 205
56 215
56 221
56 228
56 240
56 241
56 265
56 333
57 59
57 70
57 77
57 125
57 131
57 136
57 146
57 147
57 158
57 176
57 188
57 196
57 211
57 218
57 228
57 232
57 251
57 264
57 265
57 316
57 327
57 330
57 336
57 337
57 353
57 355
57 365
57 399
58 61
58 104
58 112
58 167
58 188
58 204
58 222
58 267
58 283
58 293
58 294
58 315
58 358
58 360
58 369
58 373
58 389
59 99
59 110
59 129
59 156
59 160
59 170
59 177
59 185
59 235
59 272
59 273
59 290
59 308
59 319
59 339
59 347
59 356
59 360
59 384
60 64
60 70
60 85
60 87
60 94
60 95
60 101
60 106
60 114
60 137
60 159
60 176
60 199
60 225
60 230
60 238
60 257
60 258
60 263
60 265
60 271
60 304
60 316
60 319
60 339
60 360
60 370
60 384
60 392
61 74
61 109
61 135
61 141
61 149
61 180
61 189
61 195
61 210
61 230
61 234
61 263
61 303
61 311
61 318
61 330
61 334
61 356
61 358
61 360
61 361
61 377
61 378
61 398
62 64
62 79
62 93
62 109
62 119
62 124
62 125
62 137
62 138
62 143
62 149
62 188
62 197
62 208
62 255
62 269
62 296
62 298
62 307
62 331
62 336
62 368
62 370
62 372
62 386
63 70
63 84
63 103
63 105
63 122
63 133
63 134
63 135
63 151
63 156
63 188
63 216
63 267
63 278
63 321
63 325
63 326
63 333
63 338
63 341
63 363
63 380
63 389
63 390
63 396
64 76
64 90
64 91
64 107
64 111
64 121
64 132
64 133
64 147
64 165
64 173
64 175
64 194
64 211
64 215
64 219
64 234
64 237
64 238
64 263
64 283
64 287
64 310
64 319
64 320
64 327
64 348
64 370
64 386
64 387
65 104
65 123
65 127
65 138
65 149
65 158
65 172
65 183
65 222
65 253
65 279
65 284
65 286
65 290
65 297
65 311
65 313
65 316
65 360
65 362
65 365
66 79
66 99
66 104
66 125
66 127
66 152
66 190
66 216
66 243
66 253
66 269
66 298
66 306
66 337
66 349
66 373
66 383
66 393
67 76
67 96
67 98
67 142
67 148
67 157
67 162
67 166
67 181
67 182
67 183
67 199
67 200
67 215
67 237
67 266
67 267
67 305
67 310
67 324
67 325
67 356
67 376
67 385
67 396
67 398
68 79
68 82
68 87
68 109
68 126
68 141
68 143
68 168
68 170
68 182
68 185
68 225
68 240
68 248
68 261
68 283
68 286
68 321
68 333
68 337
68 361
68 365
68 374
68 383
68 391
69 70
69 78
69 80
69 82
69 86
69 121
69 135
69 144
69 156
69 182
69 186
69 231
69 254
69 261
69 268
69 270
69 284
69 294
69 304
69 327
69 338
69 353
69 370
69 376
69 377
69 378
69 398
70 75
70 84
70 92
70 96
70 103
70 104
70 114
70 152
70 175
70 210
70 220
70 242
70 276
70 288
70 304
70 332
70 382
70 393
71 76
71 99
71 118
71 130
71 152
71 166
71 172
71 175
71 185
71 193
71 194
71 196
71 240
71 254
71 274
71 281
71 307
71 309
71 315
71 331
71 338
71 345
71 353
71 372
71 391
72 84
72 100
72 107
72 136
72 156
72 187
72 188
72 190
72 206
72 207
72 214
72 243
72 253
72 277
72 279
72 284
72 289
72 312
72 316
72 327
72 329
72 330
72 345
72 383
72 385
72 387
72 391
73 93
73 109
73 117
73 135
73 153
73 170
73 173
73 175
73 184
73 202
73 222
73 244
73 248
73 254
73 275
73 291
73 301
73 325
73 354
74 75
74 77
74 81
74 82
74 93
74 98
74 100
74 116
74 154
74 170
74 193
74 198
74 200
74 210
74 231
74 241
74 262
74 267
74 280
74 293
74 295
74 306
74 330
74 332
74 350
74 369
75 82
75 88
75 94
75 109
75 119
75 140
75 165
75 174
75 228
75 234
75 246
75 260
75 282
75 288
75 296
75 303
75 316
75 334
75 350
75 369
75 388
76 77
76 94
76 104
76 110
76 112
76 115
76 129
76 156
76 161
76 169
76 189
76 201
76 204
76 217
76 245
76 252
76 254
76 275
76 285
76 292
76 299
76 310
76 314
76 326
76 331
76 332
76 353
76 354
76 368
76 376
76 377
76 384
76 389
76 391
76 393
77 78
77 94
77 106
77 133
77 149
77 165
77 168
77 224
77 255
77 282
77 309
77 317
77 320
77 332
77 341
77 346
77 398
78 89
78 115
78 122
78 131
78 133
78 156
78 205
78 223
78 238
78 271
78 282
78 291
78 309
78 329
78 339
78 344
78 345
78 348
78 380
78 382
78 394
79 86
79 95
79 102
79 110
79 116
79 120
79 149
79 179
79 194
79 198
79 222
79 226
79 232
79 249
79 276
79 281
79 283
79 297
79 304
79 315
79 321
79 358
79 363
79 373
79 394
80 86
80 88
80 103
80 104
80 110
80 119
80 121
80 136
80 156
80 203
80 232
80 239
80 260
80 277
80 286
80 289
80 301
80 325
80 366
80 390
80 398
81 100
81 137
81 145
81 165
81 175
81 202
81 216
81 228
81 249
81 280
81 301
81 313
81 315
81 327
81 346
81 359
81 360
81 369
81 384
81 396
82 97
82 108
82 115
82 142
82 159
82 160
82 163
82 176
82 191
82 218
82 230
82 235
82 241
82 275
82 276
82 278
82 286
82 309
82 312
82 318
82 321
82 378
82 395
82 398
83 102
83 121
83 129
83 133
83 189
83 198
83 207
83 235
83 246
83 292
83 302
83 304
83 313
83 343
83 344
83 363
83 374
83 392
84 88
84 90
84 98
84 115
84 119
84 140
84 147
84 161
84 166
84 174
84 200
84 207
84 217
84 231
84 235
84 248
84 249
84 251
84 265
84 268
84 277
84 337
84 366
84 379
84 394
85 88
85 137
85 140
85 142
85 147
85 157
85 165
85 180
85 181
85 203
85 214
85 234
85 239
85 276
85 289
85 302
85 316
85 324
85 341
85 370
85 374
85 376
85 381
86 88
86 90
86 96
86 99
86 134
86 168
86 176
86 207
86 213
86 219
86 232
86 238
86 245
86 252
86 256
86 289
86 315
86 342
86 364
86 386
87 123
87 130
87 151
87 155
87 159
87 169
87 196
87 198
87 206
87 212
87 219
87 220
87 222
87 243
87 251
87 271
87 278
87 284
87 288
87 289
87 290
87 301
87 302
87 305
87 311
87 312
87 330
87 344
87 365
87 373
87 389
88 108
88 109
88 115
88 121
88 131
88 178
88 180
88 201
88 221
88 229
88 262
88 296
88 312
88 323
88 331
88 339
88 354
88 357
88 376
88 379
89 98
89 109
89 111
89 114
89 155
89 159
89 162
89 164
89 211
89 218
89 241
89 247
89 316
89 335
89 384
90 105
90 123
90 128
90 153
90 163
90 171
90 172
90 178
90 182
90 187
90 203
90 211
90 225
90 233
90 238
90 252
90 256
90 283
90 285
90 292
90 367
90 385
90 395
91 102
91 106
91 111
91 145
91 182
91 206
91 219
91 259
91 261
91 273
91 300
91 302
91 306
91 308
91 316
91 333
91 349
91 351
91 369
91 376
91 391
91 394
92 123
92 145
92 163
92 169
92 200
92 205
92 224
92 253
92 256
92 269
92 273
92 293
92 366
92 375
92 376
92 381
92 384
92 385
92 386
92 392
93 105
93 112
93 115
93 170
93 182
93 190
93 194
93 203
93 234
93 257
93 263
93 264
93 268
93 273
93 293
93 304
93 306
93 313
93 341
94 100
94 107
94 121
94 123
94 136
94 143
94 156
94 182
94 196
94 205
94 218
94 224
94 227
94 232
94 234
94 259
94 265
94 282
94 300
94 302
94 312
94 317
94 341
94 357
94 359
94 370
94 371
94 372
94 392
94 395
95 133
95 136
95 137
95 153
95 166
95 170
95 172
95 193
95 238
95 241
95 255
95 258
95 264
95 290
95 297
95 307
95 321
95 326
95 344
95 365
95 393
96 98
96 111
96 123
96 132
96 135
96 141
96 143
96 148
96 158
96 179
96 183
96 194
96 195
96 198
96 204
96 219
96 230
96 257
96 269
96 270
96 275
96 293
96 302
96 306
96 310
96 313
96 319
96 320
96 336
96 354
96 362
96 367
96 378
96 387
97 109
97 116
97 117
97 127
97 129
97 150
97 154
97 180
97 227
97 238
97 268
97 295
97 344
97 355
97 359
97 372
97 389
97 397
98 117
98 118
98 126
98 151
98 167
98 186
98 189
98 234
98 249
98 250
98 258
98 259
98 261
98 264
98 272
98 292
98 294
98 316
98 328
98 342
98 343
98 345
98 353
98 387
98 388
98 399
99 118
99 138
99 162
99 171
99 180
99 184
99 195
99 227
99 239
99 240
99 245
99 249
99 258
99 259
99 282
99 339
99 349
99 353
99 360
99 389
100 105
100 109
100 124
100 129
100 145
100 163
100 173
100 178
100 188
100 191
100 228
100 268
100 291
100 300
100 331
100 340
100 346
100 347
100 365
100 381
101 102
101 107
101 109
101 193
101 200
101 216
101 222
101 223
101 244
101 256
101 267
101 270
101 320
101 330
101 348
101 367
101 368
101 370
101 377
101 389
101 391
101 395
101 396
102 145
102 156
102 163
102 180
102 186
102 199
102 201
102 211
102 281
102 311
102 313
102 332
102 345
102 354
102 399
103 130
103 146
103 169
103 192
103 208
103 244
103 274
103 282
103 292
103 310
103 329
103 330
103 396
104 118
104 123
104 151
104 168
104 179
104 194
104 198
104 215
104 222
104 233
104 236
104 259
104 286
104 291
104 306
104 330
104 342
104 348
104 369
104 373
104 384
105 110
105 117
105 119
105 120
105 123
105 129
105 141
105 166
105 172
105 183
105 186
105 188
105 197
105 212
105 213
105 232
105 256
105 287
105 292
105 340
105 346
106 110
106 128
106 143
106 147
106 162
106 184
106 188
106 205
106 213
106 215
106 234
106 269
106 285
106 319
106 330
106 351
106 355
106 394
106 396
106 397
107 117
107 132
107 140
107 141
107 149
107 150
107 176
107 181
107 210
107 211
107 264
107 282
107 283
107 295
107 302
107 314
107 329
107 331
107 343
107 345
108 114
108 127
108 132
108 139
108 152
108 202
108 205
108 216
108 218
108 220
108 239
108 256
108 268
108 271
108 272
108 281
108 282
108 289
108 330
108 351
108 370
108 376
108 379
108 380
109 110
109 122
109 132
109 142
109 166
109 167
109 175
109 186
109 191
109 212
109 223
109 236
109 255
109 276
109 284
109 296
109 305
109 307
109 312
109 325
109 347
109 359
109 367
109 371
110 117
110 118
110 122
110 125
110 127
110 131
110 159
110 197
110 208
110 227
110 251
110 259
110 269
110 270
110 280
110 301
110 312
110 313
110 318
110 324
110 356
110 360
110 392
110 399
111 133
111 140
111 149
111 177
111 178
111 202
111 208
111 211
111 214
111 216
111 219
111 226
111 252
111 255
111 257
111 311
111 314
111 328
111 330
111 379
111 383
111 398
112 117
112 120
112 128
112 132
112 143
112 170
112 177
112 196
112 200
112 201
112 229
112 241
112 246
112 253
112 267
112 279
112 298
112 302
112 337
112 351
112 354
112 359
112 364
113 164
113 171
113 187
113 223
113 244
113 249
113 252
113 253
113 274
113 276
113 316
113 364
114 123
114 131
114 133
114 143
114 146
114 161
114 174
114 201
114 203
114 208
114 210
114 214
114 220
114 243
114 254
114 255
114 263
114 265
114 271
114 289
114 302
114 306
114 348
114 365
114 394
114 395
115 125
115 146
115 178
115 188
115 190
115 200
115 202
115 207
115 216
115 222
115 228
115 249
115 256
115 289
115 291
115 293
115 299
115 342
115 362
115 375
116 133
116 135
116 158
116 171
116 187
116 208
116 260
116 263
116 289
116 335
116 349
116 380
116 393
117 138
117 140
117 146
117 161
117 163
117 190
117 221
117 225
117 250
117 264
117 271
117 319
117 323
117 330
117 331
117 370
117 372
118 123
118 148
118 150
118 176
118 181
118 205
118 221
118 295
118 299
118 301
118 317
118 328
118 331
118 333
118 340
118 351
118 354
118 372
118 388
119 123
119 130
119 154
119 156
119 160
119 164
119 224
119 229
119 237
119 248
119 269
119 285
119 301
119 314
119 341
119 359
119 370
120 122
120 157
120 190
120 206
120 211
120 221
120 267
120 325
120 343
120 385
120 395
121 141
121 161
121 166
121 194
121 199
121 208
121 226
121 247
121 253
121 257
121 280
121 295
121 324
121 326
121 342
121 361
121 369
121 372
121 387
121 388
122 123
122 147
122 157
122 163
122 177
122 184
122 186
122 234
122 257
122 260
122 268
122 275
122 289
122 329
122 331
122 336
122 338
122 362
122 366
122 376
122 379
123 128
123 155
123 162
123 175
123 194
123 235
123 238
123 252
123 254
123 266
123 281
123 296
123 305
123 331
123 333
123 337
123 340
123 343
123 351
123 355
123 360
123 381
124 144
124 170
124 171
124 176
124 178
124 189
124 199
124 210
124 213
124 244
124 258
124 290
124 297
124 313
124 323
124 343
124 364
124 367
124 381
125 134
125 164
125 176
125 198
125 199
125 235
125 236
125 286
125 292
125 307
125 313
125 315
125 345
125 358
125 366
125 385
125 393
125 399
126 147
126 163
126 166
126 170
126 172
126 179
126 184
126 187
126 195
126 199
126 215
126 217
126 237
126 246
126 247
126 275
126 315
126 320
126 323
126 343
126 346
126 349
126 355
126 385
126 392
126 399
127 134
127 142
127 179
127 193
127 197
127 208
127 211
127 227
127 229
127 234
127 252
127 263
127 294
127 297
127 325
127 326
127 381
128 134
128 155
128 173
128 207
128 224
128 238
128 259
128 266
128 273
128 284
128 287
128 302
128 304
128 309
128 311
128 364
128 367
128 372
128 373
128 375
128 391
128 393
128 396
128 398
129 132
129 136
129 186
129 193
129 213
129 216
129 221
129 246
129 311
129 313
129 322
129 325
129 337
129 338
129 348
129 365
129 370
129 372
129 376
129 380
129 381
129 385
130 132
130 139
130 155
130 164
130 182
130 194
130 195
130 198
130 209
130 226
130 230
130 244
130 256
130 260
130 298
130 307
130 329
130 330
130 345
130 353
130 371
130 391
131 133
131 135
131 156
131 163
131 179
131 184
131 197
131 216
131 222
131 223
131 231
131 233
131 253
131 289
131 305
131 314
131 320
131 336
131 341
131 356
131 387
131 394
132 136
132 138
132 169
132 171
132 174
132 188
132 190
132 194
132 200
132 216
132 240
132 249
132 254
132 264
132 273
132 286
132 316
132 328
132 353
132 355
132 356
133 140
133 152
133 156
133 161
133 200
133 209
133 218
133 228
133 236
133 255
133 284
133 287
133 288
133 295
133 369
133 385
134 152
134 166
134 176
134 196
134 198
134 200
134 204
134 219
134 221
134 264
134 273
134 286
134 303
134 321
134 328
134 339
134 361
134 365
134 388
134 392
134 398
135 150
135 167
135 176
135 179
135 258
135 286
135 314
135 344
135 347
135 360
135 374
135 376
135 379
135 390
135 399
136 139
136 142
136 145
136 149
136 190
136 203
136 211
136 212
136 235
136 237
136 241
136 263
136 267
136 275
136 286
136 296
136 298
136 342
136 343
136 367
136 384
137 146
137 153
137 184
137 187
137 188
137 207
137 214
137 230
137 246
137 247
137 275
137 293
137 296
137 310
137 311
137 325
137 394
137 396
138 146
138 152
138 154
138 164
138 171
138 187
138 202
138 207
138 211
138 248
138 250
138 252
138 288
138 291
138 295
138 299
138 311
138 323
138 343
138 381
138 394
139 158
139 173
139 178
139 191
139 194
139 199
139 203
139 221
139 248
139 249
139 251
139 259
139 261
139 270
139 274
139 281
139 296
139 297
139 333
139 340
139 351
139 352
139 353
139 354
139 355
139 359
139 370
139 377
139 380
139 395
140 147
140 149
140 158
140 221
140 222
140 256
140 258
140 261
140 271
140 277
140 279
140 291
140 300
140 312
140 313
140 315
140 328
140 364
140 369
140 383
140 386
140 388
141 182
141 210
141 211
141 217
141 219
141 239
141 240
141 270
141 275
141 278
141 294
141 306
141 335
141 336
141 339
141 349
141 371
141 376
141 381
142 214
142 242
142 258
142 276
142 293
142 299
142 315
142 323
142 337
142 361
142 364
142 374
142 382
142 383
142 399
143 176
143 185
143 191
143 200
143 203
143 211
143 214
143 229
143 233
143 260
143 327
143 352
143 356
143 361
143 368
143 370
143 389
144 173
144 196
144 201
144 203
144 204
144 224
144 227
144 285
144 329
144 349
144 350
145 149
145 195
145 197
145 207
145 230
145 252
145 264
145 270
145 293
145 315
145 317
145 336
145 355
146 147
146 150
146 160
146 161
146 228
146 233
146 234
146 273
146 282
146 284
146 286
146 290
146 295
146 307
146 321
146 324
146 342
146 395
146 396
147 150
147 151
147 180
147 191
147 195
147 197
147 230
147 249
147 292
147 299
147 305
147 310
147 321
147 322
147 326
147 336
147 343
147 368
147 375
148 153
148 163
148 179
148 188
148 216
148 237
148 239
148 240
148 242
148 243
148 256
148 259
148 311
148 321
148 327
149 186
149 233
149 237
149 246
149 267
149 269
149 271
149 275
149 307
149 311
149 315
149 319
149 330
149 340
149 343
149 345
149 347
149 363
150 151
150 153
150 155
150 169
150 189
150 199
150 208
150 235
150 267
150 316
150 317
150 347
150 349
150 374
151 161
151 172
151 186
151 204
151 205
151 210
151 227
151 264
151 269
151 279
151 283
151 314
151 343
151 347
151 355
151 379
151 386
151 395
152 164
152 175
152 181
152 206
152 208
152 214
152 217
152 218
152 233
152 246
152 268
152 303
152 304
152 327
152 365
152 373
152 386
152 389
153 161
153 162
153 193
153 197
153 201
153 203
153 204
153 214
153 223
153 233
153 235
153 243
153 272
153 287
153 289
153 301
153 311
153 345
153 349
153 350
153 387
154 163
154 197
154 209
154 255
154 267
154 278
154 284
154 301
154 307
154 315
154 325
154 339
154 362
154 364
154 378
154 379
155 177
155 208
155 225
155 262
155 265
155 284
155 301
155 316
155 320
155 328
155 359
155 368
155 375
155 393
155 396
156 171
156 214
156 218
156 235
156 236
156 263
156 272
156 276
156 280
156 296
156 298
156 340
156 342
156 351
156 353
156 357
156 375
157 198
157 208
157 209
157 226
157 228
157 230
157 231
157 268
157 272
157 280
157 283
157 288
157 291
157 293
157 296
157 308
157 310
157 324
157 326
157 335
157 388
158 183
158 200
158 211
158 212
158 216
158 234
158 286
158 313
158 337
158 348
158 363
158 369
158 399
159 160
159 164
159 176
159 217
159 218
159 231
159 235
159 256
159 272
159 277
159 281
159 286
159 288
159 339
159 344
159 361
159 395
160 192
160 205
160 215
160 222
160 247
160 277
160 287
160 298
160 310
160 326
160 332
160 339
160 356
160 359
160 361
160 379
161 166
161 185
161 196
161 206
161 230
161 255
161 256
161 266
161 343
161 349
161 358
161 362
161 394
162 164
162 167
162 214
162 233
162 268
162 282
162 293
162 300
162 301
162 327
162 365
163 164
163 174
163 198
163 210
163 217
163 220
163 221
163 232
163 243
163 244
163 246
163 251
163 277
163 289
163 338
163 348
163 354
163 362
163 370
164 167
164 200
164 218
164 223
164 233
164 238
164 295
164 310
164 346
164 347
164 355
164 359
164 376
164 396
165 166
165 170
165 176
165 178
165 196
165 208
165 226
165 237
165 255
165 256
165 260
165 264
165 267
165 268
165 276
165 322
165 349
165 353
165 359
165 383
166 177
166 183
166 230
166 236
166 240
166 246
166 259
166 279
166 281
166 305
166 331
166 360
166 368
166 371
167 173
167 184
167 185
167 211
167 218
167 227
167 232
167 234
167 238
167 251
167 254
167 269
167 275
167 284
167 291
167 345
167 346
167 367
167 372
167 380
167 385
168 190
168 197
168 206
168 207
168 210
168 214
168 217
168 222
168 247
168 261
168 266
168 276
168 290
168 314
168 352
168 371
169 187
169 206
169 210
169 236
169 247
169 262
169 263
169 282
169 289
169 303
169 312
169 316
169 340
169 343
169 350
169 370
169 397
170 204
170 214
170 269
170 283
170 302
170 305
170 320
170 322
170 326
170 340
170 349
170 350
170 353
170 368
170 397
171 249
171 270
171 276
171 321
171 324
171 342
171 348
171 373
171 387
171 389
172 202
172 212
172 256
172 257
172 270
172 273
172 296
172 299
172 350
172 353
172 357
172 375
172 396
173 178
173 191
173 198
173 210
173 226
173 234
173 248
173 257
173 278
173 288
173 318
173 326
173 343
173 360
173 384
173 396
174 176
174 197
174 202
174 223
174 238
174 254
174 296
174 302
174 323
174 326
174 344
174 352
174 367
174 373
174 397
175 176
175 180
175 191
175 192
175 196
175 240
175 248
175 251
175 255
175 256
175 286
175 290
175 300
175 322
175 327
175 352
175 366
175 388
176 178
176 181
176 183
176 196
176 220
176 221
176 223
176 262
176 272
176 273
176 289
176 294
176 302
176 329
176 353
176 354
176 368
176 396
177 181
177 184
177 203
177 256
177 266
177 267
177 282
177 301
177 333
177 354
177 371
178 185
178 197
178 208
178 223
178 269
178 286
178 291
178 324
178 341
178 378
179 204
179 215
179 225
179 227
179 235
179 237
179 238
179 259
179 274
179 277
179 281
179 307
179 308
179 314
179 320
179 349
179 356
179 365
179 369
179 377
179 383
179 396
180 186
180 207
180 242
180 247
180 249
180 254
180 293
180 316
180 328
180 341
180 381
180 393
181 187
181 189
181 196
181 198
181 204
181 213
181 214
181 232
181 278
181 294
181 295
181 300
181 308
181 322
181 344
181 385
182 204
182 219
182 230
182 255
182 302
182 310
182 312
182 324
182 357
182 374
182 376
183 191
183 194
183 197
183 207
183 218
183 245
183 256
183 257
183 281
183 286
183 300
183 304
183 318
183 319
183 350
183 361
183 385
183 396
184 193
184 202
184 210
184 241
184 253
184 278
184 296
184 301
184 305
184 311
184 323
184 335
184 360
184 377
185 194
185 209
185 218
185 225
185 237
185 244
185 257
185 276
185 286
185 298
185 299
185 314
185 340
185 360
185 363
185 380
185 385
186 196
186 197
186 223
186 224
186 240
186 265
186 267
186 271
186 278
186 282
186 285
186 289
186 299
186 324
186 328
186 333
186 347
186 367
186 373
186 378
186 382
186 394
187 221
187 245
187 251
187 253
187 295
187 303
187 325
187 337
187 363
187 397
188 189
188 223
188 229
188 246
188 256
188 273
188 325
188 331
188 345
189 194
189 230
189 253
189 256
189 272
189 298
189 304
189 311
189 328
189 333
189 360
189 377
189 382
189 384
190 197
190 207
190 215
190 219
190 224
190 253
190 267
190 275
190 330
190 331
190 353
190 360
190 372
190 373
191 213
191 217
191 240
191 252
191 256
191 263
191 279
191 280
191 305
191 310
191 316
191 378
191 390
192 196
192 212
192 213
192 218
192 219
192 223
192 230
192 299
192 303
192 304
192 323
192 343
192 392
193 194
193 196
193 215
193 220
193 233
193 259
193 286
193 289
193 310
193 371
193 375
194 220
194 224
194 239
194 253
194 268
194 280
194 295
194 306
194 313
194 315
194 323
194 335
194 341
194 384
195 203
195 215
195 217
195 228
195 257
195 280
195 291
195 304
195 315
195 318
195 341
195 345
195 357
196 217
196 222
196 225
196 234
196 239
196 247
196 276
196 282
196 315
196 333
196 334
196 377
196 397
197 198
197 209
197 215
197 239
197 241
197 266
197 291
197 296
197 300
197 312
197 350
197 393
197 397
198 206
198 209
198 228
198 253
198 280
198 289
198 325
198 327
198 329
198 330
198 332
198 335
198 342
198 353
198 382
198 387
198 392
198 397
199 243
199 263
199 266
199 287
199 288
199 320
200 202
200 204
200 217
200 235
200 257
200 264
200 294
200 307
200 318
200 370
200 373
200 378
201 208
201 210
201 228
201 247
201 248
201 268
201 270
201 275
201 291
201 305
201 319
201 362
201 374
201 376
201 397
202 240
202 279
202 280
202 313
202 325
202 326
202 340
202 347
202 355
202 359
202 365
202 377
202 396
203 205
203 220
203 247
203 262
203 265
203 267
203 273
203 291
203 312
203 320
203 323
203 327
203 328
203 337
203 348
203 360
203 363
203 366
203 371
203 387
203 388
204 257
204 298
204 300
204 309
204 316
204 336
204 350
205 224
205 231
205 246
205 247
205 274
205 275
205 281
205 287
205 288
205 297
205 304
205 305
205 338
205 339
205 369
205 374
205 379
205 390
205 391
206 209
206 218
206 219
206 220
206 224
206 225
206 227
206 238
206 246
206 288
206 296
206 309
206 320
206 336
206 366
206 384
206 397
207 230
207 240
207 268
207 271
207 277
207 288
207 299
207 332
207 342
207 364
207 375
207 389
207 399
208 210
208 219
208 255
208 261
208 269
208 271
208 289
208 304
208 324
208 349
208 354
208 364
208 368
208 373
208 384
208 395
209 215
209 237
209 243
209 254
209 257
209 276
209 291
209 293
209 295
209 307
209 328
209 329
209 335
209 393
210 243
210 253
210 267
210 269
210 270
210 282
210 285
210 288
210 294
210 327
210 333
210 337
210 349
211 219
211 287
211 297
211 306
211 314
211 330
211 360
211 385
212 215
212 223
212 229
212 231
212 257
212 267
212 285
212 295
212 330
212 331
212 338
212 355
212 361
212 373
212 374
213 224
213 227
213 233
213 235
213 251
213 260
213 264
213 265
213 276
213 289
213 322
213 324
213 331
213 336
213 356
213 364
213 374
214 219
214 245
214 247
214 252
214 278
214 303
214 310
214 313
214 321
214 358
214 368
215 254
215 349
215 362
215 363
215 386
216 233
216 235
216 244
216 246
216 264
216 269
216 279
216 287
216 289
216 290
216 292
216 294
216 296
216 326
216 331
216 335
216 339
216 344
216 376
216 387
217 231
217 241
217 280
217 283
217 366
217 397
218 249
218 264
218 321
218 353
218 362
218 363
218 391
219 224
219 241
219 264
219 269
219 386
219 388
220 243
220 251
220 274
220 287
220 288
220 336
220 338
220 350
220 353
220 388
220 392
221 233
221 247
221 279
221 284
221 293
221 322
221 327
221 338
221 342
221 347
221 349
221 365
221 392
222 223
222 247
222 253
222 255
222 282
222 289
222 290
222 292
222 310
222 311
222 335
222 337
222 339
222 343
222 355
222 360
222 363
222 379
222 390
222 392
223 236
223 243
223 246
223 253
223 260
223 268
223 310
223 315
223 337
223 341
223 359
223 369
224 239
224 249
224 253
224 254
224 283
224 287
224 309
224 319
224 325
224 337
224 368
225 240
225 241
225 275
225 307
225 310
225 333
225 344
225 361
225 363
225 364
225 392
226 237
226 260
226 273
226 292
226 345
226 350
226 358
226 385
226 389
226 394
226 395
227 249
227 262
227 263
227 267
227 278
227 284
227 299
227 301
227 309
227 317
227 319
227 335
227 339
227 349
227 352
227 357
227 398
227 399
228 238
228 239
228 241
228 249
228 255
228 263
228 284
228 288
228 313
228 317
228 329
228 330
228 338
228 345
228 349
228 352
228 383
228 395
229 276
229 291
229 308
229 327
229 351
229 369
229 383
229 393
229 394
230 246
230 252
230 260
230 264
230 278
230 285
230 311
230 331
230 347
230 364
230 367
230 368
230 374
230 387
230 394
231 248
231 263
231 293
231 312
231 319
231 320
231 340
231 342
231 362
231 384
231 398
232 253
232 258
232 265
232 283
232 284
232 286
232 306
232 309
232 334
232 342
232 349
232 383
232 385
232 394
232 395
233 234
233 235
233 236
233 270
233 294
233 300
233 302
233 341
233 351
233 382
233 396
234 255
234 259
234 262
234 270
234 274
234 276
234 297
234 307
234 323
234 326
234 330
234 334
234 350
234 352
235 236
235 248
235 252
235 254
235 258
235 260
235 266
235 271
235 299
235 312
235 319
235 322
235 343
235 375
235 388
235 393
236 245
236 247
236 259
236 261
236 265
236 271
236 273
236 277
236 303
236 325
236 328
236 350
236 372
236 394
237 266
237 285
237 286
237 297
237 300
237 307
237 330
237 340
237 361
237 373
237 386
237 392
237 398
238 254
238 256
238 266
238 282
238 288
238 306
238 309
238 342
238 345
238 350
238 381
238 385
238 396
239 265
239 275
239 282
239 304
239 321
239 322
239 323
239 337
239 341
239 369
239 376
239 377
239 381
240 253
240 257
240 283
240 284
240 321
240 346
240 348
240 355
240 388
241 251
241 254
241 283
241 316
241 359
241 376
241 395
242 251
242 258
242 266
242 312
242 326
242 332
242 346
242 347
242 356
242 394
243 255
243 262
243 265
243 274
243 305
243 306
243 311
243 312
243 313
243 333
243 339
243 343
243 345
243 351
243 380
243 383
243 397
244 250
244 253
244 257
244 276
244 291
244 294
244 311
244 316
244 351
244 389
244 396
245 249
245 283
245 298
245 320
245 332
245 339
245 392
246 275
246 279
246 287
246 310
246 322
246 347
246 348
246 352
246 357
246 360
247 257
247 258
247 259
247 273
247 274
247 286
247 304
247 322
247 344
247 348
247 349
247 369
247 383
247 388
247 392
248 268
248 284
248 300
248 308
248 320
248 336
248 341
248 356
248 376
248 398
249 299
249 304
249 311
249 348
249 362
249 398
250 253
250 267
250 273
250 274
250 288
250 292
250 304
250 306
250 322
250 326
250 327
250 332
251 262
251 264
251 265
251 275
251 288
251 300
251 301
251 311
251 314
251 317
251 324
251 358
251 370
251 374
252 253
252 289
252 293
252 295
252 309
252 311
252 315
252 331
252 349
253 272
253 273
253 274
253 281
253 298
253 303
253 337
253 357
253 360
253 380
253 396
253 397
254 264
254 270
254 276
254 309
254 313
254 320
254 321
254 336
254 344
254 349
254 367
254 374
254 377
255 267
255 271
255 316
255 317
255 332
255 348
255 359
255 376
255 399
256 265
256 279
256 317
256 330
256 340
256 367
256 368
256 398
257 262
257 273
257 285
257 289
257 290
257 315
257 319
257 326
257 347
257 356
257 357
257 359
257 362
257 366
257 369
257 385
257 387
258 259
258 260
258 264
258 284
258 311
258 326
258 328
258 350
258 376
259 271
259 299
259 310
259 325
259 336
259 341
259 355
259 376
259 378
259 384
259 387
260 314
260 356
260 362
260 388
261 262
261 267
261 284
261 298
261 316
261 321
261 348
261 350
261 352
261 355
261 382
261 385
262 263
262 280
262 306
262 319
262 328
262 330
262 391
263 265
263 302
263 320
263 335
263 340
263 345
263 390
263 392
263 393
264 288
264 291
264 303
264 311
264 336
264 345
264 349
264 359
264 374
264 384
264 387
264 392
265 270
265 292
265 308
265 322
265 328
265 334
265 352
265 370
265 376
265 380
265 385
266 276
266 284
266 313
266 319
266 330
266 334
266 354
266 356
266 367
266 370
266 379
266 386
266 392
267 282
267 289
267 304
267 320
267 325
267 348
267 357
267 360
267 388
267 391
268 280
268 282
268 293
268 313
268 316
268 321
268 364
268 369
268 371
268 376
268 390
268 395
268 399
269 270
269 276
269 288
269 293
269 304
269 320
269 329
269 337
269 354
269 362
269 385
269 390
270 276
270 290
270 295
270 301
270 336
271 292
271 300
271 311
271 344
271 346
271 376
271 378
271 390
271 391
271 396
272 278
272 287
272 311
272 326
272 353
272 364
272 369
273 302
273 331
273 338
273 357
273 371
273 397
274 285
274 290
274 330
274 335
274 350
274 359
274 387
275 292
275 309
275 317
275 333
275 344
275 349
275 361
275 384
275 385
276 291
276 297
276 313
276 324
276 325
276 327
276 330
276 345
276 348
276 352
276 359
276 365
276 388
277 323
277 327
277 333
277 339
277 351
277 354
277 360
277 361
277 363
277 364
277 378
277 383
277 385
278 309
278 323
278 363
278 368
278 373
278 380
279 286
279 287
279 291
279 294
279 315
279 342
279 391
279 392
279 397
280 282
280 314
280 324
280 344
280 371
280 387
280 395
281 312
281 325
281 349
281 355
281 367
281 392
282 297
282 312
282 313
282 337
282 371
282 373
282 379
282 386
283 306
283 317
283 337
283 385
283 394
284 288
284 297
284 303
284 330
284 359
284 385
284 389
285 302
285 304
285 323
285 335
285 347
285 348
285 372
285 376
285 385
286 287
286 299
286 306
286 313
286 316
286 319
286 329
286 399
287 291
287 294
287 302
287 337
287 352
287 393
287 397
288 296
288 298
288 308
288 309
288 314
288 354
288 375
288 377
288 394
289 296
289 322
289 365
289 368
289 370
289 374
289 387
289 399
290 308
290 330
290 355
290 385
291 293
291 301
291 313
291 339
291 342
291 350
291 355
291 374
291 388
291 393
292 309
292 321
292 336
292 340
292 381
293 294
293 297
293 326
293 338
293 339
293 350
293 358
293 365
293 370
293 371
293 393
293 398
294 301
294 312
294 319
294 320
294 321
294 329
294 334
294 337
294 347
294 355
294 366
294 367
294 393
294 394
294 398
295 310
295 338
295 356
295 368
296 313
296 334
296 394
297 319
297 338
297 340
297 363
297 379
297 392
298 321
298 328
298 336
298 373
298 386
299 310
299 315
299 319
299 324
299 337
299 388
299 392
300 312
300 327
300 338
300 347
300 353
300 355
300 357
300 359
300 365
300 399
301 313
301 314
301 318
301 333
301 338
301 344
301 359
301 372
301 381
301 390
302 336
302 340
302 354
302 356
302 361
302 381
302 393
303 335
303 341
303 387
303 395
303 396
304 315
304 335
304 361
305 320
305 336
305 360
305 372
305 393
305 395
305 399
306 309
306 310
306 325
306 333
306 341
306 344
306 365
306 393
307 312
307 313
307 326
307 348
307 360
307 367
307 373
307 381
308 321
308 334
308 343
308 377
308 386
309 315
309 316
309 337
309 369
309 383
310 315
310 327
310 344
310 346
310 363
310 367
310 373
311 317
311 320
311 379
311 393
311 398
312 327
312 339
312 348
313 318
313 338
313 352
313 376
313 381
313 391
313 392
314 322
314 329
314 361
314 379
314 396
315 325
315 341
315 362
315 390
316 345
316 362
316 372
316 387
317 321
317 322
317 327
317 336
317 353
317 364
318 326
318 330
318 336
318 351
318 363
318 391
319 320
319 334
319 356
319 361
320 326
320 334
320 367
320 368
320 378
320 392
321 333
321 334
321 337
321 343
321 349
321 381
321 397
322 332
322 353
322 363
322 364
322 365
322 385
323 324
323 325
323 389
324 329
324 335
324 337
324 345
324 353
324 356
324 376
324 378
325 326
325 359
325 367
325 376
325 392
326 340
326 374
326 376
326 383
327 354
327 361
327 382
327 387
328 333
328 350
328 362
328 363
328 369
328 389
328 398
329 357
329 358
329 373
329 374
329 395
330 334
330 343
330 350
330 374
331 347
331 354
331 385
331 390
332 333
332 337
332 347
332 350
332 354
332 390
333 371
333 376
333 382
334 358
334 388
334 389
335 342
335 349
335 369
335 383
336 340
336 356
336 369
336 386
336 388
337 339
337 347
337 358
337 363
337 372
337 378
338 343
338 359
338 377
338 391
339 348
339 358
339 377
339 379
339 396
339 399
340 346
340 359
340 360
340 368
340 376
341 358
341 359
341 366
341 387
341 399
342 357
342 375
342 397
343 358
343 364
343 394
343 396
344 347
344 357
344 360
344 366
344 373
344 374
345 348
345 359
345 395
346 347
346 357
346 395
347 370
347 371
347 382
347 395
348 366
348 396
349 373
349 385
349 387
350 358
350 369
350 381
350 389
350 395
351 352
351 364
351 372
351 379
351 380
352 356
352 361
352 362
352 365
352 370
353 359
353 362
353 374
354 380
354 393
355 384
355 386
355 395
356 363
356 381
356 392
357 359
357 369
357 372
357 378
357 384
357 395
358 362
358 365
359 362
359 365
359 375
359 386
360 365
361 367
361 369
361 376
361 384
362 369
362 394
363 392
365 367
365 391
365 397
366 368
366 374
366 382
366 396
368 388
368 395
370 375
370 381
370 382
370 386
371 389
372 383
373 376
373 395
373 399
374 375
374 377
374 397
375 380
375 386
375 389
376 381
376 386
377 381
378 394
379 381
380 388
381 382
382 383
382 386
384 397
385 394
385 399
386 397
386 398
387 390
388 395
388 396
388 397
389 396
390 396
391 397
392 394
393 394
394 399
395 398
396 398
