300 2700 0.8
0 21
0 40
0 61
0 73
0 95
0 150
0 167
0 179
0 189
0 205
0 216
0 244
0 259
0 262
0 265
0 268
0 284
0 286
0 290
1 6
1 24
1 25
1 52
1 80
1 84
1 131
1 132
1 149
1 157
1 159
1 174
1 189
1 220
1 221
1 225
1 234
1 252
1 257
1 262
1 265
1 268
1 285
1 297
2 9
2 10
2 43
2 45
2 46
2 60
2 89
2 130
2 132
2 150
2 155
2 158
2 166
2 186
2 204
2 225
2 227
2 247
2 298
3 19
3 35
3 50
3 61
3 80
3 85
3 99
3 125
3 136
3 147
3 177
3 181
3 213
3 227
3 239
3 249
3 261
3 262
3 266
3 275
3 291
4 14
4 45
4 83
4 87
4 94
4 174
4 177
4 184
4 232
4 249
4 289
5 24
5 31
5 33
5 47
5 66
5 68
5 76
5 77
5 79
5 81
5 82
5 87
5 91
5 105
5 124
5 144
5 166
5 181
5 196
5 198
5 199
5 217
5 235
5 263
5 296
6 17
6 19
6 23
6 33
6 53
6 57
6 70
6 97
6 113
6 114
6 134
6 135
6 143
6 164
6 174
6 196
6 213
6 214
6 245
6 260
6 263
7 52
7 67
7 96
7 111
7 112
7 117
7 120
7 131
7 133
7 167
7 172
7 176
7 192
7 194
7 212
7 246
7 250
7 263
7 268
7 273
7 284
7 288
7 295
8 11
8 34
8 59
8 62
8 74
8 75
8 76
8 87
8 97
8 138
8 153
8 171
8 181
8 193
8 202
8 213
8 216
8 231
8 257
8 258
8 259
8 278
8 288
9 71
9 80
9 81
9 87
9 100
9 215
9 229
9 237
9 256
9 264
10 48
10 86
10 118
10 151
10 196
10 214
10 234
10 281
11 17
11 39
11 66
11 80
11 85
11 93
11 129
11 139
11 141
11 218
11 230
11 241
11 244
11 252
11 254
11 270
12 43
12 52
12 78
12 84
12 87
12 94
12 110
12 132
12 133
12 137
12 148
12 170
12 178
12 200
12 209
12 227
12 260
12 271
13 20
13 32
13 50
13 87
13 92
13 111
13 126
13 129
13 157
13 164
13 167
13 175
13 208
13 258
13 273
13 283
13 290
13 294
13 295
14 40
14 54
14 91
14 118
14 130
14 134
14 164
14 165
14 179
14 187
14 197
14 214
14 220
14 230
14 240
14 272
14 290
14 294
14 296
15 17
15 22
15 36
15 50
15 68
15 75
15 77
15 79
15 92
15 127
15 163
15 173
15 184
15 186
15 189
15 202
15 210
15 225
15 237
15 244
15 247
15 249
15 262
15 270
15 273
16 53
16 107
16 152
16 170
16 197
16 246
16 255
16 268
16 281
17 25
17 30
17 36
17 82
17 91
17 111
17 152
17 156
17 170
17 249
17 255
17 257
17 277
17 287
18 55
18 62
18 86
18 118
18 149
18 164
18 177
18 191
18 193
18 204
18 208
18 232
18 236
18 242
18 250
18 253
18 262
18 284
19 23
19 26
19 29
19 32
19 35
19 40
19 56
19 77
19 85
19 91
19 93
19 115
19 162
19 188
19 195
19 197
19 200
19 217
19 233
19 256
19 291
19 298
20 32
20 39
20 64
20 72
20 80
20 82
20 86
20 114
20 116
20 128
20 138
20 141
20 147
20 155
20 169
20 171
20 202
20 203
20 215
20 269
20 295
21 22
21 38
21 47
21 51
21 57
21 74
21 79
21 120
21 121
21 214
21 227
21 258
21 259
21 273
22 44
22 49
22 56
22 68
22 78
22 91
22 111
22 126
22 132
22 142
22 147
22 170
22 191
22 232
22 240
22 249
22 291
22 292
23 36
23 87
23 94
23 111
23 116
23 154
23 161
23 168
23 170
23 180
23 181
23 193
23 208
23 244
23 256
23 263
23 267
23 271
23 273
24 48
24 54
24 101
24 104
24 137
24 145
24 161
24 174
24 192
24 252
24 265
24 275
24 299
25 34
25 37
25 47
25 70
25 130
25 141
25 181
25 208
25 228
25 241
25 261
25 270
25 275
25 285
25 287
25 298
26 30
26 44
26 47
26 49
26 73
26 75
26 97
26 103
26 122
26 150
26 169
26 171
26 174
26 178
26 233
26 244
26 256
26 266
26 292
26 294
26 295
27 33
27 69
27 93
27 114
27 145
27 149
27 169
27 183
27 184
27 190
27 198
27 208
27 232
27 234
27 236
27 288
27 296
28 43
28 73
28 84
28 120
28 139
28 140
28 149
28 164
28 191
28 223
28 255
28 268
28 271
28 297
29 51
29 103
29 108
29 129
29 156
29 188
29 206
29 257
29 262
29 274
29 292
30 47
30 76
30 96
30 126
30 133
30 158
30 179
30 182
30 261
30 298
31 41
31 50
31 52
31 75
31 131
31 163
31 212
31 226
31 241
31 248
31 253
31 285
31 292
31 294
32 59
32 64
32 69
32 79
32 94
32 102
32 107
32 114
32 125
32 156
32 163
32 174
32 190
32 195
32 208
32 224
32 284
32 287
33 47
33 64
33 95
33 114
33 143
33 147
33 168
33 187
33 193
33 202
33 221
33 225
33 251
34 83
34 127
34 136
34 140
34 155
34 161
34 180
34 183
34 225
34 234
34 261
34 295
35 38
35 61
35 84
35 86
35 99
35 150
35 162
35 163
35 212
35 213
35 217
35 220
35 221
35 225
35 239
35 253
35 257
36 46
36 55
36 65
36 67
36 81
36 85
36 108
36 145
36 147
36 176
36 177
36 182
36 229
36 242
36 249
36 277
36 283
37 42
37 48
37 57
37 62
37 79
37 98
37 160
37 173
37 216
37 225
37 235
37 239
37 246
37 247
37 256
37 264
37 272
37 298
38 40
38 47
38 55
38 62
38 99
38 123
38 133
38 138
38 153
38 158
38 167
38 171
38 181
38 220
38 288
39 62
39 95
39 110
39 143
39 177
39 190
39 217
39 251
40 45
40 56
40 67
40 83
40 85
40 126
40 165
40 168
40 182
40 208
40 214
40 227
40 252
40 258
40 280
41 51
41 52
41 55
41 85
41 86
41 89
41 106
41 115
41 139
41 159
41 179
41 206
41 219
41 286
41 296
42 61
42 77
42 81
42 94
42 95
42 104
42 128
42 132
42 158
42 161
42 169
42 186
42 188
42 256
42 257
42 269
42 275
42 282
42 297
43 50
43 58
43 94
43 112
43 123
43 128
43 152
43 173
43 176
43 194
43 208
43 234
43 247
43 248
43 268
43 286
44 88
44 95
44 105
44 157
44 192
44 200
44 268
44 273
45 69
45 78
45 89
45 125
45 128
45 168
45 187
45 242
45 246
46 74
46 79
46 81
46 98
46 105
46 116
46 124
46 139
46 169
46 171
46 184
46 200
46 202
46 244
46 260
46 274
46 298
47 54
47 64
47 65
47 76
47 79
47 88
47 94
47 101
47 107
47 120
47 152
47 175
47 190
47 213
47 232
47 239
47 246
47 258
48 59
48 77
48 108
48 113
48 128
48 130
48 135
48 138
48 154
48 155
48 168
48 183
48 193
48 197
48 210
48 213
48 224
48 267
48 279
48 296
49 84
49 120
49 122
49 126
49 137
49 185
49 201
49 209
49 230
49 241
49 245
49 249
49 290
49 295
50 82
50 91
50 120
50 143
50 150
50 186
50 224
50 225
50 226
50 227
50 240
50 248
50 251
50 258
50 298
51 68
51 85
51 86
51 105
51 118
51 123
51 135
51 138
51 156
51 162
51 179
51 186
51 206
51 209
51 298
52 57
52 87
52 89
52 114
52 123
52 176
52 177
52 178
52 198
52 201
52 207
52 212
52 230
52 231
52 235
52 242
52 292
53 66
53 69
53 118
53 151
53 153
53 161
53 172
53 185
53 187
53 205
53 257
53 275
53 286
54 66
54 73
54 74
54 78
54 88
54 115
54 132
54 145
54 146
54 150
54 188
54 223
54 281
54 294
55 88
55 130
55 158
55 181
55 185
55 211
55 216
55 245
55 255
55 277
55 286
55 291
56 71
56 87
56 103
56 125
56 131
56 157
56 198
56 217
56 227
56 245
56 247
56 280
57 60
57 81
57 95
57 98
57 130
57 134
57 144
57 165
57 171
57 183
57 198
57 212
57 249
57 275
57 288
58 89
58 98
58 99
58 111
58 114
58 124
58 145
58 161
58 239
58 241
58 263
58 282
58 284
58 296
59 82
59 114
59 153
59 223
59 231
60 68
60 94
60 106
60 109
60 136
60 145
60 151
60 159
60 178
60 191
60 205
60 255
60 259
60 266
60 275
60 288
61 66
61 68
61 72
61 73
61 79
61 163
61 172
61 176
61 196
61 211
61 217
61 226
61 232
61 249
61 254
61 268
61 278
61 284
61 290
61 294
62 71
62 76
62 79
62 82
62 97
62 100
62 123
62 161
62 162
62 180
62 186
62 205
62 208
62 216
62 248
62 257
62 276
62 277
63 73
63 77
63 83
63 89
63 107
63 115
63 139
63 140
63 152
63 180
63 181
63 184
63 238
63 244
63 272
63 275
63 276
63 280
64 69
64 70
64 82
64 98
64 122
64 148
64 157
64 158
64 198
64 227
64 228
64 280
65 89
65 109
65 112
65 113
65 114
65 126
65 202
65 210
65 211
65 214
65 244
65 245
65 268
65 271
65 290
66 77
66 114
66 132
66 150
66 179
66 195
66 200
66 228
66 283
67 96
67 112
67 119
67 123
67 154
67 166
67 176
67 198
67 200
67 201
67 227
67 230
67 238
67 273
67 278
68 82
68 111
68 126
68 128
68 144
68 149
68 172
68 182
68 209
68 234
68 238
68 241
68 262
68 290
68 293
69 74
69 99
69 113
69 134
69 168
69 181
69 193
69 200
69 209
69 210
69 244
69 250
69 264
69 291
70 92
70 93
70 101
70 104
70 138
70 140
70 149
70 159
70 203
70 216
70 227
70 231
70 234
70 247
70 279
70 289
71 86
71 114
71 135
71 141
71 153
71 156
71 178
71 226
71 237
71 252
71 295
72 87
72 90
72 102
72 124
72 157
72 205
72 227
72 231
72 260
72 267
72 292
73 89
73 107
73 119
73 127
73 155
73 185
73 211
73 223
73 252
73 253
73 254
73 261
73 264
73 283
74 91
74 104
74 121
74 131
74 150
74 156
74 157
74 183
74 194
74 216
74 240
74 247
74 262
74 276
75 87
75 113
75 116
75 151
75 153
75 175
75 189
75 197
75 254
75 272
76 106
76 113
76 124
76 126
76 169
76 174
76 178
76 193
76 220
76 226
76 235
76 287
77 80
77 100
77 102
77 103
77 109
77 122
77 141
77 170
77 172
77 189
77 204
77 219
77 222
77 231
77 234
77 237
77 245
77 246
77 262
77 272
78 82
78 94
78 108
78 139
78 146
78 150
78 217
78 228
78 236
78 266
79 82
79 95
79 109
79 153
79 177
79 180
79 187
79 192
79 217
79 242
79 267
79 284
79 292
79 296
79 297
80 152
80 200
80 205
80 240
80 253
80 271
80 273
80 283
81 84
81 89
81 106
81 112
81 128
81 141
81 157
81 158
81 159
81 174
81 184
81 207
81 222
81 243
81 244
81 258
81 261
81 270
82 102
82 131
82 133
82 143
82 159
82 161
82 186
82 196
82 214
82 222
82 232
82 247
82 252
82 260
82 262
82 273
82 280
82 281
83 109
83 117
83 146
83 182
83 183
83 192
83 207
83 213
83 255
83 258
83 294
83 295
84 89
84 90
84 111
84 114
84 117
84 129
84 143
84 144
84 152
84 154
84 169
84 200
84 234
84 236
84 252
84 257
84 271
84 280
84 290
85 98
85 101
85 144
85 148
85 163
85 203
85 229
85 247
85 251
85 266
86 94
86 97
86 103
86 104
86 131
86 165
86 172
86 180
86 208
86 228
86 236
86 264
86 269
86 280
86 283
86 287
87 93
87 132
87 135
87 186
87 217
87 233
87 236
87 242
87 251
87 296
88 124
88 134
88 156
88 157
88 171
88 178
88 182
88 186
88 231
88 247
88 257
88 260
88 286
88 287
89 102
89 104
89 158
89 168
89 179
89 185
89 217
89 231
89 251
89 252
89 264
89 266
90 101
90 110
90 135
90 146
90 147
90 194
90 202
90 215
90 240
90 253
90 276
90 277
90 291
90 292
91 94
91 122
91 138
91 192
91 201
91 222
91 224
91 236
91 240
92 113
92 114
92 135
92 151
92 173
92 174
92 178
92 199
92 231
92 259
92 260
92 264
92 280
92 295
93 117
93 153
93 177
93 191
93 228
93 243
93 273
94 112
94 119
94 123
94 131
94 133
94 136
94 173
94 182
94 195
94 200
94 204
94 211
94 229
94 234
94 245
94 258
94 275
94 276
94 288
95 156
95 157
95 183
95 205
95 215
95 220
95 223
95 225
95 235
95 279
96 121
96 126
96 134
96 135
96 156
96 158
96 181
96 189
96 228
96 234
96 271
96 285
97 101
97 128
97 129
97 151
97 190
97 200
97 215
97 226
97 231
97 274
97 290
98 100
98 121
98 141
98 168
98 176
98 195
98 230
98 237
98 238
98 240
98 241
98 256
98 265
98 275
98 299
99 105
99 110
99 114
99 117
99 154
99 165
99 207
99 235
99 248
99 257
99 261
99 297
100 101
100 126
100 132
100 133
100 139
100 167
100 169
100 171
100 172
100 181
100 184
100 213
100 226
100 232
100 259
100 260
100 261
100 278
101 114
101 116
101 124
101 154
101 156
101 177
101 180
101 189
101 223
101 242
101 244
101 284
102 113
102 118
102 131
102 147
102 181
102 210
102 212
102 213
102 220
102 221
102 226
102 235
102 238
102 272
103 134
103 135
103 241
103 261
103 267
103 282
103 284
104 131
104 133
104 145
104 168
104 170
104 181
104 185
104 206
104 209
104 230
104 234
104 236
104 255
104 259
104 266
104 268
104 281
104 286
105 143
105 148
105 162
105 173
105 187
105 214
105 233
105 267
105 276
105 295
106 115
106 138
106 149
106 169
106 200
106 246
106 256
106 258
106 260
106 262
106 276
106 290
107 114
107 117
107 144
107 174
107 189
107 201
107 246
107 276
107 290
108 117
108 139
108 168
108 169
108 170
108 191
108 197
108 201
108 210
109 111
109 128
109 139
109 142
109 144
109 186
109 196
109 230
109 231
109 236
109 237
109 240
109 244
109 245
109 266
109 268
109 274
110 182
110 188
110 205
110 214
110 217
110 246
110 250
110 270
110 283
110 290
111 116
111 148
111 154
111 155
111 214
111 262
111 274
112 150
112 156
112 160
112 168
112 171
112 180
112 189
112 206
112 217
112 219
112 263
112 270
112 272
112 282
112 284
113 142
113 145
113 151
113 154
113 169
113 171
113 174
113 197
113 200
113 212
113 244
113 255
113 269
114 136
114 152
114 163
114 168
114 180
114 181
114 183
114 195
114 209
114 212
114 213
114 218
114 221
114 224
114 253
114 272
114 294
115 134
115 173
115 180
115 185
115 187
115 200
115 208
115 222
115 224
115 231
115 265
115 281
116 117
116 123
116 128
116 167
116 172
116 178
116 182
116 198
116 209
116 214
116 232
116 234
116 238
116 256
116 262
116 264
116 269
117 172
117 173
117 177
117 185
117 193
117 199
117 201
117 208
117 255
117 266
118 127
118 183
118 193
118 207
118 212
118 242
118 243
118 252
118 275
119 123
119 134
119 182
119 183
119 190
119 192
119 203
119 230
119 254
119 265
119 282
119 288
119 292
119 299
120 124
120 145
120 167
120 169
120 197
120 239
120 246
120 255
120 277
120 296
121 126
121 144
121 155
121 162
121 181
121 216
121 230
121 231
121 274
121 284
122 138
122 139
122 165
122 228
122 289
123 139
123 154
123 156
123 159
123 161
123 179
123 219
123 233
123 243
123 277
123 286
123 288
124 127
124 149
124 175
124 205
124 213
124 214
124 217
124 224
124 251
124 263
124 268
124 269
124 279
124 287
124 294
125 129
125 135
125 153
125 194
125 218
125 254
125 260
125 262
125 265
125 283
125 291
126 130
126 164
126 209
126 216
126 225
126 238
126 258
126 279
127 140
127 144
127 169
127 170
127 173
127 182
127 190
127 209
127 218
127 241
127 247
127 258
128 141
128 145
128 186
128 244
128 267
129 138
129 180
129 186
129 202
129 209
129 215
129 225
130 131
130 160
130 163
130 166
130 186
130 208
130 223
130 233
130 235
130 250
131 143
131 146
131 190
131 197
131 213
131 232
131 235
131 236
131 270
131 272
131 279
131 291
132 134
132 145
132 150
132 175
132 197
132 205
132 229
132 231
132 247
132 275
132 280
133 160
133 165
133 191
133 232
133 242
133 256
133 277
133 291
134 138
134 143
134 148
134 172
134 178
134 215
134 238
134 255
134 256
134 269
134 277
134 285
134 296
134 299
135 203
135 229
135 231
135 239
135 271
135 286
135 292
135 293
135 294
136 199
136 243
136 258
136 260
136 287
136 294
136 297
137 163
137 165
137 186
137 195
137 200
137 212
137 239
137 245
137 268
137 269
137 285
137 288
138 162
138 174
138 224
138 227
138 228
138 237
138 239
138 258
138 268
138 294
139 157
139 163
139 188
139 210
139 251
139 256
139 258
139 263
139 270
139 273
140 163
140 195
140 219
140 222
140 250
140 257
140 290
141 146
141 167
141 201
141 206
141 233
141 249
141 283
142 144
142 160
142 176
142 179
142 203
142 216
142 225
142 239
142 269
142 274
142 279
142 287
142 288
143 145
143 160
143 172
143 186
143 207
143 212
143 222
143 254
143 271
143 275
144 148
144 149
144 156
144 158
144 193
144 257
144 259
144 260
145 146
145 153
145 167
145 171
145 180
145 212
145 215
145 255
145 256
145 269
146 168
146 171
146 192
146 215
146 221
146 245
146 254
146 269
147 157
147 188
147 202
147 250
148 165
148 183
148 223
148 247
148 248
148 249
148 287
148 288
149 192
149 196
149 204
149 218
149 221
149 224
149 235
149 240
149 257
149 258
149 269
149 285
150 158
150 188
150 288
150 290
150 294
150 295
151 183
151 207
151 210
151 214
151 228
151 231
151 238
151 239
151 242
151 258
151 271
151 295
152 161
152 166
152 180
152 197
152 234
152 240
152 242
152 249
152 285
153 188
153 219
153 226
153 251
153 254
153 261
153 279
154 182
154 210
154 256
154 266
155 178
155 191
155 204
155 220
155 229
155 277
155 280
156 159
156 166
156 224
156 245
156 253
156 267
156 269
156 285
157 172
157 203
157 245
157 276
157 278
158 164
158 181
158 186
158 195
158 247
158 289
158 296
158 297
159 186
159 203
159 209
159 211
159 243
159 258
159 271
159 276
159 279
159 286
160 180
160 198
160 210
160 218
160 227
160 254
160 271
160 295
161 183
161 184
161 202
161 234
161 254
161 259
161 293
161 295
162 181
162 196
162 211
162 288
162 289
162 298
163 170
163 195
163 202
163 218
163 244
164 171
164 186
164 201
164 209
164 216
164 218
164 236
164 237
164 239
164 250
164 269
164 277
165 176
165 177
165 198
165 205
165 225
165 226
165 234
165 251
165 261
166 193
166 206
166 208
166 215
166 249
166 271
166 278
167 210
167 214
167 218
167 244
167 258
167 266
167 269
167 296
168 194
168 211
168 212
168 214
168 240
168 242
168 270
168 292
168 299
169 201
169 204
169 258
169 270
169 296
170 190
170 219
170 238
170 263
171 175
171 190
171 222
171 231
171 232
171 242
171 249
171 268
171 271
171 282
171 289
172 201
172 223
172 226
172 262
172 267
172 278
172 299
173 181
173 187
173 193
173 219
173 241
173 244
173 287
174 186
174 220
174 276
174 279
174 298
175 187
175 213
175 214
175 215
175 216
175 243
175 247
175 264
175 288
175 292
176 182
176 194
176 217
176 255
176 259
176 285
176 293
176 295
176 296
177 184
177 203
177 209
177 232
177 233
177 242
178 180
178 183
178 193
178 197
178 198
178 227
178 228
178 231
178 251
178 257
178 271
179 191
179 212
179 213
179 233
179 234
179 242
179 248
179 283
179 296
180 204
180 245
180 263
180 268
180 271
180 290
181 216
181 242
181 246
181 252
182 249
182 287
183 191
183 214
183 258
183 265
183 285
184 195
184 201
184 205
184 228
184 241
184 256
184 273
184 283
184 289
184 294
185 234
185 268
185 287
186 199
186 215
186 226
186 233
186 284
186 292
187 188
187 195
187 217
187 234
187 251
187 285
187 298
188 200
188 209
188 237
188 242
189 194
189 210
189 218
189 220
189 252
189 261
189 268
189 272
189 288
189 298
190 205
190 209
190 232
190 236
190 247
190 254
190 260
190 296
191 235
191 250
191 254
191 287
192 200
192 246
192 267
192 286
192 293
193 204
193 233
193 239
193 254
193 281
193 291
194 196
194 205
194 258
194 272
194 287
194 290
194 293
195 250
195 266
195 268
195 284
195 294
196 215
196 227
196 254
196 282
196 294
197 204
197 218
197 242
197 249
197 276
197 279
197 282
197 289
197 294
197 297
197 298
198 207
198 215
198 221
198 237
198 249
198 256
198 277
199 202
199 242
199 282
199 294
199 297
200 214
200 230
200 251
200 268
200 271
200 282
200 288
200 298
201 220
201 262
201 273
201 277
201 279
201 285
202 219
202 221
202 222
202 231
202 241
202 249
202 266
202 272
202 275
202 285
203 208
203 220
203 229
203 233
203 240
203 246
203 290
204 234
204 237
204 239
204 264
204 290
204 297
204 299
205 209
205 228
205 229
205 246
205 249
205 289
206 237
206 256
206 271
206 272
206 295
207 213
207 219
207 224
207 249
207 268
208 212
208 245
209 222
209 223
209 226
210 218
210 231
210 259
211 212
211 218
211 220
211 222
211 250
211 261
211 293
211 299
212 234
212 268
212 269
212 274
212 277
212 293
212 296
213 220
213 263
213 275
213 279
213 287
214 280
214 281
214 284
214 291
215 249
215 258
215 260
216 225
216 232
216 296
216 299
217 226
217 227
217 230
217 239
218 235
218 243
218 262
218 263
218 272
218 279
218 283
218 294
218 295
219 261
220 225
220 226
220 249
220 268
220 274
221 227
221 237
221 240
221 249
221 291
221 297
222 224
222 241
222 277
222 284
222 285
223 227
223 237
223 246
223 266
223 268
223 286
224 232
224 233
224 243
224 273
224 289
225 226
225 227
225 238
225 254
225 257
225 268
225 286
226 245
226 255
226 267
226 271
226 278
226 297
227 232
227 257
227 281
228 230
228 274
229 247
229 252
229 260
229 261
229 272
229 284
229 291
230 238
230 299
231 232
231 260
231 286
232 233
232 256
232 278
233 237
233 258
233 270
233 289
233 290
234 261
235 242
235 247
235 263
235 278
235 287
235 288
236 255
236 263
237 256
237 257
237 264
237 274
237 298
238 242
238 244
238 281
238 286
239 243
239 259
239 268
239 281
239 296
240 259
240 263
241 247
241 253
241 265
241 273
241 275
241 296
241 297
242 254
242 260
242 269
242 270
242 289
243 244
243 255
243 259
243 282
244 280
244 292
245 266
245 283
246 262
246 276
246 279
246 293
247 292
247 296
248 251
248 258
248 265
248 278
248 284
249 264
249 296
250 267
250 272
250 286
250 287
251 256
251 257
251 266
251 295
251 299
253 254
253 258
253 284
254 263
254 288
255 260
255 263
255 293
256 265
256 278
256 292
256 296
256 298
257 264
257 272
257 274
257 284
257 290
257 295
257 297
258 261
258 263
258 273
258 274
258 276
259 275
259 276
259 281
261 280
261 299
262 291
263 296
264 266
264 278
264 290
265 288
266 272
266 284
266 287
266 288
266 291
266 293
267 293
267 296
268 276
268 289
268 299
269 296
270 291
271 278
271 284
271 293
271 294
272 299
273 278
273 294
274 280
275 277
275 279
275 296
275 299
277 283
277 292
277 296
278 286
278 289
279 287
279 289
281 295
282 290
285 288
285 297
287 288
289 299
291 292
292 295
