200 1014 0.5
0 27
0 41
0 61
0 66
0 69
0 89
0 104
0 141
0 151
0 164
0 167
1 25
1 34
1 45
1 61
1 103
1 140
1 157
1 186
2 22
2 43
2 60
2 84
2 118
2 181
3 21
3 27
3 32
3 51
3 68
3 69
3 75
3 90
3 117
3 130
3 134
3 142
4 7
4 69
4 89
4 94
4 101
4 108
4 115
4 118
4 119
4 142
4 151
5 19
5 29
5 106
5 123
5 144
5 146
5 164
6 38
6 48
6 99
7 14
7 31
7 34
7 43
7 87
7 93
7 102
8 11
8 36
8 47
8 58
8 109
8 136
8 166
8 184
8 191
9 21
9 32
9 42
9 71
9 73
9 113
9 128
9 154
9 187
9 193
10 37
10 45
10 66
10 104
10 124
10 125
10 146
10 158
10 196
11 14
11 21
11 32
11 54
11 57
11 61
11 82
11 110
11 112
11 132
11 189
12 14
12 30
12 37
12 49
12 51
12 76
12 85
12 94
12 99
12 119
12 129
12 147
12 154
12 164
12 165
13 17
13 30
13 125
13 155
13 178
13 179
13 191
13 194
14 27
14 45
14 50
14 96
14 117
14 126
14 139
14 163
14 169
14 182
14 184
14 195
14 197
15 55
15 61
15 104
15 146
15 148
15 194
16 31
16 56
16 61
16 63
16 91
16 96
16 186
17 20
17 26
17 75
17 95
17 132
17 145
17 166
17 192
18 53
18 67
18 105
18 140
18 143
18 175
18 186
19 39
19 49
19 57
19 62
19 63
19 69
19 115
19 126
19 140
19 156
20 43
20 56
20 71
20 79
20 111
20 117
20 118
20 131
20 132
20 143
20 148
20 150
20 156
20 158
20 170
20 173
20 191
21 30
21 32
21 42
21 46
21 58
21 64
21 85
21 115
21 145
21 151
21 158
21 171
21 178
22 80
22 115
22 117
22 139
22 140
22 157
22 168
22 172
22 198
23 28
23 33
23 38
23 68
23 90
23 105
23 107
23 125
23 136
23 169
23 198
24 47
24 50
24 54
24 91
24 98
24 119
25 36
25 56
25 58
25 71
25 72
25 88
25 89
25 95
25 105
25 133
25 146
25 175
25 185
26 43
26 65
26 80
26 83
26 139
26 148
26 155
26 169
27 39
27 54
27 67
27 77
27 80
27 95
27 105
27 124
27 159
27 165
27 189
27 192
28 51
28 92
28 117
28 148
28 149
28 159
28 166
28 168
28 176
28 181
29 74
29 111
29 143
29 152
30 53
30 86
30 125
30 129
30 146
30 150
30 167
30 168
30 191
31 87
31 106
31 109
31 120
31 160
31 173
31 188
32 64
32 84
32 93
32 96
32 101
32 128
32 133
32 165
32 184
33 66
33 68
33 72
33 84
33 112
33 119
33 123
33 124
33 126
33 157
33 166
34 90
34 95
34 104
34 111
34 166
34 188
34 191
35 45
35 112
35 116
35 122
35 135
35 137
35 142
35 166
35 178
35 179
36 41
36 93
36 99
36 126
36 131
36 132
36 143
36 144
36 158
36 177
36 181
36 188
37 50
37 86
37 158
37 162
37 170
37 193
38 55
38 68
38 114
38 141
38 185
39 57
39 66
39 123
39 130
39 147
39 161
40 56
40 66
40 82
40 85
40 130
40 139
40 153
40 166
41 58
41 84
41 113
41 123
41 129
41 153
41 155
41 190
42 61
42 92
42 144
42 149
42 162
43 87
43 110
43 142
43 146
43 160
44 99
44 125
44 154
44 178
44 184
44 191
45 58
45 64
45 84
45 105
45 124
45 186
46 87
46 89
46 110
46 114
46 117
46 165
46 169
47 70
47 105
47 126
47 128
47 134
47 148
48 52
48 59
48 69
48 119
48 132
48 147
48 148
48 164
49 72
49 80
49 91
49 99
49 129
49 175
49 191
49 198
50 60
50 66
50 107
50 112
50 142
50 156
50 184
51 52
51 59
51 93
51 101
51 106
51 110
51 119
51 124
51 141
51 170
51 173
51 181
51 197
52 76
52 82
52 114
52 168
52 197
53 58
53 61
53 65
53 70
53 138
53 189
54 89
54 113
54 130
55 87
55 94
55 109
55 130
55 181
56 79
56 104
56 110
56 119
56 130
56 145
56 148
56 150
56 176
56 181
57 70
57 105
57 139
57 148
57 161
57 170
57 177
57 191
58 94
58 114
58 115
58 122
58 123
58 129
58 169
58 180
59 95
59 112
59 120
59 124
59 152
59 158
59 172
59 190
59 193
60 65
60 91
60 128
60 133
61 74
61 107
61 119
61 125
61 195
62 81
62 84
62 93
62 96
62 123
62 124
62 127
62 198
63 66
63 69
63 100
63 124
63 146
63 153
63 166
64 96
64 118
64 120
64 122
64 129
64 138
64 162
64 177
65 69
65 86
65 94
65 95
65 109
65 115
65 131
65 141
65 146
65 155
65 159
65 175
66 106
66 125
66 173
66 179
67 72
67 89
67 112
67 132
67 140
67 147
67 185
68 70
68 102
68 161
68 199
69 128
69 131
69 180
69 183
69 187
70 96
70 101
70 127
70 135
70 150
70 152
70 175
70 183
71 80
71 85
71 94
71 117
71 119
71 121
71 122
71 127
71 145
71 146
71 186
72 93
72 96
72 101
72 104
72 139
72 143
72 146
72 153
72 166
72 175
72 197
73 89
73 137
73 178
74 82
74 124
74 145
74 154
74 164
75 77
75 90
75 175
75 193
76 77
76 92
76 134
76 143
76 180
77 118
77 120
77 176
78 95
78 147
78 148
79 92
79 111
79 116
79 134
79 160
79 171
79 181
80 122
80 145
80 163
80 199
81 87
81 96
81 120
81 122
81 148
81 149
81 170
81 196
82 152
82 172
83 88
83 89
83 94
83 134
83 147
83 158
83 181
84 129
84 142
84 164
85 92
85 98
85 122
85 160
85 165
85 171
86 121
86 131
86 147
86 158
86 167
86 175
86 182
87 89
87 118
87 134
87 143
87 153
88 120
88 122
88 124
88 136
88 149
88 191
88 197
89 95
89 128
89 131
89 138
89 142
89 146
89 150
89 181
89 199
90 94
90 103
90 114
90 121
90 128
90 140
90 152
91 119
91 135
91 140
91 148
91 157
91 159
91 189
91 194
92 114
92 125
92 127
92 132
92 158
92 161
92 163
92 185
93 113
93 116
93 135
93 196
94 98
94 99
94 103
94 106
94 130
94 150
94 176
95 107
95 114
95 139
95 140
95 176
95 188
95 189
95 191
95 192
95 198
96 105
96 151
96 152
96 169
96 171
96 182
96 187
97 103
97 122
97 188
98 108
98 135
98 172
98 184
99 107
99 111
99 113
99 116
99 172
99 187
99 193
100 103
100 111
100 127
100 141
101 126
101 127
101 179
101 195
102 104
102 105
102 111
102 134
102 143
102 185
102 192
102 194
103 143
103 190
104 114
104 124
104 152
104 169
104 181
104 193
105 113
105 129
105 169
106 133
106 139
106 157
106 166
106 172
106 187
106 189
106 193
107 125
107 129
107 137
107 159
107 165
107 181
107 192
108 118
108 166
108 183
108 184
109 119
110 133
110 140
111 112
111 122
111 123
111 131
111 148
111 176
111 191
112 120
112 153
112 182
113 132
113 134
113 179
114 118
114 157
114 158
114 160
114 180
114 193
115 128
115 140
115 142
115 162
116 126
116 132
116 183
117 129
117 140
117 161
117 189
117 197
118 125
118 126
118 150
118 170
118 176
118 179
118 184
119 123
119 132
119 140
119 146
119 150
119 165
119 166
119 176
120 121
120 128
120 136
120 162
120 195
121 132
121 190
121 193
121 199
122 124
122 134
122 177
122 185
123 127
123 147
123 154
123 167
123 176
123 186
123 196
123 199
124 127
124 128
124 181
125 131
125 144
125 159
125 163
125 179
125 181
125 187
126 133
126 151
126 177
127 170
127 176
128 149
128 167
128 173
128 197
130 145
130 163
130 173
130 198
131 141
131 142
131 152
132 142
132 144
132 152
132 155
133 136
133 142
133 159
134 140
134 154
134 162
134 199
135 157
135 190
136 177
136 188
136 191
136 196
137 167
138 144
138 146
138 164
138 177
139 160
139 165
139 166
139 180
139 194
139 195
140 147
140 160
140 196
141 159
141 181
141 183
141 192
142 156
142 171
142 174
142 177
142 179
143 165
143 197
143 199
144 145
144 173
145 146
145 148
145 161
146 155
146 197
147 155
148 150
148 155
148 181
149 169
149 192
150 160
150 175
150 177
150 190
151 154
151 189
152 155
153 156
153 174
153 178
154 173
155 169
155 182
155 191
156 167
157 188
157 196
158 160
158 188
158 196
159 161
159 173
159 199
160 165
160 177
160 178
160 185
160 187
161 169
161 190
163 191
164 166
164 171
164 175
164 179
164 180
164 193
165 167
165 173
166 175
166 183
169 175
169 182
169 184
169 185
169 191
171 174
172 188
172 198
176 193
177 186
177 199
178 182
178 199
179 190
180 183
183 190
183 193
185 188
186 189
187 194
188 190
188 199
195 197
195 199
