200 1566 0.8
0 29
0 31
0 36
0 48
0 66
0 70
0 87
0 91
0 101
0 113
0 131
0 151
0 155
0 164
0 168
0 176
0 193
1 7
1 15
1 19
1 33
1 47
1 48
1 49
1 50
1 55
1 57
1 66
1 68
1 80
1 87
1 149
1 176
1 178
1 181
1 185
1 196
2 13
2 20
2 60
2 101
2 110
2 111
2 159
2 162
2 164
2 170
2 185
3 15
3 39
3 43
3 55
3 60
3 97
3 114
3 124
3 145
3 146
3 149
3 152
3 153
3 186
3 192
3 198
4 5
4 16
4 29
4 36
4 66
4 79
4 82
4 88
4 100
4 123
4 165
4 171
4 180
4 182
4 194
5 15
5 29
5 46
5 49
5 57
5 58
5 77
5 88
5 95
5 102
5 108
5 124
5 144
5 151
5 194
6 29
6 35
6 42
6 47
6 51
6 62
6 68
6 69
6 102
6 108
6 113
6 160
6 164
6 172
6 180
6 193
6 194
7 21
7 23
7 30
7 49
7 51
7 71
7 87
7 88
7 95
7 101
7 109
7 124
7 128
7 134
7 141
7 147
7 157
7 161
7 177
7 187
8 11
8 22
8 24
8 28
8 30
8 45
8 54
8 66
8 77
8 79
8 84
8 103
8 105
8 106
8 110
8 131
8 141
8 161
8 166
8 167
8 172
8 173
8 193
9 34
9 52
9 53
9 59
9 90
9 93
9 110
9 149
9 194
9 199
10 16
10 19
10 26
10 36
10 51
10 54
10 70
10 72
10 80
10 114
10 117
10 130
10 138
10 145
10 167
10 168
11 19
11 24
11 36
11 40
11 44
11 60
11 63
11 81
11 83
11 84
11 102
11 106
11 107
11 127
11 137
11 181
11 182
11 185
12 20
12 50
12 57
12 71
12 87
12 132
12 149
12 162
12 163
12 166
12 173
12 178
12 180
13 15
13 32
13 88
13 98
13 106
13 108
13 110
13 114
13 127
13 128
13 134
13 143
13 147
13 153
14 26
14 27
14 38
14 45
14 51
14 79
14 80
14 86
14 95
14 106
14 128
14 131
14 156
15 47
15 59
15 74
15 80
15 100
15 106
15 112
15 119
15 120
15 125
15 126
15 145
15 153
15 156
15 160
15 193
16 48
16 53
16 79
16 112
16 113
16 118
16 123
16 126
16 144
16 147
16 148
16 159
16 164
16 182
16 192
16 197
17 20
17 37
17 54
17 62
17 71
17 90
17 132
17 162
17 176
17 194
17 198
18 34
18 56
18 86
18 96
18 103
18 107
18 109
18 122
18 127
18 147
18 193
19 34
19 37
19 85
19 91
19 101
19 110
19 127
19 129
19 134
19 136
19 148
19 174
19 182
20 24
20 54
20 64
20 82
20 113
20 114
20 154
20 180
20 185
21 31
21 34
21 61
21 85
21 109
21 161
21 168
21 179
21 182
21 194
22 46
22 55
22 66
22 68
22 69
22 77
22 91
22 104
22 131
22 134
22 135
22 143
22 178
22 181
22 185
23 24
23 28
23 42
23 57
23 67
23 86
23 101
23 108
23 115
23 138
23 145
23 146
23 149
23 178
23 180
23 183
23 185
23 186
23 195
24 29
24 38
24 44
24 90
24 103
24 107
24 119
24 124
24 136
24 142
24 144
24 153
24 192
24 193
24 194
25 36
25 95
25 105
25 146
25 148
25 151
25 152
25 194
26 48
26 63
26 69
26 74
26 75
26 79
26 91
26 100
26 112
26 113
26 127
26 129
26 136
27 36
27 76
27 90
27 101
27 112
27 115
27 124
27 127
27 158
27 174
27 175
27 187
28 51
28 70
28 110
28 114
28 139
28 142
28 155
28 162
28 188
29 45
29 50
29 59
29 70
29 85
29 138
29 142
29 149
29 160
29 184
30 35
30 57
30 84
30 116
30 129
30 133
30 152
30 163
30 167
30 168
30 172
30 179
30 184
30 187
30 192
30 198
31 51
31 73
31 85
31 95
31 103
31 118
31 137
31 151
31 155
31 161
31 175
31 180
31 191
32 40
32 49
32 51
32 55
32 68
32 77
32 79
32 101
32 103
32 160
32 168
32 185
33 59
33 99
33 102
33 117
33 136
33 152
33 155
33 164
33 169
33 171
33 172
33 177
33 179
33 189
33 199
34 41
34 47
34 92
34 94
34 95
34 98
34 107
34 109
34 123
34 128
34 154
34 163
34 175
34 177
34 192
34 197
35 49
35 71
35 72
35 78
35 92
35 94
35 95
35 148
35 166
35 180
35 190
36 39
36 84
36 86
36 104
36 108
36 116
36 120
36 124
36 128
36 163
36 169
36 171
36 187
37 78
37 86
37 91
37 99
37 107
37 111
37 113
37 124
37 133
37 144
37 159
37 184
38 41
38 43
38 59
38 68
38 74
38 77
38 101
38 104
38 106
38 119
38 126
38 136
39 48
39 53
39 63
39 71
39 73
39 102
39 109
39 140
39 153
39 159
39 176
40 46
40 51
40 66
40 73
40 77
40 80
40 93
40 112
40 116
40 117
40 144
41 48
41 82
41 96
41 101
41 107
41 109
41 124
41 125
41 127
41 134
41 140
41 146
41 150
41 153
41 154
41 160
41 166
41 193
41 197
42 65
42 66
42 68
42 78
42 113
42 123
42 130
42 134
42 147
42 150
42 160
42 195
43 47
43 59
43 67
43 74
43 76
43 78
43 98
43 108
43 146
43 160
43 166
43 176
43 179
43 187
44 68
44 89
44 134
44 136
44 139
44 156
44 163
44 193
45 66
45 68
45 88
45 99
45 121
45 122
45 140
45 147
45 177
45 191
45 197
46 47
46 52
46 73
46 78
46 92
46 95
46 96
46 100
46 129
46 138
46 142
47 48
47 50
47 56
47 59
47 112
47 118
47 151
47 152
47 153
47 165
47 168
47 174
47 178
47 182
47 192
48 88
48 94
48 99
48 112
48 128
48 129
48 131
48 166
48 167
48 174
49 54
49 64
49 76
49 77
49 106
49 109
49 110
49 130
49 131
49 134
49 144
49 145
49 149
49 158
49 161
49 187
50 54
50 81
50 121
50 124
50 147
50 181
50 182
51 62
51 72
51 92
51 101
51 120
51 146
51 175
51 182
51 187
51 189
52 62
52 77
52 102
52 169
52 190
53 61
53 99
53 108
53 115
53 116
53 117
53 126
53 134
53 162
53 178
53 194
54 57
54 60
54 66
54 86
54 106
54 117
54 129
54 139
54 144
54 149
54 166
55 66
55 91
55 92
55 106
55 112
55 117
55 149
55 151
55 172
56 94
56 99
56 102
56 109
56 118
56 138
56 145
56 150
57 74
57 75
57 93
57 100
57 103
57 109
57 119
57 121
57 127
57 137
57 152
57 154
57 158
58 61
58 64
58 68
58 69
58 77
58 80
58 85
58 87
58 102
58 105
58 117
58 129
58 146
58 151
58 162
58 165
58 173
58 187
59 84
59 91
59 99
59 124
59 140
59 141
59 161
59 166
59 168
59 175
59 178
60 105
60 109
60 133
60 134
60 137
60 161
60 170
60 188
60 193
60 199
61 66
61 68
61 88
61 92
61 98
61 112
61 136
61 140
61 168
61 175
62 73
62 77
62 82
62 89
62 94
62 104
62 109
62 130
62 178
62 182
62 192
63 67
63 71
63 76
63 80
63 82
63 85
63 92
63 94
63 98
63 124
63 145
63 187
64 78
64 80
64 82
64 85
64 109
64 112
64 117
64 129
64 136
64 140
64 151
65 80
65 81
65 93
65 96
65 102
65 103
65 112
65 115
65 129
65 141
65 156
65 160
65 163
65 171
65 179
65 185
65 190
66 91
66 93
66 109
66 111
66 146
66 147
66 152
66 177
67 85
67 92
67 98
67 112
67 138
67 142
67 144
67 167
67 169
67 190
67 195
68 119
68 121
68 127
68 132
68 146
68 166
68 167
68 172
68 190
69 94
69 120
69 125
69 145
69 146
69 154
69 163
69 168
69 172
69 194
69 199
70 78
70 94
70 103
70 163
70 178
71 82
71 134
71 143
71 148
71 153
71 154
71 156
71 199
72 74
72 93
72 118
72 149
72 164
72 183
72 194
73 81
73 96
73 101
73 111
73 123
73 131
73 142
73 145
73 179
73 187
73 188
74 86
74 97
74 104
74 110
74 115
74 137
74 144
74 166
74 176
74 179
74 198
75 96
75 109
75 115
75 116
75 125
75 142
75 145
75 149
75 170
75 183
75 192
75 193
76 77
76 114
76 116
76 144
76 167
76 175
76 176
76 177
76 192
77 79
77 89
77 94
77 115
77 116
77 131
77 161
77 173
77 175
77 186
77 193
78 80
78 83
78 94
78 111
78 114
78 131
78 147
78 152
78 164
78 167
78 169
78 177
79 85
79 86
79 95
79 96
79 113
79 121
79 129
79 135
79 140
79 153
79 156
79 166
79 180
79 183
79 188
79 194
79 199
80 84
80 89
80 97
80 133
80 145
80 160
80 168
80 170
80 179
81 85
81 91
81 110
81 122
81 145
81 160
81 161
81 174
81 196
82 85
82 94
82 100
82 102
82 103
82 127
82 176
82 180
82 185
82 189
83 87
83 89
83 90
83 91
83 104
83 125
83 131
83 187
83 189
83 191
83 197
84 87
84 101
84 121
84 129
84 138
84 141
84 168
85 117
85 126
85 141
85 177
85 192
86 97
86 102
86 108
86 127
86 168
86 178
86 181
86 191
86 196
87 93
87 99
87 101
87 103
87 106
87 112
87 142
87 183
87 195
87 196
88 100
88 106
88 111
88 113
88 114
88 133
88 170
88 175
88 187
88 195
88 196
89 91
89 99
89 106
89 114
89 141
89 147
89 177
89 179
89 185
90 99
90 107
90 111
90 112
90 128
90 143
90 161
90 173
90 175
90 181
90 187
91 97
91 113
91 123
91 138
91 146
91 149
91 158
91 164
91 170
91 185
91 188
92 94
92 101
92 116
92 122
92 126
92 127
92 132
92 145
92 153
92 177
92 194
93 107
93 113
93 126
93 142
93 150
93 172
93 190
93 198
94 98
94 123
94 145
94 156
94 169
94 183
94 186
95 110
95 130
95 131
95 136
95 138
95 153
95 156
95 166
95 176
96 98
96 100
96 183
96 193
97 113
97 120
97 138
97 142
97 148
97 163
97 164
97 172
97 174
97 181
98 110
98 116
98 133
98 141
98 154
98 185
98 188
98 189
99 122
99 160
99 173
99 180
100 129
100 137
100 148
100 161
100 176
100 178
100 179
100 194
100 197
101 114
101 118
101 119
101 121
101 138
101 140
101 152
101 166
101 172
101 189
102 106
102 108
102 115
102 119
102 128
102 134
102 140
102 141
102 156
102 164
102 165
102 173
102 186
103 110
103 120
103 122
103 127
103 133
103 136
103 151
103 177
104 121
104 124
104 134
104 187
104 195
105 106
105 110
105 147
105 154
105 197
106 130
106 160
106 168
106 181
106 196
106 199
107 126
107 128
107 141
107 147
107 198
108 113
108 128
108 173
108 178
108 195
109 129
109 134
109 141
109 146
109 147
109 165
109 170
109 176
109 186
109 187
110 143
110 146
110 150
110 152
110 154
110 164
110 175
110 184
111 115
111 126
111 139
111 162
111 167
111 169
111 176
111 184
111 186
111 195
112 115
112 123
112 133
112 140
112 158
112 183
112 199
113 115
113 136
113 140
113 151
113 155
113 156
113 160
113 177
114 130
114 139
114 144
114 152
114 159
114 160
114 165
114 183
114 196
115 136
115 154
115 166
115 167
115 175
115 179
116 132
116 140
116 149
116 158
116 161
116 166
116 186
116 192
117 130
117 133
118 130
118 159
118 164
119 122
119 133
119 136
119 156
119 193
120 123
120 130
120 136
120 145
120 148
120 155
120 192
121 126
121 127
121 131
121 142
121 157
121 163
121 170
121 171
121 175
121 185
121 189
121 190
122 136
122 141
122 172
122 178
123 124
123 127
123 137
123 145
123 152
123 163
123 172
123 190
123 194
124 127
124 143
124 159
124 160
124 176
124 192
124 194
124 197
124 198
125 139
125 150
125 159
125 164
125 165
125 166
125 170
125 175
125 193
126 141
126 146
126 147
126 151
126 173
126 193
126 195
127 142
127 146
127 152
127 178
127 193
128 151
128 171
128 174
129 133
129 157
129 161
129 168
130 140
130 145
130 173
130 176
131 139
131 160
131 164
131 178
131 180
131 194
131 197
132 145
132 155
132 156
132 171
132 173
133 155
133 163
133 177
133 178
134 137
134 152
134 156
134 158
134 171
134 175
134 180
134 186
134 196
135 136
135 145
135 174
135 179
135 188
136 155
136 174
136 178
136 182
137 138
137 146
137 154
137 155
137 199
138 157
138 164
139 143
139 149
139 156
139 172
140 158
140 181
140 182
141 150
141 170
141 171
141 178
142 161
142 168
142 169
142 196
143 144
143 181
143 182
143 185
143 191
143 197
144 168
144 186
144 190
146 150
146 153
146 161
146 172
146 175
146 183
146 190
146 198
147 168
147 191
147 192
148 149
148 163
148 168
148 169
148 175
148 181
149 164
149 170
149 195
150 154
150 165
150 173
150 174
151 155
151 163
151 174
151 180
151 188
152 160
152 171
152 195
153 171
153 177
153 184
153 191
154 187
154 189
155 168
155 186
155 187
155 188
155 193
156 163
156 171
156 177
157 165
157 179
157 180
157 191
157 196
157 199
158 168
159 163
159 167
160 170
160 177
160 186
160 192
160 193
161 170
161 179
161 189
162 183
162 194
163 188
163 190
163 193
164 165
164 177
164 182
164 189
164 193
164 197
165 182
165 198
166 196
167 176
167 180
168 186
169 197
170 171
171 174
171 175
171 199
172 185
172 190
172 192
172 198
173 181
173 187
173 190
174 185
174 196
176 188
177 179
177 181
177 199
178 192
179 190
180 187
181 183
181 197
182 192
182 198
182 199
183 187
183 193
185 192
187 194
187 195
189 193
191 193
192 195
