200 978 0.2
0 22
0 57
0 94
0 100
0 121
0 129
0 140
0 143
0 156
0 177
1 74
1 83
1 97
1 100
1 112
1 120
1 124
1 175
1 180
1 182
1 189
2 26
2 40
2 59
2 67
2 74
2 100
2 121
3 10
3 38
3 45
3 61
3 65
3 66
3 89
3 110
3 115
3 133
3 140
3 147
3 172
3 189
4 9
4 26
4 37
4 46
4 60
4 68
4 82
4 91
4 100
4 131
4 145
4 163
4 194
5 45
5 81
5 98
5 104
5 112
5 174
5 198
6 27
6 73
6 84
6 111
6 119
6 153
6 154
6 195
7 26
7 41
7 49
7 118
7 149
7 173
7 187
7 197
8 18
8 27
8 33
8 45
8 71
8 83
8 120
8 121
8 128
8 163
8 175
8 178
8 191
9 17
9 36
9 47
9 48
9 99
9 112
9 114
9 121
9 184
10 13
10 67
10 103
10 128
10 150
10 174
10 179
11 30
11 42
11 46
11 53
11 56
11 63
11 68
11 77
11 109
11 113
11 118
11 122
11 127
11 132
11 133
11 134
11 140
11 175
11 196
12 18
12 20
12 24
12 38
12 52
12 57
12 64
12 72
12 86
12 103
12 117
12 134
12 142
12 151
12 173
12 174
13 20
13 54
13 56
13 68
13 79
13 102
13 121
13 140
13 156
13 157
13 171
13 180
13 189
14 55
14 57
14 92
14 104
14 147
14 149
14 155
14 178
14 182
14 185
15 126
15 157
15 166
15 197
16 34
16 56
16 98
16 118
16 131
16 142
16 146
16 164
16 167
16 183
16 194
17 35
17 36
17 65
17 73
17 112
17 137
17 169
17 177
17 187
18 21
18 34
18 107
18 113
18 134
18 161
18 167
18 199
19 30
19 37
19 51
19 117
19 179
19 180
19 199
20 26
20 75
20 98
20 143
20 190
21 88
21 134
22 41
22 46
22 79
22 117
22 131
22 181
23 26
23 61
23 77
23 109
23 120
23 150
23 154
23 168
23 176
24 38
24 68
24 91
24 116
24 124
24 127
24 143
25 65
25 77
25 106
25 139
25 147
25 175
26 43
26 47
26 119
26 128
26 140
26 142
26 159
26 187
26 192
27 28
27 35
27 77
27 84
27 98
27 109
27 127
27 136
27 140
27 149
27 168
27 169
27 179
27 184
27 199
28 39
28 127
28 141
28 159
29 56
29 93
29 94
29 114
29 172
29 173
30 39
30 56
30 75
30 91
30 97
30 104
30 158
30 160
30 170
30 184
31 39
31 47
31 101
31 108
31 118
31 130
31 143
32 60
32 105
32 170
32 173
32 174
33 88
33 94
33 113
33 137
33 156
33 160
33 178
34 35
34 104
34 106
34 169
34 183
35 81
35 82
35 182
36 59
36 67
36 74
36 94
36 95
36 96
36 104
36 122
36 123
36 126
36 135
36 169
36 182
37 57
37 77
37 109
38 45
38 49
38 87
38 111
38 169
39 40
39 79
39 112
39 120
39 130
39 155
39 185
39 198
40 57
40 89
40 114
40 133
40 143
40 174
40 176
40 188
40 193
41 61
41 100
41 113
41 118
41 120
41 161
41 163
41 178
42 57
42 73
42 75
42 96
42 97
42 124
42 130
42 132
42 138
42 167
42 171
43 45
43 56
43 88
43 104
43 152
43 179
44 114
44 138
44 147
44 165
44 169
45 60
45 92
45 179
46 62
46 75
46 83
46 133
46 143
46 145
46 152
46 155
46 157
46 177
46 189
47 64
47 72
47 83
47 92
47 95
47 104
47 112
47 126
48 56
48 71
48 78
48 130
48 146
48 147
48 182
48 190
48 198
49 82
49 124
49 127
49 132
49 158
49 167
49 168
49 169
49 173
50 60
50 74
50 96
50 108
50 147
50 181
50 185
50 188
51 64
51 70
51 112
51 122
51 131
51 145
51 154
51 159
51 197
52 53
52 57
52 62
52 74
52 77
52 90
52 121
52 123
52 167
52 172
52 174
52 178
53 73
53 92
53 113
53 118
53 188
53 198
54 80
54 108
54 112
54 120
54 140
54 141
54 161
54 170
55 172
55 177
55 184
56 103
56 105
56 120
56 198
57 83
57 142
57 144
57 150
57 155
57 179
58 111
58 113
58 136
58 147
58 159
58 196
59 62
59 70
59 74
59 104
59 109
59 111
59 114
59 125
59 127
59 132
59 137
59 143
59 144
59 163
59 176
59 186
59 187
60 64
60 65
60 74
60 78
60 91
60 117
60 156
60 170
61 95
61 96
61 114
61 126
61 167
62 82
62 95
62 96
62 99
62 108
62 166
62 176
62 182
62 184
63 78
63 106
63 133
63 144
63 171
63 192
63 197
64 73
64 76
64 79
64 85
64 134
65 109
65 151
65 183
65 191
66 70
66 120
66 164
66 173
66 183
67 110
67 177
67 179
67 187
67 189
68 84
68 114
68 119
68 128
68 131
68 143
68 149
68 171
68 194
69 91
69 190
70 79
70 122
70 140
70 151
70 157
70 180
70 183
70 199
71 77
71 91
71 156
71 170
71 171
71 198
72 118
72 126
72 141
72 163
73 94
73 96
73 113
73 134
73 155
74 86
74 123
74 183
75 76
75 101
75 106
75 142
75 147
75 155
75 180
76 80
76 137
77 84
77 88
77 136
77 150
77 166
77 192
77 194
77 196
78 153
78 155
78 163
78 170
78 173
79 119
79 125
79 133
79 158
80 83
80 87
80 89
80 96
80 106
80 155
80 164
80 169
81 96
81 114
81 135
81 162
81 171
81 183
81 187
81 198
82 88
82 89
82 125
82 137
82 138
82 158
82 165
82 184
82 196
83 102
83 104
83 120
83 132
83 177
83 180
83 182
83 199
84 124
84 135
84 190
85 125
85 166
85 183
85 189
86 88
86 101
86 128
86 132
86 133
86 142
86 148
86 153
86 160
87 104
87 107
87 119
87 150
87 152
87 163
87 169
87 175
87 186
87 199
88 102
88 161
88 174
89 92
89 96
89 98
89 99
89 105
89 106
89 107
89 124
89 180
89 186
90 108
90 154
90 172
90 173
90 177
90 198
91 114
91 128
91 135
91 139
92 98
92 113
92 129
92 131
92 148
92 155
93 117
93 128
93 143
93 144
93 157
93 169
93 193
93 196
94 99
94 118
94 127
94 135
94 145
94 182
95 148
96 108
96 112
96 160
96 161
96 167
96 185
97 122
97 137
97 139
97 147
97 171
97 175
97 178
97 186
98 100
98 114
98 144
98 188
98 189
99 141
99 175
99 193
100 123
100 143
100 166
101 109
101 112
101 123
101 155
102 110
102 125
102 148
102 173
103 112
103 114
103 122
103 146
103 158
103 169
104 148
104 177
104 188
105 116
105 155
105 194
106 128
106 133
106 169
106 173
106 182
106 193
107 115
107 126
107 144
107 162
107 174
108 118
108 146
108 150
109 118
109 125
109 165
109 167
109 187
110 158
110 194
111 175
112 114
112 133
112 135
112 154
112 188
113 118
113 133
113 134
113 142
113 147
113 150
113 180
113 193
113 196
114 136
114 167
114 175
114 199
115 127
115 160
115 161
115 165
116 121
116 146
116 147
116 185
116 192
117 118
117 126
117 139
117 177
117 180
118 132
118 161
119 142
119 147
119 158
120 126
120 136
120 139
120 174
120 176
120 190
121 134
121 135
121 173
121 180
122 127
122 130
122 133
122 136
122 182
123 177
123 190
124 129
124 132
124 139
124 145
124 169
124 181
125 131
125 134
125 179
125 193
126 159
126 183
126 193
126 196
127 134
127 140
127 171
127 173
127 184
128 153
128 180
129 147
129 158
129 186
129 193
130 175
130 199
131 143
131 178
131 198
132 142
132 172
132 178
132 198
133 134
133 144
133 183
133 187
134 137
134 145
134 165
134 183
134 197
134 199
135 153
135 167
135 172
135 177
135 194
135 195
136 149
136 152
136 171
136 178
136 192
137 142
137 183
138 148
138 161
138 165
138 179
138 180
139 140
140 143
140 152
140 153
141 164
141 176
142 151
142 169
142 191
143 154
143 159
143 167
143 199
144 162
144 169
144 179
144 196
145 171
145 192
145 194
146 156
146 159
146 163
147 192
147 195
148 175
149 158
149 175
149 185
149 187
150 178
150 180
151 163
151 175
151 187
152 187
153 155
153 162
153 165
153 190
154 168
154 176
154 191
155 191
157 162
157 173
157 189
158 167
159 182
160 176
160 183
161 194
161 198
162 166
162 171
162 181
162 182
162 186
163 197
166 171
166 184
166 199
167 175
167 178
169 176
169 194
170 173
171 173
171 188
174 182
174 183
174 189
175 186
175 187
176 187
176 188
176 195
178 197
180 196
185 197
187 193
188 191
191 199
194 198
