500 6194 0.8
0 2
0 78
0 84
0 105
0 107
0 130
0 159
0 166
0 181
0 197
0 202
0 206
0 207
0 240
0 243
0 251
0 275
0 284
0 292
0 295
0 310
0 318
0 319
0 329
0 382
0 422
0 440
0 442
0 454
0 458
0 480
1 15
1 20
1 54
1 56
1 101
1 125
1 145
1 208
1 230
1 241
1 262
1 265
1 281
1 311
1 325
1 357
1 367
1 370
1 372
1 373
1 379
1 393
2 11
2 23
2 28
2 37
2 38
2 39
2 52
2 85
2 88
2 113
2 123
2 126
2 234
2 253
2 260
2 292
2 300
2 311
2 352
2 354
2 358
2 395
2 405
2 425
2 439
2 488
2 497
2 499
3 30
3 33
3 40
3 61
3 78
3 95
3 104
3 136
3 146
3 186
3 205
3 207
3 213
3 220
3 240
3 264
3 266
3 267
3 298
3 299
3 316
3 399
3 402
3 453
3 478
4 37
4 46
4 53
4 73
4 104
4 114
4 145
4 178
4 194
4 283
4 299
4 300
4 302
4 311
4 340
4 357
4 398
4 402
4 438
4 446
4 468
4 491
5 6
5 10
5 12
5 31
5 46
5 69
5 79
5 83
5 87
5 104
5 143
5 194
5 261
5 264
5 298
5 306
5 328
5 330
5 361
5 364
5 385
5 402
5 447
5 467
6 20
6 34
6 78
6 83
6 100
6 133
6 136
6 145
6 153
6 167
6 181
6 300
6 303
6 305
6 306
6 347
6 350
6 352
6 356
6 388
6 398
6 402
6 406
6 441
6 452
6 454
6 471
6 477
7 28
7 31
7 33
7 78
7 99
7 115
7 116
7 121
7 124
7 183
7 201
7 218
7 230
7 241
7 261
7 345
7 348
7 363
7 380
7 415
7 425
7 426
7 429
7 430
7 435
7 448
8 25
8 38
8 80
8 122
8 152
8 162
8 190
8 201
8 223
8 240
8 259
8 293
8 296
8 319
8 340
8 342
8 344
8 356
8 370
8 375
8 395
8 405
8 410
8 419
8 435
8 463
9 38
9 43
9 55
9 100
9 132
9 140
9 180
9 183
9 194
9 195
9 197
9 205
9 213
9 262
9 290
9 296
9 310
9 420
9 438
9 452
9 464
9 479
9 482
10 12
10 18
10 33
10 46
10 80
10 110
10 115
10 139
10 157
10 169
10 175
10 180
10 189
10 225
10 243
10 259
10 262
10 267
10 282
10 289
10 306
10 310
10 342
10 365
10 373
10 384
10 388
10 398
10 403
10 433
10 443
10 445
10 456
10 457
10 468
11 13
11 16
11 25
11 27
11 28
11 34
11 39
11 147
11 199
11 207
11 218
11 220
11 227
11 231
11 261
11 267
11 268
11 279
11 283
11 301
11 307
11 315
11 366
11 399
11 442
11 443
11 449
11 483
11 487
11 493
12 54
12 74
12 78
12 116
12 119
12 141
12 147
12 153
12 193
12 209
12 217
12 247
12 271
12 278
12 328
12 343
12 383
12 421
12 432
12 444
12 445
12 458
12 469
12 474
12 494
12 498
13 14
13 33
13 84
13 110
13 158
13 184
13 193
13 207
13 218
13 228
13 245
13 252
13 277
13 289
13 308
13 380
13 409
13 422
13 458
13 464
13 470
14 26
14 36
14 47
14 48
14 76
14 78
14 81
14 91
14 118
14 120
14 168
14 186
14 188
14 234
14 300
14 345
14 346
14 379
14 388
14 391
14 399
14 402
14 403
14 450
14 480
14 485
15 30
15 41
15 45
15 56
15 75
15 88
15 92
15 125
15 128
15 132
15 140
15 149
15 165
15 244
15 289
15 312
15 341
15 355
15 360
15 365
15 376
15 391
15 406
15 420
15 428
15 436
15 448
16 33
16 37
16 48
16 57
16 65
16 75
16 111
16 164
16 167
16 208
16 249
16 268
16 303
16 304
16 333
16 357
16 366
16 370
16 386
16 390
16 405
16 473
16 483
16 484
17 20
17 65
17 146
17 163
17 170
17 193
17 205
17 206
17 219
17 236
17 238
17 257
17 277
17 312
17 330
17 351
17 352
17 354
17 396
17 415
17 428
17 473
18 54
18 59
18 62
18 68
18 106
18 181
18 187
18 199
18 212
18 216
18 232
18 237
18 240
18 246
18 253
18 254
18 256
18 261
18 273
18 280
18 282
18 291
18 299
18 306
18 312
18 346
18 367
18 383
18 407
18 410
18 462
18 479
18 499
19 57
19 75
19 114
19 118
19 133
19 136
19 154
19 181
19 187
19 220
19 231
19 234
19 282
19 303
19 308
19 316
19 323
19 332
19 335
19 362
19 370
19 379
19 387
19 443
19 445
19 464
19 472
19 492
20 23
20 34
20 59
20 81
20 153
20 168
20 169
20 191
20 201
20 202
20 211
20 215
20 225
20 264
20 285
20 300
20 321
20 327
20 331
20 343
20 365
20 370
20 385
20 415
20 436
20 451
20 477
20 481
20 482
20 483
21 32
21 51
21 61
21 78
21 87
21 112
21 130
21 152
21 194
21 199
21 202
21 277
21 306
21 325
21 329
21 333
21 363
21 377
21 399
21 404
21 406
21 425
21 443
21 474
21 488
22 33
22 44
22 45
22 63
22 66
22 70
22 97
22 101
22 111
22 127
22 131
22 142
22 202
22 211
22 216
22 227
22 234
22 237
22 239
22 249
22 252
22 261
22 286
22 300
22 304
22 309
22 313
22 325
22 332
22 334
22 347
22 362
22 368
22 394
22 402
22 404
22 422
22 433
22 438
22 439
22 466
22 492
23 30
23 53
23 75
23 87
23 88
23 150
23 241
23 268
23 328
23 343
23 373
23 377
23 390
23 428
23 452
23 453
23 457
23 472
23 492
24 48
24 50
24 76
24 77
24 84
24 96
24 100
24 101
24 113
24 121
24 132
24 134
24 149
24 150
24 153
24 193
24 227
24 237
24 250
24 277
24 378
24 380
24 392
24 429
24 432
24 440
24 464
24 466
24 467
24 487
24 498
25 36
25 37
25 49
25 88
25 95
25 123
25 130
25 238
25 261
25 262
25 303
25 340
25 344
25 358
25 377
25 388
25 408
25 445
25 472
25 475
26 47
26 92
26 104
26 126
26 127
26 129
26 137
26 176
26 187
26 211
26 216
26 219
26 232
26 256
26 271
26 279
26 280
26 289
26 296
26 310
26 319
26 375
26 378
26 405
26 408
26 411
26 424
26 426
26 433
26 459
26 461
26 483
27 30
27 61
27 71
27 74
27 171
27 185
27 198
27 233
27 266
27 267
27 285
27 290
27 303
27 323
27 324
27 325
27 346
27 351
27 359
27 370
27 392
27 415
27 426
27 430
27 442
27 475
28 33
28 47
28 48
28 88
28 94
28 124
28 142
28 172
28 193
28 203
28 227
28 229
28 320
28 330
28 343
28 345
28 367
28 402
28 448
28 459
28 473
29 45
29 66
29 77
29 97
29 112
29 119
29 212
29 228
29 234
29 253
29 257
29 280
29 282
29 299
29 308
29 335
29 380
29 387
29 444
29 479
29 495
30 32
30 47
30 71
30 90
30 112
30 131
30 133
30 156
30 171
30 174
30 243
30 250
30 263
30 285
30 290
30 293
30 305
30 327
30 331
30 339
30 361
30 372
30 414
30 450
30 453
30 455
30 458
31 50
31 56
31 74
31 78
31 124
31 143
31 161
31 163
31 318
31 343
31 364
31 367
31 369
31 382
31 387
31 393
31 432
31 463
31 475
31 485
32 84
32 95
32 108
32 139
32 145
32 156
32 157
32 204
32 226
32 277
32 305
32 315
32 325
32 369
32 373
32 386
32 493
33 57
33 124
33 128
33 132
33 139
33 154
33 162
33 171
33 172
33 175
33 200
33 244
33 289
33 297
33 314
33 340
33 414
33 420
33 427
33 432
33 449
33 468
33 469
33 490
33 499
34 91
34 93
34 98
34 123
34 155
34 156
34 179
34 183
34 212
34 245
34 268
34 310
34 316
34 320
34 326
34 334
34 356
34 365
34 367
34 371
34 388
34 448
34 481
34 489
34 497
35 77
35 160
35 167
35 208
35 212
35 231
35 233
35 269
35 278
35 301
35 307
35 324
35 331
35 333
35 357
35 358
35 359
35 371
35 377
35 381
35 384
35 407
35 419
35 425
35 462
35 477
36 85
36 90
36 101
36 103
36 107
36 122
36 139
36 149
36 176
36 192
36 199
36 203
36 210
36 304
36 345
36 357
36 363
36 376
36 433
36 469
37 95
37 104
37 133
37 156
37 165
37 174
37 191
37 207
37 221
37 260
37 275
37 294
37 301
37 353
37 356
37 364
37 412
37 427
37 436
38 63
38 74
38 104
38 132
38 133
38 175
38 188
38 190
38 221
38 240
38 242
38 246
38 280
38 281
38 300
38 326
38 330
38 332
38 351
38 370
38 371
38 383
38 391
38 424
38 439
38 440
38 452
38 458
38 459
38 484
39 76
39 106
39 117
39 120
39 124
39 133
39 170
39 179
39 191
39 224
39 254
39 266
39 267
39 275
39 280
39 290
39 308
39 325
39 362
39 423
39 466
39 476
40 49
40 79
40 90
40 97
40 104
40 110
40 142
40 171
40 191
40 205
40 207
40 224
40 234
40 259
40 269
40 291
40 305
40 308
40 336
40 366
40 372
40 377
40 380
40 435
40 443
40 499
41 50
41 56
41 79
41 99
41 147
41 148
41 165
41 169
41 178
41 215
41 256
41 329
41 359
41 410
41 414
41 439
41 457
41 471
42 67
42 80
42 85
42 87
42 107
42 120
42 123
42 145
42 156
42 157
42 178
42 250
42 263
42 270
42 278
42 288
42 292
42 350
42 365
42 380
42 430
42 499
43 74
43 82
43 103
43 116
43 150
43 158
43 197
43 211
43 218
43 229
43 258
43 277
43 313
43 348
43 360
43 361
43 371
43 409
43 419
43 420
43 439
43 480
43 490
43 499
44 55
44 120
44 124
44 160
44 213
44 234
44 280
44 322
44 323
44 338
44 340
44 343
44 344
44 345
44 358
44 362
44 379
44 382
44 383
44 384
44 494
44 495
44 496
44 498
45 50
45 111
45 147
45 172
45 196
45 198
45 214
45 233
45 255
45 256
45 327
45 352
45 356
45 368
45 375
45 460
45 496
46 56
46 58
46 93
46 105
46 162
46 167
46 237
46 253
46 361
46 374
46 405
46 458
47 72
47 117
47 128
47 173
47 178
47 190
47 232
47 306
47 402
47 410
47 459
47 482
48 59
48 78
48 86
48 92
48 141
48 175
48 183
48 188
48 248
48 274
48 289
48 362
48 404
48 406
48 407
48 441
48 477
48 486
48 489
49 50
49 58
49 60
49 61
49 65
49 69
49 75
49 77
49 78
49 96
49 106
49 123
49 137
49 165
49 170
49 196
49 201
49 240
49 252
49 263
49 272
49 296
49 299
49 340
49 398
49 407
49 432
49 462
49 467
49 488
50 64
50 95
50 133
50 167
50 174
50 247
50 269
50 275
50 276
50 301
50 327
50 342
50 352
50 361
50 402
50 435
50 446
50 467
50 480
51 100
51 114
51 115
51 121
51 135
51 174
51 191
51 195
51 208
51 211
51 214
51 247
51 250
51 289
51 308
51 312
51 314
51 316
51 341
51 384
51 405
51 406
51 410
51 415
51 492
52 70
52 96
52 105
52 108
52 153
52 191
52 203
52 206
52 215
52 268
52 282
52 334
52 362
52 376
52 383
52 397
52 408
52 423
52 433
52 463
52 478
52 495
53 60
53 80
53 84
53 104
53 107
53 108
53 137
53 152
53 164
53 166
53 174
53 197
53 209
53 213
53 248
53 255
53 293
53 324
53 348
53 353
53 408
53 410
53 438
53 445
53 446
53 456
53 458
53 497
54 70
54 77
54 107
54 126
54 218
54 231
54 239
54 246
54 282
54 292
54 305
54 313
54 325
54 336
54 338
54 340
54 355
54 359
54 382
54 420
54 423
54 463
55 80
55 109
55 126
55 140
55 151
55 156
55 172
55 211
55 251
55 265
55 272
55 293
55 302
55 315
55 325
55 339
55 369
55 375
55 486
56 67
56 110
56 111
56 115
56 125
56 172
56 180
56 198
56 204
56 205
56 222
56 230
56 247
56 250
56 277
56 288
56 301
56 304
56 318
56 327
56 336
57 64
57 81
57 86
57 103
57 106
57 123
57 124
57 133
57 156
57 167
57 206
57 237
57 239
57 253
57 262
57 263
57 281
57 309
57 316
57 322
57 398
58 67
58 72
58 119
58 153
58 197
58 216
58 288
58 300
58 304
58 308
58 338
58 373
58 384
58 389
58 405
58 436
58 443
58 472
58 473
58 479
58 485
58 499
59 83
59 86
59 92
59 97
59 122
59 124
59 163
59 180
59 195
59 208
59 220
59 221
59 226
59 232
59 267
59 273
59 275
59 276
59 331
59 352
59 378
59 395
59 399
59 402
59 415
59 417
59 423
59 436
59 449
59 454
59 483
60 76
60 101
60 113
60 114
60 120
60 127
60 163
60 189
60 194
60 196
60 242
60 297
60 345
60 351
60 352
60 360
60 372
60 377
60 421
60 453
60 463
60 470
60 490
60 499
61 71
61 76
61 81
61 83
61 86
61 92
61 93
61 101
61 121
61 122
61 181
61 186
61 215
61 220
61 222
61 299
61 323
61 371
61 393
61 416
61 424
61 426
61 482
61 483
61 495
62 90
62 104
62 112
62 120
62 121
62 175
62 195
62 202
62 207
62 221
62 288
62 325
62 335
62 401
62 457
62 491
63 75
63 77
63 105
63 112
63 114
63 119
63 192
63 195
63 202
63 215
63 233
63 267
63 284
63 314
63 331
63 334
63 339
63 341
63 367
63 369
63 388
63 424
64 70
64 78
64 81
64 101
64 126
64 153
64 171
64 232
64 301
64 303
64 350
64 381
64 420
64 441
64 444
64 448
64 482
64 493
64 495
65 90
65 96
65 122
65 204
65 212
65 223
65 404
65 411
65 482
65 496
66 83
66 98
66 105
66 126
66 154
66 193
66 213
66 238
66 239
66 296
66 304
66 310
66 353
66 374
66 398
66 433
66 471
67 101
67 112
67 113
67 131
67 146
67 172
67 180
67 207
67 271
67 291
67 322
67 323
67 338
67 341
67 343
67 345
67 354
67 365
67 369
67 385
67 389
67 417
67 423
67 429
67 447
67 473
68 92
68 108
68 116
68 134
68 140
68 146
68 147
68 150
68 177
68 203
68 225
68 229
68 260
68 262
68 344
68 349
68 393
68 404
68 416
68 438
68 459
69 107
69 116
69 132
69 134
69 153
69 167
69 176
69 235
69 252
69 261
69 267
69 309
69 322
69 332
69 343
69 352
69 360
69 363
69 377
69 387
69 391
69 394
69 409
69 412
69 434
69 436
69 459
69 480
69 492
70 147
70 175
70 195
70 214
70 239
70 267
70 271
70 289
70 313
70 328
70 364
70 372
70 384
70 391
70 445
70 462
70 472
70 480
71 72
71 81
71 94
71 100
71 115
71 140
71 141
71 155
71 182
71 184
71 194
71 221
71 223
71 229
71 231
71 248
71 252
71 272
71 290
71 298
71 309
71 323
71 331
71 349
71 392
71 412
71 418
71 443
71 446
72 114
72 140
72 144
72 148
72 153
72 155
72 170
72 208
72 214
72 228
72 249
72 251
72 285
72 307
72 336
72 344
72 351
72 369
72 404
72 414
72 427
72 438
72 460
72 478
72 490
72 497
73 74
73 85
73 91
73 97
73 142
73 143
73 150
73 158
73 196
73 212
73 221
73 242
73 261
73 270
73 272
73 288
73 293
73 317
73 319
73 351
73 420
73 449
73 462
73 464
73 472
74 76
74 100
74 116
74 118
74 149
74 150
74 163
74 165
74 168
74 231
74 271
74 284
74 341
74 343
74 353
74 358
74 387
74 406
74 412
74 458
75 76
75 80
75 119
75 124
75 169
75 192
75 196
75 201
75 259
75 262
75 263
75 307
75 308
75 319
75 343
75 390
75 398
75 431
75 440
75 464
75 467
76 80
76 96
76 111
76 117
76 145
76 163
76 170
76 274
76 276
76 290
76 338
76 354
76 467
76 469
76 483
76 485
77 86
77 91
77 118
77 120
77 179
77 200
77 232
77 251
77 269
77 283
77 290
77 320
77 322
77 343
77 352
77 355
77 392
77 450
77 455
77 470
78 85
78 103
78 152
78 163
78 182
78 186
78 187
78 227
78 256
78 303
78 359
78 373
78 382
78 408
78 421
78 424
78 438
78 453
79 94
79 133
79 151
79 160
79 170
79 182
79 183
79 186
79 187
79 193
79 205
79 219
79 231
79 248
79 259
79 276
79 278
79 293
79 314
79 338
79 364
79 367
79 368
79 376
79 384
79 401
79 440
79 475
79 485
79 487
79 494
80 102
80 111
80 145
80 167
80 173
80 174
80 195
80 203
80 224
80 252
80 270
80 271
80 276
80 289
80 299
80 327
80 348
80 350
80 359
80 365
80 370
80 382
80 401
80 414
80 417
80 441
80 449
80 461
80 467
80 485
80 497
81 83
81 92
81 152
81 163
81 214
81 215
81 232
81 266
81 273
81 281
81 313
81 320
81 321
81 373
81 377
81 382
81 429
81 434
81 464
81 469
82 95
82 97
82 108
82 118
82 131
82 171
82 178
82 203
82 204
82 205
82 248
82 268
82 289
82 290
82 300
82 339
82 343
82 435
82 446
82 480
82 482
82 484
83 127
83 156
83 184
83 194
83 207
83 241
83 251
83 301
83 304
83 306
83 309
83 345
83 349
83 378
83 383
83 410
83 420
83 473
83 497
84 112
84 113
84 139
84 144
84 145
84 183
84 231
84 249
84 251
84 255
84 276
84 280
84 305
84 327
84 386
84 400
84 474
84 478
85 87
85 90
85 100
85 108
85 115
85 130
85 134
85 140
85 144
85 150
85 154
85 191
85 238
85 252
85 271
85 273
85 292
85 318
85 335
85 371
85 395
85 429
85 470
86 114
86 118
86 124
86 129
86 150
86 171
86 177
86 196
86 216
86 271
86 272
86 298
86 306
86 349
86 356
86 365
86 404
86 433
86 439
86 443
86 455
86 464
86 468
86 469
86 492
87 93
87 109
87 151
87 161
87 195
87 196
87 203
87 210
87 211
87 231
87 272
87 289
87 301
87 339
87 354
87 363
87 384
87 386
87 440
87 442
87 444
87 470
87 475
88 113
88 139
88 185
88 225
88 228
88 257
88 260
88 267
88 268
88 274
88 292
88 305
88 359
88 389
88 391
88 394
88 470
88 478
88 482
89 141
89 146
89 152
89 154
89 169
89 191
89 217
89 235
89 242
89 257
89 258
89 281
89 293
89 303
89 324
89 325
89 385
89 426
90 132
90 146
90 194
90 224
90 258
90 315
90 324
90 348
90 362
90 404
90 408
90 465
91 124
91 137
91 141
91 172
91 188
91 200
91 223
91 225
91 246
91 264
91 299
91 319
91 332
91 353
91 362
91 365
91 381
91 404
91 434
91 473
91 483
91 486
92 98
92 115
92 124
92 186
92 228
92 237
92 257
92 269
92 281
92 290
92 368
92 388
92 393
92 452
92 454
92 467
93 94
93 154
93 161
93 164
93 178
93 189
93 190
93 215
93 221
93 232
93 266
93 271
93 277
93 329
93 349
93 365
93 389
93 422
93 428
93 429
93 434
93 438
93 445
93 469
93 486
93 491
94 97
94 104
94 182
94 189
94 206
94 240
94 256
94 257
94 268
94 287
94 303
94 316
94 338
94 350
94 378
94 405
94 441
94 451
94 482
94 489
95 99
95 102
95 150
95 157
95 164
95 167
95 171
95 176
95 220
95 225
95 231
95 253
95 259
95 271
95 396
95 426
95 481
96 147
96 164
96 170
96 177
96 187
96 235
96 245
96 250
96 261
96 292
96 301
96 322
96 325
96 339
96 340
96 345
96 409
96 422
96 426
96 429
96 455
96 458
97 142
97 150
97 171
97 177
97 211
97 219
97 222
97 255
97 281
97 291
97 292
97 317
97 336
97 342
97 347
97 450
97 452
97 476
97 488
97 495
98 99
98 115
98 132
98 133
98 141
98 178
98 185
98 195
98 218
98 247
98 281
98 286
98 288
98 301
98 323
98 329
98 337
98 351
98 390
98 394
98 400
98 417
98 472
98 495
99 137
99 168
99 189
99 192
99 217
99 227
99 236
99 250
99 295
99 327
99 336
99 411
99 420
99 440
99 464
99 468
100 105
100 109
100 124
100 125
100 128
100 221
100 235
100 245
100 302
100 306
100 330
100 346
100 350
100 351
100 373
100 380
100 397
100 420
101 105
101 132
101 141
101 146
101 235
101 255
101 297
101 300
101 301
101 345
101 352
101 357
101 378
101 391
101 424
101 447
101 452
101 470
101 480
101 484
102 109
102 132
102 134
102 188
102 190
102 235
102 250
102 275
102 278
102 280
102 286
102 292
102 309
102 320
102 325
102 327
102 340
102 350
102 353
102 372
102 374
102 386
102 415
102 423
102 468
102 490
103 154
103 235
103 247
103 280
103 282
103 293
103 339
103 340
103 353
103 392
103 394
103 421
103 450
104 124
104 150
104 156
104 168
104 196
104 217
104 222
104 230
104 235
104 249
104 251
104 264
104 286
104 327
104 332
104 415
104 419
104 428
104 434
104 439
104 456
104 470
104 471
104 472
104 475
105 114
105 116
105 120
105 125
105 200
105 203
105 223
105 245
105 246
105 251
105 258
105 290
105 317
105 318
105 332
105 341
105 378
105 379
105 382
105 392
105 393
105 433
105 451
105 483
106 163
106 176
106 195
106 217
106 220
106 234
106 320
106 322
106 341
106 342
106 371
106 391
106 419
106 471
106 481
106 493
107 115
107 175
107 194
107 200
107 219
107 226
107 262
107 265
107 284
107 286
107 312
107 337
107 340
107 383
107 399
107 403
107 414
107 439
107 449
107 480
107 483
108 119
108 120
108 130
108 199
108 208
108 210
108 265
108 293
108 299
108 314
108 336
108 351
108 358
108 362
108 385
108 387
108 390
108 405
108 444
108 459
108 497
109 111
109 117
109 127
109 151
109 170
109 176
109 209
109 230
109 233
109 243
109 244
109 290
109 314
109 322
109 329
109 334
109 340
109 369
109 382
109 387
109 393
109 406
109 490
110 115
110 159
110 165
110 168
110 169
110 186
110 228
110 256
110 292
110 311
110 321
110 342
110 360
110 369
110 381
110 393
110 405
110 424
110 437
110 457
110 467
110 478
111 164
111 232
111 288
111 317
111 332
111 340
111 381
111 422
111 427
111 433
111 458
111 462
111 469
111 475
111 476
112 128
112 133
112 137
112 167
112 191
112 223
112 231
112 241
112 251
112 252
112 256
112 269
112 286
112 288
112 310
112 311
112 312
112 317
112 325
112 330
112 385
112 386
112 423
112 432
112 460
112 469
112 476
112 488
113 142
113 230
113 231
113 242
113 266
113 277
113 318
113 375
113 412
113 421
113 461
113 466
113 487
113 492
114 129
114 152
114 173
114 256
114 257
114 304
114 333
114 335
114 345
114 374
114 411
114 414
115 148
115 151
115 153
115 209
115 210
115 214
115 215
115 218
115 243
115 279
115 293
115 296
115 309
115 311
115 345
115 346
115 357
115 376
115 389
115 410
115 454
116 119
116 130
116 136
116 149
116 168
116 174
116 183
116 188
116 193
116 194
116 214
116 248
116 256
116 259
116 276
116 320
116 335
116 341
116 351
116 377
116 387
116 410
116 448
116 474
117 138
117 166
117 167
117 170
117 172
117 209
117 211
117 221
117 224
117 234
117 280
117 298
117 331
117 377
117 399
117 406
117 447
117 473
117 490
118 145
118 153
118 156
118 211
118 247
118 262
118 276
118 308
118 353
118 377
118 406
118 413
118 448
118 456
118 471
118 474
118 485
119 172
119 191
119 196
119 213
119 220
119 244
119 249
119 256
119 300
119 309
119 331
119 338
119 391
119 432
119 457
119 462
119 482
120 146
120 199
120 215
120 225
120 242
120 259
120 262
120 283
120 317
120 323
120 348
120 366
120 368
120 371
120 379
120 435
120 471
120 488
121 131
121 143
121 150
121 215
121 261
121 294
121 333
121 343
121 361
121 384
121 401
121 442
121 457
121 470
121 492
121 498
122 158
122 186
122 193
122 219
122 264
122 282
122 294
122 295
122 326
122 327
122 331
122 362
122 364
122 369
122 382
122 396
122 411
122 417
122 419
122 421
122 455
122 478
122 492
123 142
123 154
123 164
123 274
123 293
123 318
123 323
123 334
123 339
123 348
123 385
123 390
123 420
123 429
123 464
123 467
123 473
124 130
124 180
124 223
124 241
124 253
124 256
124 278
124 293
124 302
124 403
124 421
124 440
125 148
125 162
125 164
125 167
125 172
125 177
125 182
125 194
125 207
125 244
125 293
125 333
125 340
125 350
125 385
125 396
125 406
125 450
125 488
125 494
126 173
126 203
126 213
126 223
126 252
126 263
126 276
126 289
126 323
126 359
126 373
126 376
126 411
126 426
126 462
126 466
126 477
127 145
127 190
127 226
127 234
127 246
127 270
127 279
127 287
127 291
127 304
127 310
127 316
127 324
127 340
127 370
127 398
127 403
127 408
127 415
127 426
127 455
127 469
128 142
128 201
128 251
128 287
128 299
128 307
128 350
128 356
128 378
128 398
128 436
128 448
128 457
128 477
129 130
129 142
129 166
129 186
129 217
129 222
129 270
129 290
129 294
129 345
129 349
129 383
129 388
129 464
129 491
130 133
130 146
130 165
130 172
130 180
130 184
130 185
130 199
130 205
130 281
130 331
130 337
130 351
130 354
130 404
130 417
130 418
130 431
130 435
130 444
130 448
130 468
131 172
131 186
131 210
131 224
131 247
131 265
131 291
131 303
131 312
131 316
131 343
131 372
131 381
131 397
131 403
131 442
131 492
131 497
131 499
132 142
132 143
132 168
132 179
132 188
132 198
132 255
132 281
132 296
132 327
132 338
132 370
132 384
132 425
132 437
132 492
133 161
133 185
133 198
133 204
133 220
133 222
133 232
133 239
133 262
133 266
133 267
133 271
133 286
133 325
133 328
133 342
133 343
133 413
133 437
133 438
133 483
134 136
134 149
134 154
134 155
134 194
134 197
134 213
134 250
134 251
134 264
134 292
134 301
134 308
134 349
134 352
134 358
134 384
134 388
134 404
134 426
134 430
134 433
134 443
134 455
134 463
134 466
134 496
135 198
135 207
135 218
135 242
135 258
135 275
135 277
135 289
135 324
135 340
135 399
135 407
135 415
135 461
135 473
136 258
136 316
136 332
136 353
136 425
136 468
136 498
137 179
137 201
137 213
137 220
137 229
137 269
137 286
137 326
137 339
137 369
137 392
137 427
137 463
137 470
137 497
138 152
138 162
138 173
138 204
138 227
138 234
138 260
138 279
138 300
138 303
138 319
138 324
138 391
138 414
138 430
138 446
138 448
138 454
138 466
139 175
139 207
139 211
139 221
139 241
139 279
139 289
139 304
139 322
139 380
139 424
139 433
139 453
139 464
139 465
139 496
140 151
140 155
140 173
140 186
140 188
140 191
140 203
140 231
140 258
140 271
140 287
140 288
140 289
140 305
140 314
140 328
140 368
140 382
140 389
140 394
140 466
140 498
141 147
141 171
141 199
141 211
141 219
141 222
141 230
141 266
141 271
141 297
141 329
141 337
141 368
141 406
142 146
142 157
142 196
142 250
142 265
142 276
142 324
142 328
142 337
142 358
142 392
142 420
142 425
142 458
142 459
142 491
143 158
143 165
143 167
143 181
143 184
143 188
143 202
143 203
143 272
143 280
143 300
143 308
143 317
143 329
143 337
143 339
143 345
143 349
143 376
143 377
143 396
143 430
143 443
143 463
143 484
144 161
144 165
144 184
144 197
144 247
144 252
144 286
144 297
144 305
144 331
144 344
144 389
144 391
144 400
144 410
144 432
144 441
144 481
144 482
144 484
144 496
145 164
145 204
145 260
145 276
145 297
145 358
145 469
145 484
145 486
145 487
145 497
145 499
146 158
146 169
146 226
146 257
146 264
146 275
146 277
146 289
146 406
146 431
146 444
146 459
146 467
147 159
147 225
147 239
147 259
147 271
147 303
147 310
147 313
147 325
147 336
147 354
147 392
147 409
147 414
147 437
147 458
147 481
147 491
148 194
148 223
148 248
148 285
148 292
148 293
148 295
148 299
148 309
148 310
148 314
148 320
148 330
148 335
148 448
148 461
148 466
148 468
148 478
148 484
149 179
149 199
149 214
149 238
149 239
149 249
149 325
149 382
149 389
149 400
149 403
149 434
149 442
149 446
149 461
149 477
149 482
150 177
150 199
150 201
150 209
150 239
150 249
150 268
150 277
150 325
150 358
150 360
150 423
150 425
150 478
150 488
151 174
151 185
151 191
151 204
151 223
151 229
151 234
151 261
151 296
151 334
151 345
151 376
151 379
151 393
151 398
151 399
151 424
151 457
151 489
152 169
152 214
152 244
152 260
152 264
152 305
152 310
152 313
152 328
152 329
152 435
152 473
152 496
153 203
153 205
153 216
153 257
153 276
153 315
153 335
153 339
153 342
153 346
153 347
153 362
153 408
153 440
154 157
154 159
154 181
154 183
154 186
154 191
154 206
154 226
154 257
154 270
154 272
154 285
154 302
154 365
154 370
154 389
154 409
154 430
154 438
154 451
154 469
154 492
155 159
155 181
155 195
155 211
155 229
155 235
155 237
155 242
155 250
155 340
155 341
155 343
155 350
155 365
155 408
155 415
155 416
155 483
155 484
156 167
156 261
156 354
156 389
156 398
156 412
156 413
156 430
156 441
156 448
156 482
157 159
157 166
157 168
157 209
157 211
157 230
157 248
157 287
157 292
157 316
157 331
157 383
157 400
157 406
157 412
157 427
157 433
157 481
157 487
158 167
158 201
158 203
158 215
158 236
158 256
158 257
158 318
158 325
158 343
158 349
158 372
158 375
158 380
158 409
158 413
158 436
158 445
158 471
158 483
159 175
159 184
159 237
159 240
159 291
159 296
159 325
159 394
159 404
159 418
159 427
159 430
159 469
159 476
159 484
160 197
160 232
160 241
160 266
160 287
160 336
160 339
160 401
160 404
160 439
160 447
160 449
161 175
161 221
161 236
161 259
161 271
161 280
161 286
161 308
161 322
161 360
161 366
161 375
161 412
161 424
161 425
161 426
161 427
161 468
161 469
161 483
161 490
162 180
162 184
162 187
162 243
162 265
162 288
162 342
162 394
162 418
162 436
162 443
162 462
162 471
162 481
162 489
162 498
163 175
163 177
163 181
163 207
163 212
163 229
163 250
163 256
163 271
163 293
163 304
163 325
163 340
163 348
163 366
163 398
163 408
163 437
163 439
163 458
163 465
163 486
163 493
164 182
164 217
164 221
164 229
164 239
164 251
164 257
164 274
164 284
164 288
164 307
164 309
164 323
164 343
164 349
164 366
164 371
164 396
164 414
164 435
164 451
164 494
165 187
165 219
165 261
165 329
165 346
165 357
165 370
165 374
165 397
165 399
165 405
165 417
165 436
165 438
165 444
165 447
165 455
165 465
166 192
166 212
166 218
166 227
166 238
166 250
166 282
166 284
166 350
166 352
166 356
166 360
166 377
166 382
166 400
166 433
166 453
166 454
166 464
166 485
167 183
167 208
167 227
167 251
167 260
167 296
167 299
167 316
167 351
167 371
167 405
167 451
167 453
167 471
168 186
168 201
168 224
168 267
168 327
168 335
168 367
168 376
168 380
168 387
168 403
168 404
168 414
168 439
168 443
168 465
168 475
169 233
169 247
169 251
169 254
169 261
169 264
169 280
169 293
169 321
169 335
169 393
169 401
169 450
169 451
170 189
170 240
170 251
170 304
170 319
170 326
170 335
170 356
170 369
170 383
170 393
170 417
170 464
170 475
171 178
171 186
171 193
171 194
171 196
171 225
171 236
171 246
171 259
171 295
171 322
171 337
171 392
171 417
171 432
171 446
171 451
171 462
171 474
172 191
172 198
172 204
172 245
172 256
172 270
172 274
172 306
172 307
172 309
172 333
172 343
172 353
172 358
172 373
172 377
172 383
172 415
172 417
172 421
172 435
172 444
172 445
172 454
172 490
173 196
173 197
173 206
173 236
173 258
173 313
173 316
173 326
173 327
173 379
173 385
173 404
173 415
173 421
173 426
173 463
174 187
174 191
174 197
174 210
174 218
174 243
174 246
174 265
174 279
174 401
174 404
174 430
175 181
175 189
175 194
175 207
175 234
175 264
175 302
175 318
175 325
175 326
175 365
175 372
175 385
175 387
175 388
175 396
175 399
175 415
175 453
175 460
175 480
176 203
176 212
176 227
176 277
176 279
176 281
176 306
176 319
176 325
176 355
176 356
176 384
176 418
176 436
176 459
176 464
177 202
177 261
177 284
177 330
177 355
177 371
177 376
177 406
177 415
177 417
177 429
177 452
177 481
177 492
178 181
178 279
178 305
178 321
178 333
178 342
178 343
178 385
178 449
178 471
178 474
178 486
178 495
178 497
179 183
179 199
179 204
179 214
179 232
179 257
179 264
179 292
179 296
179 319
179 340
179 357
179 383
179 388
179 404
179 411
179 444
179 450
179 477
179 479
180 212
180 225
180 262
180 274
180 280
180 283
180 289
180 295
180 317
180 321
180 354
180 356
180 365
180 369
180 384
180 388
180 419
180 421
180 472
181 182
181 234
181 235
181 240
181 244
181 251
181 253
181 266
181 277
181 283
181 322
181 360
181 383
181 434
181 436
181 455
181 459
182 274
182 282
182 302
182 321
182 384
182 386
182 402
182 429
182 480
183 197
183 222
183 229
183 233
183 238
183 239
183 242
183 286
183 292
183 294
183 297
183 329
183 339
183 370
183 382
183 388
183 417
183 427
183 432
183 437
183 483
183 497
184 188
184 203
184 235
184 238
184 278
184 304
184 334
184 362
184 377
184 378
184 379
184 388
184 395
184 407
184 444
184 461
184 480
185 186
185 194
185 217
185 225
185 239
185 242
185 250
185 261
185 269
185 289
185 297
185 319
185 341
185 355
185 365
185 399
185 401
185 470
185 478
185 499
186 217
186 226
186 227
186 236
186 294
186 299
186 318
186 339
186 419
186 473
186 485
187 211
187 234
187 240
187 251
187 296
187 357
187 443
187 457
187 471
187 476
187 497
188 194
188 211
188 233
188 245
188 246
188 263
188 290
188 300
188 315
188 323
188 330
188 339
188 370
188 378
188 398
188 400
188 405
188 409
188 430
188 452
188 463
188 472
189 203
189 226
189 265
189 273
189 275
189 302
189 337
189 347
189 369
189 375
189 398
189 417
189 461
189 472
189 475
190 191
190 230
190 235
190 268
190 269
190 297
190 355
190 378
190 424
190 467
190 469
190 483
190 486
190 487
191 208
191 270
191 285
191 340
191 357
191 359
191 376
191 379
191 390
191 481
191 483
192 213
192 216
192 225
192 256
192 283
192 301
192 330
192 333
192 338
192 347
192 372
192 393
192 403
192 428
192 429
192 431
192 449
192 464
192 480
192 481
193 207
193 238
193 265
193 273
193 283
193 289
193 306
193 376
193 382
193 404
193 423
193 426
193 432
193 497
194 225
194 234
194 245
194 271
194 274
194 292
194 310
194 335
194 377
194 411
194 415
194 457
195 273
195 309
195 341
195 344
195 346
195 406
195 416
195 439
195 442
195 448
195 455
195 491
196 201
196 202
196 236
196 242
196 247
196 301
196 332
196 377
196 408
196 416
196 438
196 454
196 479
196 488
197 199
197 205
197 264
197 265
197 268
197 288
197 301
197 304
197 310
197 327
197 329
197 334
197 351
197 352
197 384
197 396
197 421
197 443
198 204
198 224
198 231
198 248
198 251
198 262
198 286
198 304
198 314
198 341
198 360
198 466
198 477
198 484
198 494
199 200
199 203
199 228
199 234
199 238
199 278
199 299
199 322
199 402
199 429
199 454
199 493
200 218
200 259
200 276
200 295
200 307
200 314
200 317
200 396
200 428
200 445
200 473
200 483
201 229
201 280
201 309
201 323
201 374
201 389
201 397
201 436
201 440
201 472
201 481
201 484
201 491
202 218
202 362
202 393
202 395
202 405
202 430
202 449
202 470
203 204
203 270
203 277
203 319
203 367
203 394
203 434
203 467
204 262
204 263
204 376
204 378
204 389
204 420
204 426
204 433
204 489
204 494
205 247
205 275
205 291
205 309
205 335
205 403
205 405
205 406
205 453
205 467
205 471
205 473
205 476
206 237
206 247
206 257
206 286
206 339
206 354
206 364
206 385
206 388
206 397
206 436
206 446
206 479
206 498
207 226
207 234
207 269
207 284
207 298
207 306
207 323
207 328
207 335
207 345
207 392
207 412
207 425
207 458
207 463
208 216
208 226
208 249
208 259
208 314
208 317
208 358
208 421
208 432
208 439
208 474
208 488
209 217
209 222
209 235
209 249
209 259
209 284
209 366
209 369
209 383
209 398
209 405
209 459
209 470
209 477
209 478
209 483
210 219
210 241
210 274
210 275
210 278
210 307
210 317
210 335
210 341
210 393
210 424
210 427
210 431
210 461
210 490
211 217
211 227
211 236
211 243
211 249
211 322
211 326
211 327
211 345
211 366
211 390
211 392
211 407
211 432
211 448
211 492
212 222
212 226
212 243
212 255
212 266
212 274
212 308
212 313
212 322
212 323
212 326
212 352
212 374
212 388
212 397
212 398
212 399
212 407
212 414
212 441
212 451
212 453
212 460
212 471
212 486
213 226
213 232
213 253
213 257
213 258
213 278
213 294
213 312
213 321
213 334
213 339
213 341
213 359
213 376
213 390
213 392
213 396
213 420
213 423
213 437
213 439
213 443
213 444
213 452
213 454
213 463
214 227
214 231
214 342
214 387
214 415
214 422
214 456
214 461
214 479
214 492
214 497
215 232
215 272
215 299
215 305
215 312
215 314
215 323
215 348
215 352
215 359
215 360
215 381
215 398
215 455
215 464
215 473
215 482
215 496
216 221
216 233
216 239
216 273
216 305
216 306
216 326
216 333
216 339
216 349
216 350
216 352
216 361
216 392
216 398
216 420
216 421
216 445
216 457
216 462
216 485
216 496
217 245
217 274
217 298
217 304
217 319
217 328
217 331
217 349
217 355
217 361
217 379
217 400
217 437
217 439
217 441
217 466
217 480
217 491
218 234
218 251
218 258
218 266
218 289
218 305
218 309
218 321
218 326
218 346
218 366
218 376
218 392
218 396
218 400
218 421
218 422
218 449
218 493
219 236
219 304
219 348
219 349
219 363
219 399
219 417
219 466
219 479
219 489
219 496
220 250
220 259
220 281
220 293
220 365
220 399
220 406
220 419
220 433
220 459
220 493
221 263
221 316
221 325
221 337
221 341
221 349
221 395
221 397
221 427
221 461
221 493
221 495
222 240
222 260
222 274
222 296
222 364
222 366
222 383
222 389
222 397
222 406
222 423
222 439
222 443
222 452
222 466
222 475
222 493
223 259
223 327
223 339
223 344
223 348
223 349
223 366
223 391
223 397
223 411
223 420
223 441
223 447
223 471
223 485
223 496
223 498
224 228
224 240
224 243
224 244
224 264
224 312
224 316
224 370
224 398
224 428
224 434
224 446
224 460
224 464
224 482
224 490
225 303
225 309
225 322
225 336
225 386
225 412
225 421
225 422
225 470
225 493
226 270
226 287
226 294
226 301
226 310
226 355
226 381
226 382
226 414
226 448
226 475
227 236
227 247
227 250
227 266
227 270
227 273
227 284
227 293
227 306
227 325
227 340
227 355
227 373
227 383
227 425
227 444
227 449
227 483
227 497
228 247
228 277
228 303
228 333
228 346
228 455
228 456
228 476
228 482
228 486
229 247
229 292
229 309
229 314
229 389
229 401
229 420
229 452
229 464
229 480
229 484
230 244
230 257
230 270
230 283
230 289
230 302
230 306
230 309
230 325
230 342
230 345
230 385
230 386
230 388
230 400
230 420
230 457
230 463
230 481
231 294
231 313
231 316
231 337
231 356
231 409
231 433
231 443
231 475
232 237
232 257
232 261
232 275
232 299
232 361
232 365
232 368
232 376
232 380
232 382
232 392
232 393
232 394
232 423
232 468
232 472
232 480
233 284
233 291
233 295
233 313
233 316
233 369
233 403
233 427
233 458
233 464
234 238
234 247
234 288
234 314
234 343
234 364
234 374
234 386
234 390
234 406
234 456
234 471
235 263
235 269
235 271
235 278
235 283
235 288
235 297
235 315
235 354
235 364
235 369
235 390
235 420
235 466
235 485
235 496
236 282
236 307
236 312
236 348
236 405
236 407
236 410
236 424
236 432
236 439
236 442
236 445
236 455
236 460
236 465
236 478
236 499
237 241
237 247
237 274
237 288
237 304
237 324
237 326
237 365
237 414
237 450
237 454
237 455
237 490
238 265
238 289
238 290
238 314
238 357
238 366
238 421
238 470
239 242
239 245
239 275
239 300
239 338
239 362
239 369
239 405
239 425
239 426
239 483
240 276
240 279
240 297
240 299
240 325
240 339
240 398
240 449
240 457
240 479
241 271
241 273
241 298
241 335
241 351
241 355
242 340
242 355
242 374
242 400
242 413
242 418
242 422
242 446
242 450
242 455
242 488
242 498
243 274
243 303
243 342
243 347
243 374
243 399
243 482
243 487
244 276
244 278
244 385
244 429
244 446
244 488
244 494
245 248
245 253
245 279
245 299
245 381
245 389
245 393
245 416
245 441
245 484
246 260
246 266
246 283
246 321
246 342
246 359
246 397
246 412
246 418
246 459
246 488
247 263
247 286
247 291
247 318
247 329
247 333
247 346
247 353
247 359
247 362
247 387
247 408
247 421
247 424
247 429
247 438
247 460
247 486
247 498
248 269
248 283
248 336
248 348
248 350
248 386
248 430
248 470
248 472
249 250
249 269
249 296
249 318
249 322
249 379
249 396
249 434
249 438
249 480
249 481
250 261
250 317
250 337
250 340
250 341
250 392
250 402
250 414
250 435
250 439
250 440
250 482
250 485
250 487
251 266
251 305
251 320
251 330
251 362
251 370
251 374
251 382
251 385
251 421
251 450
251 473
251 497
252 259
252 283
252 309
252 353
252 369
252 370
252 395
252 426
252 440
252 442
252 460
252 461
252 472
253 257
253 315
253 320
253 369
253 374
253 416
253 420
253 442
253 450
253 468
253 469
253 472
253 485
253 487
254 267
254 318
254 359
254 370
254 401
254 441
254 463
254 486
255 268
255 286
255 296
255 333
255 363
255 413
255 417
255 435
255 458
255 465
255 466
255 484
256 360
256 366
256 378
256 404
256 419
256 427
256 428
256 475
256 487
257 273
257 288
257 293
257 295
257 342
257 349
257 351
257 359
257 404
257 407
257 429
257 432
257 447
257 465
257 476
257 478
258 317
258 394
258 443
258 456
258 488
259 274
259 320
259 354
259 387
259 396
259 400
259 401
259 412
259 455
259 467
259 479
259 496
260 279
260 308
260 345
260 351
260 404
260 448
260 460
260 465
260 470
260 475
260 483
261 306
261 328
261 335
261 354
261 369
261 397
261 408
261 412
261 425
261 445
262 281
262 313
262 315
262 317
262 332
262 333
262 378
262 418
262 419
262 436
262 457
262 480
263 265
263 330
263 342
263 379
263 390
263 454
263 457
264 298
264 314
264 317
264 339
264 347
264 399
264 452
265 273
265 280
265 289
265 294
265 302
265 313
265 318
265 325
265 341
265 395
265 405
265 413
265 430
265 453
266 273
266 276
266 305
266 381
266 388
266 427
266 438
266 439
267 271
267 279
267 291
267 338
267 368
267 373
267 413
267 449
267 483
267 496
268 271
268 322
268 324
268 356
268 373
268 374
268 440
268 457
268 463
268 483
268 491
269 279
269 284
269 287
269 292
269 322
269 334
269 338
269 344
269 345
269 356
269 370
269 382
269 399
269 402
269 450
269 465
269 477
269 480
270 292
270 310
270 368
270 446
270 457
270 463
270 476
270 482
271 272
271 276
271 287
271 300
271 306
271 319
271 321
271 328
271 344
271 345
271 377
271 379
271 386
271 396
271 410
271 423
271 428
271 453
271 467
271 468
271 475
271 480
271 481
271 486
272 289
272 322
272 379
272 402
272 456
272 462
272 479
272 499
273 294
273 296
273 306
273 314
273 316
273 318
273 360
273 364
273 440
273 457
273 474
273 478
274 286
274 354
274 379
274 403
274 436
274 478
274 498
275 293
275 309
275 313
275 323
275 337
275 340
275 343
275 366
275 408
275 420
275 424
276 286
276 290
276 293
276 311
276 384
276 415
276 422
276 428
276 436
276 442
276 449
276 466
276 470
277 303
277 357
277 369
277 401
277 432
277 457
277 470
277 478
278 282
278 305
278 353
278 366
278 381
278 383
278 401
278 422
278 458
278 476
279 287
279 310
279 338
279 363
279 397
279 402
279 406
279 409
279 426
279 428
279 477
280 296
280 307
280 315
280 357
280 396
280 416
280 430
280 450
280 478
280 485
281 309
281 351
281 373
281 385
281 425
281 436
281 485
282 294
282 312
282 367
282 431
282 435
282 439
282 450
283 294
283 297
283 305
283 306
283 352
283 365
283 368
283 391
283 393
283 434
283 455
284 285
284 310
284 381
284 400
284 417
284 427
284 437
284 460
284 481
285 292
285 345
285 382
286 307
286 309
286 366
286 394
286 424
286 431
286 435
286 454
286 480
287 295
287 316
287 359
287 378
287 382
287 427
287 445
287 446
287 483
287 485
288 294
288 335
288 378
288 403
288 455
289 300
289 305
289 316
289 352
289 372
289 378
289 394
289 397
289 415
289 416
289 429
289 436
290 342
290 348
290 405
290 431
290 480
291 325
291 339
291 342
291 370
291 387
291 395
291 404
291 443
291 498
292 312
292 327
292 330
292 390
292 391
292 415
292 424
292 426
292 445
292 464
292 471
292 475
292 485
293 300
293 320
293 341
293 347
293 355
293 381
293 408
293 453
293 468
294 298
294 300
294 318
294 335
294 342
294 354
294 385
294 390
294 419
294 424
294 442
294 453
294 464
294 466
295 322
295 338
295 355
295 368
295 369
295 407
295 415
295 423
295 466
295 470
295 490
296 378
296 384
296 386
296 405
296 424
296 429
297 334
297 362
297 365
297 393
297 440
297 468
298 317
298 332
298 338
298 349
298 358
298 372
298 409
298 422
298 439
298 451
298 482
298 490
299 301
299 401
299 430
299 437
299 443
299 461
299 475
299 476
299 481
299 483
300 320
300 336
300 364
300 376
300 420
300 447
300 449
300 463
300 464
301 302
301 368
301 373
301 374
301 384
301 446
301 464
301 475
302 326
302 336
302 340
302 353
302 361
302 363
302 389
302 407
302 424
302 446
302 479
302 484
302 495
303 305
303 313
303 315
303 316
303 321
303 322
303 333
303 356
303 416
303 471
303 478
304 326
304 434
304 448
304 456
304 493
304 496
305 338
305 345
305 406
305 407
305 438
305 473
305 483
305 485
306 343
306 349
306 376
306 386
306 408
306 409
306 414
306 430
306 452
306 463
306 478
306 486
307 342
307 359
307 379
307 438
307 462
307 465
308 363
308 373
308 407
308 423
308 467
308 471
308 485
309 310
309 359
309 370
309 382
309 433
309 444
309 469
310 312
310 358
310 399
310 411
310 431
310 440
310 452
310 483
310 484
311 342
311 361
311 376
311 377
311 423
311 436
311 466
311 487
312 317
312 324
312 352
312 375
312 430
312 436
312 441
312 443
312 457
313 369
313 390
313 397
313 411
313 420
313 476
313 482
313 497
314 317
314 360
314 392
314 405
314 433
314 438
314 447
315 316
315 319
315 420
315 465
315 486
316 367
316 372
316 400
316 402
316 405
316 430
316 451
316 454
316 458
316 497
317 321
317 362
317 363
317 387
317 415
317 416
317 418
317 468
317 470
317 492
318 323
318 331
318 341
318 378
318 396
318 419
318 421
318 428
318 496
319 329
319 359
319 377
319 452
319 489
320 378
320 393
320 395
320 408
320 422
320 435
320 448
320 468
320 475
320 499
321 327
321 329
321 339
321 347
321 350
321 390
321 394
321 402
321 430
321 439
321 463
321 476
322 326
322 428
323 337
323 354
323 392
323 395
323 417
323 418
324 331
324 350
324 379
324 404
324 407
324 409
324 447
324 452
324 465
324 489
324 499
325 330
325 337
325 340
325 378
325 400
325 408
325 421
325 439
325 443
325 485
326 350
326 351
326 362
326 399
326 401
326 406
326 430
326 437
326 442
326 452
327 371
327 384
327 385
327 405
327 435
327 441
327 455
327 475
327 476
327 479
328 342
328 351
328 393
328 411
328 423
328 425
328 428
328 438
328 473
328 483
328 494
329 331
329 355
329 366
329 386
329 421
329 460
329 481
329 490
330 369
330 374
330 376
330 409
330 442
330 451
330 476
330 487
330 499
331 368
331 369
331 379
331 466
331 483
332 336
332 337
332 343
332 431
332 447
333 395
333 405
333 418
333 420
333 422
333 439
333 454
333 489
334 355
334 365
334 417
334 457
334 462
334 489
335 341
335 350
335 400
335 434
335 448
335 450
335 484
335 487
336 351
336 353
336 354
336 356
336 358
336 367
336 376
336 384
336 398
336 399
336 408
336 423
336 434
336 436
336 456
336 486
337 339
337 349
337 350
337 383
337 429
337 479
337 492
337 495
338 380
338 382
338 405
338 418
338 428
338 445
338 452
338 456
338 499
339 341
339 376
339 414
339 439
339 452
340 345
340 346
340 357
340 372
340 379
340 384
340 424
340 428
340 435
340 437
340 495
341 344
341 345
341 359
341 372
341 375
341 386
341 389
341 406
341 418
341 425
341 443
341 444
341 453
341 462
341 470
341 489
341 493
342 350
342 354
342 397
342 421
343 348
343 360
343 373
343 386
343 437
343 445
343 457
343 474
343 476
343 480
343 485
343 486
344 352
344 357
344 404
344 428
344 441
344 454
344 497
345 349
345 377
345 397
345 421
345 462
345 464
345 494
346 412
346 419
346 420
346 433
346 436
346 451
346 473
346 494
346 497
347 354
347 358
347 362
347 371
347 392
347 442
347 454
347 497
348 352
348 388
348 461
348 471
348 487
349 359
349 449
349 451
349 493
350 353
350 370
350 382
350 383
350 412
350 429
350 434
350 435
350 458
350 460
350 493
351 376
351 380
351 389
351 405
351 418
351 434
351 455
351 492
352 362
352 379
352 457
352 460
352 479
352 483
353 355
353 361
353 369
353 372
353 376
353 413
353 417
353 426
354 356
354 373
354 395
354 396
354 433
354 438
354 446
355 373
355 394
355 397
355 405
355 428
355 460
355 461
355 482
355 495
356 362
356 365
356 368
356 383
356 397
356 400
356 415
356 416
356 449
356 455
357 360
357 427
357 436
357 448
357 452
357 479
357 490
358 363
358 371
358 403
358 420
358 491
359 385
359 409
359 414
359 425
359 431
359 436
359 456
359 483
359 499
360 402
360 411
360 422
360 456
360 466
361 365
361 370
361 410
361 430
361 444
362 375
362 382
362 409
362 426
362 459
363 371
363 379
363 380
363 384
363 387
363 428
363 429
363 434
363 488
364 404
364 450
365 369
365 370
365 376
365 392
365 419
365 434
365 450
365 480
366 375
366 376
366 377
366 403
366 426
366 464
366 477
366 482
366 486
366 493
366 494
367 377
367 403
367 418
367 422
367 426
367 443
367 457
368 441
368 453
368 480
369 441
369 457
369 461
369 464
369 475
369 484
370 373
370 381
370 392
370 394
370 412
370 421
370 485
370 487
370 495
370 496
371 377
371 379
371 469
371 476
372 379
372 385
372 406
372 407
372 434
372 436
372 442
372 470
372 473
373 386
373 393
373 397
373 418
373 434
373 454
373 457
373 492
373 497
374 410
374 411
374 413
374 430
374 444
374 473
374 494
375 399
375 407
375 408
375 441
375 461
375 481
375 495
376 403
376 404
376 405
376 447
376 495
377 399
377 436
377 443
377 469
377 475
377 479
378 379
378 395
378 411
378 430
378 440
378 445
379 380
379 439
379 442
379 458
380 412
380 421
380 480
380 497
381 411
381 431
381 438
381 440
381 454
381 480
381 486
382 393
382 447
383 411
383 422
383 434
383 441
383 481
383 492
384 394
384 401
384 419
384 442
384 467
385 415
385 429
386 401
386 410
386 416
386 452
386 472
386 490
386 496
387 398
387 419
387 426
387 435
387 460
387 473
387 489
387 492
387 497
388 401
388 429
388 474
388 482
388 485
389 392
389 471
389 483
389 492
390 425
390 433
390 447
391 412
391 424
391 425
391 427
391 481
391 496
392 433
392 482
393 405
393 421
393 453
394 465
394 479
395 416
395 419
396 412
396 424
396 433
396 452
396 457
397 422
397 432
397 454
397 464
398 430
398 449
398 488
398 491
398 494
399 414
399 453
399 457
399 460
400 407
400 417
400 424
400 425
400 429
400 430
400 485
400 491
401 459
402 412
402 422
402 442
402 447
402 473
403 404
403 427
403 462
403 468
403 474
403 490
404 411
404 443
404 496
405 413
405 419
405 485
405 497
406 430
406 434
406 436
406 455
406 457
406 473
406 496
407 410
407 413
407 420
407 423
407 461
407 464
408 417
408 422
408 426
408 487
408 491
408 499
409 420
409 451
410 422
410 431
410 440
410 479
410 483
410 498
411 419
411 440
411 452
412 462
413 430
413 438
413 442
413 443
413 446
413 462
414 416
414 441
414 442
414 449
414 456
414 461
415 438
415 475
415 491
416 424
416 480
416 481
416 485
417 422
417 434
417 492
417 498
418 422
418 430
418 462
418 484
418 493
419 468
419 471
419 478
420 427
420 448
420 473
420 497
421 445
421 448
421 459
421 477
421 481
421 490
421 493
421 498
422 474
422 478
423 433
423 434
423 440
423 491
424 438
424 499
425 426
425 440
425 458
425 495
426 456
426 478
426 487
426 494
427 430
427 496
428 429
428 431
428 458
428 495
429 437
429 452
429 454
429 484
430 462
430 472
430 484
430 497
431 434
431 445
431 449
431 456
431 468
431 470
432 443
432 470
432 494
432 496
432 499
433 487
433 495
433 496
434 440
434 456
434 457
434 466
434 479
435 439
435 460
435 479
435 493
435 498
436 437
436 465
436 480
437 453
437 499
438 441
438 450
438 452
438 466
439 444
439 499
440 446
440 474
441 442
441 451
442 448
442 451
442 478
442 484
443 461
443 482
443 494
443 497
444 446
444 461
444 496
445 449
447 452
447 485
448 454
448 455
448 470
448 471
449 450
450 452
450 467
450 470
450 497
452 454
452 461
452 469
453 479
454 494
455 470
455 475
455 492
456 473
457 470
458 463
459 469
460 475
460 490
461 476
462 463
462 476
462 484
462 486
463 494
464 492
465 498
466 495
466 499
467 498
467 499
468 477
469 472
469 477
471 477
471 494
472 476
473 477
473 496
473 498
474 479
474 485
476 488
477 499
479 491
480 487
482 494
484 485
485 497
487 494
488 491
489 491
489 496
490 491
491 493
