200 1566 0.5
0 19
0 26
0 29
0 56
0 68
0 71
0 74
0 75
0 79
0 82
0 86
0 96
0 98
0 101
0 102
0 104
0 117
0 131
0 134
0 138
0 160
0 179
1 23
1 40
1 62
1 75
1 80
1 109
1 119
1 131
1 143
1 186
1 196
2 4
2 5
2 17
2 51
2 54
2 60
2 88
2 100
2 105
2 116
2 137
2 165
2 182
2 183
2 184
2 192
3 36
3 38
3 53
3 55
3 135
3 137
3 166
3 172
3 192
3 196
4 29
4 41
4 46
4 60
4 114
4 126
4 141
4 154
4 158
4 172
4 179
4 184
5 17
5 18
5 28
5 29
5 67
5 70
5 112
5 139
5 156
5 158
5 179
5 192
6 14
6 17
6 28
6 29
6 67
6 81
6 95
6 105
6 115
6 118
6 122
6 165
6 179
6 189
6 198
7 20
7 21
7 60
7 96
7 118
7 127
7 138
7 139
7 190
7 197
7 198
7 199
8 12
8 25
8 38
8 39
8 40
8 49
8 52
8 63
8 72
8 106
8 121
8 129
8 143
8 150
8 154
8 171
8 174
9 12
9 22
9 47
9 59
9 74
9 76
9 83
9 89
9 93
9 103
9 115
9 119
9 136
10 33
10 36
10 41
10 55
10 71
10 102
10 105
10 122
10 128
10 135
10 137
10 144
10 145
10 150
10 166
10 168
10 173
10 174
10 195
11 34
11 37
11 65
11 68
11 92
11 101
11 112
11 113
11 119
11 123
11 166
11 183
12 46
12 47
12 55
12 57
12 68
12 83
12 92
12 127
12 135
12 142
12 155
12 156
12 187
13 23
13 28
13 34
13 62
13 65
13 90
13 93
13 125
13 128
13 129
13 140
13 148
13 166
13 175
13 194
14 15
14 19
14 31
14 36
14 44
14 47
14 50
14 64
14 94
14 104
14 105
14 112
14 133
14 157
14 165
14 167
14 173
15 58
15 74
15 79
15 80
15 82
15 84
15 94
15 101
15 106
15 139
15 144
15 161
15 176
15 180
15 185
15 199
16 38
16 53
16 73
16 83
16 97
16 108
16 110
16 128
16 138
16 151
16 154
16 166
16 194
17 44
17 76
17 95
17 96
17 111
17 131
17 140
17 151
17 155
17 159
17 170
17 172
17 184
18 19
18 59
18 84
18 101
18 143
18 152
18 160
18 174
18 197
18 198
19 32
19 47
19 55
19 63
19 96
19 104
19 105
19 110
19 112
19 131
19 132
19 145
19 154
19 155
19 165
19 186
19 187
20 31
20 33
20 34
20 47
20 51
20 97
20 111
20 130
20 156
20 157
20 198
21 58
21 74
21 88
21 108
21 125
21 143
21 146
21 149
21 150
21 157
21 182
21 183
21 185
21 192
21 194
22 31
22 37
22 41
22 61
22 64
22 68
22 74
22 92
22 95
22 110
22 117
22 125
22 134
22 147
22 172
23 52
23 53
23 73
23 85
23 87
23 102
23 105
23 126
23 134
23 155
23 156
23 177
24 27
24 42
24 61
24 62
24 71
24 101
24 107
24 122
24 129
24 156
24 164
24 176
24 193
24 194
25 51
25 62
25 66
25 106
25 111
25 128
25 137
25 150
25 152
25 170
25 171
25 186
25 196
26 54
26 58
26 62
26 82
26 106
26 122
26 138
26 141
26 142
26 148
26 163
26 164
26 178
26 184
26 186
27 45
27 74
27 80
27 109
27 116
27 117
27 126
27 127
27 137
27 138
27 139
27 143
27 146
27 150
27 151
27 156
27 157
27 195
28 31
28 53
28 123
28 129
28 132
28 155
28 172
29 40
29 57
29 66
29 73
29 95
29 96
29 121
29 136
29 165
29 169
30 35
30 39
30 62
30 71
30 99
30 110
30 111
30 115
30 132
30 159
30 183
30 184
31 40
31 47
31 67
31 71
31 75
31 76
31 80
31 88
31 110
31 126
31 154
31 159
31 186
32 48
32 54
32 55
32 63
32 68
32 94
32 98
32 114
32 169
32 173
32 193
32 194
33 34
33 36
33 64
33 68
33 70
33 94
33 115
33 144
33 146
33 148
33 161
33 168
33 174
34 56
34 67
34 78
34 121
34 139
34 156
34 167
34 181
34 190
34 198
35 46
35 71
35 110
35 116
35 123
35 130
35 134
35 135
35 139
35 140
35 151
35 159
35 166
35 195
36 83
36 84
36 89
36 90
36 108
36 121
36 171
37 38
37 55
37 66
37 88
37 107
37 113
37 121
37 139
37 148
37 151
37 153
37 158
37 165
37 171
37 184
37 186
37 191
37 196
38 39
38 48
38 84
38 110
38 117
38 122
38 158
38 173
38 193
39 84
39 87
39 159
39 163
40 43
40 88
40 112
40 139
40 171
41 45
41 50
41 68
41 82
41 83
41 89
41 117
41 159
41 164
41 177
41 183
41 195
42 47
42 67
42 82
42 85
42 91
42 106
42 132
42 136
42 143
42 145
42 163
42 178
42 196
43 66
43 93
43 109
43 118
43 135
43 136
43 158
43 175
43 183
43 192
43 193
44 75
44 98
44 104
44 117
44 129
44 130
44 133
44 137
44 145
44 171
44 173
44 175
44 180
44 197
45 67
45 70
45 77
45 86
45 92
45 94
45 97
45 100
45 101
45 112
45 129
45 132
45 147
45 170
45 191
46 53
46 64
46 67
46 114
46 121
46 126
46 134
46 141
46 143
46 152
46 172
46 175
46 178
46 186
46 189
47 60
47 70
47 71
47 74
47 85
47 88
47 100
47 103
47 109
47 134
47 146
47 152
47 158
47 171
47 177
47 178
47 182
47 183
48 79
48 109
48 142
48 154
48 159
48 168
48 172
48 173
48 183
49 68
49 80
49 87
49 89
49 100
49 106
49 111
49 122
49 133
49 155
49 162
49 168
49 170
49 174
49 175
49 187
50 52
50 71
50 80
50 167
50 186
50 189
50 198
51 64
51 95
51 98
51 118
51 137
51 169
51 171
51 197
51 198
51 199
52 56
52 59
52 65
52 75
52 88
52 92
52 114
52 116
52 142
52 153
52 161
52 179
52 190
53 55
53 79
53 83
53 96
53 101
53 103
53 107
53 126
53 132
53 135
53 151
53 152
53 164
53 178
53 183
53 187
53 192
53 196
54 68
54 74
54 82
54 89
54 100
54 119
54 122
54 123
54 171
54 186
55 62
55 77
55 78
55 80
55 81
55 115
55 124
55 137
55 157
55 166
55 174
55 182
56 57
56 107
56 109
56 133
56 136
56 138
56 147
56 153
56 160
56 173
56 177
56 184
56 193
57 65
57 66
57 67
57 96
57 97
57 98
57 105
57 113
57 133
57 144
57 150
57 152
57 162
57 175
57 193
57 197
58 68
58 82
58 83
58 92
58 119
58 127
58 160
58 172
58 179
58 184
59 67
59 89
59 101
59 102
59 116
59 119
59 122
59 148
59 180
59 192
59 199
60 78
60 80
60 81
60 112
60 130
60 138
60 145
61 70
61 73
61 79
61 109
61 119
61 149
61 156
61 158
61 179
62 77
62 81
62 84
62 85
62 107
62 109
62 110
62 119
62 133
62 143
62 160
62 171
62 175
62 185
62 186
62 189
62 194
62 198
63 82
63 83
63 88
63 92
63 95
63 111
63 121
63 122
63 128
63 136
63 144
63 152
63 167
63 175
64 78
64 85
64 92
64 94
64 107
64 130
64 133
64 155
64 171
64 188
64 193
65 77
65 102
65 103
65 114
65 119
65 148
65 176
65 187
65 189
65 191
65 198
66 131
66 136
66 150
66 155
66 178
66 180
66 181
66 186
67 113
67 132
67 151
67 154
67 178
67 180
67 186
67 191
68 69
68 111
68 120
68 124
68 126
68 151
68 158
68 164
68 172
69 82
69 100
69 110
69 120
69 126
69 131
69 148
69 152
69 155
69 189
70 76
70 77
70 80
70 111
70 114
70 130
70 136
70 149
70 161
70 181
70 190
70 197
71 75
71 78
71 99
71 105
71 133
71 145
71 156
71 177
71 186
71 188
71 194
71 196
72 74
72 97
72 110
72 136
72 152
72 179
73 89
73 91
73 105
73 111
73 121
73 134
73 162
73 175
73 178
73 189
73 190
74 81
74 92
74 114
74 120
74 132
74 133
74 150
74 190
75 76
75 99
75 127
75 139
75 159
75 163
75 168
75 195
76 83
76 100
76 104
76 118
76 123
76 136
76 164
76 171
76 172
76 178
76 193
77 87
77 108
77 111
77 116
77 126
77 136
77 142
77 163
77 175
77 188
77 193
78 190
79 89
79 92
79 125
79 126
79 130
79 138
79 141
79 156
79 164
79 165
79 167
79 172
79 181
79 182
79 190
80 116
80 120
80 132
80 134
80 156
80 170
80 182
81 86
81 87
81 107
81 112
81 116
81 118
81 127
81 134
81 136
81 140
81 143
81 144
81 166
81 174
81 176
81 183
82 93
82 97
82 103
82 107
82 112
82 123
82 125
82 135
82 142
82 160
82 163
82 189
83 91
83 107
83 114
83 123
83 128
83 130
83 175
83 177
83 178
83 184
84 96
84 110
84 138
84 163
84 173
84 175
84 182
84 192
85 89
85 92
85 94
85 101
85 110
85 131
85 150
85 172
85 198
86 106
86 114
86 118
86 134
86 138
86 164
86 171
86 188
87 95
87 117
87 132
87 138
87 143
87 149
87 153
87 158
87 176
87 195
88 104
88 113
88 115
88 126
88 164
88 168
89 105
89 122
89 127
89 157
89 164
89 179
90 95
90 96
90 117
90 141
90 160
90 190
90 197
91 100
91 108
91 113
91 116
91 129
91 130
91 173
91 178
92 97
92 116
92 156
92 157
92 178
92 190
93 102
93 125
93 127
93 139
93 144
93 161
93 170
93 188
94 96
94 101
94 104
94 116
94 126
94 166
94 168
94 192
95 118
95 129
95 133
95 135
95 136
95 141
95 170
95 196
96 109
96 112
96 115
96 120
96 130
96 134
96 158
96 176
96 192
97 100
97 108
97 118
97 124
97 131
97 174
97 176
97 178
97 190
97 191
97 196
98 101
98 102
98 117
98 137
98 141
98 142
98 149
98 154
98 161
98 162
98 187
98 190
98 195
99 115
99 117
99 118
99 123
99 155
99 173
99 191
100 107
100 140
100 167
100 180
100 186
100 190
100 195
101 122
101 138
101 147
101 152
101 157
101 176
102 114
102 116
102 122
102 125
102 139
102 142
102 148
102 160
102 197
103 128
103 141
103 153
103 176
103 186
104 115
104 125
104 126
104 160
104 165
104 174
104 182
104 193
105 111
105 125
105 129
105 141
105 151
105 164
105 173
105 180
105 184
105 198
106 109
106 111
106 117
106 121
106 122
106 125
106 149
106 164
106 179
106 182
106 197
107 118
107 134
107 136
107 144
107 146
107 147
107 156
108 127
108 134
108 141
108 148
108 163
108 168
108 173
108 181
108 193
108 198
109 111
109 118
109 149
109 153
109 157
110 112
110 115
110 118
110 124
110 144
110 155
110 170
110 191
110 193
111 124
111 149
111 162
111 169
111 177
111 179
111 191
112 134
112 138
112 141
112 153
112 181
113 130
113 135
113 140
113 146
113 154
113 163
113 168
113 177
113 179
113 184
113 185
114 121
114 127
114 176
114 182
114 183
115 145
115 149
115 170
115 175
115 199
116 129
116 147
116 163
116 181
116 182
116 199
117 142
117 145
117 147
117 150
117 161
117 170
118 122
118 128
118 133
118 142
118 145
118 162
118 164
118 171
118 173
119 134
119 150
119 156
119 160
119 183
119 198
119 199
120 144
120 147
120 164
120 177
120 179
120 187
120 188
121 129
121 135
121 162
121 185
121 198
122 124
122 132
122 140
122 141
122 149
122 157
122 169
122 181
123 156
123 157
123 160
123 173
123 174
123 182
123 189
123 194
123 196
124 165
124 169
124 184
124 186
124 190
125 127
125 143
125 145
125 156
125 164
125 183
125 189
125 191
126 133
126 144
126 151
126 164
126 166
127 138
127 167
127 174
127 182
127 185
128 129
128 154
128 159
128 165
128 172
128 182
129 136
129 142
129 196
130 149
130 159
130 160
130 179
130 180
130 190
130 194
131 143
131 156
131 164
131 166
131 170
131 174
131 175
131 184
131 190
131 191
131 192
132 133
132 138
132 151
132 155
132 163
132 168
132 189
132 192
132 196
133 155
133 157
133 162
133 168
133 175
133 186
134 136
134 139
134 154
134 158
134 166
134 171
134 193
135 140
135 157
135 164
136 146
136 154
136 172
136 180
136 196
137 173
137 176
138 140
138 156
138 170
138 172
138 181
139 157
139 186
139 189
139 192
139 199
140 143
140 148
140 159
140 175
140 176
140 189
141 169
141 186
142 147
142 168
142 171
142 181
142 195
142 197
143 158
143 179
143 187
143 199
144 147
144 153
144 162
144 168
144 170
144 172
144 182
144 189
144 197
145 150
145 168
145 169
145 183
145 188
145 190
146 147
146 163
146 164
146 176
146 186
146 195
147 150
147 160
147 186
148 157
148 165
148 175
148 191
149 150
149 154
149 178
149 183
150 156
150 166
150 175
150 181
150 184
150 187
151 160
151 170
151 171
151 193
151 195
152 173
152 181
152 185
152 187
152 191
153 174
153 180
153 181
154 170
154 172
155 160
155 188
155 189
155 191
155 195
155 199
156 170
157 165
157 188
157 195
158 166
158 173
158 179
158 182
158 197
159 179
159 186
159 196
160 162
160 178
161 168
161 180
162 165
162 191
163 167
163 172
163 178
163 183
164 167
164 183
165 167
165 183
166 170
166 178
166 186
167 178
167 181
169 182
169 197
170 171
170 182
170 192
171 176
171 179
171 189
171 192
171 193
172 180
173 179
173 190
174 194
174 199
175 193
176 193
177 189
178 193
180 181
180 193
182 183
182 185
182 189
182 195
182 199
183 193
185 191
186 191
186 192
188 190
188 194
189 191
192 196
194 199
195 196
196 197
