200 1590 0.2
0 42
0 51
0 71
0 82
0 97
0 131
0 136
0 138
0 155
0 161
0 172
0 186
1 16
1 17
1 29
1 43
1 46
1 60
1 69
1 111
1 140
1 146
1 156
1 158
1 175
1 186
1 187
2 4
2 8
2 16
2 33
2 37
2 57
2 61
2 79
2 90
2 109
2 117
2 123
2 153
2 164
2 177
2 184
2 186
3 4
3 9
3 13
3 46
3 48
3 68
3 86
3 108
3 128
3 132
3 138
3 148
3 150
3 185
3 196
4 15
4 59
4 63
4 70
4 77
4 79
4 99
4 105
4 110
4 114
4 156
4 168
4 170
4 173
4 175
4 188
5 14
5 27
5 31
5 44
5 45
5 48
5 77
5 91
5 94
5 98
5 114
5 130
5 132
5 134
6 11
6 19
6 59
6 80
6 90
6 125
6 139
6 157
6 186
7 19
7 21
7 25
7 32
7 68
7 98
7 106
7 119
7 122
7 125
7 172
7 174
8 9
8 11
8 31
8 50
8 87
8 88
8 94
8 118
8 139
8 142
8 188
8 189
9 100
9 105
9 106
9 109
9 140
9 145
9 160
9 171
9 173
9 176
9 183
9 188
9 191
9 192
10 14
10 30
10 33
10 52
10 60
10 127
10 132
10 137
10 148
10 168
10 170
10 183
10 191
10 197
11 26
11 33
11 67
11 71
11 73
11 100
11 101
11 105
11 132
11 147
11 158
11 194
11 195
12 46
12 67
12 73
12 76
12 81
12 87
12 118
12 134
12 144
12 182
13 14
13 29
13 42
13 59
13 84
13 88
13 96
13 107
13 108
13 111
13 113
13 129
13 137
13 147
13 154
13 157
13 169
13 198
14 19
14 20
14 57
14 64
14 72
14 113
14 114
14 122
14 142
14 147
14 155
14 158
14 165
14 169
14 173
14 177
14 190
15 31
15 38
15 51
15 57
15 65
15 70
15 72
15 73
15 74
15 75
15 79
15 97
15 138
15 150
15 153
15 168
15 178
16 43
16 52
16 61
16 68
16 85
16 87
16 105
16 117
16 127
16 128
16 129
16 131
16 133
16 136
16 139
16 144
16 155
16 160
16 164
16 174
16 179
16 181
16 198
17 47
17 69
17 79
17 82
17 87
17 94
17 96
17 110
17 136
17 151
17 153
17 156
17 160
17 168
17 173
17 176
18 24
18 36
18 48
18 55
18 80
18 110
18 149
18 160
18 170
18 199
19 27
19 31
19 38
19 42
19 53
19 56
19 60
19 75
19 87
19 110
19 125
19 130
19 171
19 178
20 30
20 50
20 51
20 76
20 82
20 86
20 110
20 124
20 130
20 154
20 157
20 185
21 44
21 48
21 59
21 61
21 67
21 72
21 96
21 124
21 130
21 182
22 29
22 36
22 37
22 40
22 53
22 89
22 99
22 103
22 113
22 127
22 140
22 152
22 183
22 192
23 33
23 48
23 59
23 60
23 65
23 70
23 82
23 86
23 93
23 96
23 116
23 129
23 130
23 149
23 161
23 170
23 176
24 33
24 99
24 101
24 113
24 124
24 149
24 168
24 185
24 194
24 196
25 33
25 35
25 48
25 50
25 51
25 72
25 89
25 109
25 136
25 146
25 172
25 173
25 174
25 198
26 77
26 83
26 84
26 92
26 104
26 119
26 156
26 158
26 178
26 179
27 56
27 60
27 65
27 70
27 74
27 77
27 106
27 108
27 132
27 140
27 165
27 179
28 33
28 39
28 47
28 57
28 74
28 105
28 106
28 118
28 123
28 138
28 156
28 172
28 181
29 73
29 83
29 105
29 106
29 110
29 113
29 131
29 136
29 152
29 156
29 168
29 170
29 171
29 177
29 182
29 186
29 194
29 195
29 196
29 197
30 31
30 50
30 69
30 78
30 85
30 90
30 100
30 106
30 121
30 124
30 125
30 128
30 161
30 164
30 174
30 175
30 197
31 39
31 59
31 85
31 104
31 160
31 164
31 173
31 185
32 38
32 44
32 56
32 80
32 87
32 100
32 112
32 125
32 127
32 139
32 147
32 150
32 160
32 161
32 182
32 184
33 67
33 85
33 86
33 88
33 111
33 121
33 136
33 164
33 184
33 194
34 64
34 74
34 86
34 94
34 106
34 108
34 120
34 126
34 134
34 136
34 157
34 162
34 171
34 173
35 74
35 75
35 80
35 81
35 86
35 94
35 95
35 96
35 101
35 113
35 123
35 134
35 140
35 159
35 163
35 164
35 174
35 182
35 199
36 40
36 45
36 59
36 66
36 76
36 80
36 120
36 121
36 127
36 131
36 144
36 165
36 191
36 196
37 45
37 46
37 65
37 66
37 98
37 112
37 117
37 144
37 149
37 153
37 155
37 159
37 172
37 193
38 41
38 42
38 50
38 58
38 59
38 63
38 66
38 86
38 87
38 88
38 146
38 153
38 163
38 172
38 177
39 59
39 89
39 101
39 128
39 181
39 183
40 54
40 57
40 97
40 104
40 110
40 121
40 126
40 156
40 159
40 170
40 173
40 176
41 100
41 107
41 108
41 114
41 131
41 133
41 136
41 149
41 156
41 185
42 91
42 96
42 101
42 120
42 147
42 151
42 160
42 189
43 46
43 50
43 64
43 66
43 70
43 72
43 80
43 100
43 101
43 107
43 114
43 136
43 139
43 145
43 175
43 188
44 45
44 47
44 52
44 53
44 81
44 88
44 93
44 95
44 117
44 121
44 132
44 199
45 74
45 118
45 119
45 128
45 142
45 162
45 165
45 169
45 197
46 76
46 93
46 97
46 114
46 148
46 150
46 169
46 176
46 178
46 181
46 182
46 191
47 56
47 76
47 78
47 96
47 104
47 106
47 114
47 122
47 147
47 163
48 62
48 66
48 69
48 113
48 151
48 167
48 185
49 52
49 81
49 86
49 92
49 120
49 148
49 152
49 156
49 177
49 179
49 182
49 188
49 191
49 194
49 196
50 55
50 78
50 79
50 89
50 92
50 101
50 115
50 128
50 132
50 136
50 154
50 155
50 167
50 173
50 174
51 54
51 58
51 79
51 81
51 87
51 98
51 120
51 125
51 134
51 152
51 159
51 187
51 196
52 68
52 94
52 103
52 122
52 137
52 163
52 169
52 175
52 176
53 60
53 69
53 93
53 95
53 97
53 133
53 142
53 153
53 161
53 194
54 55
54 63
54 64
54 114
54 115
54 116
54 133
54 142
54 156
54 158
54 163
54 179
54 192
55 58
55 71
55 87
55 90
55 114
55 192
55 198
56 61
56 67
56 83
56 84
56 91
56 99
56 103
56 109
56 115
56 124
56 128
56 134
56 171
56 176
57 71
57 82
57 85
57 112
57 122
57 123
57 124
57 132
57 137
57 167
57 177
57 184
57 196
58 90
58 106
58 108
58 121
58 123
58 125
58 131
58 135
58 149
58 192
58 193
58 195
59 94
59 115
59 118
59 132
59 133
59 149
59 154
59 175
59 178
60 75
60 105
60 111
60 115
60 116
60 164
60 178
60 183
60 193
60 195
61 63
61 76
61 88
61 94
61 99
61 105
61 124
61 164
61 172
62 63
62 65
62 74
62 80
62 118
62 136
62 141
62 146
62 171
62 195
63 64
63 72
63 77
63 89
63 100
63 107
63 110
63 128
63 140
63 181
63 184
63 191
63 199
64 83
64 98
64 100
64 103
64 110
64 125
64 168
64 178
65 75
65 82
65 97
65 104
65 127
65 130
65 132
65 151
65 153
65 155
65 157
65 169
65 171
65 174
65 189
66 72
66 93
66 105
66 107
66 116
66 125
66 167
66 175
66 197
67 73
67 77
67 81
67 100
67 106
67 113
67 126
67 135
67 144
67 146
67 164
67 168
67 176
67 181
67 189
67 190
67 195
68 76
68 79
68 98
68 118
68 126
68 145
68 148
68 159
68 166
68 196
69 84
69 128
69 132
69 161
69 176
70 96
70 107
70 126
70 138
70 169
70 173
70 175
70 188
70 192
70 193
71 95
71 114
71 130
71 134
71 149
71 167
71 183
71 190
71 197
72 79
72 86
72 90
72 94
72 95
72 107
72 108
72 110
72 111
72 132
72 136
72 140
73 77
73 111
73 129
73 144
73 165
73 169
73 194
74 99
74 100
74 113
74 133
74 172
75 76
75 97
75 118
75 119
75 128
75 130
75 131
75 177
75 181
75 183
75 190
75 196
75 197
76 121
76 125
76 130
76 133
76 138
76 159
76 163
76 196
77 84
77 107
77 108
77 110
77 113
77 137
77 139
77 140
77 158
78 88
78 95
78 107
78 127
78 136
78 146
78 154
78 166
78 190
78 196
79 80
79 93
79 126
79 129
79 135
79 148
79 156
79 163
79 182
80 88
80 91
80 96
80 112
80 122
80 132
80 149
80 154
80 165
80 169
80 184
80 188
80 192
80 194
81 85
81 124
81 130
81 149
81 151
81 160
81 170
81 183
81 186
81 197
82 83
82 85
82 87
82 88
82 107
82 111
82 132
82 146
82 148
82 152
82 175
82 193
83 105
83 118
83 143
83 145
83 152
83 167
83 168
83 170
83 172
83 199
84 93
84 121
84 133
84 136
84 137
84 162
84 179
85 95
85 101
85 104
85 113
85 117
85 130
85 158
85 170
85 172
85 195
85 198
85 199
86 88
86 116
86 118
86 120
86 162
87 94
87 103
87 109
87 117
87 122
87 124
87 125
87 131
87 160
87 163
87 182
88 92
88 105
88 121
88 127
88 151
88 159
88 183
89 91
89 100
89 134
89 145
89 148
89 151
89 157
89 164
89 167
89 177
89 189
89 199
90 144
90 157
90 167
90 193
90 196
91 92
91 103
91 107
91 145
91 162
91 167
91 169
91 179
91 180
91 191
91 195
92 109
92 117
92 134
92 142
92 155
92 174
92 177
92 187
92 189
92 194
93 94
93 100
93 106
93 119
93 132
93 134
93 137
93 140
93 161
93 182
94 99
94 100
94 101
94 107
94 110
94 118
94 121
94 142
94 147
94 188
94 189
94 196
95 112
95 117
95 118
95 124
95 130
95 142
95 147
95 150
95 163
95 173
95 195
95 197
96 105
96 109
96 110
96 123
96 137
96 146
96 164
96 167
96 173
97 99
97 106
97 108
97 125
97 127
97 134
97 147
97 148
97 153
97 160
97 163
97 194
97 198
97 199
98 125
98 143
98 157
98 158
98 173
98 178
98 182
98 183
98 193
99 110
99 137
99 147
99 148
99 160
99 182
99 186
100 144
100 150
100 173
100 187
100 189
101 106
101 112
101 118
101 131
101 136
101 137
101 140
101 157
101 176
101 180
101 187
102 103
102 156
102 175
102 187
102 195
102 197
103 135
103 136
103 159
103 178
103 183
103 185
104 112
104 121
104 148
104 157
104 169
104 178
104 179
105 136
105 138
105 139
105 141
105 142
105 145
105 158
105 161
106 161
106 173
106 178
106 179
106 188
106 190
106 194
106 195
106 197
107 122
107 123
107 129
107 138
107 144
107 152
107 173
107 177
107 180
107 199
108 120
108 150
108 165
108 169
109 119
109 186
109 190
110 120
110 121
110 131
110 143
110 146
110 162
110 165
110 184
110 192
110 194
111 142
111 146
111 156
111 157
112 123
112 125
112 153
112 161
112 185
113 134
113 162
113 183
114 121
114 135
114 144
114 156
114 159
114 166
114 180
114 191
114 198
115 118
115 120
115 134
115 160
115 162
115 171
116 144
116 156
116 161
116 171
117 125
117 127
117 128
117 131
117 135
117 142
117 155
117 180
117 188
117 189
118 127
118 143
118 171
118 172
118 187
118 189
118 190
119 126
119 140
119 148
119 154
119 156
119 167
119 184
119 189
119 190
120 126
120 140
120 152
120 168
120 172
120 177
121 124
121 133
121 144
121 165
121 172
122 144
122 153
122 168
122 173
122 186
122 187
122 192
123 129
123 134
123 140
123 150
123 151
123 161
123 167
123 174
124 138
124 164
124 172
124 188
125 132
125 149
125 187
126 130
126 142
126 156
126 162
126 168
126 193
127 130
127 146
127 147
127 152
127 170
127 188
128 150
128 152
128 167
128 174
128 176
128 177
128 192
129 137
129 138
129 170
129 175
129 180
129 184
129 187
129 195
129 196
130 149
130 166
130 169
130 177
130 197
131 136
131 143
131 177
131 187
132 157
132 171
132 181
132 185
133 143
133 147
133 152
133 160
133 164
134 143
134 158
134 180
134 181
134 191
134 195
134 199
135 142
135 145
135 163
135 189
135 196
136 144
136 148
136 149
136 151
136 158
136 170
136 172
136 176
136 177
136 179
136 181
136 193
136 196
137 143
137 164
137 181
137 185
137 194
138 139
138 161
138 166
138 184
138 186
139 150
139 154
139 178
139 179
140 158
140 172
140 174
140 175
140 196
141 152
141 159
141 162
141 184
142 146
142 152
142 158
142 173
142 189
142 193
142 195
143 150
143 153
143 178
143 183
143 185
143 192
143 196
144 154
144 161
144 162
144 174
145 169
145 186
145 192
146 153
146 162
146 167
146 192
147 152
147 167
147 170
147 178
147 194
148 152
148 159
148 167
148 178
148 192
149 168
149 183
149 198
150 168
150 170
150 174
150 176
150 182
150 187
150 199
151 153
151 161
151 176
151 189
152 154
152 159
152 174
153 157
153 158
153 160
153 173
153 186
153 189
153 199
154 155
154 159
154 178
154 188
154 193
155 156
155 166
155 180
155 185
155 190
156 157
156 162
156 177
156 186
156 195
157 165
158 164
158 168
158 176
158 187
159 168
159 190
159 194
160 166
161 166
161 180
161 190
161 197
162 163
162 179
162 184
162 190
163 181
163 184
164 167
164 171
164 188
164 194
165 170
165 188
165 191
165 192
166 170
166 185
167 183
167 185
167 189
168 172
168 175
169 174
170 190
171 185
171 186
171 190
171 192
172 177
172 186
173 175
174 188
174 191
174 198
174 199
175 187
175 188
175 189
175 194
175 196
175 197
176 190
176 196
176 197
177 190
177 191
177 195
178 181
178 187
178 194
179 188
181 195
182 183
182 185
182 192
183 194
185 186
186 197
188 191
188 198
190 191
190 193
190 194
191 195
195 199
