100 294 0.2
0 4
0 52
0 56
0 62
0 83
1 32
2 6
2 25
2 32
2 39
2 71
2 90
3 14
3 15
3 37
3 47
3 59
3 67
3 73
3 87
4 78
5 13
5 23
5 29
5 41
5 47
5 58
5 62
6 20
6 25
6 28
6 50
6 51
6 81
7 32
7 57
7 61
8 26
8 45
8 66
8 80
8 86
8 92
9 47
9 49
10 27
10 45
10 64
10 65
10 70
10 76
11 16
11 20
11 40
11 47
11 50
11 57
11 82
11 87
12 16
12 22
12 26
12 42
12 83
12 87
12 98
13 14
13 28
13 37
13 41
13 54
13 88
14 24
14 42
14 57
14 69
14 76
15 55
15 61
15 64
15 88
16 44
16 46
16 49
16 58
16 69
17 61
17 70
17 96
18 23
18 38
18 55
18 63
19 55
19 64
19 93
20 21
20 22
20 25
20 74
20 92
20 94
21 36
21 43
21 58
21 63
21 74
21 82
21 90
21 92
22 27
22 60
22 65
22 71
23 31
23 85
23 86
23 90
24 39
24 40
24 46
24 53
24 63
24 70
24 72
24 78
24 81
24 90
25 46
25 57
25 64
25 81
25 91
25 94
26 63
26 71
26 76
26 82
27 33
27 36
27 47
27 67
28 32
28 64
29 52
29 56
29 86
30 54
30 55
30 56
30 57
30 76
31 40
31 41
31 63
31 92
32 35
32 48
32 83
33 44
33 51
33 59
34 88
35 36
35 37
35 39
35 62
35 94
37 43
37 63
37 66
37 71
37 79
38 78
39 43
39 44
39 51
39 52
39 66
39 71
39 85
40 51
40 53
40 75
41 53
41 85
41 97
42 61
42 69
42 85
42 86
43 54
43 81
43 83
44 67
44 79
45 61
45 64
45 82
45 95
46 51
47 49
47 54
47 71
48 49
48 70
48 89
49 70
49 80
49 97
50 78
52 53
52 72
52 90
53 61
53 62
53 75
53 79
53 83
53 88
54 72
55 65
55 67
55 93
55 98
56 82
56 92
56 97
57 59
57 98
58 65
58 68
58 70
58 82
58 85
59 94
59 99
60 86
61 63
61 64
61 75
61 78
61 96
61 98
62 80
62 87
63 65
63 67
63 72
63 75
64 66
64 70
65 95
66 80
66 82
66 84
66 93
68 82
68 97
69 87
70 73
70 82
70 99
71 92
72 89
73 75
73 87
73 92
74 88
76 80
76 81
76 83
76 94
77 91
77 93
77 99
79 98
80 88
80 99
81 91
82 98
83 92
84 90
85 91
85 97
86 87
86 95
86 96
87 93
87 97
88 97
91 93
93 96
95 97
