300 3181 0.8
0 2
0 18
0 26
0 36
0 66
0 67
0 104
0 108
0 143
0 176
0 192
0 205
0 244
0 269
0 281
0 283
0 298
1 13
1 19
1 21
1 39
1 54
1 71
1 73
1 74
1 83
1 93
1 113
1 118
1 121
1 134
1 143
1 153
1 160
1 186
1 227
1 235
1 283
1 288
2 28
2 39
2 53
2 60
2 71
2 79
2 106
2 124
2 145
2 162
2 195
2 206
2 209
2 225
2 227
2 240
2 251
2 255
2 277
3 11
3 12
3 13
3 38
3 39
3 50
3 91
3 107
3 115
3 116
3 118
3 120
3 178
3 195
3 199
3 221
3 224
3 225
3 248
3 251
3 258
3 264
3 269
3 274
3 284
3 292
3 294
4 5
4 33
4 48
4 49
4 66
4 67
4 126
4 140
4 156
4 161
4 169
4 171
4 189
4 206
4 222
4 229
4 258
4 261
4 281
4 284
4 289
4 298
5 9
5 22
5 23
5 31
5 44
5 54
5 55
5 74
5 80
5 119
5 130
5 167
5 174
5 182
5 186
5 198
5 199
5 200
5 202
5 203
5 231
5 296
6 11
6 28
6 56
6 57
6 68
6 111
6 148
6 149
6 154
6 168
6 186
6 195
6 205
6 240
6 286
7 18
7 20
7 21
7 24
7 26
7 58
7 68
7 104
7 137
7 155
7 183
7 197
7 246
7 248
7 267
7 299
8 15
8 18
8 24
8 32
8 36
8 54
8 63
8 66
8 72
8 76
8 100
8 139
8 149
8 155
8 170
8 186
8 213
8 234
8 238
8 250
8 275
8 280
9 35
9 37
9 41
9 42
9 65
9 66
9 85
9 87
9 97
9 104
9 109
9 115
9 128
9 136
9 162
9 172
9 179
9 184
9 196
9 199
9 205
9 222
9 230
9 233
9 249
9 261
9 274
9 290
10 12
10 15
10 19
10 30
10 55
10 59
10 72
10 86
10 128
10 133
10 143
10 153
10 178
10 204
10 219
10 243
10 273
10 275
10 276
10 282
10 290
10 299
11 13
11 14
11 15
11 23
11 30
11 41
11 44
11 48
11 50
11 73
11 76
11 83
11 94
11 125
11 128
11 132
11 134
11 135
11 158
11 191
11 221
11 253
11 257
11 271
11 284
11 289
11 290
12 13
12 14
12 23
12 67
12 86
12 94
12 101
12 111
12 116
12 157
12 171
12 181
12 183
12 194
12 195
12 200
12 201
12 210
12 211
12 217
12 233
12 265
12 284
12 286
13 19
13 65
13 115
13 121
13 136
13 139
13 162
13 163
13 165
13 244
13 288
14 20
14 26
14 39
14 41
14 89
14 95
14 119
14 125
14 128
14 142
14 192
14 199
14 223
14 250
14 271
14 276
14 291
14 293
15 35
15 46
15 50
15 64
15 105
15 138
15 145
15 147
15 159
15 166
15 183
15 195
15 208
15 222
15 247
15 254
15 274
15 279
15 280
15 281
15 289
15 296
15 298
16 21
16 42
16 58
16 60
16 62
16 64
16 69
16 97
16 127
16 203
16 222
16 257
16 268
16 272
16 275
16 276
16 286
16 290
17 29
17 51
17 71
17 101
17 108
17 119
17 125
17 156
17 170
17 173
17 237
17 246
17 264
18 26
18 34
18 41
18 46
18 63
18 64
18 74
18 106
18 116
18 128
18 130
18 145
18 197
18 214
18 237
18 250
18 253
18 257
18 266
18 268
18 278
18 279
18 284
18 288
18 295
19 20
19 28
19 35
19 50
19 52
19 54
19 65
19 71
19 87
19 99
19 103
19 141
19 148
19 155
19 159
19 168
19 172
19 175
19 235
19 239
19 245
19 248
19 273
19 284
19 285
19 290
20 28
20 36
20 46
20 55
20 81
20 98
20 101
20 120
20 144
20 148
20 163
20 166
20 242
20 243
20 265
20 292
20 298
21 38
21 39
21 40
21 51
21 53
21 75
21 83
21 92
21 98
21 104
21 112
21 132
21 161
21 167
21 172
21 175
21 177
21 184
21 204
21 208
21 209
21 212
21 228
21 275
21 284
22 27
22 28
22 36
22 57
22 65
22 67
22 76
22 116
22 128
22 129
22 141
22 154
22 163
22 191
22 206
22 216
22 236
22 256
22 268
22 281
22 288
22 290
22 296
23 25
23 36
23 42
23 75
23 92
23 100
23 120
23 122
23 165
23 175
23 190
23 201
23 202
23 211
23 212
23 222
23 225
23 232
23 251
23 257
23 277
23 285
24 101
24 140
24 141
24 155
24 161
24 176
24 208
24 213
24 237
24 238
24 268
24 283
24 290
25 30
25 36
25 51
25 53
25 57
25 60
25 71
25 87
25 92
25 104
25 112
25 113
25 132
25 143
25 147
25 156
25 169
25 181
25 183
25 186
25 194
25 200
25 204
25 229
25 245
25 263
25 265
25 266
25 276
25 293
26 27
26 39
26 55
26 82
26 109
26 118
26 131
26 132
26 152
26 157
26 175
26 184
26 217
26 223
26 232
26 252
26 261
26 284
26 293
27 52
27 57
27 120
27 130
27 201
27 208
27 220
27 229
27 246
27 257
27 262
27 274
27 278
27 284
27 294
28 29
28 34
28 45
28 57
28 103
28 111
28 125
28 139
28 150
28 151
28 162
28 182
28 199
28 206
28 215
28 219
28 220
28 222
28 233
28 245
28 248
28 250
28 266
28 271
28 278
29 38
29 62
29 81
29 85
29 129
29 137
29 144
29 155
29 172
29 181
29 190
29 197
29 204
29 214
29 223
29 255
29 259
29 261
29 265
29 275
29 287
29 294
29 297
30 44
30 66
30 67
30 70
30 83
30 92
30 116
30 138
30 181
30 182
30 190
30 204
30 207
30 220
30 246
30 261
30 262
30 264
30 277
30 281
30 286
30 297
31 43
31 58
31 76
31 77
31 79
31 81
31 95
31 96
31 101
31 111
31 134
31 144
31 167
31 170
31 187
31 205
31 211
31 226
31 230
31 232
31 244
31 248
31 255
31 283
32 69
32 74
32 85
32 94
32 104
32 116
32 119
32 122
32 146
32 149
32 161
32 177
32 192
32 235
32 267
32 285
32 289
32 294
33 39
33 50
33 76
33 81
33 82
33 101
33 114
33 125
33 142
33 152
33 161
33 163
33 194
33 197
33 257
33 282
33 288
33 293
33 296
34 55
34 57
34 73
34 85
34 95
34 105
34 111
34 113
34 146
34 167
34 177
34 192
34 222
34 223
34 233
34 253
34 254
34 271
34 285
34 287
34 296
34 297
35 43
35 103
35 124
35 130
35 138
35 174
35 187
35 206
35 211
35 232
35 239
35 274
36 68
36 86
36 103
36 104
36 108
36 112
36 115
36 139
36 154
36 181
36 215
36 217
36 222
36 236
36 243
36 259
36 291
36 296
37 79
37 85
37 111
37 139
37 158
37 184
37 201
37 203
37 209
37 249
37 250
37 252
37 285
38 89
38 114
38 119
38 126
38 135
38 136
38 151
38 194
38 220
38 237
38 239
38 252
38 287
38 289
39 58
39 71
39 85
39 97
39 111
39 118
39 121
39 124
39 128
39 144
39 166
39 171
39 186
39 198
39 203
39 206
39 208
39 214
39 216
39 225
39 236
39 251
39 252
39 256
39 258
39 271
39 285
39 291
40 52
40 55
40 83
40 102
40 105
40 116
40 136
40 161
40 176
40 217
40 222
40 235
40 256
41 62
41 63
41 81
41 88
41 123
41 124
41 128
41 130
41 131
41 134
41 135
41 158
41 163
41 169
41 170
41 175
41 183
41 186
41 201
41 204
41 215
41 217
41 218
41 232
41 236
41 240
41 243
41 249
41 287
42 69
42 89
42 113
42 136
42 143
42 166
42 198
42 208
42 226
42 227
42 230
42 240
42 256
42 259
42 263
42 291
43 89
43 103
43 112
43 114
43 115
43 124
43 129
43 135
43 170
43 172
43 186
43 190
43 191
43 224
43 243
43 245
43 264
43 280
44 57
44 87
44 93
44 103
44 110
44 123
44 127
44 135
44 138
44 142
44 145
44 147
44 160
44 163
44 171
44 180
44 191
44 192
44 198
44 226
44 243
44 248
44 255
44 258
44 261
44 262
44 265
44 277
44 282
45 51
45 107
45 184
45 191
45 218
45 221
45 222
45 231
45 236
45 245
45 250
45 258
45 260
45 288
46 47
46 49
46 51
46 65
46 83
46 133
46 137
46 153
46 192
46 205
46 209
46 211
46 217
46 238
46 246
46 250
46 258
46 262
46 264
46 270
46 291
47 51
47 87
47 91
47 101
47 108
47 124
47 132
47 144
47 186
47 189
47 193
47 198
47 269
47 284
47 288
48 57
48 74
48 130
48 132
48 138
48 150
48 156
48 160
48 169
48 177
48 182
48 190
48 215
48 229
48 237
48 243
48 250
48 271
49 68
49 72
49 87
49 100
49 103
49 119
49 143
49 144
49 160
49 174
49 181
49 186
49 187
49 212
49 254
49 282
49 292
49 298
50 64
50 70
50 71
50 92
50 120
50 144
50 151
50 165
50 183
50 188
50 223
50 257
50 298
51 60
51 72
51 84
51 95
51 103
51 106
51 116
51 152
51 158
51 182
51 187
51 284
51 295
51 299
52 56
52 62
52 73
52 79
52 119
52 140
52 166
52 170
52 173
52 174
52 190
52 198
52 207
52 215
52 240
52 259
52 263
52 273
52 287
52 296
53 63
53 64
53 71
53 74
53 75
53 81
53 93
53 149
53 182
53 205
53 224
53 226
53 234
53 245
53 248
53 253
53 261
53 264
54 83
54 89
54 90
54 92
54 103
54 128
54 161
54 163
54 178
54 182
54 206
54 212
54 221
54 242
54 256
54 264
54 266
54 274
54 281
55 59
55 65
55 86
55 87
55 99
55 103
55 129
55 132
55 133
55 154
55 164
55 189
55 201
55 203
55 207
55 208
55 236
55 258
55 262
55 267
55 280
55 295
56 67
56 88
56 105
56 108
56 109
56 116
56 126
56 174
56 193
56 198
56 200
56 210
56 212
56 215
56 243
56 263
56 266
56 283
56 289
57 67
57 99
57 124
57 134
57 141
57 143
57 149
57 156
57 159
57 162
57 163
57 172
57 177
57 185
57 208
57 218
57 243
57 251
57 254
57 262
57 267
58 107
58 134
58 192
58 208
58 213
58 220
58 228
58 237
58 238
58 255
58 266
58 283
58 286
58 291
59 61
59 65
59 71
59 94
59 106
59 112
59 124
59 129
59 146
59 152
59 178
59 195
59 206
59 262
59 284
60 76
60 84
60 99
60 111
60 115
60 142
60 154
60 156
60 164
60 176
60 190
60 206
60 251
60 252
61 71
61 72
61 74
61 84
61 106
61 110
61 123
61 140
61 157
61 164
61 184
61 224
61 236
61 252
61 256
61 282
61 289
61 299
62 65
62 107
62 114
62 116
62 138
62 174
62 180
62 184
62 206
62 211
62 240
62 243
62 250
62 270
62 285
62 293
62 295
63 68
63 70
63 77
63 82
63 96
63 122
63 123
63 128
63 165
63 174
63 187
63 193
63 213
63 222
63 246
63 248
63 265
63 273
63 275
63 292
64 71
64 82
64 103
64 108
64 116
64 122
64 140
64 175
64 276
64 284
64 286
65 84
65 86
65 103
65 131
65 146
65 148
65 152
65 170
65 184
65 195
65 210
65 211
65 235
65 244
65 251
65 290
65 293
66 79
66 105
66 112
66 122
66 153
66 178
66 198
66 219
66 276
66 289
67 69
67 71
67 74
67 89
67 93
67 98
67 148
67 234
67 239
67 240
67 242
67 243
67 256
67 260
67 262
67 284
67 297
68 74
68 77
68 87
68 99
68 106
68 108
68 113
68 115
68 134
68 142
68 144
68 164
68 222
68 242
68 251
68 256
68 259
68 268
68 275
68 277
68 284
69 71
69 86
69 101
69 107
69 112
69 118
69 123
69 139
69 148
69 172
69 211
69 238
69 249
69 254
69 265
69 295
70 113
70 130
70 143
70 165
70 208
70 212
70 223
70 227
70 230
70 237
70 266
71 81
71 92
71 120
71 125
71 143
71 160
71 163
71 171
71 186
71 224
71 242
71 243
71 249
71 277
72 95
72 99
72 102
72 131
72 135
72 171
72 179
72 198
72 241
72 254
72 269
72 279
73 90
73 110
73 134
73 146
73 169
73 170
73 206
73 212
73 213
73 220
73 228
73 253
73 257
73 261
73 263
73 271
73 296
74 87
74 108
74 112
74 117
74 129
74 142
74 152
74 154
74 161
74 183
74 188
74 194
74 210
74 218
74 247
74 250
74 254
74 259
74 265
74 271
74 279
74 290
74 293
75 78
75 87
75 89
75 92
75 93
75 95
75 100
75 129
75 185
75 194
75 226
75 240
75 246
75 261
75 287
76 77
76 100
76 161
76 167
76 173
76 188
76 210
76 215
76 227
76 254
76 293
77 80
77 86
77 87
77 106
77 111
77 117
77 130
77 141
77 165
77 191
77 192
77 197
77 205
77 211
77 212
77 229
77 237
77 264
78 103
78 118
78 119
78 138
78 161
78 190
78 199
78 238
78 242
78 248
78 261
78 274
78 285
78 299
79 86
79 116
79 125
79 138
79 148
79 168
79 191
79 196
79 211
79 222
79 236
79 253
79 265
79 287
79 289
79 298
80 82
80 83
80 89
80 91
80 103
80 116
80 119
80 145
80 159
80 181
80 192
80 200
80 222
80 238
80 252
80 264
80 293
81 98
81 113
81 239
81 240
81 242
81 244
81 247
81 256
82 86
82 95
82 100
82 112
82 125
82 134
82 135
82 136
82 143
82 162
82 183
82 184
82 200
82 204
82 207
82 212
82 218
82 247
82 261
82 273
82 282
82 287
82 298
83 104
83 118
83 151
83 162
83 164
83 178
83 179
83 195
83 200
83 206
83 216
83 220
83 224
83 250
83 252
83 266
83 278
83 279
83 283
84 85
84 88
84 91
84 105
84 111
84 115
84 116
84 125
84 132
84 149
84 153
84 182
84 187
84 195
84 210
84 211
84 262
84 288
84 292
84 295
84 297
85 97
85 99
85 130
85 152
85 164
85 182
85 194
85 202
85 205
85 227
85 229
85 231
85 259
85 268
85 284
85 286
85 291
86 103
86 132
86 145
86 148
86 160
86 161
86 187
86 192
86 195
86 202
86 236
86 237
86 247
86 268
86 274
86 280
87 94
87 97
87 108
87 114
87 124
87 148
87 199
87 235
87 247
87 264
87 267
87 285
87 297
88 102
88 114
88 122
88 148
88 151
88 152
88 219
88 230
88 234
88 242
88 244
88 268
88 276
88 280
88 290
88 296
89 96
89 97
89 99
89 117
89 119
89 121
89 122
89 133
89 148
89 186
89 224
89 226
89 229
89 260
90 107
90 113
90 118
90 147
90 149
90 170
90 185
90 190
90 195
90 226
90 248
90 251
90 256
90 257
90 277
90 286
91 103
91 115
91 117
91 155
91 160
91 177
91 184
91 209
91 213
91 219
91 222
91 229
91 243
91 260
91 273
91 296
92 100
92 107
92 116
92 146
92 148
92 149
92 160
92 207
92 272
92 279
92 284
93 103
93 104
93 113
93 115
93 148
93 159
93 168
93 169
93 198
93 208
93 216
93 217
93 234
93 236
93 239
93 279
94 101
94 111
94 113
94 119
94 130
94 141
94 150
94 181
94 194
94 198
94 220
94 225
94 226
94 232
94 233
94 249
94 257
94 263
94 273
94 274
94 286
94 293
95 96
95 116
95 121
95 128
95 131
95 135
95 144
95 179
95 187
95 188
95 217
95 223
95 269
95 277
95 281
95 284
96 102
96 160
96 177
96 184
96 187
96 225
96 236
96 238
96 239
96 240
96 246
96 249
96 266
96 267
97 100
97 105
97 136
97 144
97 158
97 180
97 185
97 203
97 231
97 265
97 275
97 277
97 278
97 291
98 116
98 123
98 167
98 168
98 195
98 204
98 205
98 220
98 243
98 257
98 278
99 124
99 157
99 162
99 178
99 180
99 184
99 189
99 199
99 211
99 251
99 256
99 287
100 106
100 155
100 164
100 177
100 186
100 189
100 218
100 220
100 230
100 237
100 243
100 266
100 267
100 278
100 283
100 296
101 115
101 120
101 126
101 141
101 146
101 155
101 182
101 186
101 193
101 248
101 264
101 267
102 114
102 136
102 139
102 147
102 161
102 168
102 185
102 194
102 196
102 205
102 211
102 221
102 223
102 225
102 242
102 255
102 257
102 264
102 270
102 271
102 276
102 283
103 139
103 150
103 151
103 156
103 157
103 158
103 171
103 173
103 179
103 201
103 225
103 234
103 245
103 247
103 249
103 261
103 262
103 271
103 281
103 282
103 291
104 108
104 135
104 137
104 168
104 187
104 207
104 208
104 243
104 263
104 276
104 288
104 290
105 131
105 137
105 143
105 151
105 161
105 219
105 223
105 239
105 263
105 264
106 107
106 110
106 133
106 153
106 156
106 243
106 261
106 264
106 276
106 281
106 295
106 297
107 111
107 127
107 136
107 139
107 141
107 171
107 176
107 179
107 181
107 186
107 189
107 197
107 207
107 225
107 235
107 283
108 114
108 150
108 152
108 156
108 158
108 186
108 194
108 199
108 220
108 234
108 243
109 135
109 143
109 188
109 208
109 228
109 237
109 246
109 250
109 264
109 267
109 292
110 116
110 133
110 167
110 173
110 209
110 244
110 252
110 262
110 269
110 278
110 287
110 299
111 137
111 143
111 145
111 155
111 168
111 201
111 208
111 214
111 230
111 252
111 257
111 264
111 295
112 113
112 122
112 142
112 159
112 167
112 185
112 192
112 201
112 207
112 214
112 224
112 230
112 240
112 243
112 271
112 278
112 282
112 287
112 295
113 119
113 128
113 155
113 171
113 183
113 222
113 226
113 231
113 243
113 263
113 265
113 267
113 284
114 121
114 143
114 157
114 160
114 181
114 187
114 189
114 205
114 224
114 231
114 251
114 264
114 267
114 295
115 145
115 158
115 223
115 277
115 282
116 142
116 144
116 160
116 163
116 177
116 192
116 193
116 194
116 254
116 297
117 145
117 146
117 159
117 168
117 174
117 212
117 221
117 224
117 229
117 285
118 120
118 135
118 156
118 174
118 177
118 195
118 196
118 248
118 264
118 268
118 269
119 122
119 130
119 143
119 157
119 183
119 191
119 199
119 210
119 211
119 230
119 255
119 283
120 128
120 153
120 180
120 185
120 186
120 200
120 235
120 256
120 264
120 274
120 280
120 289
121 123
121 124
121 130
121 135
121 142
121 144
121 150
121 164
121 177
121 178
121 179
121 181
121 220
121 225
121 236
121 253
121 254
121 256
121 274
121 292
121 295
121 299
122 130
122 136
122 140
122 142
122 161
122 180
122 199
122 202
122 207
122 221
122 225
122 233
122 250
122 299
123 150
123 156
123 163
123 169
123 175
123 177
123 179
123 185
123 187
123 197
123 199
123 207
123 212
123 229
123 247
123 293
123 296
124 144
124 152
124 169
124 170
124 189
124 199
124 201
124 209
124 215
124 231
124 236
124 248
124 254
124 263
124 285
125 155
125 156
125 165
125 176
125 200
125 204
125 244
125 252
125 258
125 260
125 285
125 298
126 127
126 137
126 142
126 145
126 163
126 212
126 222
126 226
126 233
126 234
126 280
126 298
127 135
127 136
127 188
127 207
127 217
127 227
127 235
127 244
127 255
127 262
127 284
128 146
128 156
128 161
128 186
128 201
128 261
128 272
128 274
129 130
129 178
129 191
129 201
129 208
129 236
129 261
129 269
130 138
130 147
130 156
130 157
130 165
130 179
130 188
130 208
130 214
130 234
130 243
130 276
130 290
130 299
131 134
131 158
131 179
131 198
131 208
131 221
131 233
131 259
131 292
132 144
132 181
132 199
132 204
132 214
133 173
133 188
133 195
133 243
134 149
134 207
134 216
134 224
134 234
134 237
134 240
134 251
134 260
134 265
134 276
135 145
135 151
135 153
135 169
135 234
135 242
135 249
135 279
135 292
135 294
136 139
136 156
136 176
136 179
136 183
136 192
136 217
136 223
136 225
136 235
136 240
136 249
136 257
136 259
136 277
136 288
136 291
136 294
137 150
137 160
137 166
137 202
137 212
137 217
137 222
137 225
137 263
137 279
137 288
138 149
138 153
138 165
138 186
138 187
138 189
138 209
138 227
138 245
138 283
138 291
138 292
138 297
139 159
139 160
139 170
139 173
139 174
139 176
139 204
139 212
139 231
139 234
139 282
139 284
139 293
139 296
140 173
140 206
140 220
140 245
140 273
140 292
141 183
141 190
141 210
141 215
141 222
141 246
141 248
141 252
141 274
142 185
142 196
142 200
142 222
142 239
142 247
142 271
142 272
142 276
142 283
142 286
142 292
142 297
143 150
143 151
143 161
143 165
143 188
143 216
143 221
143 230
143 236
143 276
143 294
143 299
144 147
144 162
144 171
144 172
144 181
144 185
144 213
144 221
144 223
144 227
144 242
144 246
144 252
144 259
144 279
144 284
144 299
145 176
145 184
145 191
145 193
145 197
145 198
145 209
145 236
145 253
145 292
146 150
146 151
146 166
146 185
146 193
146 210
146 223
146 274
146 278
146 286
146 291
147 179
147 201
147 206
147 215
147 230
147 237
147 290
148 151
148 156
148 226
148 253
148 256
148 275
149 152
149 181
149 182
149 192
149 199
149 202
149 216
149 217
149 236
149 269
150 155
150 175
150 185
150 186
150 199
150 202
150 212
150 216
150 243
150 249
150 253
150 266
150 282
151 152
151 156
151 172
151 175
151 226
151 269
151 273
151 276
151 286
152 168
152 179
152 187
152 205
152 246
152 298
153 165
153 166
153 169
153 172
153 186
153 187
153 225
153 229
153 243
153 258
153 268
153 270
153 274
153 286
153 291
154 155
154 198
154 207
154 230
154 276
155 175
155 178
155 199
155 222
155 236
155 241
155 247
155 252
155 270
155 271
155 273
156 160
156 162
156 177
156 185
156 189
156 192
156 193
156 207
156 276
157 176
157 189
157 208
157 231
157 249
157 250
157 252
157 263
157 282
158 168
158 173
158 174
158 178
158 198
158 199
158 223
158 227
158 233
158 243
158 255
158 288
159 164
159 171
159 179
159 200
159 244
159 252
159 256
160 194
160 223
160 259
160 263
161 169
161 213
161 226
161 256
161 267
161 270
162 182
162 197
162 199
162 203
162 207
162 233
162 282
162 299
163 177
163 187
163 203
163 205
163 228
163 256
163 262
164 202
164 210
164 215
164 219
164 252
164 257
164 285
165 173
165 206
165 218
165 245
165 246
165 253
165 271
165 294
166 169
166 201
166 205
166 225
166 230
166 231
166 235
166 240
166 242
166 244
166 250
166 268
166 276
166 280
166 291
167 175
167 199
167 201
167 203
167 205
167 218
167 228
167 231
167 238
167 242
167 253
167 277
167 284
168 177
168 196
168 209
168 265
168 266
168 278
168 280
169 180
169 211
169 223
169 228
169 232
169 234
169 249
169 256
169 297
170 173
170 180
170 200
170 221
170 228
170 244
170 260
170 266
170 298
171 175
171 179
171 183
171 185
171 205
171 215
171 216
171 259
171 267
171 292
172 188
172 217
172 246
173 205
173 211
173 247
173 249
173 269
173 285
173 291
173 297
174 202
174 208
174 210
174 221
174 222
174 244
174 254
174 260
174 271
174 272
174 275
174 277
174 294
175 190
175 202
175 215
175 250
175 268
175 279
175 292
176 181
176 190
176 205
176 225
176 235
176 244
176 248
176 251
176 263
176 286
176 294
177 189
177 192
177 206
177 219
177 221
177 227
177 242
177 252
177 278
178 187
178 193
178 198
178 202
178 230
178 259
178 263
179 183
179 187
179 227
179 238
179 254
179 257
179 266
179 271
179 281
180 195
180 223
180 243
180 263
180 277
180 286
181 197
181 207
181 228
181 256
181 294
182 202
182 211
182 225
182 232
182 247
182 257
182 258
182 259
182 277
182 279
182 294
183 184
183 197
183 207
183 215
183 220
183 227
183 230
183 266
183 271
183 286
183 288
184 202
184 203
184 205
184 244
184 258
184 262
184 267
184 283
184 284
184 291
184 292
184 296
185 221
185 234
185 251
185 285
185 287
186 215
186 224
186 252
186 259
186 261
186 270
186 284
186 297
187 193
187 199
187 205
187 216
187 234
187 242
187 256
187 261
188 192
188 194
188 220
188 228
188 254
188 275
189 213
189 221
189 238
189 251
189 252
189 273
189 278
189 295
190 196
190 197
190 198
190 206
190 225
190 247
190 248
190 253
190 260
190 261
190 266
190 284
190 290
190 294
191 201
191 218
191 272
191 278
192 209
192 217
192 241
192 243
192 259
192 297
193 204
193 219
193 235
193 242
193 247
193 281
193 287
193 288
193 293
194 213
194 228
194 264
194 287
195 201
195 226
195 242
195 252
195 257
196 200
196 230
196 235
196 242
196 244
196 260
196 273
196 298
197 207
197 222
197 245
197 275
197 284
197 285
198 209
198 217
198 243
198 245
198 257
198 269
198 274
198 275
198 289
199 213
199 232
199 241
199 251
199 269
199 272
199 275
199 285
200 208
200 239
200 243
200 257
200 266
200 272
200 287
200 298
201 224
201 226
201 237
201 241
201 250
201 259
201 286
201 292
201 293
201 296
202 220
202 256
202 281
202 286
203 204
203 225
203 230
203 238
203 258
203 295
204 208
204 239
204 264
204 280
204 281
204 289
204 298
205 212
205 226
205 232
205 245
205 292
206 212
206 217
206 265
206 268
206 289
206 295
207 208
207 217
207 236
207 245
207 247
207 278
207 287
208 209
208 223
208 224
208 230
208 232
208 235
208 240
208 254
208 260
208 294
209 210
209 217
209 223
209 225
209 238
209 269
209 288
209 291
210 217
210 249
210 290
211 222
211 229
211 250
211 259
211 282
211 284
211 297
212 240
212 256
212 259
212 275
212 292
212 296
212 298
213 226
213 271
213 287
213 288
214 219
214 239
214 249
214 269
214 270
215 222
215 249
215 250
215 262
215 275
215 281
215 296
216 226
216 227
216 231
216 268
216 288
216 289
217 236
217 243
217 263
217 266
217 298
218 236
218 245
218 271
218 283
219 224
219 225
219 226
219 230
219 239
219 240
219 243
219 252
219 255
219 280
219 284
219 293
220 221
220 243
220 255
220 261
220 274
220 285
220 298
221 245
221 247
221 251
221 256
221 280
222 231
222 243
222 244
222 248
222 270
222 291
223 237
223 264
223 294
224 226
224 264
224 280
224 288
224 299
225 233
225 246
225 252
225 253
225 263
225 265
225 274
225 292
226 227
226 272
226 277
226 282
227 230
227 254
227 282
227 296
228 238
228 250
228 272
228 274
228 286
229 233
229 274
229 283
229 292
230 232
230 256
230 259
231 241
231 252
231 271
231 276
231 279
232 259
232 265
232 294
233 240
233 283
233 290
234 236
234 260
234 278
234 290
235 244
235 254
235 294
236 243
236 257
236 272
236 274
236 286
236 289
236 291
236 299
237 241
237 243
237 254
237 268
237 284
238 250
238 251
238 260
238 266
238 268
238 285
238 286
238 294
238 299
239 256
239 259
239 260
239 276
239 287
239 289
240 256
240 265
240 279
240 297
241 245
241 250
241 265
241 292
242 245
242 246
242 287
243 276
244 251
244 258
244 259
244 262
244 278
245 266
245 270
245 274
245 279
245 287
245 288
247 254
247 260
247 273
247 275
247 277
248 251
248 252
248 278
248 280
249 280
249 287
249 297
250 295
251 266
251 273
251 274
252 259
252 265
252 273
252 284
252 285
253 259
253 270
253 292
254 258
254 263
254 273
254 278
254 279
255 299
256 278
256 283
256 298
257 272
257 276
258 269
258 278
258 280
259 279
259 288
259 289
260 262
260 266
260 299
261 270
261 287
262 280
262 286
262 287
262 288
262 296
264 265
264 270
264 291
264 295
265 272
265 281
265 283
265 285
266 268
266 278
266 283
266 290
267 275
267 279
269 291
271 292
271 293
272 275
272 296
273 295
273 298
274 293
275 276
275 293
276 282
277 284
277 289
277 297
279 281
279 287
279 291
279 295
279 298
280 286
282 297
283 287
283 299
285 291
286 287
286 288
286 291
286 294
287 288
289 293
292 297
