300 2743 0.2
0 14
0 15
0 29
0 43
0 57
0 61
0 95
0 157
0 188
0 195
0 205
0 226
0 235
0 248
0 251
0 292
0 298
1 11
1 48
1 73
1 113
1 118
1 171
1 181
1 185
1 193
1 209
1 220
1 233
1 260
1 279
1 280
1 283
1 290
2 46
2 47
2 50
2 62
2 80
2 88
2 98
2 100
2 134
2 144
2 149
2 164
2 172
2 178
2 180
2 204
2 225
2 226
2 236
2 276
3 24
3 54
3 61
3 63
3 68
3 154
3 168
3 196
3 198
3 202
3 208
3 218
3 232
3 245
3 249
3 262
3 265
3 268
3 275
3 290
4 9
4 13
4 28
4 31
4 35
4 64
4 74
4 76
4 77
4 104
4 126
4 130
4 136
4 144
4 147
4 155
4 156
4 234
4 243
4 280
4 295
5 12
5 20
5 38
5 52
5 61
5 105
5 136
5 144
5 164
5 171
5 178
5 181
5 232
5 245
5 274
5 283
6 30
6 43
6 48
6 52
6 91
6 118
6 136
6 166
6 177
6 185
6 211
6 214
6 244
6 245
6 249
6 267
6 274
6 292
7 35
7 41
7 48
7 52
7 102
7 112
7 130
7 145
7 159
7 195
7 197
7 204
7 212
7 221
7 237
7 266
7 275
7 277
8 17
8 22
8 26
8 38
8 45
8 89
8 145
8 162
8 168
8 176
8 204
8 208
8 215
8 222
8 235
8 236
8 243
8 265
9 40
9 76
9 87
9 92
9 138
9 158
9 209
9 223
9 225
9 226
9 245
9 275
10 17
10 29
10 39
10 48
10 53
10 98
10 114
10 121
10 128
10 131
10 132
10 138
10 161
10 162
10 171
10 176
10 204
10 217
10 220
10 228
10 239
10 240
10 267
10 275
10 284
11 33
11 43
11 64
11 67
11 76
11 81
11 105
11 158
11 178
11 179
11 200
11 203
11 215
11 249
12 33
12 38
12 46
12 55
12 65
12 73
12 85
12 95
12 120
12 125
12 129
12 131
12 136
12 152
12 165
12 173
12 204
12 222
12 224
12 228
12 236
12 258
12 286
12 299
13 19
13 45
13 51
13 87
13 95
13 96
13 115
13 117
13 174
13 192
13 194
13 226
13 229
13 230
13 234
13 245
13 249
13 269
13 291
13 297
13 299
14 28
14 75
14 93
14 154
14 156
14 162
14 200
14 234
14 277
14 278
14 285
14 295
15 22
15 36
15 43
15 45
15 56
15 57
15 63
15 84
15 125
15 129
15 147
15 158
15 162
15 209
15 219
15 226
15 230
15 273
15 284
15 286
16 35
16 36
16 49
16 72
16 100
16 102
16 108
16 111
16 147
16 180
16 194
16 201
16 213
16 234
16 236
16 256
16 266
16 273
16 285
16 296
17 19
17 42
17 64
17 66
17 96
17 98
17 111
17 117
17 166
17 174
17 213
17 236
17 270
17 288
17 292
17 298
18 31
18 32
18 78
18 88
18 117
18 119
18 126
18 146
18 148
18 151
18 190
18 221
18 228
18 231
18 256
18 267
18 296
19 61
19 65
19 82
19 99
19 101
19 134
19 137
19 163
19 177
19 186
19 214
19 215
19 219
19 246
19 248
19 259
19 264
19 270
19 282
20 28
20 71
20 72
20 100
20 110
20 127
20 128
20 130
20 138
20 148
20 150
20 164
20 166
20 203
20 205
20 206
20 232
20 237
20 240
20 265
20 266
20 269
20 293
21 28
21 47
21 60
21 71
21 77
21 85
21 129
21 147
21 153
21 170
21 192
21 205
21 266
21 277
22 29
22 70
22 81
22 88
22 107
22 120
22 135
22 146
22 150
22 160
22 162
22 165
22 216
22 232
22 253
22 264
22 267
23 47
23 63
23 83
23 129
23 164
23 181
23 208
23 222
23 244
23 253
23 255
23 284
23 287
23 295
23 297
24 60
24 84
24 129
24 163
24 185
24 199
24 218
24 245
24 254
24 274
24 275
24 279
24 283
24 298
25 29
25 51
25 57
25 74
25 99
25 106
25 121
25 168
25 173
25 195
25 203
25 209
25 211
25 228
25 243
25 244
25 262
25 299
26 42
26 50
26 74
26 78
26 87
26 90
26 114
26 151
26 162
26 165
26 170
26 182
26 198
26 214
26 218
26 231
26 246
26 294
27 37
27 83
27 99
27 109
27 112
27 127
27 128
27 145
27 165
27 207
27 214
27 264
28 31
28 42
28 54
28 86
28 108
28 111
28 122
28 134
28 146
28 157
28 159
28 163
28 189
28 213
28 223
28 273
29 44
29 48
29 57
29 72
29 73
29 76
29 110
29 112
29 131
29 132
29 151
29 180
29 186
29 191
29 202
29 215
29 227
29 231
29 250
29 268
29 275
29 295
30 44
30 94
30 131
30 135
30 137
30 145
30 149
30 213
30 222
30 239
30 256
30 277
31 37
31 52
31 57
31 64
31 87
31 102
31 127
31 147
31 160
31 164
31 170
31 201
31 217
31 279
31 282
31 291
31 293
32 34
32 49
32 70
32 71
32 74
32 89
32 94
32 105
32 114
32 116
32 140
32 207
32 211
32 213
32 221
32 254
32 269
32 289
33 34
33 38
33 43
33 63
33 116
33 118
33 134
33 147
33 176
33 193
33 224
33 254
33 260
33 267
33 271
33 289
34 44
34 48
34 62
34 95
34 114
34 141
34 189
34 198
34 209
34 268
34 280
34 289
35 56
35 68
35 99
35 101
35 109
35 113
35 123
35 154
35 202
35 216
35 219
35 248
35 266
35 267
35 273
35 298
36 46
36 83
36 90
36 97
36 105
36 108
36 122
36 138
36 139
36 151
36 152
36 177
36 178
36 196
36 200
36 217
36 229
36 244
36 256
36 262
36 272
36 278
37 49
37 67
37 77
37 84
37 91
37 95
37 100
37 106
37 115
37 141
37 152
37 153
37 185
37 220
37 235
37 239
37 279
37 299
38 41
38 101
38 106
38 123
38 160
38 177
38 197
38 217
38 256
38 263
38 270
38 282
39 48
39 68
39 80
39 90
39 99
39 151
39 179
39 190
39 233
39 242
39 266
39 269
39 299
40 60
40 61
40 116
40 117
40 149
40 162
40 172
40 184
40 185
40 216
40 280
41 44
41 64
41 76
41 86
41 95
41 113
41 114
41 120
41 122
41 162
41 184
41 196
41 200
41 210
41 211
41 220
41 234
41 241
41 256
41 298
42 95
42 120
42 130
42 142
42 155
42 176
42 177
42 178
42 185
42 188
42 203
42 206
42 207
42 250
42 262
43 62
43 67
43 78
43 99
43 112
43 120
43 122
43 202
43 206
43 243
43 298
44 105
44 116
44 123
44 149
44 161
44 194
44 197
44 198
44 207
44 268
44 283
44 293
45 58
45 62
45 76
45 92
45 94
45 106
45 115
45 134
45 146
45 165
45 166
45 176
45 183
45 233
45 253
45 260
45 284
45 290
45 293
46 48
46 56
46 109
46 114
46 126
46 131
46 136
46 149
46 155
46 182
46 187
46 193
46 196
46 219
46 221
46 234
46 243
46 245
46 247
46 261
46 262
46 263
46 273
46 280
46 284
46 294
47 50
47 87
47 90
47 100
47 106
47 110
47 112
47 123
47 127
47 132
47 160
47 171
47 184
47 194
47 195
47 207
47 257
47 272
47 273
47 290
48 77
48 87
48 97
48 115
48 116
48 118
48 162
48 171
48 178
48 185
48 190
48 205
48 235
48 240
48 252
48 254
48 256
48 282
48 286
49 50
49 53
49 55
49 58
49 72
49 105
49 108
49 112
49 141
49 173
49 185
49 188
49 194
49 204
49 215
49 230
49 243
49 251
49 266
50 66
50 108
50 125
50 130
50 136
50 147
50 150
50 160
50 162
50 219
50 260
50 276
50 299
51 101
51 102
51 103
51 121
51 124
51 134
51 143
51 149
51 153
51 155
51 164
51 176
51 182
51 184
51 205
51 239
51 247
51 280
52 57
52 108
52 119
52 134
52 153
52 158
52 172
52 180
52 214
52 221
52 240
52 251
52 272
53 62
53 64
53 69
53 92
53 105
53 123
53 127
53 131
53 147
53 157
53 167
53 187
53 191
53 195
53 212
53 227
53 243
53 244
53 247
53 258
53 274
53 292
54 72
54 76
54 95
54 124
54 136
54 139
54 157
54 180
54 191
54 207
54 214
54 227
54 238
54 263
55 91
55 121
55 128
55 160
55 182
55 206
55 218
55 232
55 239
55 244
55 249
55 265
56 57
56 61
56 72
56 81
56 85
56 91
56 100
56 102
56 113
56 133
56 152
56 165
56 166
56 182
56 187
56 198
56 216
56 248
56 249
56 255
56 273
57 63
57 78
57 84
57 86
57 106
57 115
57 161
57 182
57 183
57 187
57 242
57 243
57 253
57 272
57 295
58 91
58 102
58 118
58 120
58 123
58 129
58 150
58 172
58 185
58 189
58 205
58 227
58 243
58 248
58 278
58 283
58 284
58 292
59 61
59 69
59 71
59 75
59 84
59 103
59 144
59 197
59 212
59 257
59 265
59 267
59 297
60 73
60 84
60 85
60 145
60 173
60 184
60 220
60 225
60 292
61 62
61 69
61 90
61 120
61 123
61 132
61 134
61 147
61 198
61 212
61 219
61 234
61 245
61 250
61 258
61 272
61 293
61 299
62 79
62 89
62 111
62 116
62 123
62 138
62 143
62 165
62 168
62 183
62 197
62 227
62 245
62 276
62 291
63 80
63 92
63 100
63 119
63 168
63 192
63 193
63 208
63 214
63 239
63 294
63 295
64 74
64 76
64 126
64 131
64 160
64 164
64 177
64 180
64 192
64 197
64 278
65 82
65 158
65 181
65 185
65 197
65 208
65 215
65 222
65 240
65 257
65 277
66 71
66 74
66 82
66 93
66 95
66 105
66 114
66 124
66 134
66 138
66 140
66 147
66 159
66 200
66 216
66 227
66 243
66 251
66 263
66 276
66 279
66 282
66 286
66 289
66 291
66 295
66 298
67 85
67 99
67 100
67 106
67 110
67 134
67 137
67 149
67 191
67 265
67 267
67 269
67 271
67 276
67 289
68 86
68 99
68 109
68 116
68 145
68 149
68 154
68 155
68 173
68 189
68 216
68 255
68 270
68 288
69 83
69 87
69 114
69 134
69 138
69 141
69 149
69 152
69 177
69 188
69 190
69 203
69 232
69 237
69 239
69 256
69 258
69 272
69 277
70 96
70 109
70 116
70 131
70 145
70 156
70 159
70 181
70 233
70 259
70 261
71 96
71 98
71 122
71 146
71 157
71 159
71 191
71 195
71 204
71 244
71 264
71 269
71 298
72 77
72 91
72 93
72 147
72 188
72 229
72 266
72 277
72 292
72 295
73 104
73 107
73 116
73 118
73 187
73 193
73 244
73 278
73 281
73 284
73 299
74 84
74 115
74 122
74 151
74 159
74 183
74 185
74 201
74 225
74 261
74 262
74 271
74 282
74 295
75 98
75 110
75 127
75 135
75 141
75 142
75 168
75 181
75 197
75 204
75 205
75 206
75 212
75 242
75 248
75 251
75 256
75 269
76 79
76 80
76 113
76 121
76 131
76 141
76 152
76 157
76 158
76 166
76 184
76 187
76 190
76 258
76 283
76 295
77 79
77 96
77 114
77 128
77 146
77 162
77 171
77 184
77 198
77 212
77 230
77 233
78 87
78 100
78 126
78 130
78 145
78 156
78 181
78 197
78 215
78 234
78 252
78 264
79 87
79 99
79 133
79 153
79 156
79 170
79 182
79 183
79 184
79 205
79 227
79 245
79 274
79 286
79 288
80 100
80 172
80 198
80 217
80 235
80 238
80 298
81 84
81 98
81 103
81 104
81 107
81 110
81 152
81 154
81 226
81 273
82 139
82 148
82 151
82 168
82 174
82 198
82 212
82 213
82 270
82 292
83 93
83 129
83 138
83 171
83 176
83 206
83 226
83 240
83 283
83 284
83 294
84 107
84 115
84 130
84 135
84 142
84 152
84 157
84 162
84 172
84 178
84 228
84 237
84 246
84 267
84 282
84 299
85 90
85 116
85 135
85 144
85 145
85 199
85 239
85 268
85 294
86 103
86 128
86 143
86 163
86 188
86 210
86 216
86 218
86 233
86 234
86 236
86 279
87 88
87 106
87 110
87 112
87 114
87 116
87 126
87 132
87 134
87 150
87 168
87 183
87 231
87 234
87 235
87 240
87 243
87 263
87 275
88 97
88 100
88 106
88 112
88 154
88 212
88 226
88 253
88 268
88 280
88 288
89 101
89 112
89 170
89 176
89 179
89 183
89 191
89 193
89 272
89 274
89 286
89 299
90 165
90 175
90 179
90 181
90 204
90 205
90 212
90 234
90 240
90 247
90 282
91 100
91 123
91 127
91 129
91 155
91 165
91 171
91 178
91 187
91 208
91 229
91 242
91 243
91 257
91 259
91 271
91 295
92 109
92 117
92 120
92 124
92 126
92 156
92 233
92 242
92 245
92 246
92 252
92 258
92 271
92 288
92 292
93 167
93 174
93 195
93 200
93 265
93 284
94 102
94 120
94 144
94 149
94 154
94 162
94 214
94 225
94 250
94 252
94 268
94 270
94 276
95 108
95 179
95 187
95 222
95 233
95 243
95 272
95 280
96 99
96 100
96 134
96 177
96 182
96 196
96 202
96 219
96 220
96 230
96 256
96 258
96 266
96 276
96 293
96 296
97 100
97 148
97 159
97 188
97 239
97 251
98 121
98 122
98 123
98 143
98 145
98 152
98 178
98 182
98 192
98 203
98 204
98 213
98 215
98 226
98 243
98 245
99 106
99 121
99 153
99 173
99 187
99 209
99 256
99 293
100 121
100 137
100 148
100 249
100 289
100 292
101 106
101 107
101 118
101 123
101 140
101 144
101 149
101 186
101 190
101 212
101 224
101 248
101 259
101 289
102 103
102 105
102 112
102 120
102 123
102 148
102 155
102 201
102 204
102 205
102 248
102 262
102 268
102 270
102 296
102 297
103 144
103 150
103 169
103 181
103 184
103 225
103 238
104 122
104 135
104 144
104 158
104 262
104 286
104 292
104 295
104 299
105 106
105 107
105 119
105 126
105 134
105 136
105 149
105 175
105 178
105 181
105 183
105 189
105 203
105 224
105 260
105 280
105 299
106 108
106 174
106 183
106 194
106 203
106 224
106 236
106 240
106 265
106 283
106 284
106 298
107 109
107 123
107 126
107 142
107 163
107 166
107 167
107 188
107 203
107 219
107 241
107 251
107 256
108 112
108 131
108 140
108 141
108 146
108 154
108 164
108 168
108 203
108 232
109 123
109 156
109 200
109 286
109 298
110 128
110 167
110 209
110 227
111 116
111 144
111 149
111 150
111 154
111 167
111 172
111 174
111 237
111 248
111 274
111 290
112 133
112 144
112 154
112 185
112 186
112 201
112 222
112 234
112 242
112 244
112 246
112 268
112 293
113 119
113 122
113 140
113 144
113 163
113 257
113 258
113 294
113 297
114 132
114 136
114 140
114 144
114 152
114 174
114 203
114 204
114 215
114 248
114 249
114 259
114 295
115 134
115 159
115 181
115 184
115 200
115 216
115 217
115 227
115 246
115 278
116 143
116 194
116 218
116 224
116 231
116 246
116 247
116 269
116 281
116 284
116 287
117 127
117 140
117 154
117 252
117 267
117 270
117 290
117 293
117 299
118 121
118 157
118 190
118 224
118 253
118 255
118 269
118 270
118 288
118 292
118 296
119 144
119 148
119 177
119 190
119 206
119 211
119 227
119 277
119 284
120 129
120 134
120 137
120 139
120 165
120 181
120 206
120 209
120 225
120 235
120 246
120 280
120 295
121 139
121 172
121 177
121 179
121 183
121 187
121 190
121 193
121 197
121 229
121 235
121 251
121 252
121 292
121 299
122 136
122 152
122 157
122 197
122 206
122 222
122 244
122 283
122 299
123 153
123 161
123 179
123 182
123 201
123 250
123 262
123 284
123 297
124 131
124 135
124 147
124 180
124 210
124 213
124 248
124 267
124 288
125 149
125 162
125 164
125 166
125 185
125 190
125 192
125 196
125 216
125 223
125 237
125 248
125 249
125 253
125 254
125 263
125 269
125 275
125 289
125 296
126 150
126 209
126 220
126 233
126 238
126 239
126 246
126 249
126 281
127 130
127 135
127 137
127 138
127 156
127 157
127 168
127 182
127 190
127 218
127 225
127 226
127 229
127 241
127 267
127 286
127 297
128 138
128 147
128 165
128 170
128 211
128 218
128 225
128 261
128 283
129 131
129 153
129 170
129 177
129 221
129 222
129 224
129 235
129 238
129 244
129 259
129 270
129 291
130 153
130 166
130 186
130 193
130 196
130 199
130 212
130 260
130 278
130 279
130 280
130 290
131 136
131 140
131 152
131 164
131 197
131 247
131 290
131 292
132 147
132 204
132 240
132 246
132 249
132 262
132 263
132 277
133 145
133 172
133 183
133 232
133 263
133 267
133 297
134 135
134 138
134 143
134 190
134 215
134 217
134 227
134 240
134 257
134 270
134 279
135 143
135 150
135 159
135 174
135 203
135 222
135 245
135 247
135 263
135 275
135 289
136 158
136 160
136 183
136 208
136 236
136 241
136 246
136 284
137 204
137 243
137 263
137 269
138 164
138 165
138 228
138 231
138 235
138 252
138 262
138 271
138 273
138 277
138 292
139 141
139 169
139 185
139 201
139 226
139 235
139 244
139 248
139 249
139 271
140 201
140 224
140 237
140 253
140 276
140 286
141 168
141 201
141 202
141 209
141 220
141 238
141 246
141 258
141 261
141 265
141 284
141 291
141 295
142 147
142 183
142 189
142 212
142 218
142 238
142 241
142 247
142 258
142 282
143 147
143 149
143 154
143 203
143 207
143 213
143 214
143 239
143 256
144 145
144 187
144 198
144 210
144 215
144 226
144 281
144 295
144 299
145 173
145 227
145 251
145 252
145 273
145 286
145 295
146 169
146 180
146 218
146 223
146 247
146 250
146 259
146 272
146 276
146 281
147 157
147 185
147 208
147 211
147 221
147 233
147 249
147 257
147 272
147 275
147 284
147 294
148 197
148 215
148 229
148 234
148 245
148 247
148 271
149 179
149 186
149 197
149 207
149 216
149 219
149 220
149 252
149 254
149 255
149 259
149 261
149 271
149 277
150 153
150 176
150 196
150 197
150 205
150 213
150 221
150 269
150 283
150 284
151 174
151 176
151 196
151 244
151 258
151 276
152 170
152 206
152 212
152 213
152 214
152 227
152 230
152 243
152 256
152 265
152 267
152 282
152 283
152 295
153 154
153 163
153 181
153 203
153 207
153 228
153 265
153 268
154 177
154 199
154 213
154 223
154 233
154 271
155 175
155 261
156 165
156 168
156 179
156 188
156 199
156 204
156 210
156 223
156 256
156 271
156 281
157 172
157 175
157 178
157 191
157 208
157 217
157 235
157 237
157 240
157 243
157 259
157 268
157 281
157 282
158 184
158 194
158 195
158 208
158 215
158 241
158 250
158 255
158 267
158 268
158 280
159 161
159 168
159 169
159 173
159 189
159 229
159 243
159 244
159 258
159 291
159 292
160 168
160 182
160 229
160 273
160 277
161 168
161 203
161 221
161 252
161 291
162 180
162 287
163 179
163 186
163 202
163 252
163 277
163 283
163 286
163 287
164 169
164 183
164 193
164 200
164 205
164 226
164 244
164 262
164 269
164 287
165 184
165 205
165 289
165 292
166 213
166 233
166 240
166 277
166 289
167 175
167 214
167 233
167 243
167 273
167 281
167 297
168 176
168 192
168 194
168 210
168 220
168 282
168 299
169 193
169 223
169 243
169 253
169 262
169 267
169 298
170 189
170 190
170 197
170 200
170 244
170 267
170 273
170 294
171 190
171 198
171 202
171 208
171 223
171 264
171 276
171 285
171 290
171 293
171 295
172 183
172 213
172 226
172 251
172 275
172 287
172 297
173 242
173 247
173 264
173 267
173 281
173 285
174 176
174 185
174 188
174 198
174 220
174 263
174 264
174 297
175 187
175 188
175 198
175 238
175 281
175 294
175 297
176 190
176 197
176 201
176 206
176 215
176 220
176 227
176 234
176 248
176 275
176 278
176 287
177 190
177 224
177 225
177 234
177 241
177 246
177 250
178 203
178 240
178 269
178 271
178 287
178 294
178 298
179 188
179 213
179 214
179 249
179 253
179 261
179 290
180 184
180 221
180 225
180 227
180 243
180 246
180 251
180 252
181 186
181 229
181 230
181 241
181 276
181 282
181 298
182 210
182 223
182 226
182 244
182 259
183 186
183 193
183 216
183 229
183 250
183 279
183 292
184 198
184 208
184 214
184 216
184 223
184 227
184 228
184 268
184 278
184 286
184 294
184 296
185 192
185 196
185 209
185 233
185 245
186 195
186 241
186 272
186 295
187 218
187 223
187 230
187 234
187 247
187 249
187 285
187 289
188 200
188 223
188 278
188 282
189 195
189 225
189 243
189 250
189 264
189 267
190 193
190 202
190 216
190 242
190 266
190 269
190 272
190 294
191 214
191 222
191 237
191 261
191 270
191 274
191 292
191 294
192 204
192 227
192 233
192 261
192 291
193 210
193 222
193 223
193 230
193 236
193 238
193 239
193 247
193 249
193 264
193 272
193 273
193 279
193 284
193 290
194 201
194 205
194 231
194 252
194 253
194 256
194 298
195 196
195 210
195 220
195 223
195 228
195 249
195 260
195 275
195 296
196 209
196 226
196 228
196 241
196 242
196 245
197 204
197 217
197 229
197 238
197 249
197 257
197 276
198 203
198 211
198 235
198 253
198 260
198 275
198 276
198 294
198 295
199 210
199 213
199 266
199 267
199 283
199 284
199 288
200 202
200 225
200 226
200 228
200 243
200 263
200 264
200 276
200 286
201 244
201 247
201 276
202 206
202 218
202 234
202 254
202 261
202 262
202 264
202 270
202 288
202 295
203 227
203 238
203 243
203 250
203 263
203 267
204 212
204 213
204 231
204 234
204 241
204 242
204 244
204 270
204 271
204 275
204 283
204 289
204 298
205 215
205 254
205 257
205 267
205 276
206 212
206 214
206 269
206 285
207 208
207 245
207 268
207 275
208 245
208 247
208 251
208 285
209 210
209 239
209 259
209 264
209 272
209 274
209 283
209 299
210 213
210 216
210 217
210 221
210 222
210 231
210 244
210 277
210 280
210 282
211 214
211 216
211 229
211 230
211 276
212 216
212 227
212 229
212 243
212 262
212 274
213 228
213 231
213 268
213 276
213 299
214 215
214 235
215 261
215 267
215 276
215 281
215 291
216 230
216 244
216 249
216 266
216 267
216 291
217 236
217 246
217 247
217 248
217 253
217 256
217 299
218 220
218 221
218 255
219 225
219 291
220 227
220 262
220 269
220 281
220 283
221 233
221 274
221 295
222 223
222 250
222 284
223 235
223 255
223 263
223 269
223 287
223 296
223 298
224 232
224 249
224 283
224 286
224 297
225 229
225 232
225 252
225 262
225 292
226 234
226 246
226 263
227 245
227 266
227 267
227 271
227 281
228 251
228 265
228 286
229 256
229 266
230 249
230 250
230 299
231 255
231 258
231 261
231 274
231 284
231 293
232 249
232 254
232 264
232 291
232 296
233 240
233 256
233 268
233 269
233 279
234 241
234 276
234 292
234 294
235 242
235 246
235 269
235 271
235 298
236 241
236 248
236 273
236 274
237 238
237 261
237 266
237 267
237 299
238 248
238 258
238 284
238 295
239 256
239 270
239 289
240 259
241 247
241 254
241 263
242 268
242 274
242 278
242 281
243 275
243 276
243 283
243 288
243 289
244 248
244 251
244 254
244 257
244 283
244 290
245 270
245 278
245 279
245 291
245 296
246 263
246 294
247 252
247 275
247 281
247 295
248 268
248 269
248 273
249 272
249 285
251 285
252 258
252 280
252 283
253 267
253 270
253 276
253 279
253 291
254 256
254 288
255 281
256 264
256 292
257 268
257 269
257 272
257 288
258 260
258 267
261 270
261 284
261 292
261 293
262 267
262 292
262 298
263 267
263 298
264 297
265 269
265 281
266 297
267 268
267 273
267 277
268 277
268 294
269 290
269 297
270 281
270 289
271 297
272 297
273 280
273 287
273 298
275 276
275 286
275 288
276 294
277 299
279 296
280 289
280 293
283 293
283 299
284 287
284 292
285 289
286 294
288 290
289 298
290 296
290 297
291 294
291 296
292 297
294 295
