300 3091 0.8
0 6
0 17
0 20
0 26
0 33
0 46
0 49
0 71
0 117
0 161
0 170
0 173
0 225
0 239
0 254
0 267
0 272
0 275
1 5
1 9
1 14
1 26
1 74
1 84
1 104
1 107
1 131
1 132
1 157
1 162
1 182
1 186
1 188
1 190
1 227
1 231
1 242
1 254
1 257
1 274
1 275
2 4
2 12
2 26
2 34
2 42
2 59
2 63
2 99
2 115
2 125
2 147
2 152
2 161
2 223
2 226
2 244
2 248
2 255
2 297
3 23
3 30
3 41
3 66
3 73
3 78
3 83
3 84
3 128
3 145
3 179
3 180
3 190
3 200
3 212
3 243
3 245
3 249
3 257
3 260
3 276
3 277
3 287
4 11
4 26
4 47
4 63
4 85
4 88
4 104
4 123
4 130
4 132
4 143
4 155
4 156
4 174
4 183
4 187
4 193
4 204
4 216
4 255
4 263
4 287
5 11
5 27
5 29
5 45
5 56
5 77
5 100
5 112
5 121
5 122
5 125
5 133
5 140
5 196
5 206
5 207
5 209
5 215
5 224
5 229
5 256
5 283
6 7
6 10
6 15
6 18
6 22
6 28
6 51
6 65
6 69
6 81
6 111
6 121
6 123
6 125
6 130
6 135
6 140
6 160
6 181
6 203
6 212
6 218
6 225
6 256
6 290
7 9
7 21
7 60
7 72
7 75
7 79
7 83
7 105
7 108
7 114
7 128
7 131
7 177
7 186
7 204
7 209
7 221
7 229
7 235
7 240
7 245
7 249
7 253
7 278
7 295
8 12
8 41
8 65
8 83
8 89
8 134
8 147
8 153
8 161
8 189
8 206
8 209
8 222
8 225
8 262
8 279
9 26
9 100
9 103
9 139
9 171
9 188
9 192
9 199
9 212
9 215
9 229
9 267
9 292
10 16
10 67
10 104
10 116
10 123
10 155
10 166
10 203
10 213
10 236
10 249
10 263
11 14
11 15
11 40
11 41
11 51
11 52
11 53
11 63
11 77
11 78
11 92
11 113
11 114
11 164
11 185
11 196
11 210
11 211
11 242
11 270
11 273
11 283
11 285
11 295
12 19
12 44
12 48
12 71
12 83
12 86
12 101
12 113
12 157
12 202
12 203
12 207
12 217
12 243
12 247
12 264
12 265
12 274
13 27
13 68
13 93
13 94
13 121
13 134
13 143
13 147
13 150
13 155
13 165
13 170
13 183
13 211
13 215
13 248
13 260
13 268
13 292
14 18
14 34
14 42
14 52
14 58
14 82
14 124
14 132
14 147
14 150
14 165
14 182
14 203
14 205
14 211
14 238
14 272
14 277
14 283
14 294
15 24
15 44
15 52
15 67
15 82
15 87
15 102
15 119
15 121
15 123
15 130
15 131
15 139
15 149
15 156
15 164
15 167
15 183
15 192
15 200
15 213
15 219
15 231
15 253
15 264
15 266
15 274
15 282
16 21
16 22
16 43
16 80
16 83
16 87
16 103
16 106
16 110
16 115
16 135
16 178
16 182
16 187
16 191
16 202
16 217
16 222
16 260
16 275
16 281
16 284
16 288
16 296
16 298
17 67
17 70
17 83
17 88
17 89
17 94
17 97
17 107
17 125
17 143
17 145
17 152
17 155
17 166
17 171
17 175
17 187
17 191
17 202
17 208
17 221
17 224
17 243
17 256
17 259
17 271
17 288
17 289
18 33
18 69
18 74
18 95
18 128
18 130
18 133
18 140
18 213
18 239
18 245
18 246
18 283
18 296
18 297
19 84
19 92
19 116
19 125
19 134
19 159
19 178
19 181
19 188
19 204
19 213
19 215
19 228
19 244
19 264
19 274
19 285
19 287
20 21
20 49
20 53
20 65
20 88
20 118
20 128
20 150
20 157
20 215
20 220
20 244
20 267
20 287
21 24
21 25
21 32
21 35
21 65
21 66
21 75
21 83
21 90
21 122
21 151
21 158
21 189
21 201
21 212
21 217
21 248
21 251
21 252
21 261
21 265
21 277
21 289
21 297
22 24
22 31
22 92
22 127
22 133
22 135
22 145
22 158
22 179
22 194
22 203
22 219
23 29
23 34
23 42
23 56
23 69
23 70
23 79
23 85
23 114
23 139
23 146
23 149
23 184
23 186
23 195
23 203
23 209
23 224
23 242
23 266
23 274
24 45
24 56
24 77
24 91
24 102
24 151
24 163
24 174
24 176
24 185
24 213
24 220
24 229
24 255
24 273
24 278
24 293
25 28
25 30
25 40
25 98
25 105
25 152
25 160
25 161
25 169
25 204
25 228
25 230
25 235
25 236
25 250
25 255
25 292
26 67
26 77
26 78
26 113
26 125
26 164
26 181
26 186
26 194
26 206
26 211
26 218
26 246
26 253
26 255
26 294
26 295
27 31
27 38
27 52
27 97
27 109
27 112
27 115
27 132
27 133
27 134
27 143
27 160
27 161
27 176
27 190
27 196
27 197
27 207
27 215
27 216
27 227
27 236
27 246
27 260
27 264
27 268
27 281
27 291
28 43
28 55
28 69
28 71
28 107
28 136
28 161
28 191
28 262
28 263
28 270
28 293
28 295
29 31
29 42
29 44
29 45
29 56
29 73
29 82
29 85
29 94
29 97
29 108
29 170
29 184
29 191
29 214
29 243
29 259
29 265
29 280
29 281
29 290
30 59
30 63
30 80
30 87
30 119
30 129
30 136
30 137
30 140
30 174
30 187
30 212
30 217
30 229
30 269
30 278
30 280
31 37
31 49
31 73
31 96
31 97
31 103
31 106
31 145
31 152
31 157
31 165
31 167
31 174
31 188
31 190
31 193
31 199
31 205
31 225
31 258
31 285
31 298
32 34
32 41
32 42
32 60
32 77
32 100
32 109
32 112
32 175
32 180
32 191
32 220
32 226
32 228
32 230
32 251
32 265
32 286
33 50
33 53
33 62
33 64
33 67
33 101
33 104
33 111
33 116
33 125
33 126
33 151
33 180
33 191
33 212
33 245
33 265
33 269
33 295
33 297
33 299
34 38
34 60
34 101
34 121
34 122
34 136
34 143
34 147
34 156
34 169
34 172
34 179
34 181
34 182
34 196
34 199
34 266
34 285
34 291
34 295
34 298
35 42
35 73
35 80
35 96
35 125
35 145
35 165
35 178
35 183
35 185
35 192
35 201
35 236
35 237
35 270
35 274
35 287
35 292
35 298
36 37
36 45
36 73
36 87
36 102
36 122
36 123
36 160
36 174
36 178
36 180
36 197
36 224
36 238
36 257
36 259
36 261
36 272
36 295
37 55
37 82
37 95
37 108
37 135
37 172
37 186
37 196
37 199
37 214
37 227
37 254
37 288
37 289
37 297
38 52
38 67
38 72
38 90
38 103
38 179
38 192
38 205
38 211
38 222
38 227
38 229
38 230
39 44
39 45
39 47
39 105
39 108
39 141
39 172
39 179
39 181
39 186
39 206
39 236
39 246
39 261
39 269
39 291
40 48
40 62
40 66
40 69
40 72
40 96
40 119
40 123
40 137
40 167
40 175
40 178
40 232
40 237
40 238
40 258
40 266
40 268
40 281
40 295
41 47
41 48
41 136
41 162
41 169
41 176
41 198
41 203
41 206
41 218
41 225
41 230
41 263
41 271
41 277
42 58
42 59
42 87
42 96
42 97
42 105
42 109
42 117
42 119
42 128
42 136
42 167
42 223
42 239
42 244
42 253
42 257
42 268
42 273
42 278
42 287
42 290
43 53
43 65
43 91
43 114
43 135
43 167
43 174
43 176
43 200
43 218
43 220
43 226
43 235
43 249
43 256
43 261
43 297
44 64
44 65
44 75
44 80
44 96
44 109
44 127
44 177
44 185
44 202
44 215
44 243
44 250
44 297
45 62
45 103
45 107
45 144
45 155
45 158
45 172
45 174
45 184
45 192
45 235
45 237
45 250
45 271
45 287
46 48
46 49
46 63
46 89
46 90
46 101
46 107
46 115
46 117
46 140
46 169
46 188
46 229
46 239
46 257
46 258
46 263
46 267
46 276
46 286
47 51
47 60
47 77
47 96
47 143
47 156
47 176
47 213
47 214
47 217
47 221
47 230
47 232
47 271
47 282
47 290
48 50
48 54
48 80
48 90
48 102
48 122
48 129
48 133
48 138
48 151
48 164
48 185
48 194
48 215
48 227
48 250
48 251
48 257
48 270
48 276
48 292
49 53
49 58
49 70
49 84
49 90
49 92
49 94
49 114
49 141
49 196
49 245
49 260
49 273
49 294
49 298
50 83
50 94
50 99
50 112
50 113
50 117
50 126
50 134
50 157
50 164
50 179
50 185
50 251
50 254
50 259
50 264
50 286
50 293
51 78
51 94
51 95
51 99
51 108
51 110
51 129
51 153
51 161
51 177
51 210
51 214
51 256
51 287
52 81
52 92
52 108
52 111
52 112
52 141
52 161
52 165
52 203
52 216
52 229
52 242
52 253
52 275
52 293
52 294
52 295
52 296
52 299
53 69
53 90
53 92
53 111
53 123
53 128
53 137
53 155
53 158
53 197
53 254
53 273
53 284
53 291
54 71
54 84
54 86
54 92
54 114
54 117
54 122
54 126
54 142
54 146
54 149
54 184
54 208
54 212
54 213
54 221
54 231
54 275
54 281
54 283
54 285
54 299
55 57
55 73
55 74
55 91
55 92
55 94
55 114
55 137
55 142
55 190
55 225
55 233
55 243
55 247
55 270
55 278
55 291
55 295
56 72
56 100
56 104
56 140
56 141
56 170
56 174
56 175
56 185
56 216
56 217
56 221
56 259
56 282
56 295
57 58
57 65
57 88
57 100
57 103
57 115
57 132
57 136
57 144
57 145
57 148
57 157
57 181
57 192
57 224
57 272
57 274
57 287
57 299
58 68
58 82
58 84
58 97
58 132
58 176
58 178
58 179
58 185
58 198
58 212
58 228
58 280
58 283
58 286
58 291
59 66
59 83
59 100
59 114
59 123
59 124
59 142
59 156
59 178
59 201
59 202
59 205
59 218
59 219
59 234
59 299
60 96
60 98
60 175
60 183
60 184
60 195
60 201
60 223
60 258
60 261
60 266
60 277
60 285
60 288
60 297
61 81
61 103
61 105
61 112
61 121
61 188
61 212
61 221
61 226
61 235
61 256
61 274
61 284
61 286
61 288
62 63
62 69
62 97
62 106
62 107
62 108
62 135
62 147
62 153
62 161
62 237
62 247
62 248
62 254
62 256
62 258
62 273
62 290
63 80
63 91
63 92
63 101
63 106
63 125
63 127
63 135
63 146
63 171
63 189
63 211
63 236
63 252
63 255
64 76
64 86
64 95
64 151
64 161
64 168
64 176
64 179
64 187
64 189
64 195
64 200
64 213
64 226
64 246
64 259
64 276
64 277
65 67
65 68
65 85
65 88
65 101
65 105
65 113
65 114
65 118
65 153
65 161
65 174
65 194
65 225
65 227
65 239
65 242
65 255
65 276
65 294
66 67
66 97
66 109
66 170
66 171
66 177
66 178
66 179
66 182
66 199
66 203
66 210
66 223
66 228
66 270
67 75
67 84
67 95
67 107
67 123
67 129
67 177
67 189
67 205
67 217
67 220
67 227
67 241
67 251
67 255
67 271
67 284
67 295
68 85
68 106
68 126
68 128
68 132
68 138
68 141
68 145
68 167
68 169
68 184
68 194
68 197
68 210
68 215
68 226
68 232
68 234
68 245
68 255
68 287
68 292
69 74
69 105
69 122
69 123
69 144
69 182
69 190
69 194
69 198
69 226
69 237
69 241
69 246
69 247
69 249
69 266
69 273
69 274
69 284
69 294
69 297
70 91
70 99
70 126
70 151
70 160
70 162
70 163
70 186
70 195
70 198
70 209
70 217
70 257
70 268
70 274
70 284
70 293
71 99
71 112
71 113
71 120
71 125
71 146
71 153
71 156
71 160
71 177
71 185
71 192
71 194
71 198
71 208
71 215
71 241
71 265
71 285
71 288
72 87
72 93
72 96
72 114
72 140
72 141
72 151
72 156
72 162
72 165
72 170
72 178
72 208
72 216
72 217
72 223
72 236
72 252
72 257
72 273
72 275
72 287
72 289
73 88
73 135
73 139
73 143
73 148
73 152
73 186
73 191
73 193
73 195
73 211
73 233
73 235
73 251
73 269
73 280
73 291
74 87
74 107
74 114
74 120
74 143
74 160
74 197
74 216
74 217
74 222
74 260
74 274
74 290
75 85
75 93
75 108
75 111
75 112
75 118
75 121
75 134
75 139
75 151
75 154
75 158
75 189
75 195
75 207
75 209
75 247
75 251
75 291
75 292
76 103
76 104
76 111
76 122
76 125
76 136
76 137
76 144
76 149
76 184
76 192
76 205
76 219
76 236
76 238
76 253
76 254
76 257
76 269
76 282
76 287
77 91
77 106
77 122
77 123
77 149
77 158
77 173
77 176
77 185
77 215
77 244
77 262
77 267
77 282
77 291
77 298
78 111
78 142
78 150
78 173
78 187
78 218
78 223
78 287
79 86
79 95
79 117
79 122
79 123
79 125
79 152
79 154
79 159
79 160
79 174
79 218
79 242
79 250
79 276
80 97
80 114
80 125
80 127
80 128
80 130
80 135
80 139
80 140
80 150
80 161
80 166
80 191
80 198
80 203
80 205
80 209
80 219
80 234
80 241
80 243
80 255
80 280
81 103
81 109
81 118
81 121
81 125
81 149
81 156
81 181
81 234
81 237
81 240
81 250
81 269
81 282
82 93
82 100
82 105
82 140
82 167
82 200
82 209
82 223
82 231
82 233
82 256
82 262
82 280
82 293
82 294
83 106
83 107
83 109
83 118
83 127
83 167
83 169
83 171
83 203
83 235
83 236
83 269
83 280
83 281
84 101
84 111
84 139
84 156
84 209
84 218
84 224
84 228
84 259
84 273
84 275
84 290
84 299
85 99
85 110
85 115
85 121
85 137
85 146
85 149
85 199
85 227
85 240
85 242
85 246
85 294
86 87
86 93
86 120
86 137
86 151
86 167
86 172
86 179
86 185
86 194
86 204
86 232
86 243
86 252
86 265
86 297
87 94
87 106
87 119
87 126
87 151
87 161
87 163
87 212
87 217
87 234
87 236
87 238
87 240
87 256
87 259
87 261
87 262
87 295
88 107
88 126
88 128
88 136
88 152
88 165
88 174
88 200
88 214
88 218
88 242
88 245
88 269
88 276
88 278
88 280
88 286
89 90
89 97
89 113
89 127
89 147
89 157
89 165
89 184
89 185
89 192
89 193
89 274
89 282
89 294
90 95
90 132
90 135
90 149
90 175
90 178
90 238
90 248
90 249
90 252
90 268
90 274
91 96
91 137
91 138
91 147
91 153
91 159
91 175
91 178
91 181
91 182
91 189
91 213
91 221
91 231
91 270
91 284
91 297
92 107
92 122
92 175
92 189
92 228
92 274
92 280
92 285
92 287
93 120
93 155
93 180
93 187
93 190
93 210
93 216
93 217
93 228
93 246
93 247
93 257
93 269
93 270
93 278
93 290
94 105
94 116
94 142
94 146
94 148
94 165
94 174
94 180
94 194
94 201
94 221
94 227
94 231
94 234
94 238
94 240
94 294
95 100
95 111
95 127
95 130
95 132
95 149
95 174
95 191
95 215
95 219
95 222
95 232
95 234
95 241
95 243
95 262
95 265
95 281
95 286
96 99
96 130
96 137
96 139
96 146
96 147
96 162
96 163
96 173
96 182
96 208
96 212
96 217
96 224
96 226
96 232
96 247
96 253
96 262
96 283
97 118
97 228
97 267
97 272
97 277
97 279
98 103
98 121
98 184
98 223
98 234
98 239
98 241
98 248
99 100
99 119
99 131
99 210
99 211
99 219
99 252
99 254
99 287
99 297
100 137
100 146
100 153
100 180
100 187
100 209
100 213
100 235
100 245
100 247
100 264
101 139
101 164
101 168
101 181
101 200
101 232
101 242
101 247
101 253
101 264
101 277
101 293
102 110
102 131
102 136
102 225
102 230
102 248
102 256
102 266
102 267
102 295
103 110
103 143
103 154
103 162
103 163
103 178
103 186
103 187
103 211
103 221
103 224
103 230
103 253
103 266
103 287
104 134
104 157
104 171
104 185
104 195
104 197
104 202
104 203
104 212
104 214
104 287
104 294
104 299
105 164
105 168
105 172
105 180
105 185
105 213
105 224
105 237
105 241
105 253
105 256
105 269
105 276
105 279
105 290
105 297
106 107
106 112
106 119
106 122
106 131
106 177
106 186
106 208
106 216
106 255
106 283
106 298
107 108
107 131
107 142
107 171
107 188
107 245
107 273
107 278
107 294
107 299
108 112
108 132
108 134
108 154
108 167
108 168
108 174
108 178
108 181
108 202
108 203
108 208
108 228
108 237
108 253
108 264
108 267
108 292
109 118
109 121
109 143
109 144
109 147
109 152
109 159
109 191
109 203
109 215
109 237
109 246
109 289
109 291
110 121
110 128
110 162
110 182
110 205
110 210
110 276
110 277
110 290
110 297
110 298
111 153
111 155
111 168
111 170
111 198
111 207
111 209
111 234
111 260
111 266
111 268
111 281
112 115
112 123
112 184
112 187
112 203
112 215
112 228
112 283
112 290
113 129
113 136
113 161
113 172
113 173
113 177
113 182
113 184
113 188
113 202
113 249
113 252
113 292
113 297
114 116
114 148
114 169
114 234
114 256
114 288
115 128
115 145
115 146
115 147
115 153
115 183
115 185
115 206
115 208
115 235
115 239
115 244
115 253
115 269
115 289
116 119
116 122
116 126
116 221
116 245
116 249
116 253
116 260
116 263
116 272
116 275
116 294
117 138
117 151
117 169
117 173
117 179
117 180
117 201
117 214
117 220
117 234
117 236
117 243
117 246
117 255
117 258
117 267
117 269
117 286
118 120
118 127
118 165
118 187
118 188
118 256
118 280
119 135
119 142
119 224
119 235
119 238
119 284
120 129
120 158
120 167
120 187
120 213
120 214
120 250
120 280
121 151
121 154
121 156
121 172
121 186
121 192
121 211
121 214
121 242
121 262
121 274
121 289
122 139
122 161
122 163
122 197
122 198
122 205
123 141
123 155
123 165
123 166
123 173
123 195
123 227
123 229
123 232
123 240
123 298
124 125
124 150
124 155
124 178
124 186
124 192
124 198
124 225
124 228
124 241
124 260
124 275
124 277
124 281
124 294
125 137
125 162
125 168
125 171
125 190
125 191
125 194
125 204
125 205
125 215
125 217
125 222
125 223
125 224
125 227
125 245
125 258
125 290
125 294
126 134
126 141
126 177
126 197
126 229
126 277
126 279
126 288
127 129
127 135
127 183
127 192
127 203
127 232
127 238
127 260
127 272
127 276
127 296
128 141
128 144
128 152
128 192
128 208
128 235
128 249
128 251
128 257
128 266
128 275
128 278
128 280
128 298
129 145
129 202
129 213
129 215
129 251
129 253
129 264
129 267
129 298
130 135
130 178
130 184
130 211
130 217
130 218
130 246
130 259
130 267
130 286
130 298
131 156
131 157
131 183
131 215
131 220
131 222
131 225
131 241
131 253
131 265
132 133
132 142
132 152
132 153
132 159
132 179
132 193
132 206
132 216
132 219
132 220
132 289
132 299
133 140
133 168
133 181
133 207
133 208
133 251
133 260
133 280
134 138
134 148
134 151
134 163
134 174
134 205
134 208
134 210
134 221
134 235
134 254
134 264
134 266
134 269
135 147
135 160
135 162
135 166
135 173
135 174
135 175
135 195
135 199
135 209
135 222
135 262
135 281
136 138
136 150
136 160
136 176
136 209
136 213
136 216
136 221
136 234
136 241
136 243
136 254
136 271
136 273
136 284
137 143
137 150
137 174
137 181
137 212
137 214
137 222
137 227
137 231
137 277
137 279
137 283
137 284
138 139
138 202
138 216
138 236
138 237
138 242
138 254
138 266
138 287
139 142
139 178
139 204
139 208
139 210
139 228
139 229
139 264
139 266
140 144
140 174
140 176
140 184
140 193
140 194
140 222
140 236
140 240
140 248
140 249
140 250
140 253
140 273
140 275
140 293
141 147
141 194
141 202
141 213
141 231
141 232
141 240
141 264
141 287
141 294
142 150
142 168
142 211
142 233
142 255
142 266
143 145
143 196
143 199
143 209
143 213
143 224
143 250
143 283
143 294
144 147
144 162
144 164
144 173
144 179
144 186
144 193
144 199
144 204
144 228
144 243
144 268
144 289
145 150
145 153
145 195
145 199
145 205
145 208
145 226
145 254
145 274
145 292
145 296
146 165
146 169
146 176
146 188
146 223
146 227
146 245
146 269
146 282
147 158
147 214
147 236
147 237
147 246
147 249
147 275
147 278
147 282
148 164
148 165
148 184
148 212
148 213
148 224
148 227
148 230
148 242
148 252
148 258
148 273
148 287
149 153
149 162
149 171
149 206
149 217
149 278
149 282
149 289
149 297
150 176
150 178
150 209
150 225
150 242
150 245
150 258
150 272
150 275
150 297
150 298
151 152
151 169
151 174
151 193
151 196
151 199
151 205
151 215
151 220
151 221
151 226
151 227
151 236
151 238
151 260
151 280
151 289
151 298
152 160
152 170
152 182
152 185
152 213
152 231
152 289
153 155
153 158
153 169
153 251
153 256
153 290
153 298
154 172
154 185
154 187
154 195
154 196
154 222
154 228
154 229
154 238
154 262
154 275
154 285
154 286
154 299
155 157
155 166
155 179
155 185
155 203
155 247
155 248
155 249
155 280
155 292
156 159
156 198
156 209
156 210
156 216
156 221
156 229
156 242
156 246
156 277
156 288
156 295
157 172
157 192
157 193
157 196
157 210
157 236
157 241
157 244
157 246
157 263
158 163
158 192
158 201
158 229
158 232
158 240
158 256
158 292
158 296
159 175
159 182
159 184
159 225
159 289
159 294
160 174
160 211
160 213
160 254
160 272
161 167
161 184
161 199
161 202
161 226
161 235
161 236
161 244
161 275
161 283
161 286
162 168
162 179
162 192
162 194
162 220
162 228
162 235
162 237
162 262
162 267
162 272
162 289
163 167
163 171
163 195
163 203
163 213
163 224
163 226
163 250
163 259
163 261
163 278
163 284
163 287
163 299
164 186
164 216
164 231
164 239
164 271
164 290
165 175
165 207
165 212
165 216
165 229
165 265
166 175
166 183
166 186
166 189
166 213
166 258
166 262
166 263
166 279
166 287
166 291
167 196
167 207
167 210
167 246
167 253
167 282
167 287
168 172
168 184
168 196
168 212
168 222
168 229
168 267
168 268
168 284
168 296
169 179
169 188
169 192
169 198
169 213
169 274
169 276
170 187
170 223
170 226
170 279
171 187
171 195
171 213
171 225
171 230
171 243
171 252
171 266
171 276
171 288
172 184
172 185
172 193
172 194
172 207
172 222
172 245
172 270
172 293
173 196
173 217
173 223
173 226
173 240
173 249
173 262
173 282
174 220
174 230
174 238
174 247
174 253
174 259
174 273
174 280
174 296
174 297
175 178
175 181
175 190
175 196
175 201
175 214
175 223
175 242
175 286
176 177
176 198
176 204
176 215
176 258
176 285
176 296
177 191
177 192
177 195
177 219
177 250
177 251
177 265
177 288
178 183
178 188
178 195
178 199
178 224
178 251
178 267
178 277
178 286
178 292
178 296
179 192
179 193
179 196
179 217
179 219
179 229
179 238
179 281
179 286
179 288
179 292
180 226
180 239
180 256
180 267
180 272
181 183
181 210
181 220
181 222
181 249
181 253
181 270
181 291
181 293
181 295
182 233
182 235
182 242
182 248
182 251
182 279
182 283
183 190
183 191
183 197
183 217
183 229
183 245
183 257
183 268
183 276
183 281
184 197
184 208
184 224
184 235
184 239
184 252
184 268
185 188
185 204
185 208
185 212
185 234
185 242
185 249
185 270
186 194
186 221
186 249
186 292
187 199
187 201
187 230
187 243
187 249
187 256
187 259
187 273
188 192
188 208
188 211
188 240
188 249
188 278
188 292
188 296
188 298
189 198
189 203
189 208
189 212
189 214
189 224
189 241
189 243
189 245
189 259
189 271
189 293
190 208
190 219
190 222
190 237
190 249
190 252
190 290
190 292
190 295
191 216
191 260
191 290
191 293
192 196
192 203
192 223
192 251
192 259
192 271
192 284
193 194
193 195
193 219
193 248
194 199
194 201
194 219
194 225
194 234
194 252
194 257
194 261
194 283
195 245
195 250
195 253
195 267
196 201
196 215
196 219
196 235
196 249
196 259
196 276
196 278
196 279
196 296
197 210
197 218
197 246
197 260
197 270
197 297
198 213
198 217
198 228
198 242
198 243
198 281
199 201
199 291
199 299
200 262
200 267
201 206
201 227
201 266
201 283
201 285
201 297
202 218
202 220
202 229
202 235
202 247
202 274
202 294
203 206
203 212
203 213
203 233
203 238
203 256
204 247
204 248
204 252
204 299
205 211
205 228
205 237
205 248
205 249
205 269
205 281
205 291
205 294
206 229
206 259
206 264
207 211
207 215
207 239
207 246
207 251
207 261
207 265
207 266
207 275
207 276
207 284
207 286
207 299
208 210
208 211
208 259
208 283
208 284
209 219
209 242
209 250
209 258
209 262
209 265
209 266
209 287
209 288
210 233
210 273
210 288
211 213
211 225
211 247
211 251
211 278
211 293
212 231
212 257
212 277
213 232
213 236
213 291
214 222
214 241
214 245
214 268
214 286
214 294
214 296
215 217
215 254
215 262
215 284
215 292
216 234
216 272
216 275
216 282
216 289
216 291
216 297
217 222
217 236
217 255
217 261
217 262
217 266
217 269
217 281
218 235
218 254
218 259
218 279
218 280
218 282
219 224
219 238
219 249
219 254
219 255
219 269
219 271
219 278
219 280
220 235
220 237
220 267
221 231
221 242
221 246
221 265
221 283
222 226
222 227
222 251
222 256
222 265
222 289
223 225
223 250
223 257
223 281
223 290
225 232
225 244
225 265
225 269
225 277
225 281
225 293
226 244
227 237
227 284
227 292
228 235
228 238
228 239
228 242
228 250
228 257
228 270
228 274
228 285
228 296
229 242
229 255
229 260
229 262
229 278
229 281
229 294
229 297
230 232
230 240
230 242
230 264
230 276
230 292
231 239
231 248
231 253
231 283
232 241
232 243
232 259
232 289
232 292
233 243
233 245
233 258
233 268
233 273
233 274
233 278
234 238
234 246
234 270
234 282
234 296
235 236
235 252
236 242
236 271
236 272
236 275
236 280
237 246
237 248
237 270
237 289
238 251
238 253
238 256
238 275
238 279
238 281
238 284
238 293
238 295
239 241
239 256
239 263
239 285
240 244
240 254
240 284
240 293
240 299
241 252
241 275
241 288
242 250
242 276
243 253
243 254
243 261
243 278
244 248
244 254
244 257
245 256
245 263
245 281
245 289
245 291
245 293
246 253
246 260
247 257
247 298
248 259
248 262
248 268
248 285
248 295
248 299
249 253
249 267
249 284
249 287
249 299
250 261
250 294
251 276
251 279
253 269
253 293
254 261
254 264
254 265
254 268
254 270
254 285
255 284
256 276
257 258
257 262
257 277
258 281
258 282
259 268
260 281
261 263
262 278
263 264
263 295
263 298
264 271
264 272
264 273
264 279
264 298
265 276
265 278
265 281
266 297
268 280
268 285
269 282
269 285
269 298
270 272
270 281
270 283
270 296
270 299
271 273
272 276
272 283
272 293
273 276
273 282
274 284
275 277
275 293
276 299
277 283
277 291
277 295
278 283
279 288
279 293
279 294
280 289
282 297
283 285
283 297
286 289
288 290
288 295
290 292
291 298
293 296
295 296
296 298
296 299
