500 6189 0.2
0 17
0 33
0 55
0 65
0 70
0 74
0 75
0 93
0 99
0 106
0 112
0 128
0 138
0 149
0 169
0 205
0 211
0 320
0 330
0 333
0 338
0 355
0 362
0 369
0 378
0 380
0 396
0 418
1 17
1 37
1 45
1 72
1 116
1 127
1 166
1 170
1 171
1 193
1 198
1 199
1 204
1 205
1 209
1 219
1 237
1 294
1 311
1 337
1 386
1 401
1 420
1 443
1 445
1 446
1 447
1 448
1 457
2 4
2 23
2 27
2 45
2 79
2 90
2 154
2 172
2 208
2 279
2 290
2 298
2 337
2 340
2 345
2 360
2 380
2 383
2 397
2 418
2 443
2 467
2 481
2 483
3 10
3 17
3 25
3 35
3 72
3 99
3 109
3 119
3 161
3 189
3 196
3 217
3 230
3 245
3 272
3 344
3 354
3 375
3 387
3 395
3 404
3 423
3 440
3 487
3 492
3 496
4 73
4 91
4 111
4 117
4 120
4 143
4 169
4 177
4 230
4 253
4 254
4 272
4 379
4 382
4 433
4 462
4 474
4 496
5 36
5 42
5 55
5 71
5 74
5 77
5 95
5 135
5 167
5 184
5 197
5 198
5 234
5 257
5 262
5 275
5 287
5 306
5 307
5 321
5 323
5 377
5 378
5 399
5 414
5 430
5 452
5 461
5 495
6 9
6 13
6 74
6 85
6 91
6 98
6 101
6 111
6 134
6 137
6 197
6 215
6 232
6 311
6 315
6 343
6 351
6 361
6 381
6 388
6 402
6 417
6 426
6 443
7 20
7 118
7 142
7 152
7 194
7 211
7 239
7 261
7 271
7 279
7 310
7 317
7 332
7 359
7 363
7 370
7 376
7 414
7 417
7 470
7 475
7 493
8 19
8 34
8 102
8 104
8 230
8 249
8 264
8 304
8 317
8 336
8 343
8 376
8 410
8 423
8 440
8 441
8 442
9 14
9 26
9 38
9 45
9 102
9 159
9 182
9 256
9 295
9 301
9 338
9 347
9 359
9 361
9 386
9 393
9 419
9 422
9 432
9 480
10 41
10 45
10 57
10 93
10 134
10 145
10 171
10 182
10 196
10 206
10 231
10 232
10 262
10 286
10 296
10 304
10 333
10 343
10 358
10 368
10 370
10 387
10 429
10 436
10 454
10 479
11 27
11 35
11 50
11 61
11 62
11 63
11 69
11 80
11 97
11 100
11 104
11 117
11 128
11 143
11 160
11 163
11 178
11 193
11 237
11 277
11 298
11 342
11 364
11 392
11 394
11 473
12 24
12 32
12 36
12 50
12 108
12 116
12 118
12 136
12 140
12 152
12 157
12 222
12 229
12 245
12 250
12 265
12 276
12 304
12 309
12 321
12 326
12 336
12 365
12 373
12 386
12 405
12 411
12 434
12 490
13 21
13 39
13 54
13 65
13 69
13 97
13 127
13 136
13 170
13 203
13 226
13 239
13 288
13 289
13 302
13 313
13 321
13 323
13 328
13 354
13 395
13 413
13 442
13 443
13 445
13 465
13 487
13 496
14 69
14 85
14 106
14 107
14 126
14 147
14 188
14 191
14 226
14 257
14 274
14 277
14 303
14 346
14 411
14 414
14 415
14 416
14 445
14 465
14 475
14 495
14 498
15 24
15 27
15 44
15 107
15 110
15 119
15 127
15 151
15 166
15 175
15 178
15 179
15 223
15 236
15 261
15 272
15 301
15 422
15 436
15 437
15 442
15 488
16 36
16 37
16 186
16 187
16 194
16 230
16 231
16 285
16 293
16 296
16 307
16 312
16 322
16 331
16 345
16 350
16 357
16 374
16 384
16 388
16 409
16 457
17 21
17 45
17 54
17 61
17 95
17 130
17 174
17 191
17 200
17 244
17 261
17 263
17 272
17 274
17 311
17 326
17 396
17 409
17 430
17 438
17 460
17 461
17 484
17 490
18 22
18 34
18 48
18 61
18 70
18 126
18 143
18 149
18 156
18 215
18 265
18 268
18 292
18 296
18 338
18 342
18 369
18 386
18 400
18 401
18 408
18 410
18 425
18 461
18 464
19 24
19 43
19 63
19 73
19 97
19 129
19 165
19 169
19 197
19 200
19 201
19 209
19 292
19 359
19 363
19 425
19 441
19 446
20 56
20 91
20 106
20 117
20 125
20 152
20 156
20 192
20 193
20 198
20 214
20 220
20 228
20 238
20 245
20 249
20 279
20 285
20 302
20 306
20 307
20 321
20 333
20 339
20 372
20 377
20 404
20 422
20 453
20 456
21 42
21 48
21 51
21 94
21 99
21 120
21 122
21 139
21 165
21 193
21 232
21 277
21 280
21 302
21 306
21 347
21 365
21 371
21 388
21 471
21 472
21 485
22 27
22 30
22 35
22 87
22 88
22 91
22 95
22 177
22 182
22 283
22 291
22 335
22 339
22 348
22 367
22 410
22 422
22 429
22 432
22 464
22 467
23 44
23 66
23 71
23 72
23 83
23 123
23 136
23 144
23 161
23 165
23 178
23 180
23 208
23 262
23 313
23 337
23 340
23 352
23 359
23 459
24 39
24 103
24 106
24 115
24 126
24 128
24 151
24 200
24 246
24 259
24 282
24 301
24 304
24 306
24 338
24 346
24 356
24 359
24 367
24 373
24 376
24 390
24 396
24 399
24 406
24 409
24 412
24 417
24 433
24 434
24 436
24 453
24 455
24 463
25 30
25 96
25 104
25 125
25 257
25 260
25 277
25 302
25 313
25 323
25 327
25 338
25 378
25 379
25 381
25 394
25 410
25 417
25 467
25 469
25 478
26 57
26 66
26 86
26 87
26 90
26 123
26 196
26 210
26 216
26 222
26 229
26 246
26 249
26 255
26 270
26 288
26 315
26 327
26 364
26 373
26 422
26 424
26 462
27 45
27 63
27 111
27 153
27 157
27 187
27 193
27 235
27 251
27 261
27 334
27 359
27 364
27 441
27 451
27 453
27 480
28 33
28 38
28 40
28 67
28 72
28 124
28 125
28 138
28 149
28 163
28 216
28 235
28 243
28 244
28 280
28 295
28 356
28 379
28 395
28 419
28 421
28 435
28 464
28 471
28 492
29 89
29 124
29 129
29 149
29 170
29 192
29 234
29 335
29 351
29 355
29 356
29 368
29 372
29 386
29 405
29 420
29 461
29 491
30 57
30 88
30 112
30 121
30 134
30 137
30 146
30 153
30 181
30 266
30 275
30 314
30 327
30 330
30 366
30 369
30 370
30 374
30 420
30 483
31 48
31 50
31 56
31 68
31 94
31 108
31 132
31 140
31 154
31 176
31 180
31 204
31 217
31 222
31 247
31 267
31 386
31 391
31 417
31 420
31 430
31 443
31 467
31 471
31 475
32 79
32 85
32 88
32 107
32 122
32 139
32 182
32 220
32 229
32 239
32 268
32 293
32 315
32 323
32 327
32 381
32 408
32 476
32 477
32 479
32 494
32 499
33 39
33 43
33 75
33 96
33 105
33 114
33 136
33 141
33 146
33 155
33 160
33 186
33 192
33 215
33 216
33 223
33 246
33 250
33 272
33 293
33 294
33 296
33 330
33 346
33 352
33 394
33 422
33 426
33 467
34 37
34 73
34 94
34 103
34 118
34 127
34 131
34 155
34 185
34 190
34 204
34 243
34 298
34 335
34 352
34 419
34 466
34 470
34 475
34 483
35 51
35 60
35 132
35 154
35 164
35 174
35 177
35 178
35 188
35 201
35 211
35 221
35 232
35 250
35 286
35 294
35 300
35 316
35 356
35 360
35 364
35 414
35 480
35 493
35 499
36 44
36 72
36 79
36 83
36 87
36 100
36 106
36 107
36 110
36 112
36 135
36 153
36 170
36 187
36 223
36 238
36 241
36 242
36 278
36 331
36 343
36 355
36 357
36 387
36 399
36 405
36 423
36 444
36 488
37 51
37 55
37 73
37 76
37 92
37 94
37 105
37 111
37 145
37 148
37 174
37 176
37 192
37 197
37 206
37 217
37 220
37 236
37 263
37 275
37 312
37 346
37 362
37 418
37 424
37 430
37 450
37 491
37 499
38 40
38 50
38 78
38 110
38 120
38 135
38 162
38 174
38 180
38 186
38 208
38 215
38 221
38 305
38 315
38 326
38 328
38 353
38 357
38 375
38 385
38 392
38 393
38 427
38 473
39 40
39 43
39 61
39 87
39 91
39 104
39 107
39 111
39 124
39 147
39 152
39 156
39 173
39 186
39 242
39 265
39 271
39 275
39 280
39 300
39 315
39 336
39 347
39 391
39 442
39 457
39 492
39 496
40 45
40 56
40 71
40 82
40 120
40 125
40 146
40 154
40 199
40 207
40 225
40 260
40 281
40 301
40 332
40 344
40 399
40 402
40 404
40 438
40 453
40 455
41 64
41 66
41 121
41 130
41 159
41 221
41 255
41 256
41 260
41 271
41 284
41 292
41 303
41 327
41 333
41 352
41 357
41 404
41 431
41 433
41 456
41 489
42 80
42 133
42 146
42 155
42 160
42 221
42 223
42 225
42 252
42 257
42 265
42 277
42 282
42 290
42 292
42 301
42 321
42 333
42 373
42 397
42 407
42 416
42 434
42 437
42 466
42 475
42 495
43 56
43 67
43 88
43 113
43 123
43 126
43 142
43 170
43 184
43 209
43 281
43 285
43 289
43 301
43 355
43 358
43 361
43 373
43 392
43 423
43 428
43 451
43 458
43 466
43 469
43 496
44 61
44 67
44 75
44 86
44 105
44 106
44 114
44 117
44 118
44 145
44 198
44 219
44 226
44 236
44 265
44 274
44 293
44 345
44 385
44 408
44 418
44 426
44 429
44 442
44 445
44 448
44 455
44 474
45 134
45 185
45 213
45 239
45 268
45 270
45 284
45 291
45 307
45 319
45 338
45 355
45 359
45 362
45 372
45 404
45 405
45 459
45 466
45 496
46 47
46 53
46 60
46 78
46 86
46 158
46 174
46 178
46 179
46 190
46 201
46 217
46 219
46 224
46 307
46 342
46 350
46 372
46 379
46 380
46 384
46 387
46 417
46 423
46 436
46 457
47 56
47 61
47 78
47 79
47 87
47 131
47 150
47 160
47 197
47 198
47 225
47 246
47 264
47 269
47 274
47 285
47 289
47 294
47 331
47 338
47 343
47 350
47 359
47 380
47 400
47 403
47 438
47 443
47 450
47 454
47 456
48 52
48 75
48 79
48 80
48 133
48 135
48 152
48 153
48 159
48 169
48 192
48 263
48 276
48 284
48 302
48 319
48 320
48 342
48 366
48 396
48 398
48 426
48 479
48 482
49 117
49 137
49 142
49 163
49 194
49 235
49 256
49 297
49 324
49 358
49 405
49 410
49 412
49 420
49 431
49 449
49 450
50 62
50 95
50 98
50 170
50 177
50 212
50 220
50 231
50 246
50 274
50 305
50 325
50 334
50 341
50 342
50 362
50 363
50 368
50 369
50 370
50 371
50 376
50 440
50 460
50 465
51 61
51 93
51 131
51 133
51 135
51 142
51 175
51 200
51 232
51 253
51 256
51 326
51 384
51 392
51 409
51 421
51 428
51 456
51 490
51 497
52 69
52 82
52 179
52 218
52 267
52 287
52 350
52 393
52 450
52 498
53 61
53 113
53 118
53 137
53 141
53 163
53 170
53 189
53 208
53 292
53 328
53 340
53 342
53 379
53 449
53 460
53 472
53 493
54 127
54 141
54 151
54 185
54 187
54 204
54 272
54 280
54 302
54 310
54 314
54 339
54 343
54 363
54 381
54 408
54 432
54 443
55 101
55 160
55 165
55 172
55 191
55 231
55 260
55 262
55 275
55 301
55 305
55 320
55 336
55 345
55 352
55 356
55 368
55 380
55 387
55 402
55 437
55 439
55 471
55 481
56 61
56 110
56 143
56 197
56 200
56 204
56 209
56 210
56 238
56 251
56 292
56 295
56 334
56 343
56 378
56 389
56 409
56 418
56 432
56 446
56 474
56 479
56 491
56 493
56 495
57 86
57 87
57 90
57 95
57 132
57 139
57 174
57 175
57 194
57 214
57 289
57 300
57 304
57 397
57 439
57 466
57 474
57 484
57 488
57 493
58 64
58 114
58 119
58 125
58 130
58 137
58 140
58 174
58 189
58 196
58 197
58 226
58 254
58 256
58 311
58 315
58 355
58 356
58 360
58 363
58 430
58 446
58 448
58 470
59 80
59 115
59 128
59 144
59 149
59 156
59 251
59 264
59 308
59 319
59 327
59 344
59 346
59 361
59 392
59 417
59 431
59 442
59 459
59 469
59 475
59 478
60 72
60 112
60 113
60 153
60 158
60 161
60 222
60 232
60 237
60 275
60 316
60 339
60 364
60 368
60 382
60 396
60 424
60 484
61 71
61 108
61 116
61 126
61 156
61 164
61 253
61 257
61 295
61 305
61 333
61 341
61 347
61 355
61 357
61 380
61 431
61 440
61 482
61 495
61 496
62 86
62 94
62 140
62 144
62 192
62 205
62 230
62 329
62 384
62 385
62 464
62 466
62 498
62 499
63 84
63 114
63 117
63 140
63 153
63 189
63 190
63 195
63 196
63 206
63 209
63 278
63 321
63 341
63 358
63 397
63 436
63 440
63 482
63 486
63 494
64 72
64 87
64 105
64 122
64 144
64 168
64 169
64 179
64 199
64 203
64 204
64 210
64 241
64 266
64 291
64 315
64 350
64 361
64 404
64 408
64 433
64 476
65 105
65 121
65 137
65 156
65 204
65 233
65 234
65 243
65 256
65 257
65 258
65 270
65 278
65 302
65 342
65 353
65 356
65 401
65 419
65 426
65 433
65 444
65 472
65 484
66 102
66 105
66 124
66 148
66 184
66 191
66 198
66 242
66 271
66 282
66 286
66 320
66 321
66 327
66 370
66 395
66 400
66 442
66 477
67 83
67 101
67 121
67 132
67 138
67 140
67 143
67 150
67 172
67 206
67 219
67 221
67 247
67 275
67 283
67 306
67 322
67 329
67 358
67 363
67 432
67 435
67 467
67 472
67 477
67 479
67 490
67 493
68 112
68 132
68 163
68 182
68 183
68 228
68 232
68 244
68 245
68 257
68 258
68 266
68 267
68 297
68 325
68 330
68 362
68 378
68 392
68 430
68 462
68 463
68 469
68 480
68 483
68 487
68 497
69 75
69 78
69 84
69 107
69 109
69 122
69 133
69 174
69 227
69 274
69 275
69 276
69 287
69 326
69 334
69 366
69 384
69 398
69 415
69 424
69 438
69 450
69 470
69 472
70 72
70 88
70 90
70 98
70 107
70 136
70 146
70 219
70 223
70 233
70 237
70 248
70 251
70 298
70 317
70 338
70 364
70 372
70 415
70 438
70 441
70 473
70 486
71 108
71 159
71 161
71 219
71 221
71 236
71 270
71 286
71 335
71 337
71 363
71 369
71 376
71 395
71 397
71 403
71 412
71 416
71 428
71 444
71 452
71 454
71 459
71 472
71 475
71 484
72 76
72 101
72 120
72 188
72 195
72 200
72 209
72 261
72 268
72 307
72 338
72 371
72 384
72 421
72 434
72 467
72 479
73 80
73 92
73 109
73 118
73 130
73 152
73 160
73 169
73 197
73 224
73 266
73 281
73 290
73 291
73 314
73 327
73 338
73 342
73 350
73 357
73 408
73 429
74 93
74 114
74 119
74 171
74 206
74 233
74 266
74 272
74 303
74 306
74 310
74 322
74 325
74 339
74 354
74 357
74 380
74 400
74 401
74 420
74 453
74 464
74 467
74 474
74 480
75 77
75 83
75 101
75 102
75 119
75 130
75 150
75 161
75 177
75 186
75 213
75 226
75 245
75 249
75 253
75 304
75 313
75 317
75 318
75 321
75 354
75 362
75 420
75 485
76 117
76 147
76 159
76 163
76 164
76 207
76 224
76 237
76 262
76 275
76 276
76 299
76 302
76 324
76 330
76 358
76 394
76 416
76 417
76 437
76 447
76 492
77 104
77 113
77 122
77 146
77 160
77 177
77 187
77 200
77 224
77 248
77 262
77 305
77 310
77 316
77 326
77 331
77 358
77 372
77 374
77 399
77 442
77 452
77 478
77 483
78 141
78 154
78 170
78 190
78 195
78 218
78 241
78 244
78 248
78 263
78 340
78 359
78 377
78 457
78 462
78 484
79 131
79 167
79 224
79 240
79 246
79 315
79 321
79 332
79 343
79 348
79 376
79 386
79 387
79 409
79 430
79 431
79 439
79 455
79 457
79 482
79 487
80 109
80 129
80 159
80 191
80 241
80 243
80 246
80 252
80 254
80 298
80 354
80 390
80 414
80 471
81 127
81 185
81 191
81 212
81 235
81 241
81 260
81 279
81 288
81 290
81 297
81 317
81 344
81 352
81 353
81 371
81 398
81 420
81 428
81 438
81 484
82 84
82 94
82 98
82 120
82 140
82 158
82 185
82 193
82 221
82 236
82 262
82 263
82 314
82 340
82 341
82 376
82 385
82 389
82 392
82 399
82 400
82 428
82 432
82 433
82 438
82 448
83 95
83 145
83 163
83 168
83 187
83 191
83 195
83 210
83 235
83 238
83 263
83 372
83 389
83 406
83 409
83 413
83 431
83 434
83 465
83 480
84 86
84 97
84 103
84 111
84 126
84 149
84 150
84 192
84 214
84 234
84 277
84 316
84 330
84 387
84 406
84 416
85 105
85 106
85 107
85 134
85 145
85 158
85 172
85 175
85 187
85 213
85 228
85 236
85 239
85 266
85 300
85 324
85 326
85 360
85 375
85 378
85 402
85 447
85 455
86 133
86 144
86 191
86 199
86 251
86 252
86 257
86 279
86 282
86 287
86 315
86 403
86 425
86 439
86 449
86 467
86 496
87 105
87 114
87 116
87 170
87 177
87 185
87 194
87 206
87 235
87 249
87 281
87 292
87 340
87 372
87 423
87 424
87 447
87 459
87 473
87 495
87 496
88 95
88 98
88 120
88 122
88 125
88 133
88 156
88 166
88 185
88 195
88 236
88 238
88 247
88 248
88 253
88 256
88 264
88 279
88 301
88 333
88 355
88 395
88 449
88 480
88 487
89 97
89 105
89 117
89 133
89 141
89 148
89 153
89 173
89 180
89 205
89 239
89 243
89 253
89 270
89 334
89 360
89 429
89 437
89 443
89 456
90 104
90 127
90 131
90 144
90 166
90 210
90 226
90 227
90 231
90 253
90 256
90 266
90 269
90 305
90 342
90 351
90 380
90 385
90 399
90 447
90 461
90 471
91 106
91 120
91 129
91 147
91 164
91 167
91 205
91 221
91 222
91 301
91 313
91 390
91 420
91 427
91 442
91 445
91 452
91 479
91 481
92 149
92 178
92 190
92 207
92 292
92 293
92 296
92 351
92 361
92 371
92 379
92 381
92 393
92 397
92 407
92 413
92 416
92 450
93 111
93 148
93 149
93 179
93 209
93 226
93 256
93 268
93 278
93 306
93 308
93 319
93 343
93 362
93 387
93 397
93 410
93 450
93 454
93 465
93 498
94 107
94 130
94 151
94 172
94 248
94 275
94 290
94 296
94 302
94 337
94 355
94 372
94 382
94 395
94 403
94 418
94 422
94 487
94 489
95 144
95 156
95 161
95 163
95 164
95 170
95 196
95 199
95 200
95 269
95 289
95 324
95 326
95 373
95 375
95 401
95 426
95 432
95 437
95 442
95 451
95 473
95 493
95 496
96 139
96 176
96 200
96 209
96 213
96 273
96 274
96 298
96 312
96 349
96 360
96 371
96 413
96 446
96 453
96 472
96 475
96 499
97 160
97 184
97 221
97 278
97 315
97 330
97 351
97 399
97 420
97 430
97 433
97 439
97 458
97 463
97 465
97 496
98 119
98 129
98 132
98 143
98 190
98 191
98 216
98 241
98 299
98 328
98 330
98 350
98 357
98 393
98 395
98 406
98 410
98 449
99 108
99 110
99 146
99 182
99 212
99 230
99 253
99 271
99 281
99 286
99 305
99 334
99 349
99 357
99 367
99 374
99 390
99 419
99 426
99 443
99 472
100 153
100 163
100 166
100 179
100 212
100 218
100 222
100 224
100 249
100 275
100 308
100 309
100 310
100 339
100 382
100 400
100 436
100 448
100 462
100 467
100 491
101 134
101 165
101 396
101 420
101 435
101 450
102 114
102 170
102 207
102 221
102 223
102 231
102 282
102 337
102 354
102 407
102 409
102 443
102 461
102 496
103 189
103 232
103 360
103 432
103 445
104 154
104 158
104 178
104 193
104 194
104 214
104 247
104 262
104 267
104 272
104 303
104 320
104 344
104 366
104 394
104 404
104 408
104 412
104 426
104 478
104 479
104 481
104 492
105 128
105 145
105 160
105 200
105 232
105 261
105 280
105 306
105 309
105 339
105 352
105 368
105 383
105 400
105 413
105 415
105 462
105 466
106 118
106 120
106 121
106 129
106 130
106 156
106 176
106 183
106 186
106 203
106 207
106 213
106 218
106 234
106 239
106 252
106 257
106 274
106 326
106 337
106 412
106 424
106 425
106 434
106 451
106 478
106 488
106 489
107 114
107 117
107 139
107 141
107 146
107 157
107 158
107 170
107 230
107 279
107 330
107 342
107 364
107 365
107 429
107 445
107 453
107 462
107 468
107 484
107 492
107 496
108 137
108 157
108 181
108 223
108 237
108 251
108 279
108 285
108 300
108 309
108 325
108 339
108 367
108 396
108 433
108 473
108 487
108 491
109 156
109 158
109 161
109 299
109 377
109 412
109 453
109 496
110 121
110 126
110 129
110 134
110 167
110 214
110 225
110 248
110 280
110 319
110 320
110 357
110 365
110 368
110 433
110 441
110 457
110 463
110 472
110 475
110 499
111 127
111 130
111 133
111 136
111 216
111 230
111 249
111 265
111 285
111 309
111 328
111 329
111 331
111 343
111 405
111 446
111 451
111 458
111 473
111 476
112 113
112 116
112 129
112 138
112 139
112 153
112 183
112 186
112 217
112 234
112 268
112 318
112 365
112 379
112 421
113 121
113 134
113 147
113 148
113 216
113 243
113 258
113 266
113 274
113 286
113 303
113 342
113 375
113 384
113 385
113 390
113 412
113 428
113 435
113 456
114 128
114 163
114 170
114 174
114 192
114 201
114 227
114 255
114 263
114 288
114 303
114 317
114 325
114 347
114 352
114 382
114 385
114 400
114 428
114 446
114 453
114 455
114 483
115 140
115 151
115 166
115 172
115 206
115 207
115 216
115 265
115 275
115 298
115 338
115 351
115 358
115 371
115 375
115 377
115 400
115 439
115 450
115 451
115 458
115 463
115 475
115 489
116 144
116 152
116 167
116 179
116 223
116 231
116 235
116 241
116 244
116 245
116 247
116 298
116 323
116 326
116 367
116 386
116 395
116 410
116 413
116 415
116 422
116 423
116 437
116 479
116 481
116 484
117 127
117 143
117 170
117 171
117 175
117 182
117 206
117 216
117 234
117 276
117 283
117 286
117 297
117 301
117 323
117 354
117 357
117 379
117 499
118 165
118 170
118 185
118 271
118 347
118 354
118 360
118 363
118 459
119 176
119 203
119 210
119 217
119 218
119 241
119 246
119 254
119 255
119 261
119 267
119 270
119 278
119 282
119 307
119 324
119 346
119 350
119 352
119 405
119 436
119 477
120 171
120 219
120 265
120 283
120 297
120 343
120 352
120 401
120 407
120 444
120 463
120 499
121 144
121 150
121 198
121 199
121 221
121 222
121 301
121 318
121 343
121 350
121 351
121 356
121 360
121 389
121 412
121 420
121 452
121 456
121 461
121 489
122 130
122 133
122 183
122 285
122 360
122 365
122 378
122 385
122 397
122 414
122 427
122 478
122 481
123 141
123 143
123 160
123 163
123 167
123 189
123 224
123 236
123 241
123 244
123 259
123 261
123 288
123 299
123 311
123 318
123 320
123 322
123 338
123 340
123 363
123 365
123 374
123 409
123 431
123 433
123 447
123 455
123 473
124 126
124 153
124 207
124 209
124 212
124 227
124 231
124 248
124 263
124 268
124 302
124 318
124 321
124 325
124 364
124 409
124 440
124 462
125 126
125 129
125 135
125 150
125 171
125 192
125 239
125 283
125 319
125 356
125 359
125 384
125 387
125 393
125 400
125 408
125 415
125 468
125 476
125 489
126 147
126 149
126 152
126 157
126 181
126 257
126 269
126 284
126 286
126 288
126 291
126 336
126 347
126 374
126 380
126 392
126 395
126 411
126 419
126 437
126 442
126 458
126 473
126 497
127 136
127 137
127 139
127 179
127 186
127 197
127 198
127 202
127 213
127 278
127 436
127 446
127 447
127 452
127 495
128 129
128 139
128 199
128 211
128 219
128 266
128 267
128 309
128 354
128 374
128 381
128 425
128 432
128 445
128 447
128 466
128 472
128 488
129 142
129 148
129 208
129 274
129 285
129 292
129 307
129 309
129 315
129 316
129 319
129 387
129 412
129 464
129 493
130 164
130 179
130 209
130 223
130 233
130 246
130 290
130 298
130 332
130 347
130 349
130 352
130 368
130 378
130 381
130 401
130 412
130 415
130 431
130 456
130 471
130 497
131 146
131 222
131 233
131 267
131 280
131 282
131 328
131 347
131 363
131 365
131 369
131 399
131 405
131 436
131 461
131 474
131 476
131 483
131 497
132 170
132 228
132 234
132 241
132 243
132 247
132 250
132 259
132 269
132 279
132 280
132 282
132 287
132 315
132 337
132 344
132 351
132 360
132 362
132 373
132 382
132 387
132 397
132 409
132 472
133 137
133 148
133 169
133 170
133 183
133 238
133 294
133 317
133 331
133 430
133 439
133 450
133 454
133 458
133 496
134 137
134 161
134 177
134 180
134 183
134 210
134 229
134 236
134 302
134 304
134 318
134 356
134 362
134 413
134 447
134 456
134 460
134 490
135 155
135 176
135 208
135 209
135 220
135 225
135 226
135 227
135 231
135 243
135 261
135 266
135 281
135 322
135 324
135 334
135 367
135 379
135 389
135 410
135 453
135 457
135 459
135 467
135 475
135 495
136 137
136 161
136 184
136 204
136 219
136 238
136 242
136 279
136 294
136 307
136 309
136 325
136 341
136 342
136 391
136 418
136 440
136 453
136 463
136 474
137 146
137 175
137 181
137 250
137 261
137 269
137 280
137 313
137 314
137 343
137 351
137 353
137 366
137 379
137 390
137 393
137 477
138 149
138 172
138 176
138 177
138 210
138 231
138 240
138 303
138 305
138 311
138 346
138 348
138 351
138 376
138 421
138 435
138 445
138 465
138 468
139 253
139 302
139 326
139 368
139 375
139 400
139 411
139 430
139 457
139 468
139 470
140 162
140 171
140 172
140 183
140 195
140 229
140 230
140 244
140 246
140 284
140 289
140 310
140 387
140 405
140 417
140 444
140 445
140 452
140 487
141 156
141 174
141 188
141 191
141 204
141 210
141 245
141 285
141 302
141 307
141 347
141 360
141 377
141 424
141 453
141 464
141 494
142 207
142 262
142 279
142 339
142 341
142 365
142 411
142 416
142 418
142 420
142 422
142 464
142 486
143 153
143 181
143 212
143 223
143 259
143 287
143 302
143 315
143 360
143 391
143 434
143 467
143 474
143 481
143 483
144 189
144 206
144 208
144 217
144 240
144 258
144 261
144 272
144 287
144 290
144 292
144 317
144 321
144 409
144 410
144 477
144 492
145 201
145 207
145 211
145 234
145 291
145 292
145 307
145 372
145 378
145 382
145 393
145 419
145 426
145 473
145 495
146 152
146 169
146 171
146 203
146 224
146 228
146 240
146 263
146 274
146 323
146 347
146 379
146 425
146 472
146 473
146 476
147 162
147 240
147 305
147 335
147 340
147 392
147 407
147 443
147 479
148 153
148 160
148 195
148 201
148 205
148 212
148 269
148 283
148 310
148 313
148 329
148 381
148 390
148 391
148 407
148 413
148 414
148 444
148 490
149 153
149 158
149 188
149 194
149 207
149 251
149 276
149 294
149 310
149 316
149 354
149 373
149 396
149 448
149 482
149 485
149 486
149 487
149 493
150 164
150 174
150 228
150 276
150 384
150 386
150 408
150 435
150 495
151 152
151 199
151 202
151 215
151 258
151 267
151 281
151 304
151 310
151 327
151 331
151 366
151 381
151 399
151 435
151 440
151 452
151 463
151 464
151 479
151 493
152 153
152 164
152 177
152 180
152 181
152 186
152 192
152 216
152 267
152 274
152 338
152 363
152 368
152 388
152 400
152 403
152 405
152 406
152 411
152 422
152 437
152 441
152 444
152 453
152 456
152 472
153 235
153 264
153 287
153 311
153 370
153 426
153 431
153 439
153 447
153 477
153 490
153 493
154 192
154 206
154 210
154 229
154 252
154 274
154 287
154 317
154 330
154 331
154 340
154 343
154 377
154 392
154 405
154 409
154 414
154 416
154 447
154 451
154 466
154 485
154 488
154 490
155 160
155 249
155 252
155 277
155 287
155 359
155 367
155 370
155 396
155 439
155 450
155 463
155 473
155 499
156 158
156 178
156 188
156 198
156 292
156 357
156 375
156 390
156 410
156 415
156 457
156 459
156 465
156 481
156 484
156 498
157 171
157 173
157 221
157 222
157 258
157 259
157 265
157 269
157 274
157 286
157 292
157 298
157 377
157 392
157 393
157 423
157 426
157 431
157 435
157 442
157 476
157 489
157 499
158 172
158 187
158 194
158 322
158 330
158 332
158 368
158 382
158 398
158 409
158 438
158 449
158 452
158 467
158 472
158 474
158 496
159 228
159 249
159 304
159 315
159 323
159 327
159 343
159 348
159 385
159 409
159 411
159 437
159 438
159 441
159 464
159 473
159 475
160 163
160 164
160 177
160 204
160 221
160 222
160 231
160 273
160 289
160 321
160 371
160 384
160 402
160 412
160 434
160 466
160 480
160 484
161 253
161 264
161 314
161 327
161 354
161 360
161 377
161 386
161 399
161 406
161 419
161 428
161 437
161 444
161 452
162 179
162 181
162 184
162 201
162 231
162 241
162 251
162 257
162 263
162 265
162 266
162 273
162 283
162 326
162 348
162 366
162 368
162 398
162 409
162 420
162 434
162 440
162 472
162 486
162 494
162 497
163 191
163 214
163 228
163 231
163 236
163 305
163 323
163 324
163 325
163 330
163 347
163 358
163 408
163 421
163 434
163 436
163 439
163 447
163 463
163 471
163 497
164 171
164 187
164 189
164 197
164 212
164 233
164 260
164 295
164 311
164 313
164 386
164 412
164 488
165 179
165 190
165 248
165 252
165 275
165 288
165 304
165 352
165 374
165 376
165 419
165 452
165 491
166 171
166 184
166 188
166 229
166 232
166 240
166 249
166 269
166 276
166 278
166 286
166 292
166 297
166 299
166 304
166 317
166 318
166 320
166 325
166 326
166 327
166 371
166 383
166 401
166 417
166 420
166 461
166 491
167 216
167 285
167 312
167 317
167 319
167 329
167 339
167 370
167 375
167 378
167 391
167 398
167 412
167 423
167 463
168 176
168 220
168 235
168 296
168 321
168 394
168 408
168 424
168 462
168 475
168 491
168 495
169 183
169 201
169 319
169 320
169 355
169 359
169 389
169 425
169 444
169 468
170 180
170 236
170 259
170 272
170 307
170 346
170 361
170 428
170 483
170 494
171 184
171 223
171 263
171 265
171 293
171 322
171 357
171 361
171 400
171 402
171 411
171 415
171 423
171 447
171 460
171 480
172 173
172 195
172 231
172 275
172 278
172 294
172 302
172 325
172 326
172 329
172 343
172 358
172 362
172 376
172 400
172 412
172 425
172 470
172 497
173 174
173 180
173 186
173 209
173 213
173 238
173 251
173 258
173 275
173 294
173 353
173 369
173 380
173 418
173 429
173 443
173 457
173 472
173 474
173 496
173 497
174 187
174 280
174 290
174 316
174 331
174 367
174 379
174 406
174 410
174 428
174 464
174 487
175 198
175 207
175 210
175 242
175 244
175 267
175 292
175 296
175 312
175 313
175 332
175 337
175 366
175 425
175 446
175 456
175 472
176 202
176 235
176 253
176 259
176 261
176 266
176 271
176 314
176 335
176 337
176 349
176 364
176 385
176 435
176 447
176 465
177 180
177 185
177 188
177 203
177 225
177 226
177 243
177 251
177 256
177 274
177 304
177 341
177 342
177 353
177 371
177 467
177 470
177 494
178 182
178 184
178 214
178 219
178 230
178 248
178 267
178 271
178 284
178 294
178 300
178 305
178 314
178 356
178 400
178 407
178 409
178 420
178 425
178 446
179 192
179 228
179 250
179 259
179 278
179 290
179 293
179 344
179 347
179 362
179 379
179 433
179 478
179 491
179 492
180 218
180 221
180 226
180 241
180 248
180 290
180 369
180 399
180 404
180 439
180 474
180 477
181 186
181 187
181 204
181 224
181 248
181 256
181 262
181 281
181 299
181 305
181 312
181 335
181 352
181 353
181 355
181 402
181 413
181 440
181 463
181 471
181 479
181 481
181 485
181 498
182 209
182 233
182 236
182 243
182 245
182 246
182 281
182 284
182 308
182 366
182 378
182 381
182 382
182 403
182 438
182 467
182 488
182 491
183 187
183 219
183 247
183 253
183 357
183 359
183 362
183 368
183 378
183 396
183 422
183 425
183 436
183 446
183 449
183 450
183 460
183 485
183 494
184 205
184 211
184 229
184 238
184 245
184 251
184 265
184 280
184 308
184 332
184 353
184 401
184 411
184 415
184 420
184 428
184 437
184 442
184 457
185 202
185 227
185 259
185 275
185 287
185 313
185 319
185 328
185 341
185 364
185 386
185 403
185 409
185 415
185 423
185 427
185 462
186 208
186 223
186 235
186 241
186 256
186 273
186 279
186 289
186 301
186 325
186 335
186 339
186 357
186 370
186 373
186 404
186 411
186 412
186 423
186 448
186 468
186 471
186 474
187 206
187 233
187 252
187 262
187 264
187 267
187 269
187 274
187 292
187 301
187 312
187 331
187 344
187 401
187 423
187 430
187 443
187 445
187 482
187 486
188 189
188 233
188 245
188 247
188 265
188 267
188 304
188 314
188 367
188 402
188 415
188 421
188 432
188 443
188 453
188 476
189 212
189 295
189 318
189 324
189 341
189 367
189 382
189 394
189 415
189 432
189 448
189 464
189 467
189 471
190 202
190 216
190 220
190 292
190 324
190 328
190 342
190 354
190 374
190 401
190 433
190 453
190 455
190 468
190 492
191 199
191 200
191 223
191 254
191 264
191 272
191 274
191 286
191 299
191 307
191 345
191 377
191 392
191 401
191 402
191 474
191 480
191 493
192 214
192 218
192 249
192 251
192 260
192 276
192 281
192 302
192 311
192 337
192 352
192 365
192 374
192 375
192 381
192 436
192 456
192 489
193 208
193 212
193 219
193 222
193 280
193 281
193 301
193 332
193 336
193 397
193 479
193 490
194 250
194 286
194 296
194 344
194 410
194 415
194 422
194 433
194 444
194 447
194 486
195 242
195 247
195 254
195 256
195 294
195 315
195 316
195 321
195 323
195 338
195 374
195 397
195 400
195 410
195 416
195 458
195 484
195 497
196 223
196 268
196 316
196 325
196 327
196 346
196 357
196 404
196 415
196 437
196 441
196 444
197 229
197 231
197 235
197 247
197 280
197 292
197 298
197 340
197 344
197 379
197 380
197 395
197 408
197 413
197 417
197 443
197 444
197 460
197 486
198 259
198 267
198 273
198 296
198 319
198 329
198 362
198 385
198 388
198 392
198 393
198 426
198 452
198 461
198 478
198 499
199 201
199 244
199 278
199 285
199 346
199 349
199 350
199 360
199 385
199 392
199 404
200 219
200 222
200 241
200 258
200 271
200 276
200 308
200 315
200 318
200 347
200 352
200 362
200 373
200 382
200 388
200 401
200 416
200 426
200 455
201 207
201 265
201 280
201 281
201 295
201 310
201 323
201 327
201 330
201 351
201 377
201 398
201 417
201 471
202 203
202 222
202 238
202 239
202 253
202 320
202 327
202 334
202 346
202 348
202 374
202 381
202 388
202 389
202 390
202 457
203 236
203 268
203 277
203 314
203 356
203 373
203 374
203 401
203 460
203 473
204 226
204 232
204 234
204 241
204 243
204 246
204 251
204 275
204 310
204 317
204 357
204 374
204 377
204 383
204 386
204 396
204 456
204 462
204 468
204 481
204 488
205 206
205 220
205 247
205 253
205 289
205 304
205 326
205 338
205 344
205 353
205 356
205 363
205 374
205 382
205 394
205 420
205 481
205 495
206 247
206 257
206 320
206 338
206 364
206 402
206 415
206 426
206 427
206 435
206 460
206 464
206 465
206 468
206 474
206 483
206 497
207 234
207 243
207 245
207 248
207 260
207 273
207 342
207 355
207 380
207 396
207 403
207 444
207 456
207 476
208 217
208 443
208 453
208 456
209 227
209 228
209 248
209 253
209 282
209 347
209 376
209 412
209 452
209 475
209 486
210 226
210 232
210 271
210 277
210 306
210 315
210 339
210 360
210 397
210 421
210 455
210 457
211 224
211 262
211 276
211 280
211 310
211 312
211 337
211 341
211 362
211 422
211 436
211 475
211 477
212 244
212 266
212 292
212 300
212 328
212 352
212 361
212 391
212 396
212 407
212 442
212 461
212 466
213 269
213 291
213 315
213 335
213 371
213 393
213 416
213 426
213 428
213 452
213 455
213 475
213 486
214 216
214 217
214 236
214 257
214 292
214 330
214 333
214 361
214 373
214 384
214 430
214 449
214 468
214 491
214 493
215 242
215 255
215 258
215 303
215 333
215 338
215 427
215 447
215 462
215 471
215 495
216 228
216 273
216 293
216 296
216 303
216 323
216 358
216 361
216 402
216 431
216 435
216 439
216 480
216 489
216 494
217 245
217 248
217 302
217 347
217 382
217 386
217 394
217 400
217 413
217 433
217 441
217 449
217 454
217 489
218 223
218 228
218 230
218 235
218 278
218 288
218 290
218 302
218 311
218 384
218 395
218 399
218 404
218 430
218 432
218 473
218 488
218 496
219 237
219 243
219 245
219 255
219 271
219 277
219 278
219 318
219 355
219 363
219 478
219 482
220 243
220 309
220 317
220 323
220 327
220 328
220 372
220 386
220 405
220 433
220 435
221 234
221 273
221 314
221 320
221 322
221 372
221 385
221 402
221 416
221 422
222 232
222 240
222 243
222 270
222 285
222 306
222 392
222 409
222 423
223 224
223 261
223 266
223 285
223 295
223 322
223 331
223 358
223 360
223 362
223 370
223 412
223 427
223 456
223 473
224 250
224 258
224 274
224 286
224 289
224 291
224 317
224 344
224 345
224 351
224 367
224 372
224 396
224 466
224 476
224 496
225 231
225 234
225 238
225 239
225 240
225 249
225 256
225 310
225 324
225 347
225 363
225 376
225 386
225 423
225 434
225 444
225 448
225 459
226 271
226 280
226 298
226 307
226 312
226 315
226 333
226 377
226 390
226 393
226 394
226 467
226 469
226 472
227 236
227 239
227 282
227 289
227 329
227 332
227 338
227 348
227 349
227 352
227 382
227 398
227 434
227 438
227 443
227 448
227 469
227 478
228 237
228 277
228 320
228 339
228 361
228 394
228 400
228 409
228 414
228 425
228 458
229 231
229 284
229 297
229 314
229 315
229 334
229 351
229 371
229 387
229 411
229 483
230 270
230 281
230 289
230 316
230 348
230 418
230 451
230 462
230 491
231 267
231 288
231 340
231 389
231 392
231 396
231 474
232 256
232 278
232 309
232 376
232 379
232 412
232 460
232 497
233 257
233 335
233 368
233 370
233 387
233 404
233 429
233 437
233 469
233 486
233 498
234 247
234 282
234 307
234 309
234 311
234 334
234 337
234 378
234 425
234 429
234 430
234 431
234 434
234 466
234 467
234 472
234 482
234 492
235 241
235 248
235 263
235 289
235 296
235 298
235 308
235 320
235 334
235 369
235 381
235 395
235 397
235 415
235 420
235 441
235 456
235 463
235 491
236 242
236 264
236 289
236 403
236 412
236 430
236 480
236 483
236 489
237 292
237 323
237 333
237 347
237 353
237 368
237 370
237 374
237 384
237 395
237 399
237 402
237 419
237 442
237 469
238 272
238 315
238 318
238 393
238 398
238 473
238 499
239 268
239 271
239 309
239 322
239 340
239 355
239 373
239 389
239 433
239 441
239 448
239 493
240 241
240 257
240 260
240 276
240 280
240 295
240 313
240 330
240 335
240 397
240 404
240 436
240 456
240 476
240 479
241 253
241 255
241 279
241 285
241 316
241 370
241 386
241 387
241 416
241 417
241 446
241 469
241 478
242 257
242 300
242 307
242 334
242 357
242 361
242 366
242 369
242 371
242 375
242 410
242 427
242 436
242 447
242 450
243 261
243 269
243 312
243 319
243 356
243 402
243 415
243 478
243 498
244 261
244 277
244 285
244 306
244 368
244 377
244 422
244 460
245 252
245 306
245 307
245 331
245 349
245 351
245 368
245 388
245 417
245 421
245 425
245 436
245 448
245 452
245 456
245 475
245 487
245 497
246 260
246 269
246 301
246 323
246 336
246 342
246 362
246 370
246 384
246 386
246 390
246 392
246 394
246 401
246 405
246 409
246 430
246 436
246 440
246 443
246 470
246 476
246 496
247 281
247 291
247 329
247 362
247 372
247 390
247 395
247 415
247 417
247 429
247 444
247 464
247 498
248 256
248 291
248 310
248 317
248 333
248 348
248 358
248 376
248 392
248 417
248 451
248 456
248 483
248 485
249 251
249 253
249 255
249 296
249 329
249 348
249 355
249 378
249 388
249 410
249 477
249 480
249 488
249 497
250 254
250 276
250 304
250 310
250 330
250 377
250 437
250 455
250 480
250 499
251 266
251 271
251 293
251 307
251 351
251 354
251 364
251 370
251 416
251 434
251 450
251 456
251 457
251 467
252 289
252 293
252 310
252 331
252 334
252 339
252 351
252 368
252 371
252 388
252 407
252 429
252 432
252 478
252 482
253 267
253 276
253 287
253 328
253 348
253 387
253 405
253 417
253 446
253 460
253 462
253 478
254 268
254 288
254 304
254 333
254 338
254 363
254 397
254 443
254 464
255 279
255 317
255 332
255 333
255 340
255 375
255 408
255 439
255 451
255 475
255 482
255 483
255 494
256 259
256 260
256 267
256 295
256 297
256 306
256 402
256 446
256 447
256 463
256 469
256 493
257 266
257 325
257 326
257 329
257 340
257 346
257 354
257 369
257 380
257 389
257 406
257 408
257 424
257 458
258 259
258 286
258 292
258 321
258 353
258 363
258 388
258 394
258 449
258 459
258 479
258 491
258 496
259 328
259 351
259 373
259 376
259 392
259 457
259 470
259 493
260 307
260 327
260 336
260 359
260 367
260 372
260 377
260 402
260 433
260 493
261 311
261 323
261 328
261 338
261 344
261 347
261 363
261 369
261 399
261 455
261 478
262 281
262 314
262 319
262 324
262 337
262 340
262 362
262 369
262 371
262 389
262 408
262 412
262 426
262 445
262 495
263 268
263 270
263 292
263 300
263 308
263 366
263 425
263 442
263 454
263 481
264 270
264 283
264 296
264 299
264 306
264 331
264 338
264 350
264 354
264 419
264 421
264 424
264 430
264 447
264 455
265 269
265 274
265 278
265 292
265 308
265 309
265 314
265 362
265 368
265 376
265 378
265 383
265 393
265 395
265 396
265 422
265 432
265 433
265 441
265 462
265 480
265 481
265 486
266 268
266 274
266 280
266 291
266 296
266 302
266 309
266 313
266 327
266 389
266 418
266 462
266 467
266 485
267 273
267 283
267 292
267 327
267 359
267 367
267 452
267 482
268 279
268 283
268 324
268 337
268 364
268 426
268 451
268 474
268 489
269 312
269 351
269 354
269 363
269 369
269 403
269 407
269 423
269 453
269 454
269 457
269 458
269 466
270 276
270 278
270 326
270 386
270 398
270 413
270 422
270 423
270 478
270 494
271 292
271 307
271 308
271 328
271 334
271 349
271 404
271 408
271 410
271 416
271 429
271 437
271 471
271 479
272 309
272 318
272 326
272 329
272 342
272 344
272 346
272 350
272 355
272 357
272 362
272 396
272 427
272 452
272 470
273 278
273 296
273 301
273 356
273 377
273 399
273 407
273 455
273 456
273 482
274 296
274 313
274 330
274 336
274 391
274 404
274 418
274 433
274 437
274 444
274 479
274 483
275 392
275 417
275 430
275 437
275 449
275 455
275 470
275 473
275 476
275 477
275 478
275 479
276 300
276 317
276 328
276 371
276 376
276 403
276 416
276 449
276 455
276 472
277 290
277 314
277 352
277 419
277 448
277 468
277 472
277 497
278 300
278 345
278 379
278 441
278 447
278 498
279 286
279 319
279 331
279 348
279 395
279 415
279 423
279 430
279 454
279 475
280 284
280 309
280 315
280 316
280 320
280 345
280 475
280 479
281 289
281 315
281 324
281 376
281 394
281 421
281 422
281 435
281 438
281 448
281 450
282 297
282 305
282 334
282 381
282 453
282 470
282 488
283 304
283 310
283 341
283 362
283 372
283 390
283 437
283 493
284 322
284 325
284 327
284 337
284 345
284 348
284 410
284 420
284 427
284 439
284 446
284 457
284 490
285 297
285 310
285 375
285 393
285 398
285 399
285 433
285 445
285 463
285 492
286 290
286 305
286 377
286 389
286 390
286 391
286 429
286 462
286 475
286 477
286 482
286 491
286 496
287 289
287 294
287 300
287 330
287 336
287 349
287 388
287 397
287 415
287 419
287 454
287 464
287 479
287 497
288 292
288 328
288 353
288 401
288 428
288 441
288 459
288 464
288 467
288 479
289 290
289 303
289 304
289 335
289 394
289 395
289 464
290 305
290 338
290 339
290 346
290 356
290 362
290 368
290 374
290 396
290 412
290 433
290 463
291 308
291 365
291 385
291 390
291 402
291 417
291 434
291 445
292 296
292 319
292 332
292 376
292 389
292 407
292 411
292 443
293 317
293 331
293 410
293 416
293 420
294 306
294 326
294 334
294 344
294 379
294 395
294 397
294 411
294 421
294 435
294 488
295 332
295 347
295 354
295 368
295 419
295 424
295 432
295 478
296 323
296 353
296 354
296 367
296 370
296 383
296 405
296 409
296 444
296 485
296 491
297 332
297 343
297 356
297 369
297 415
297 435
297 441
297 446
297 497
298 311
298 312
298 314
298 325
298 332
298 355
298 364
298 384
298 389
298 397
298 411
298 437
298 477
298 493
298 496
299 335
299 342
299 408
299 437
299 450
299 478
300 407
300 415
300 459
300 473
301 336
301 345
301 349
301 395
301 417
301 420
301 447
301 470
301 475
301 491
302 309
302 337
302 338
302 342
302 359
302 370
302 386
302 396
302 400
302 403
302 407
302 415
302 426
302 443
302 495
303 304
303 368
303 370
303 423
303 454
303 472
303 486
304 331
304 368
304 396
304 409
304 428
304 429
304 432
304 434
304 451
304 466
305 307
305 312
305 319
305 359
305 387
305 406
306 342
306 359
306 362
306 376
306 385
306 398
306 433
306 459
306 463
306 482
307 399
307 410
307 413
307 414
307 425
307 432
307 436
307 445
308 322
308 334
308 336
308 343
308 370
308 374
308 378
308 385
308 428
308 432
308 435
308 467
308 483
308 484
309 332
309 340
309 343
309 370
309 386
309 387
309 414
309 431
309 471
309 479
309 482
309 487
309 497
310 314
310 318
310 334
310 339
310 354
310 371
310 384
310 394
310 428
310 430
310 436
310 447
310 461
310 463
310 492
311 323
311 337
311 348
311 352
311 393
311 456
311 462
311 474
311 479
311 486
311 489
311 497
312 337
312 364
312 376
312 388
312 397
312 408
312 450
313 315
313 316
313 348
313 385
313 396
313 399
313 406
313 407
313 428
313 436
313 441
313 457
313 498
314 320
314 322
314 349
314 373
314 377
314 400
314 406
314 451
314 452
314 455
314 472
314 475
314 478
315 326
315 343
315 372
315 373
315 382
315 403
315 437
315 438
315 455
316 320
316 348
316 358
316 418
316 446
316 477
317 324
317 331
317 334
317 357
317 364
317 368
317 407
317 442
317 472
317 477
317 489
318 348
318 367
318 426
318 436
318 437
318 443
318 454
318 466
318 472
318 484
319 379
319 393
319 398
319 413
319 424
319 434
319 496
320 373
320 394
320 402
320 419
320 420
320 422
320 473
320 485
320 499
321 323
321 417
321 459
321 485
322 390
322 393
322 405
322 415
322 441
322 460
323 333
323 356
323 382
323 395
323 437
323 442
323 460
323 499
324 350
324 352
324 368
324 400
324 415
324 435
324 443
324 474
324 496
325 361
325 372
325 447
325 489
326 390
326 474
326 487
326 491
327 375
327 434
327 455
328 336
328 379
328 380
328 381
328 382
328 400
328 401
328 419
328 424
328 430
328 457
328 468
328 481
328 493
328 499
329 335
329 407
329 410
329 443
330 358
330 374
330 378
330 380
330 382
330 406
330 419
330 423
330 434
330 437
330 478
331 335
331 369
331 395
331 407
331 423
331 441
331 449
331 465
331 493
331 494
332 338
332 350
332 355
332 362
332 388
332 402
332 423
332 436
332 439
332 472
332 485
333 337
333 385
333 392
333 397
333 400
333 444
333 470
333 479
333 490
333 497
334 364
334 368
334 373
334 420
334 431
334 485
335 399
335 417
335 422
335 435
335 437
335 470
336 354
336 358
336 361
336 372
336 373
336 374
336 375
336 381
336 415
336 420
336 442
336 455
336 476
336 483
336 497
337 340
337 366
337 368
337 369
337 379
337 386
337 399
337 423
337 437
337 448
337 464
337 477
337 496
337 498
338 340
338 369
338 387
338 431
338 434
338 450
338 451
338 459
339 340
339 371
339 443
339 451
339 497
340 343
340 361
340 416
340 429
340 462
340 465
340 470
340 499
341 396
341 401
341 409
341 411
341 443
341 455
341 499
342 347
342 355
342 372
342 409
342 426
342 436
342 475
342 486
342 489
343 347
343 385
343 391
343 434
343 494
344 346
344 379
344 380
344 408
344 431
344 440
344 445
344 450
344 455
344 497
345 364
345 413
345 442
345 458
345 462
345 474
345 475
345 495
346 375
346 415
346 418
346 433
346 478
347 369
347 381
347 397
347 419
347 434
347 441
347 444
347 447
347 477
347 497
348 362
348 421
348 457
348 492
349 367
349 394
349 396
349 433
349 444
349 496
350 364
350 381
350 385
350 388
350 392
350 436
350 476
350 481
351 359
351 378
351 401
351 425
351 433
351 492
351 493
352 397
352 398
352 400
352 440
352 455
352 488
353 377
353 391
353 393
353 442
353 469
354 360
354 370
354 378
354 416
355 381
355 405
355 426
355 445
355 481
355 486
355 494
355 498
356 366
356 373
356 380
356 403
356 422
356 433
356 440
356 448
356 464
356 469
356 481
357 382
357 390
357 395
357 437
357 498
358 392
358 404
358 407
358 409
358 428
358 434
358 444
358 452
358 460
358 471
358 475
358 491
359 392
359 442
359 466
360 367
360 388
360 394
360 403
360 418
360 427
360 432
360 436
360 480
360 484
360 489
360 496
361 443
361 475
361 488
362 422
362 432
362 482
362 487
362 488
362 497
363 372
363 380
363 405
363 407
363 432
363 448
363 464
364 377
364 382
364 392
364 393
364 445
365 379
365 387
365 401
365 431
365 482
365 498
366 384
366 389
366 396
366 405
366 420
366 439
366 461
366 498
367 399
367 403
367 407
367 430
367 434
367 435
367 469
367 481
367 487
367 489
368 443
368 446
368 453
368 480
368 483
369 388
369 420
369 431
369 436
369 467
370 387
370 394
370 396
370 418
370 422
370 444
370 446
370 462
371 456
371 463
371 474
371 475
371 483
371 493
372 386
372 392
372 400
372 413
372 430
372 432
372 450
372 459
372 461
372 464
372 472
373 408
373 423
373 441
373 447
373 466
373 476
373 481
373 484
373 497
374 431
374 438
374 441
374 446
374 455
375 378
375 407
375 436
375 448
375 454
376 382
376 390
376 405
376 422
376 424
376 427
376 465
376 476
377 401
377 436
377 441
377 479
377 487
377 492
378 405
378 413
378 427
378 476
378 478
378 484
378 497
379 408
379 420
379 421
379 427
379 437
379 468
380 382
380 400
380 418
380 432
380 470
380 482
381 392
381 400
381 419
381 465
381 467
381 496
382 390
382 396
382 454
382 489
383 385
383 416
383 417
383 446
383 447
383 448
383 454
383 492
383 495
384 394
384 406
384 409
384 415
384 457
384 459
384 472
384 480
385 416
385 418
385 426
385 474
386 390
386 393
386 406
386 408
386 435
386 436
386 468
386 481
386 489
387 394
387 416
387 458
387 460
388 395
388 456
389 391
389 393
389 395
389 483
389 493
390 404
390 419
390 443
390 495
390 497
391 442
391 446
391 476
391 487
391 492
392 476
392 485
392 490
393 403
393 413
393 442
393 449
393 463
393 497
394 397
394 409
394 450
394 454
394 479
394 489
394 498
395 410
395 436
395 441
395 457
395 496
395 497
396 406
396 409
396 410
397 444
397 454
397 456
397 459
397 461
397 473
397 477
397 482
397 491
398 427
398 452
398 475
398 497
399 402
399 474
399 480
400 401
400 412
400 423
400 449
400 459
400 463
400 494
401 427
401 435
401 450
401 451
402 419
403 426
403 455
403 499
404 480
405 466
405 491
406 411
406 425
406 439
407 412
407 419
407 456
407 457
407 475
408 409
408 413
409 412
409 421
409 434
409 447
409 465
409 468
409 484
410 420
410 454
410 471
410 486
410 490
411 480
411 496
412 418
412 463
412 499
413 432
413 435
413 459
413 466
414 461
414 467
414 487
414 492
415 439
415 440
416 418
416 425
416 430
416 445
416 449
417 423
417 451
418 436
418 453
418 493
419 475
419 485
419 495
420 465
420 473
420 488
421 428
421 449
422 435
422 458
422 462
422 476
422 483
422 488
423 429
423 463
424 430
424 464
424 494
424 496
425 442
425 456
425 474
426 443
426 447
426 455
426 477
426 485
427 428
427 457
427 469
427 485
428 480
428 497
429 486
430 465
430 481
431 436
431 453
431 463
431 483
431 486
432 433
432 459
432 483
433 441
433 450
433 465
433 483
434 498
435 480
436 438
436 475
436 486
437 457
437 462
437 472
437 486
438 445
438 483
438 485
439 481
439 491
440 462
440 474
440 479
440 492
441 446
441 449
441 453
441 478
441 488
441 493
442 459
442 490
443 450
443 491
444 497
444 499
445 453
445 455
445 462
445 480
446 461
446 482
446 488
447 468
447 482
448 466
448 467
448 494
448 496
449 456
449 459
449 462
449 464
449 479
450 455
450 471
450 475
450 477
451 477
451 482
452 459
453 454
453 480
455 477
456 473
456 489
457 464
457 477
457 486
458 474
458 489
460 490
461 463
461 465
461 476
462 466
462 483
462 484
462 487
463 479
464 468
464 469
464 470
464 480
465 484
467 470
467 472
467 485
468 475
468 495
470 484
471 485
472 474
472 478
472 483
472 486
473 477
473 484
473 493
473 494
475 478
475 485
476 499
477 490
478 494
479 481
479 489
480 481
480 487
481 485
482 496
483 490
483 495
487 494
487 497
490 497
491 495
492 494
494 498
494 499
495 496
