400 4804 0.8
0 8
0 15
0 25
0 43
0 79
0 138
0 161
0 170
0 210
0 215
0 228
0 229
0 231
0 234
0 237
0 241
0 245
0 248
0 260
0 281
0 293
0 297
0 307
0 329
0 334
0 341
0 342
0 344
0 345
0 347
0 352
0 360
0 364
0 397
1 7
1 8
1 19
1 58
1 59
1 66
1 76
1 94
1 125
1 165
1 186
1 209
1 219
1 221
1 234
1 256
1 265
1 266
1 275
1 304
1 312
1 321
1 336
1 348
1 368
1 388
2 24
2 39
2 60
2 77
2 91
2 114
2 167
2 175
2 177
2 181
2 204
2 238
2 245
2 304
2 305
2 309
2 331
2 339
2 356
2 379
2 382
2 389
2 391
3 21
3 23
3 44
3 52
3 61
3 100
3 169
3 206
3 215
3 217
3 274
3 281
3 332
3 334
3 335
3 341
3 346
3 350
3 368
4 15
4 18
4 21
4 32
4 75
4 82
4 84
4 97
4 105
4 119
4 126
4 128
4 142
4 154
4 171
4 206
4 212
4 213
4 239
4 255
4 256
4 336
4 337
4 341
4 352
4 372
4 374
4 381
5 7
5 9
5 12
5 13
5 16
5 23
5 27
5 36
5 69
5 82
5 89
5 113
5 163
5 200
5 211
5 236
5 250
5 261
5 293
5 312
5 315
5 325
5 387
5 389
5 397
6 13
6 23
6 24
6 34
6 45
6 47
6 56
6 73
6 91
6 127
6 133
6 152
6 153
6 204
6 216
6 250
6 260
6 281
6 286
6 311
6 312
6 348
6 375
6 377
6 378
6 381
7 47
7 99
7 113
7 114
7 161
7 178
7 193
7 215
7 243
7 292
7 320
7 347
7 349
7 380
7 388
8 22
8 25
8 59
8 109
8 117
8 120
8 137
8 147
8 180
8 181
8 207
8 216
8 248
8 256
8 274
8 275
8 290
8 297
8 308
8 310
8 326
8 332
8 356
8 357
8 363
8 372
8 380
8 394
9 11
9 23
9 50
9 110
9 127
9 141
9 142
9 201
9 217
9 225
9 253
9 265
9 274
9 276
9 304
9 325
9 374
9 388
9 396
10 12
10 25
10 53
10 63
10 92
10 93
10 96
10 103
10 115
10 157
10 158
10 193
10 278
10 282
10 285
10 291
10 299
10 328
10 333
10 345
10 353
10 355
10 363
10 364
10 372
10 383
11 36
11 39
11 94
11 96
11 107
11 108
11 115
11 160
11 165
11 189
11 214
11 225
11 229
11 237
11 242
11 258
11 285
11 302
11 316
11 336
11 346
11 365
11 380
11 387
11 389
12 69
12 72
12 102
12 108
12 111
12 147
12 155
12 159
12 163
12 179
12 196
12 239
12 248
12 249
12 254
12 271
12 292
12 317
12 328
12 343
12 344
12 354
12 379
13 38
13 81
13 92
13 96
13 100
13 109
13 110
13 114
13 127
13 139
13 141
13 146
13 193
13 223
13 232
13 250
13 260
13 301
13 319
13 355
13 383
14 28
14 96
14 114
14 118
14 124
14 146
14 168
14 177
14 205
14 227
14 244
14 245
14 277
14 325
14 330
14 345
14 395
15 20
15 36
15 47
15 49
15 58
15 76
15 101
15 105
15 120
15 123
15 126
15 135
15 146
15 170
15 173
15 183
15 190
15 214
15 231
15 247
15 253
15 258
15 282
15 296
15 307
15 322
15 337
15 341
15 344
15 350
15 352
15 354
15 362
15 369
15 379
15 395
16 20
16 29
16 45
16 59
16 62
16 77
16 129
16 163
16 197
16 198
16 221
16 225
16 232
16 242
16 245
16 261
16 291
16 330
16 335
16 354
16 375
16 378
17 18
17 82
17 88
17 91
17 92
17 94
17 96
17 126
17 148
17 161
17 172
17 195
17 205
17 212
17 238
17 248
17 262
17 270
17 299
17 310
17 311
17 367
17 368
17 371
17 386
17 394
18 40
18 53
18 56
18 57
18 77
18 121
18 122
18 131
18 132
18 138
18 144
18 153
18 165
18 190
18 194
18 196
18 209
18 269
18 302
18 305
18 310
18 315
18 323
18 337
18 341
18 349
18 355
18 362
19 41
19 46
19 65
19 90
19 91
19 102
19 106
19 162
19 198
19 211
19 265
19 281
19 285
19 314
19 316
19 352
19 364
19 369
19 376
19 378
19 382
19 392
19 395
20 25
20 27
20 28
20 45
20 63
20 83
20 84
20 86
20 88
20 120
20 121
20 137
20 143
20 149
20 151
20 165
20 178
20 179
20 186
20 210
20 211
20 227
20 247
20 266
20 295
20 318
20 319
20 323
20 332
20 342
20 347
20 350
20 365
21 38
21 96
21 97
21 117
21 132
21 152
21 182
21 210
21 259
21 261
21 289
21 317
21 329
21 358
21 389
21 396
22 23
22 38
22 42
22 67
22 72
22 108
22 125
22 133
22 169
22 171
22 222
22 264
22 277
22 281
22 282
22 283
22 301
22 306
22 360
22 396
23 32
23 64
23 84
23 91
23 101
23 127
23 182
23 207
23 215
23 222
23 237
23 261
23 268
23 307
23 314
23 329
23 332
23 361
23 366
23 384
23 397
24 61
24 65
24 112
24 127
24 128
24 141
24 148
24 153
24 154
24 156
24 188
24 196
24 202
24 222
24 260
24 275
24 286
24 293
24 311
24 315
24 350
24 358
24 379
24 390
24 391
24 396
24 398
25 38
25 43
25 61
25 64
25 69
25 90
25 105
25 113
25 121
25 153
25 167
25 170
25 173
25 192
25 193
25 200
25 203
25 240
25 264
25 278
25 289
25 296
25 398
26 41
26 72
26 98
26 113
26 117
26 173
26 174
26 184
26 197
26 232
26 244
26 252
26 302
26 307
26 328
26 330
26 335
26 341
26 343
26 371
26 379
26 384
26 396
27 45
27 47
27 76
27 95
27 131
27 138
27 144
27 147
27 149
27 155
27 158
27 176
27 219
27 224
27 276
27 296
27 311
27 332
27 350
27 361
27 375
27 378
27 383
27 392
28 39
28 48
28 55
28 84
28 145
28 171
28 173
28 195
28 240
28 248
28 269
28 280
28 290
28 291
28 296
28 393
29 52
29 55
29 61
29 68
29 70
29 92
29 137
29 159
29 173
29 193
29 214
29 217
29 227
29 244
29 253
29 259
29 278
29 318
29 335
29 339
29 386
30 77
30 80
30 134
30 135
30 145
30 152
30 157
30 193
30 211
30 229
30 266
31 34
31 40
31 66
31 75
31 148
31 167
31 189
31 194
31 203
31 211
31 224
31 225
31 226
31 234
31 249
31 251
31 259
31 270
31 325
31 351
31 361
31 378
31 398
32 40
32 66
32 80
32 100
32 102
32 130
32 153
32 160
32 167
32 188
32 190
32 217
32 248
32 250
32 255
32 258
32 276
32 288
32 300
32 301
32 306
32 327
32 351
32 354
32 378
32 398
33 37
33 52
33 61
33 76
33 85
33 99
33 106
33 151
33 160
33 184
33 223
33 244
33 267
33 272
33 293
33 296
33 310
33 323
33 358
33 363
33 367
33 375
34 46
34 57
34 59
34 69
34 87
34 104
34 154
34 157
34 164
34 198
34 259
34 308
34 335
34 343
34 367
34 376
34 396
35 41
35 62
35 87
35 142
35 156
35 166
35 214
35 225
35 262
35 316
35 351
35 352
35 361
35 372
35 381
35 396
36 39
36 51
36 59
36 63
36 67
36 69
36 83
36 88
36 104
36 128
36 133
36 167
36 178
36 184
36 193
36 206
36 208
36 209
36 220
36 230
36 285
36 295
36 300
36 301
36 306
36 307
36 314
36 329
36 339
36 342
36 366
36 368
36 374
36 382
37 65
37 72
37 122
37 148
37 150
37 169
37 184
37 185
37 198
37 229
37 237
37 241
37 244
37 273
37 275
37 286
37 287
37 296
37 298
37 308
37 325
37 385
37 399
38 45
38 55
38 87
38 99
38 106
38 107
38 131
38 143
38 145
38 182
38 218
38 226
38 249
38 269
38 280
38 288
38 341
38 360
39 48
39 50
39 57
39 80
39 85
39 108
39 129
39 134
39 147
39 197
39 229
39 249
39 302
39 359
39 384
39 386
39 389
40 79
40 81
40 82
40 99
40 136
40 145
40 156
40 158
40 173
40 193
40 196
40 204
40 231
40 240
40 244
40 246
40 255
40 294
40 298
40 323
40 326
40 348
40 360
40 367
40 371
40 372
40 382
41 42
41 54
41 70
41 71
41 100
41 118
41 128
41 131
41 189
41 193
41 218
41 248
41 259
41 291
41 296
41 328
41 333
41 343
41 349
41 350
41 357
41 370
41 399
42 47
42 60
42 68
42 73
42 113
42 122
42 187
42 188
42 197
42 219
42 249
42 282
42 300
42 350
42 356
42 362
42 372
42 377
43 52
43 54
43 66
43 73
43 90
43 92
43 103
43 132
43 145
43 146
43 188
43 199
43 204
43 210
43 212
43 222
43 237
43 246
43 266
43 272
43 323
43 336
43 341
43 347
43 356
43 362
43 370
43 381
44 72
44 79
44 111
44 115
44 120
44 126
44 135
44 148
44 151
44 152
44 168
44 174
44 250
44 267
44 277
44 279
44 291
44 297
44 313
44 318
44 329
44 338
44 341
44 350
44 394
45 52
45 54
45 81
45 121
45 136
45 167
45 218
45 219
45 244
45 249
45 250
45 252
45 283
45 293
45 300
45 317
45 323
45 327
45 352
45 392
46 68
46 75
46 79
46 100
46 110
46 184
46 196
46 198
46 213
46 217
46 227
46 237
46 252
46 253
46 258
46 331
46 348
47 82
47 83
47 94
47 135
47 148
47 173
47 241
47 249
47 321
47 326
47 329
47 334
47 336
47 356
47 386
48 89
48 96
48 111
48 127
48 129
48 132
48 149
48 153
48 177
48 191
48 196
48 217
48 244
48 250
48 300
48 313
48 323
48 328
48 333
48 351
48 390
49 76
49 80
49 89
49 91
49 101
49 115
49 116
49 169
49 186
49 261
49 271
49 274
49 293
49 324
49 377
49 378
50 81
50 91
50 117
50 137
50 142
50 162
50 180
50 193
50 222
50 235
50 249
50 253
50 273
50 284
50 300
50 304
50 335
50 354
51 61
51 87
51 93
51 104
51 147
51 187
51 213
51 226
51 239
51 247
51 267
51 280
51 295
51 348
51 352
51 356
51 367
51 379
51 381
51 389
51 390
52 74
52 99
52 103
52 104
52 114
52 161
52 169
52 191
52 210
52 218
52 224
52 259
52 285
52 298
52 304
52 312
52 337
52 367
53 68
53 72
53 108
53 147
53 157
53 169
53 188
53 204
53 206
53 229
53 255
53 270
53 277
53 297
53 299
53 315
53 331
53 333
53 340
53 344
53 350
53 371
54 76
54 105
54 107
54 129
54 148
54 170
54 172
54 182
54 208
54 231
54 240
54 254
54 275
54 309
54 310
54 317
54 319
54 361
54 395
54 399
55 61
55 78
55 84
55 85
55 86
55 124
55 135
55 183
55 195
55 205
55 227
55 245
55 256
55 289
55 290
55 300
55 309
55 329
55 338
55 339
55 347
55 354
55 373
56 68
56 71
56 109
56 117
56 127
56 134
56 150
56 212
56 251
56 288
56 313
56 377
57 58
57 62
57 101
57 108
57 112
57 119
57 122
57 126
57 129
57 149
57 152
57 157
57 168
57 245
57 248
57 261
57 264
57 282
57 329
58 78
58 81
58 88
58 114
58 116
58 166
58 185
58 195
58 197
58 198
58 206
58 210
58 215
58 235
58 248
58 279
58 282
58 309
58 319
58 320
58 333
58 342
58 356
58 364
58 385
59 71
59 101
59 115
59 134
59 149
59 154
59 174
59 204
59 257
59 261
59 276
59 282
59 290
59 297
59 320
59 327
59 387
59 390
60 89
60 98
60 99
60 149
60 187
60 199
60 212
60 226
60 233
60 252
60 264
60 269
60 298
60 310
60 328
60 329
60 337
60 362
60 372
60 377
61 68
61 69
61 87
61 106
61 116
61 148
61 202
61 229
61 270
61 274
61 275
61 296
61 367
61 372
61 385
61 390
62 99
62 120
62 130
62 165
62 189
62 200
62 204
62 213
62 218
62 237
62 292
62 293
62 330
62 391
62 398
63 69
63 70
63 74
63 75
63 81
63 105
63 130
63 152
63 176
63 178
63 182
63 199
63 227
63 232
63 243
63 269
63 291
63 300
63 301
63 307
63 329
63 347
63 368
63 386
63 387
64 75
64 86
64 87
64 92
64 102
64 205
64 218
64 223
64 236
64 279
64 280
64 336
64 339
64 352
64 362
64 380
65 68
65 84
65 94
65 150
65 207
65 240
65 249
65 262
65 267
65 282
65 297
65 310
65 312
65 323
65 358
65 361
65 363
65 399
66 91
66 103
66 131
66 139
66 148
66 149
66 168
66 174
66 263
66 283
66 289
66 290
66 329
66 354
66 367
66 377
66 390
67 75
67 80
67 81
67 98
67 124
67 126
67 146
67 149
67 151
67 160
67 179
67 180
67 183
67 192
67 204
67 229
67 235
67 241
67 245
67 262
67 271
67 324
67 340
67 342
67 352
67 363
67 368
67 369
67 383
68 70
68 117
68 121
68 133
68 143
68 152
68 164
68 172
68 186
68 217
68 227
68 228
68 267
68 300
68 312
68 323
68 337
68 371
68 391
68 392
69 99
69 114
69 116
69 123
69 132
69 134
69 153
69 160
69 172
69 199
69 229
69 248
69 253
69 254
69 285
69 315
69 338
69 341
69 375
69 381
69 391
69 392
70 86
70 102
70 134
70 154
70 157
70 161
70 170
70 192
70 193
70 203
70 207
70 214
70 215
70 256
70 315
70 330
70 394
71 101
71 121
71 122
71 123
71 127
71 146
71 155
71 158
71 165
71 186
71 193
71 195
71 227
71 248
71 298
71 305
71 361
71 382
71 383
71 388
71 389
72 87
72 89
72 116
72 118
72 130
72 135
72 148
72 150
72 164
72 172
72 194
72 203
72 205
72 208
72 211
72 246
72 251
72 261
72 262
72 268
72 317
72 326
72 332
72 334
72 336
72 354
72 359
72 388
72 395
73 85
73 137
73 178
73 182
73 183
73 213
73 214
73 221
73 286
73 302
73 306
73 326
73 338
73 347
73 387
74 90
74 114
74 122
74 143
74 157
74 186
74 189
74 196
74 201
74 202
74 214
74 220
74 226
74 228
74 229
74 271
74 295
74 302
74 347
74 365
74 369
74 371
74 375
74 378
75 83
75 122
75 138
75 160
75 164
75 176
75 200
75 204
75 234
75 240
75 243
75 253
75 344
75 352
75 355
76 89
76 110
76 111
76 119
76 135
76 228
76 235
76 248
76 254
76 279
76 281
76 322
76 341
76 348
76 358
76 370
76 372
76 384
77 79
77 81
77 86
77 103
77 129
77 149
77 166
77 204
77 210
77 277
77 282
77 296
77 304
77 326
77 340
77 351
77 360
77 382
78 82
78 84
78 118
78 123
78 152
78 158
78 162
78 203
78 204
78 205
78 207
78 213
78 237
78 252
78 276
78 309
78 315
78 347
78 358
78 382
79 83
79 122
79 123
79 162
79 164
79 182
79 185
79 206
79 216
79 217
79 219
79 230
79 236
79 269
79 283
79 291
79 320
79 334
79 366
79 372
79 376
79 377
79 392
80 86
80 91
80 93
80 102
80 106
80 108
80 112
80 116
80 127
80 197
80 200
80 208
80 211
80 249
80 252
80 258
80 279
80 284
80 296
80 306
80 322
80 327
80 341
80 342
80 343
80 371
80 382
80 390
80 393
81 87
81 91
81 105
81 106
81 112
81 137
81 148
81 163
81 164
81 176
81 223
81 233
81 234
81 242
81 275
81 276
81 299
81 300
81 316
81 329
81 330
81 342
81 366
81 368
81 371
81 376
81 383
82 101
82 102
82 103
82 138
82 146
82 168
82 172
82 174
82 212
82 223
82 245
82 253
82 264
82 282
82 303
82 308
82 319
82 321
82 326
82 349
82 357
82 375
83 97
83 121
83 145
83 214
83 235
83 249
83 256
83 259
83 281
83 288
83 296
83 325
83 335
83 337
83 340
83 379
83 381
83 389
83 392
83 394
84 94
84 156
84 169
84 183
84 188
84 196
84 216
84 230
84 263
84 265
84 301
84 319
84 323
84 347
84 361
84 381
85 87
85 128
85 149
85 176
85 193
85 198
85 204
85 244
85 252
85 267
85 271
85 317
85 320
85 327
85 338
85 347
85 349
85 358
85 363
85 380
85 386
86 92
86 97
86 99
86 123
86 148
86 160
86 177
86 218
86 233
86 247
86 254
86 332
86 340
86 365
86 381
87 127
87 129
87 195
87 205
87 206
87 207
87 248
87 276
87 288
87 371
87 373
87 380
87 394
87 397
88 109
88 115
88 127
88 151
88 157
88 159
88 163
88 178
88 195
88 199
88 229
88 237
88 277
88 278
88 308
88 318
88 329
88 332
88 334
88 344
88 346
88 359
88 370
88 381
89 92
89 102
89 104
89 106
89 108
89 114
89 121
89 134
89 145
89 153
89 159
89 164
89 184
89 185
89 215
89 249
89 251
89 255
89 271
89 275
89 284
89 286
89 287
89 300
89 302
89 340
89 383
89 384
90 97
90 102
90 112
90 116
90 135
90 151
90 166
90 175
90 254
90 303
90 311
90 332
90 360
90 373
90 382
90 392
91 150
91 173
91 179
91 208
91 216
91 305
91 316
91 331
91 342
91 365
91 383
92 98
92 99
92 115
92 123
92 132
92 139
92 146
92 151
92 212
92 244
92 273
92 295
92 325
92 329
93 115
93 168
93 182
93 183
93 204
93 222
93 254
93 268
93 281
93 304
93 313
93 327
93 336
93 360
93 386
93 388
93 399
94 99
94 103
94 105
94 114
94 120
94 124
94 178
94 196
94 205
94 206
94 215
94 234
94 247
94 298
94 343
94 361
94 362
94 370
94 392
94 395
95 100
95 123
95 124
95 145
95 178
95 203
95 215
95 265
95 277
95 319
95 333
95 353
95 360
95 363
95 368
95 380
95 383
96 118
96 125
96 136
96 154
96 163
96 178
96 196
96 218
96 227
96 247
96 248
96 257
96 288
96 303
96 324
96 328
96 333
96 349
96 377
96 398
96 399
97 106
97 109
97 137
97 162
97 173
97 175
97 188
97 193
97 203
97 233
97 239
97 241
97 261
97 285
97 295
97 296
97 313
97 318
97 328
97 396
98 99
98 109
98 157
98 167
98 171
98 184
98 210
98 214
98 267
98 285
98 293
98 296
98 308
98 317
98 321
98 330
98 350
98 351
98 373
98 377
99 146
99 164
99 189
99 213
99 238
99 260
99 272
99 273
99 284
99 291
99 332
99 354
99 369
99 370
99 392
100 104
100 111
100 133
100 139
100 206
100 214
100 228
100 229
100 247
100 255
100 324
100 342
100 343
100 344
100 353
100 374
100 382
100 385
100 386
100 393
101 107
101 118
101 124
101 257
101 264
101 297
101 305
101 337
101 369
101 376
101 396
102 162
102 192
102 197
102 229
102 251
102 267
102 280
102 285
102 322
102 358
102 385
102 394
102 395
102 399
103 108
103 113
103 124
103 164
103 179
103 196
103 207
103 212
103 217
103 218
103 227
103 246
103 271
103 339
103 399
104 108
104 110
104 132
104 139
104 147
104 152
104 170
104 172
104 186
104 217
104 223
104 232
104 275
104 339
104 367
104 368
104 372
104 379
105 121
105 145
105 149
105 154
105 176
105 196
105 211
105 212
105 224
105 226
105 260
105 265
105 297
105 320
105 333
105 358
105 359
105 378
105 391
105 398
106 112
106 116
106 142
106 144
106 158
106 165
106 193
106 195
106 268
106 283
106 361
106 382
106 391
107 122
107 146
107 153
107 160
107 182
107 201
107 210
107 213
107 216
107 247
107 248
107 253
107 259
107 282
107 286
107 324
107 333
107 341
107 397
108 142
108 145
108 152
108 205
108 209
108 250
108 251
108 258
108 263
108 289
108 316
108 326
108 346
108 350
108 359
108 372
108 376
108 387
108 394
109 129
109 138
109 149
109 161
109 171
109 194
109 227
109 259
109 281
109 304
109 338
109 346
109 350
109 360
109 381
110 129
110 131
110 159
110 160
110 179
110 199
110 228
110 239
110 243
110 258
110 282
110 295
110 296
110 299
110 308
110 316
110 353
110 374
111 118
111 131
111 154
111 258
111 260
111 295
111 325
111 334
111 336
111 347
111 370
111 377
111 397
112 124
112 128
112 156
112 203
112 225
112 267
112 275
112 291
112 292
112 305
112 312
112 334
112 371
112 391
113 134
113 139
113 146
113 171
113 202
113 224
113 235
113 238
113 270
113 299
113 315
113 352
113 366
113 390
114 146
114 159
114 176
114 189
114 218
114 231
114 234
114 249
114 251
114 256
114 287
114 301
114 319
114 329
114 331
114 334
114 338
114 372
114 397
115 122
115 129
115 139
115 149
115 164
115 177
115 180
115 192
115 226
115 253
115 268
115 271
115 298
115 299
115 318
115 354
115 363
115 397
116 124
116 128
116 131
116 180
116 194
116 222
116 226
116 227
116 228
116 241
116 280
116 341
116 343
116 378
116 399
117 138
117 142
117 152
117 154
117 179
117 185
117 186
117 192
117 219
117 238
117 243
117 252
117 264
117 266
117 303
117 327
117 328
117 350
117 398
118 142
118 143
118 164
118 193
118 195
118 197
118 201
118 231
118 254
118 261
118 273
118 314
118 335
118 345
119 122
119 135
119 171
119 174
119 182
119 196
119 215
119 218
119 219
119 234
119 238
119 302
119 319
119 326
119 332
119 364
119 391
120 130
120 142
120 143
120 144
120 162
120 164
120 170
120 179
120 192
120 207
120 221
120 234
120 275
120 284
120 292
120 296
120 318
120 330
120 341
120 357
120 364
120 379
120 399
121 139
121 145
121 187
121 195
121 233
121 268
121 285
121 288
121 293
121 301
121 308
121 330
121 340
121 385
121 391
121 395
122 123
122 136
122 158
122 168
122 201
122 226
122 234
122 250
122 252
122 260
122 265
122 288
122 310
122 311
122 315
122 321
122 326
122 355
122 371
122 377
122 391
123 129
123 132
123 133
123 135
123 141
123 144
123 149
123 175
123 188
123 199
123 206
123 234
123 236
123 288
123 320
123 324
123 355
123 357
123 374
123 378
123 382
123 383
124 130
124 153
124 164
124 231
124 246
124 265
124 285
124 293
124 305
124 321
124 381
124 390
125 126
125 141
125 150
125 182
125 204
125 230
125 277
125 286
125 323
125 333
125 342
125 349
125 359
125 361
125 367
126 139
126 160
126 179
126 187
126 189
126 192
126 195
126 197
126 209
126 229
126 272
126 292
126 313
126 338
126 360
126 366
126 379
126 397
127 130
127 194
127 196
127 215
127 221
127 227
127 248
127 272
127 314
127 357
127 361
127 376
128 129
128 134
128 141
128 223
128 248
128 251
128 296
128 300
128 321
128 330
128 334
128 346
128 393
128 399
129 139
129 144
129 159
129 178
129 182
129 194
129 213
129 232
129 247
129 259
129 267
129 269
129 273
129 278
129 280
129 292
129 337
129 346
129 362
129 388
130 143
130 151
130 162
130 173
130 174
130 179
130 208
130 209
130 210
130 216
130 222
130 226
130 228
130 288
130 311
130 336
130 344
130 350
130 352
130 391
131 132
131 171
131 174
131 218
131 223
131 228
131 229
131 231
131 250
131 275
131 278
131 283
131 305
131 322
131 340
131 343
131 345
131 348
131 349
131 362
131 367
131 394
132 148
132 162
132 165
132 172
132 210
132 222
132 223
132 235
132 240
132 261
132 266
132 269
132 279
132 289
132 294
132 303
132 314
132 339
132 343
132 346
133 141
133 165
133 174
133 176
133 198
133 209
133 211
133 229
133 233
133 252
133 262
133 301
133 303
133 331
133 339
133 345
133 369
133 381
134 156
134 164
134 171
134 182
134 211
134 272
134 275
134 299
134 311
134 358
134 374
135 170
135 175
135 178
135 184
135 219
135 273
135 280
135 288
135 299
135 318
135 320
135 362
135 383
135 393
136 160
136 194
136 195
136 205
136 236
136 237
136 239
136 270
136 276
136 290
136 314
136 324
136 342
136 354
136 378
137 138
137 174
137 196
137 208
137 281
137 296
137 309
137 330
137 334
137 336
137 339
137 352
137 380
138 142
138 148
138 159
138 161
138 195
138 254
138 265
138 287
138 302
138 319
138 324
138 336
139 143
139 186
139 205
139 235
139 277
139 313
139 336
139 369
139 395
139 396
140 162
140 186
140 201
140 209
140 228
140 229
140 242
140 252
140 257
140 262
140 272
140 273
140 297
140 323
140 335
140 337
140 342
140 345
140 366
140 386
140 399
141 148
141 179
141 217
141 237
141 239
141 244
141 253
141 258
141 260
141 263
141 266
141 270
141 294
141 296
141 300
141 303
141 321
141 334
141 343
141 376
142 178
142 183
142 195
142 259
142 267
142 271
142 274
142 284
142 295
142 344
142 385
143 156
143 173
143 189
143 191
143 203
143 218
143 222
143 228
143 236
143 239
143 251
143 258
143 262
143 265
143 270
143 282
143 285
143 296
143 297
143 302
143 322
143 362
143 376
144 149
144 184
144 187
144 225
144 243
144 255
144 260
144 267
144 276
144 311
144 328
144 353
144 357
144 375
145 159
145 166
145 174
145 210
145 249
145 255
145 392
145 399
146 154
146 177
146 195
146 197
146 211
146 215
146 222
146 225
146 229
146 241
146 260
146 272
146 285
146 341
146 356
146 358
146 359
146 366
146 376
147 174
147 244
147 286
147 312
147 319
147 354
148 159
148 169
148 173
148 176
148 239
148 258
148 263
148 265
148 317
148 342
148 349
148 354
148 364
148 369
148 373
148 377
148 379
149 157
149 159
149 167
149 199
149 222
149 227
149 240
149 241
149 273
149 279
149 288
149 329
149 330
149 342
149 366
149 384
150 167
150 182
150 197
150 238
150 256
150 300
150 313
150 324
150 334
150 350
150 386
150 387
151 154
151 163
151 169
151 172
151 181
151 182
151 184
151 185
151 210
151 213
151 265
151 272
151 281
151 291
151 306
151 348
152 157
152 158
152 169
152 192
152 214
152 231
152 261
152 263
152 264
152 266
152 311
152 332
152 374
153 155
153 196
153 207
153 220
153 245
153 253
153 261
153 264
153 266
153 272
153 279
153 288
153 294
153 295
153 319
153 382
153 391
153 398
154 155
154 158
154 165
154 173
154 196
154 236
154 288
154 333
154 338
154 356
154 359
154 370
154 390
154 399
155 187
155 217
155 239
155 244
155 250
155 265
155 268
155 289
155 295
155 300
155 302
155 310
155 311
155 324
155 331
155 348
155 352
155 365
155 372
156 227
156 277
156 303
156 307
156 313
156 322
156 326
156 329
156 330
156 347
156 348
156 357
156 365
156 385
156 395
157 160
157 167
157 180
157 192
157 196
157 219
157 262
157 274
157 288
157 297
157 309
157 314
157 358
157 373
157 392
158 181
158 182
158 189
158 194
158 204
158 205
158 207
158 209
158 222
158 223
158 231
158 234
158 250
158 252
158 256
158 286
158 304
158 385
158 389
158 395
159 167
159 183
159 185
159 188
159 195
159 196
159 210
159 222
159 238
159 253
159 264
159 283
159 290
159 303
159 304
159 307
159 322
159 356
159 387
159 399
160 176
160 207
160 213
160 225
160 246
160 247
160 266
160 285
160 291
160 306
160 322
160 345
160 357
160 365
161 166
161 186
161 198
161 252
161 256
161 264
161 289
161 310
161 327
161 335
161 348
161 353
161 365
161 376
162 212
162 225
162 256
162 257
162 275
162 283
162 287
162 301
162 347
162 349
162 356
162 369
163 183
163 199
163 214
163 237
163 270
163 299
163 320
163 324
163 336
163 355
163 359
163 397
164 165
164 171
164 197
164 214
164 230
164 246
164 253
164 276
164 282
164 283
164 293
164 326
164 331
164 359
164 369
164 379
164 392
165 167
165 168
165 185
165 221
165 230
165 247
165 255
165 264
165 270
165 283
165 284
165 301
165 304
165 317
165 324
165 339
166 169
166 179
166 212
166 221
166 241
166 276
166 282
166 292
166 304
166 368
166 378
166 391
167 178
167 211
167 254
167 290
167 300
167 340
167 357
167 360
167 381
167 384
168 181
168 183
168 197
168 226
168 232
168 233
168 236
168 244
168 271
168 273
168 281
168 313
168 315
168 326
168 327
168 339
168 352
168 362
168 366
168 372
168 387
168 395
169 178
169 190
169 194
169 195
169 197
169 220
169 238
169 239
169 240
169 254
169 285
169 286
169 320
169 339
169 340
169 348
169 393
170 191
170 198
170 201
170 269
170 298
170 302
170 304
170 323
170 330
170 337
170 343
171 173
171 187
171 190
171 203
171 226
171 236
171 259
171 280
171 284
171 293
171 294
171 320
171 365
171 368
171 389
172 189
172 194
172 200
172 229
172 234
172 243
172 244
172 273
172 300
172 313
172 317
172 345
172 367
172 375
172 399
173 178
173 187
173 225
173 232
173 248
173 276
173 281
173 288
173 324
173 347
173 381
174 203
174 208
174 229
174 303
174 317
174 348
174 363
175 191
175 199
175 226
175 230
175 234
175 331
176 224
176 245
176 254
176 266
176 285
176 289
176 321
176 326
176 360
177 181
177 183
177 184
177 221
177 226
177 288
177 324
177 376
177 399
178 179
178 185
178 186
178 189
178 221
178 242
178 263
178 268
178 283
178 291
178 301
178 302
178 325
178 327
178 367
178 373
178 377
178 392
178 395
178 399
179 195
179 213
179 234
179 249
179 285
179 314
179 337
179 390
180 203
180 210
180 217
180 224
180 241
180 243
180 253
180 258
180 275
180 280
180 282
180 286
180 297
180 306
180 325
180 329
180 333
180 334
180 356
180 375
180 392
181 189
181 208
181 215
181 231
181 234
181 239
181 244
181 257
181 267
181 284
181 330
181 338
181 339
181 358
181 366
181 398
182 189
182 203
182 286
182 309
182 323
182 342
182 354
182 374
182 396
182 398
183 190
183 203
183 212
183 216
183 232
183 234
183 236
183 255
183 261
183 283
183 285
183 286
183 312
183 326
183 349
183 353
183 356
183 358
183 359
183 370
183 398
184 217
184 222
184 224
184 235
184 237
184 243
184 276
184 301
184 303
184 342
184 351
184 382
184 394
185 209
185 226
185 246
185 251
185 264
185 275
185 276
185 282
185 284
185 304
185 309
185 315
185 333
185 366
186 210
186 246
186 261
186 266
186 277
186 278
186 284
186 300
186 302
186 324
186 367
186 386
186 389
187 190
187 218
187 242
187 248
187 257
187 284
187 309
187 311
187 313
187 316
187 319
187 349
187 351
187 364
187 377
187 380
187 383
187 384
188 228
188 233
188 237
188 264
188 314
188 370
189 190
189 192
189 218
189 224
189 254
189 274
189 282
189 294
189 299
189 328
189 334
189 336
189 346
189 352
189 354
189 361
189 362
189 370
190 204
190 229
190 236
190 287
190 297
190 313
190 316
190 335
190 337
190 344
190 370
190 386
191 192
191 195
191 201
191 207
191 231
191 263
191 276
191 281
191 288
191 302
191 310
191 311
191 312
191 318
191 341
191 344
191 357
191 359
192 208
192 216
192 224
192 225
192 232
192 236
192 261
192 286
192 298
192 299
192 313
192 324
192 337
192 341
192 350
192 357
192 359
192 381
192 385
193 219
193 222
193 228
193 253
193 264
193 313
193 321
193 323
193 343
193 386
193 398
194 225
194 274
194 285
194 327
194 360
194 373
194 398
195 197
195 246
195 298
195 334
195 344
195 349
195 363
196 220
196 228
196 234
196 238
196 248
196 252
196 265
196 280
196 286
196 310
196 321
196 355
196 368
196 371
197 205
197 239
197 246
197 256
197 288
197 329
197 332
197 363
197 368
197 371
197 398
198 217
198 265
198 276
198 302
198 309
198 322
198 329
198 339
198 340
198 346
198 367
198 397
199 208
199 269
199 290
199 291
199 298
199 314
199 333
199 347
199 357
199 362
199 381
199 382
199 388
199 397
199 398
200 219
200 226
200 263
200 264
200 286
200 296
200 336
200 348
200 358
201 203
201 220
201 229
201 233
201 236
201 264
201 300
201 336
201 349
201 359
201 360
201 389
202 215
202 285
202 290
202 292
202 300
202 309
202 314
202 331
202 357
202 382
202 394
203 207
203 226
203 227
203 244
203 292
203 299
203 311
203 319
203 378
204 282
204 294
204 300
204 309
204 324
204 370
204 376
205 247
205 257
205 268
205 273
205 283
205 291
205 365
205 367
205 378
205 380
205 383
206 233
206 234
206 247
206 251
206 274
206 293
206 295
206 312
206 319
206 321
206 322
206 347
206 356
206 361
207 224
207 229
207 253
207 257
207 265
207 278
207 296
207 310
207 340
207 345
207 351
207 380
207 384
208 218
208 222
208 256
208 257
208 263
208 278
208 283
208 354
208 369
208 378
208 380
208 392
208 393
209 221
209 239
209 241
209 260
209 261
209 298
209 299
209 302
209 305
209 310
209 317
209 322
209 324
209 341
209 362
209 371
209 399
210 229
210 251
210 253
210 330
210 342
210 344
210 375
211 265
211 266
211 281
211 287
211 299
211 305
211 307
211 328
211 329
211 376
211 399
212 221
212 230
212 235
212 243
212 248
212 264
212 270
212 317
212 321
212 325
212 328
212 372
212 394
212 398
213 219
213 221
213 227
213 239
213 318
213 333
213 336
213 344
213 345
213 369
214 215
214 220
214 240
214 257
214 258
214 270
214 306
214 320
214 337
214 357
214 392
215 236
215 242
215 250
215 263
215 271
215 279
215 283
215 297
215 307
215 337
215 342
215 356
215 360
215 381
215 388
215 397
216 234
216 243
216 253
216 273
216 283
216 352
216 356
216 362
217 220
217 236
217 253
217 259
217 277
217 289
217 296
217 326
217 329
217 332
217 346
217 361
217 367
217 378
217 381
217 388
217 391
217 393
218 250
218 274
218 285
218 357
218 359
218 383
218 397
219 229
219 238
219 239
219 246
219 252
219 276
219 296
219 297
219 323
219 332
219 342
219 365
220 221
220 252
220 270
220 304
220 328
220 331
220 342
220 353
220 361
220 398
221 227
221 248
221 254
221 265
221 295
221 309
221 325
221 330
221 338
221 354
221 378
221 383
221 396
221 399
222 228
222 239
222 268
222 272
222 281
222 327
222 333
222 367
223 224
223 226
223 230
223 242
223 262
223 269
223 294
223 373
224 234
224 239
224 249
224 259
224 268
224 274
224 307
224 322
224 336
224 355
224 361
225 247
225 258
225 269
225 271
225 272
225 276
225 326
225 329
225 336
225 388
225 392
225 398
226 246
226 249
226 254
226 256
226 282
226 284
226 287
226 309
226 354
226 364
226 369
226 376
227 238
227 245
227 253
227 260
227 264
227 315
227 316
227 322
227 338
227 359
227 370
227 388
228 246
228 258
228 310
228 329
228 354
228 379
229 231
229 240
229 245
229 252
229 271
229 316
229 325
229 335
229 337
229 351
229 355
229 379
230 246
230 248
230 290
230 293
230 297
230 332
230 377
230 380
230 382
230 385
230 391
230 396
231 234
231 247
231 309
231 317
231 324
231 364
231 366
231 369
231 383
231 395
231 396
232 235
232 244
232 246
232 262
232 341
232 353
232 366
232 372
232 389
232 396
233 246
233 247
233 274
233 284
233 286
233 322
233 325
233 379
234 260
234 271
234 276
234 279
234 315
234 327
234 328
234 336
234 353
235 243
235 245
235 248
235 256
235 283
235 355
235 385
236 297
236 324
236 381
237 250
237 256
237 274
237 278
237 282
237 297
237 304
237 315
237 316
237 346
237 355
237 369
238 249
238 260
238 285
238 302
238 330
238 341
238 361
238 381
238 391
239 260
239 292
239 310
239 326
239 327
239 346
239 363
239 370
239 380
240 254
240 286
240 312
240 322
240 345
240 363
240 368
240 370
240 384
240 391
241 259
241 282
241 288
241 317
241 354
241 375
241 376
242 249
242 288
242 296
242 317
242 336
242 340
242 374
242 385
242 395
242 399
243 257
243 299
243 300
243 335
243 380
243 381
243 382
244 245
244 268
244 307
244 311
244 353
244 358
244 360
244 396
245 247
245 256
245 265
245 304
245 356
245 364
245 392
245 399
246 282
246 294
246 311
246 318
246 337
246 350
246 367
246 384
246 385
246 393
247 248
247 249
247 254
247 281
247 289
247 341
247 350
247 354
247 374
247 376
247 381
247 393
248 264
248 282
248 305
248 310
248 347
248 360
248 368
248 396
249 265
249 267
249 272
249 280
249 282
249 312
249 336
249 344
249 350
249 357
250 267
250 273
250 276
250 322
250 325
250 329
250 330
250 347
250 349
250 364
250 365
250 392
251 273
251 290
251 305
251 360
251 370
251 381
251 382
251 396
252 266
252 289
252 294
252 296
252 316
252 317
252 336
252 339
253 268
253 289
253 319
253 327
253 329
253 330
253 360
253 368
253 369
253 381
253 382
254 257
254 265
254 294
254 305
254 307
254 309
254 330
254 332
254 344
254 345
254 346
254 348
254 357
254 366
254 378
255 256
255 278
255 282
255 287
255 289
255 290
255 302
255 305
255 317
255 374
256 277
256 288
256 301
256 337
256 350
256 354
256 396
257 273
257 281
257 314
257 315
257 340
257 387
258 261
258 290
258 321
258 322
258 374
258 384
258 387
259 260
259 275
259 286
259 313
259 318
259 324
259 354
259 371
259 383
260 291
260 293
260 323
260 361
260 398
261 262
261 267
261 275
261 288
261 322
261 337
261 359
261 361
261 387
261 397
262 277
262 278
262 283
262 290
262 315
262 319
262 331
262 343
262 350
262 359
263 265
263 296
263 301
263 337
263 346
263 378
263 387
264 265
264 279
264 284
264 291
264 298
264 333
264 350
264 357
265 267
265 286
265 310
265 329
265 345
265 354
266 280
266 300
266 311
266 331
266 395
266 399
267 328
267 345
267 349
267 356
267 358
267 372
267 384
268 316
268 318
268 344
268 352
269 294
269 333
269 340
269 373
269 384
269 395
270 277
270 279
270 296
270 328
270 351
270 357
270 370
270 378
270 379
270 385
270 396
271 273
271 278
271 290
271 319
271 321
271 355
271 372
271 388
272 286
272 292
272 307
272 308
272 314
272 357
272 364
272 365
272 382
272 390
273 295
273 320
273 345
274 276
274 282
274 294
274 299
274 322
274 336
274 364
274 391
275 330
275 335
275 347
275 350
275 394
276 285
276 287
276 301
276 305
276 316
276 322
276 327
276 356
276 369
276 372
276 376
276 379
276 385
277 278
277 288
277 324
277 331
277 334
277 337
277 377
277 384
277 386
277 388
277 393
278 291
278 344
278 352
278 359
278 383
278 387
278 389
279 288
279 358
279 359
279 377
280 302
280 318
280 332
280 346
280 361
280 383
280 389
281 294
281 296
281 299
281 355
281 365
282 288
282 299
282 304
282 318
282 357
282 364
283 310
283 322
283 371
284 292
284 309
284 315
284 316
284 336
284 363
284 371
285 305
285 336
285 347
285 361
285 374
285 379
285 387
285 395
286 345
286 352
286 363
286 381
286 384
287 293
287 299
287 307
287 353
287 364
287 391
287 395
288 301
288 304
288 322
288 332
288 349
289 296
289 338
289 370
289 374
289 385
290 316
290 323
290 338
290 343
290 346
290 353
290 363
290 369
290 379
290 385
290 389
290 390
290 394
291 326
291 328
291 341
291 350
291 361
291 385
291 398
292 300
292 304
292 307
292 325
292 328
292 363
292 393
292 395
293 311
293 340
293 351
294 351
294 365
294 370
294 373
294 375
294 389
294 398
295 297
295 313
295 318
295 324
295 326
295 327
295 358
295 359
295 369
295 376
295 380
295 396
296 314
296 334
296 343
296 347
296 356
297 330
297 376
297 389
298 301
298 327
298 339
298 365
298 369
298 375
299 333
299 336
299 344
299 348
299 358
299 365
300 323
301 310
301 313
301 321
301 335
301 337
301 379
302 315
302 332
302 341
302 349
302 355
302 395
303 306
303 351
303 373
303 381
303 383
303 391
304 310
304 332
304 343
304 352
304 353
304 355
304 368
304 374
304 391
304 398
305 337
305 349
305 364
305 388
306 313
306 326
306 328
306 333
306 342
306 351
306 354
306 362
306 367
306 376
306 380
306 385
306 387
306 388
306 390
307 310
307 316
307 341
307 343
307 344
307 351
307 360
307 369
307 377
307 380
307 384
308 317
308 320
308 328
309 315
309 366
309 384
309 398
310 366
310 396
311 343
311 376
311 396
312 356
312 364
312 369
312 377
313 364
313 372
313 380
313 381
314 319
314 326
314 335
314 368
314 377
314 386
314 398
315 321
315 322
315 338
315 342
315 346
315 348
316 325
316 334
316 337
316 378
316 387
316 398
317 352
317 374
318 367
318 396
319 330
319 339
319 358
319 394
320 354
320 374
320 378
320 388
321 323
321 327
321 332
321 335
321 347
321 380
321 386
322 327
322 338
322 340
322 358
322 399
323 329
323 361
323 392
324 325
324 342
324 351
324 370
324 384
324 385
324 391
324 396
325 332
325 359
325 362
325 369
325 375
326 352
326 372
326 376
326 385
326 391
327 343
327 348
327 360
327 369
327 394
328 347
328 348
328 349
328 371
329 335
329 356
329 380
329 389
329 394
330 336
330 348
330 350
330 354
330 369
330 389
331 332
331 334
331 344
331 347
331 364
331 379
332 338
332 382
333 341
333 377
334 352
334 359
334 385
335 359
335 377
336 342
336 358
336 365
336 367
337 364
338 352
338 356
338 359
338 391
339 378
340 369
340 393
341 345
341 371
341 394
341 396
342 349
342 350
342 371
342 375
342 377
342 378
342 380
343 347
343 349
343 353
343 355
343 356
343 360
343 362
344 372
345 366
345 381
346 359
347 376
348 359
348 375
348 389
348 397
349 351
349 357
349 364
349 381
349 394
350 352
350 361
350 377
350 378
350 390
350 397
351 375
352 361
352 371
352 380
352 381
353 372
353 376
353 384
353 392
354 360
354 361
354 384
354 390
354 398
356 371
356 386
356 398
357 361
357 370
357 377
357 378
357 379
357 383
357 395
357 396
359 364
359 379
359 398
360 383
360 391
361 383
361 387
361 399
362 364
362 384
362 398
365 383
365 387
365 389
365 392
366 375
366 384
366 398
367 376
367 382
367 392
368 382
369 374
369 392
370 381
371 378
372 375
372 384
372 389
372 394
373 390
374 383
374 389
374 392
374 394
376 382
376 399
378 383
380 388
380 393
380 396
381 391
382 390
382 391
386 387
386 399
387 391
390 397
392 398
395 397
395 398
