500 7505 0.5
0 17
0 20
0 33
0 51
0 69
0 82
0 85
0 106
0 141
0 179
0 191
0 197
0 212
0 237
0 297
0 338
0 345
0 366
0 383
0 388
0 391
0 392
0 399
0 433
0 443
0 452
0 459
0 464
0 473
0 491
1 21
1 51
1 57
1 64
1 86
1 112
1 138
1 145
1 156
1 158
1 167
1 168
1 182
1 210
1 328
1 350
1 379
1 383
1 402
1 410
1 432
1 441
1 465
1 491
1 492
2 57
2 87
2 106
2 109
2 135
2 136
2 155
2 163
2 177
2 216
2 252
2 265
2 267
2 272
2 273
2 276
2 299
2 305
2 316
2 374
2 378
2 419
2 437
2 439
2 446
2 457
2 464
2 494
2 496
3 4
3 15
3 28
3 64
3 67
3 88
3 117
3 140
3 189
3 211
3 223
3 225
3 254
3 269
3 283
3 289
3 307
3 308
3 309
3 325
3 334
3 366
3 378
3 386
3 387
3 410
3 415
3 420
3 492
4 23
4 75
4 87
4 113
4 119
4 120
4 147
4 157
4 166
4 182
4 223
4 226
4 245
4 259
4 270
4 278
4 279
4 283
4 287
4 290
4 291
4 296
4 297
4 306
4 331
4 340
4 345
4 350
4 377
4 390
4 402
4 440
4 444
4 464
4 488
5 11
5 13
5 32
5 42
5 44
5 60
5 91
5 94
5 102
5 127
5 175
5 183
5 194
5 199
5 200
5 202
5 203
5 214
5 241
5 243
5 251
5 264
5 265
5 283
5 314
5 319
5 325
5 360
5 372
5 373
5 432
5 436
5 453
5 458
5 474
5 477
5 498
6 26
6 73
6 109
6 136
6 138
6 165
6 168
6 172
6 195
6 216
6 235
6 273
6 289
6 316
6 326
6 327
6 334
6 352
6 360
6 371
6 379
6 386
6 394
6 416
6 420
6 423
6 447
6 463
6 484
7 45
7 71
7 84
7 123
7 147
7 154
7 171
7 190
7 205
7 207
7 235
7 257
7 263
7 312
7 335
7 337
7 361
7 372
7 392
7 421
7 430
7 493
7 498
8 18
8 22
8 48
8 56
8 62
8 79
8 87
8 101
8 116
8 133
8 135
8 168
8 171
8 186
8 191
8 195
8 204
8 224
8 233
8 238
8 261
8 271
8 273
8 281
8 323
8 341
8 343
8 345
8 356
8 360
8 370
8 372
8 394
8 406
8 415
8 418
8 430
8 450
8 462
8 469
8 474
8 477
8 483
9 22
9 37
9 63
9 65
9 67
9 94
9 96
9 108
9 142
9 151
9 153
9 158
9 195
9 208
9 216
9 223
9 225
9 226
9 314
9 330
9 349
9 369
9 380
9 398
9 400
9 404
9 437
9 444
10 20
10 36
10 85
10 94
10 96
10 104
10 117
10 120
10 123
10 125
10 130
10 202
10 213
10 220
10 237
10 244
10 254
10 263
10 264
10 294
10 302
10 312
10 318
10 370
10 391
10 396
10 398
10 437
10 471
10 496
10 499
11 26
11 42
11 84
11 99
11 137
11 149
11 154
11 171
11 175
11 177
11 193
11 211
11 258
11 292
11 301
11 308
11 320
11 330
11 341
11 352
11 384
11 411
11 414
11 422
11 424
11 473
11 474
11 491
11 498
12 32
12 50
12 55
12 118
12 131
12 134
12 142
12 152
12 168
12 174
12 191
12 199
12 208
12 220
12 250
12 251
12 282
12 284
12 343
12 371
12 401
12 415
12 417
12 422
12 451
12 453
12 458
12 459
12 484
12 491
13 73
13 75
13 92
13 93
13 113
13 149
13 156
13 172
13 192
13 215
13 223
13 229
13 232
13 243
13 251
13 285
13 286
13 300
13 308
13 350
13 370
13 382
13 388
13 389
13 409
13 437
13 442
13 493
14 46
14 51
14 79
14 121
14 131
14 136
14 167
14 179
14 184
14 190
14 193
14 198
14 222
14 278
14 319
14 324
14 330
14 346
14 347
14 367
14 410
14 423
14 431
14 447
14 486
15 43
15 49
15 52
15 54
15 55
15 77
15 113
15 126
15 130
15 144
15 152
15 226
15 231
15 238
15 249
15 264
15 265
15 274
15 313
15 315
15 322
15 330
15 334
15 342
15 345
15 357
15 380
15 395
15 402
15 470
15 480
15 490
15 497
16 33
16 73
16 81
16 119
16 160
16 181
16 207
16 212
16 247
16 274
16 276
16 310
16 343
16 351
16 368
16 400
16 418
16 422
16 430
17 26
17 36
17 46
17 48
17 81
17 84
17 114
17 117
17 118
17 194
17 245
17 248
17 277
17 282
17 300
17 316
17 322
17 349
17 350
17 357
17 387
17 406
17 454
17 468
17 469
17 477
18 19
18 22
18 32
18 34
18 44
18 46
18 52
18 85
18 99
18 115
18 165
18 195
18 220
18 225
18 235
18 244
18 250
18 253
18 278
18 281
18 308
18 335
18 357
18 360
18 372
18 388
18 394
18 402
18 425
18 437
18 438
18 464
18 475
18 491
18 499
19 38
19 60
19 72
19 79
19 103
19 112
19 114
19 117
19 147
19 189
19 190
19 197
19 208
19 209
19 224
19 257
19 272
19 360
19 361
19 377
19 389
19 403
19 406
19 450
19 477
20 38
20 44
20 56
20 92
20 94
20 99
20 107
20 122
20 139
20 149
20 150
20 151
20 161
20 189
20 197
20 204
20 218
20 220
20 228
20 258
20 280
20 295
20 326
20 362
20 373
20 464
20 495
21 22
21 41
21 47
21 63
21 73
21 83
21 108
21 131
21 132
21 133
21 142
21 151
21 157
21 167
21 168
21 175
21 176
21 192
21 220
21 253
21 272
21 279
21 287
21 296
21 315
21 317
21 325
21 422
21 425
21 435
21 440
21 454
21 497
21 498
21 499
22 45
22 62
22 63
22 87
22 103
22 116
22 137
22 150
22 155
22 160
22 162
22 164
22 170
22 175
22 190
22 192
22 220
22 235
22 237
22 239
22 280
22 321
22 372
22 375
22 426
22 450
22 466
22 490
23 99
23 102
23 114
23 119
23 139
23 158
23 166
23 181
23 218
23 281
23 319
23 327
23 330
23 332
23 372
23 385
23 436
23 439
23 486
23 490
24 26
24 49
24 78
24 82
24 88
24 102
24 107
24 142
24 174
24 175
24 181
24 193
24 239
24 256
24 263
24 303
24 316
24 349
24 359
24 418
24 440
24 444
24 445
24 496
25 45
25 76
25 98
25 119
25 123
25 139
25 140
25 141
25 154
25 159
25 160
25 161
25 186
25 198
25 217
25 220
25 227
25 233
25 244
25 306
25 317
25 354
25 407
25 418
25 433
25 455
25 456
25 469
25 474
25 482
25 486
26 46
26 58
26 83
26 93
26 96
26 98
26 109
26 114
26 121
26 141
26 142
26 154
26 156
26 168
26 198
26 199
26 220
26 247
26 292
26 335
26 346
26 348
26 353
26 413
26 434
26 436
27 28
27 43
27 57
27 69
27 97
27 149
27 156
27 157
27 161
27 183
27 186
27 238
27 240
27 252
27 270
27 271
27 330
27 338
27 341
27 357
27 362
27 394
27 405
27 418
27 434
27 452
27 495
28 32
28 40
28 46
28 47
28 58
28 63
28 73
28 92
28 110
28 135
28 137
28 147
28 148
28 151
28 205
28 211
28 236
28 257
28 261
28 279
28 291
28 294
28 312
28 336
28 341
28 353
28 357
28 358
28 465
28 470
28 477
28 484
28 494
29 41
29 44
29 55
29 61
29 109
29 111
29 158
29 164
29 188
29 192
29 202
29 208
29 210
29 211
29 223
29 236
29 263
29 331
29 337
29 345
29 403
29 429
29 437
29 448
29 450
29 456
30 42
30 47
30 88
30 165
30 191
30 259
30 293
30 299
30 317
30 319
30 346
30 347
30 366
30 393
30 401
30 407
30 432
30 436
30 439
30 454
30 460
30 479
31 32
31 41
31 57
31 70
31 71
31 78
31 128
31 135
31 151
31 156
31 159
31 162
31 192
31 215
31 243
31 244
31 251
31 266
31 293
31 337
31 346
31 360
31 408
31 420
31 451
31 455
31 462
31 491
32 76
32 88
32 95
32 98
32 100
32 120
32 202
32 231
32 256
32 262
32 291
32 303
32 317
32 335
32 337
32 353
32 354
32 390
32 397
32 402
32 407
32 452
32 459
32 460
32 462
32 490
32 498
33 76
33 91
33 150
33 155
33 173
33 180
33 233
33 241
33 274
33 279
33 282
33 294
33 314
33 327
33 340
33 346
33 406
33 412
33 415
33 420
33 440
33 448
33 449
33 451
33 459
34 38
34 66
34 90
34 91
34 111
34 113
34 127
34 188
34 196
34 224
34 229
34 293
34 297
34 300
34 303
34 312
34 331
34 339
34 385
34 404
34 420
34 446
34 474
35 64
35 117
35 143
35 164
35 192
35 198
35 209
35 210
35 211
35 219
35 254
35 255
35 257
35 258
35 284
35 319
35 322
35 349
35 366
35 391
35 415
35 454
35 475
35 489
35 499
36 38
36 53
36 54
36 56
36 100
36 176
36 177
36 209
36 216
36 223
36 245
36 292
36 338
36 379
36 423
36 456
37 70
37 77
37 81
37 99
37 106
37 158
37 168
37 183
37 185
37 213
37 214
37 220
37 270
37 280
37 285
37 286
37 307
37 316
37 370
37 405
37 410
37 411
37 461
37 472
37 482
37 498
38 44
38 46
38 55
38 100
38 136
38 146
38 166
38 170
38 204
38 211
38 224
38 273
38 292
38 302
38 308
38 309
38 313
38 318
38 334
38 339
38 365
38 366
38 381
38 390
38 402
38 428
38 433
38 450
38 453
38 459
38 480
38 485
39 56
39 66
39 67
39 73
39 77
39 99
39 149
39 154
39 157
39 159
39 178
39 179
39 198
39 221
39 245
39 250
39 279
39 280
39 318
39 325
39 350
39 351
39 376
39 383
39 392
39 465
39 473
39 477
39 478
39 480
39 493
40 44
40 45
40 73
40 94
40 123
40 177
40 211
40 219
40 224
40 228
40 229
40 234
40 254
40 262
40 265
40 273
40 275
40 290
40 319
40 332
40 339
40 340
40 342
40 344
40 362
40 387
40 388
40 414
40 421
40 440
40 441
40 446
40 451
40 462
40 466
40 470
41 50
41 73
41 77
41 107
41 114
41 125
41 129
41 138
41 150
41 153
41 166
41 167
41 178
41 196
41 226
41 232
41 279
41 289
41 291
41 296
41 309
41 310
41 323
41 328
41 340
41 361
41 368
41 380
41 397
41 415
41 425
41 451
41 460
41 480
41 482
42 69
42 70
42 134
42 142
42 143
42 171
42 200
42 201
42 216
42 238
42 243
42 246
42 247
42 286
42 289
42 308
42 327
42 372
42 394
42 404
42 421
42 424
42 441
42 456
42 489
42 495
42 496
43 52
43 81
43 92
43 94
43 102
43 110
43 130
43 150
43 186
43 220
43 241
43 263
43 266
43 271
43 276
43 285
43 287
43 295
43 297
43 308
43 312
43 377
43 390
43 395
43 405
43 418
43 426
43 439
43 444
43 446
43 449
43 464
43 477
43 489
43 495
44 66
44 79
44 81
44 97
44 99
44 116
44 121
44 124
44 144
44 160
44 200
44 232
44 234
44 241
44 245
44 317
44 388
44 400
44 402
44 410
44 411
44 449
44 469
44 470
44 476
44 477
45 81
45 97
45 102
45 115
45 124
45 139
45 151
45 183
45 191
45 197
45 198
45 222
45 226
45 252
45 256
45 284
45 293
45 295
45 310
45 317
45 322
45 334
45 345
45 357
45 431
45 457
46 61
46 63
46 68
46 80
46 90
46 105
46 144
46 159
46 165
46 174
46 187
46 192
46 198
46 214
46 222
46 230
46 245
46 253
46 267
46 280
46 282
46 289
46 330
46 334
46 351
46 352
46 354
46 389
46 424
46 443
46 460
46 469
47 60
47 63
47 73
47 94
47 122
47 134
47 148
47 155
47 167
47 191
47 225
47 235
47 289
47 299
47 325
47 332
47 355
47 380
47 389
47 393
47 408
47 425
47 442
48 63
48 78
48 93
48 122
48 124
48 133
48 151
48 177
48 191
48 212
48 214
48 220
48 235
48 242
48 247
48 251
48 263
48 274
48 286
48 298
48 305
48 315
48 325
48 367
48 383
48 386
48 394
48 404
48 411
48 420
48 422
48 429
48 438
48 455
48 467
49 51
49 65
49 92
49 111
49 134
49 143
49 144
49 150
49 153
49 155
49 188
49 190
49 213
49 259
49 298
49 309
49 319
49 325
49 349
49 376
49 394
49 408
49 420
49 424
49 460
49 467
49 493
49 499
50 62
50 96
50 111
50 135
50 191
50 246
50 262
50 289
50 296
50 311
50 313
50 316
50 317
50 329
50 332
50 352
50 392
50 396
50 398
50 405
50 424
50 425
50 426
50 427
50 446
50 451
50 457
50 459
50 469
50 472
50 477
50 482
51 68
51 98
51 102
51 103
51 122
51 185
51 193
51 219
51 235
51 249
51 255
51 258
51 262
51 317
51 322
51 325
51 326
51 359
51 376
51 467
51 480
51 481
51 496
52 54
52 59
52 89
52 102
52 119
52 139
52 168
52 188
52 197
52 239
52 251
52 253
52 277
52 287
52 297
52 303
52 317
52 343
52 388
52 391
52 400
52 401
52 492
53 70
53 73
53 74
53 86
53 103
53 142
53 165
53 205
53 220
53 271
53 278
53 347
53 359
53 364
53 391
53 436
53 464
53 467
53 470
53 483
54 55
54 79
54 127
54 150
54 201
54 213
54 215
54 238
54 255
54 327
54 335
54 388
54 395
54 415
54 432
54 457
54 471
55 65
55 109
55 123
55 137
55 148
55 199
55 223
55 238
55 252
55 260
55 279
55 284
55 324
55 341
55 347
55 395
55 405
55 410
55 413
55 429
55 433
55 478
55 480
55 486
55 488
55 495
56 59
56 70
56 77
56 80
56 95
56 98
56 134
56 173
56 189
56 191
56 196
56 197
56 211
56 212
56 235
56 245
56 250
56 281
56 333
56 351
56 372
56 384
56 393
56 398
56 421
56 451
56 471
56 473
56 498
57 135
57 136
57 141
57 166
57 173
57 190
57 191
57 203
57 243
57 245
57 251
57 291
57 295
57 309
57 320
57 331
57 348
57 386
57 392
57 418
57 447
57 449
57 477
57 480
57 493
57 497
58 103
58 109
58 126
58 145
58 146
58 169
58 181
58 193
58 229
58 270
58 279
58 303
58 345
58 353
58 356
58 369
58 380
58 382
58 407
58 409
58 468
59 61
59 63
59 69
59 123
59 140
59 178
59 211
59 256
59 257
59 258
59 265
59 271
59 280
59 298
59 305
59 325
59 327
59 366
59 382
59 404
59 412
59 433
59 438
59 484
59 498
60 92
60 121
60 124
60 140
60 143
60 151
60 163
60 214
60 238
60 256
60 263
60 264
60 284
60 289
60 292
60 300
60 318
60 373
60 378
60 400
60 421
60 429
60 442
60 469
61 86
61 111
61 113
61 136
61 149
61 153
61 161
61 163
61 190
61 197
61 211
61 229
61 277
61 283
61 301
61 306
61 324
61 334
61 335
61 341
61 372
61 380
61 432
61 452
61 478
61 484
61 488
62 65
62 83
62 86
62 97
62 102
62 114
62 127
62 130
62 167
62 173
62 178
62 203
62 210
62 215
62 227
62 239
62 260
62 306
62 336
62 372
62 379
62 398
62 411
62 419
62 467
62 470
62 483
62 491
63 70
63 75
63 158
63 161
63 164
63 202
63 210
63 218
63 235
63 243
63 256
63 264
63 272
63 285
63 294
63 309
63 323
63 353
63 401
63 428
63 446
63 448
63 453
63 457
63 461
63 472
63 479
63 480
63 495
64 75
64 81
64 113
64 160
64 161
64 195
64 206
64 229
64 232
64 257
64 299
64 333
64 341
64 343
64 406
64 423
64 441
64 445
64 448
64 457
64 468
64 476
64 481
64 487
64 489
65 81
65 83
65 100
65 116
65 124
65 130
65 139
65 176
65 184
65 186
65 191
65 192
65 198
65 212
65 218
65 240
65 252
65 258
65 270
65 271
65 289
65 295
65 299
65 304
65 318
65 331
65 333
65 352
65 370
65 433
65 435
65 445
65 455
65 482
65 494
66 67
66 70
66 74
66 79
66 107
66 115
66 137
66 201
66 203
66 204
66 218
66 223
66 267
66 273
66 286
66 305
66 311
66 320
66 352
66 353
66 372
66 384
66 388
66 411
66 414
66 425
66 458
66 469
66 474
66 482
66 483
67 71
67 73
67 100
67 111
67 175
67 178
67 191
67 214
67 216
67 243
67 247
67 248
67 265
67 274
67 276
67 278
67 295
67 310
67 319
67 333
67 335
67 340
67 388
67 393
67 406
67 429
67 445
67 463
67 485
67 490
67 494
68 75
68 81
68 92
68 117
68 150
68 156
68 157
68 169
68 188
68 189
68 197
68 208
68 217
68 239
68 255
68 260
68 271
68 312
68 317
68 356
68 368
68 423
68 469
68 483
69 100
69 128
69 134
69 161
69 170
69 206
69 222
69 225
69 226
69 234
69 245
69 266
69 323
69 335
69 354
69 400
69 437
69 449
69 462
69 465
70 76
70 108
70 111
70 113
70 156
70 162
70 175
70 181
70 187
70 198
70 201
70 319
70 340
70 351
70 356
70 369
70 382
70 392
70 404
70 415
70 416
70 485
71 87
71 105
71 123
71 177
71 209
71 218
71 239
71 246
71 273
71 290
71 301
71 316
71 323
71 331
71 336
71 340
71 349
71 375
71 394
71 397
71 416
71 433
71 477
71 499
72 87
72 114
72 119
72 128
72 145
72 147
72 150
72 155
72 156
72 167
72 198
72 209
72 229
72 234
72 252
72 272
72 304
72 315
72 331
72 339
72 340
72 362
72 366
72 430
72 442
72 458
72 466
72 479
72 480
73 118
73 140
73 154
73 156
73 168
73 183
73 206
73 212
73 213
73 226
73 230
73 232
73 273
73 286
73 331
73 384
73 386
73 389
73 390
73 408
73 411
73 425
73 434
73 448
73 468
73 475
73 479
74 82
74 92
74 102
74 149
74 150
74 159
74 164
74 168
74 184
74 195
74 207
74 210
74 229
74 246
74 248
74 250
74 251
74 264
74 281
74 283
74 285
74 295
74 317
74 320
74 336
74 351
74 364
74 369
74 379
74 386
74 402
74 403
74 423
74 428
74 437
74 443
74 445
74 464
74 466
74 485
74 490
75 111
75 121
75 146
75 156
75 199
75 230
75 260
75 279
75 291
75 297
75 336
75 338
75 342
75 376
75 393
75 418
75 461
75 475
75 492
76 77
76 87
76 104
76 121
76 126
76 138
76 147
76 153
76 185
76 193
76 198
76 209
76 223
76 225
76 237
76 243
76 254
76 255
76 256
76 302
76 307
76 324
76 334
76 345
76 382
76 387
76 392
76 420
76 428
76 443
76 481
77 79
77 97
77 109
77 141
77 150
77 173
77 177
77 209
77 212
77 221
77 233
77 243
77 284
77 285
77 288
77 296
77 303
77 311
77 322
77 332
77 359
77 365
77 429
77 447
77 453
77 473
77 497
78 87
78 106
78 132
78 135
78 178
78 221
78 222
78 268
78 272
78 305
78 328
78 354
78 366
78 373
78 387
78 400
78 466
78 473
78 493
79 89
79 109
79 122
79 124
79 130
79 137
79 146
79 180
79 215
79 225
79 258
79 275
79 279
79 291
79 293
79 309
79 341
79 356
79 363
79 421
79 426
79 428
79 445
79 452
79 455
79 459
79 464
79 468
79 476
79 493
80 104
80 110
80 131
80 157
80 193
80 199
80 212
80 213
80 221
80 223
80 230
80 251
80 255
80 277
80 289
80 318
80 351
80 378
80 408
80 415
80 420
80 430
80 436
80 454
80 455
80 460
80 481
80 491
81 140
81 193
81 194
81 209
81 224
81 248
81 277
81 278
81 299
81 305
81 332
81 339
81 351
81 393
81 398
81 411
81 419
81 428
81 461
81 493
82 98
82 101
82 132
82 140
82 160
82 166
82 191
82 206
82 218
82 224
82 230
82 252
82 279
82 284
82 295
82 304
82 309
82 355
82 359
82 390
82 398
82 400
82 429
82 449
82 458
83 95
83 101
83 118
83 122
83 159
83 160
83 165
83 203
83 245
83 250
83 292
83 322
83 338
83 355
83 357
83 374
83 405
83 423
83 446
83 447
83 449
83 468
84 95
84 117
84 120
84 144
84 156
84 199
84 204
84 206
84 213
84 224
84 283
84 303
84 314
84 321
84 334
84 343
84 345
84 358
84 362
84 398
84 405
84 408
84 410
84 413
84 421
84 447
84 453
84 497
85 89
85 98
85 104
85 105
85 145
85 161
85 218
85 222
85 223
85 233
85 252
85 261
85 292
85 298
85 299
85 301
85 317
85 322
85 394
85 407
85 413
85 468
85 473
85 487
85 498
86 100
86 103
86 138
86 140
86 141
86 144
86 181
86 184
86 218
86 229
86 275
86 289
86 319
86 345
86 368
86 377
86 381
86 393
86 454
86 459
86 481
86 485
86 499
87 100
87 116
87 117
87 134
87 143
87 151
87 165
87 199
87 202
87 208
87 239
87 258
87 263
87 276
87 293
87 316
87 335
87 377
87 394
87 429
87 489
88 106
88 116
88 129
88 163
88 168
88 184
88 185
88 211
88 297
88 298
88 301
88 318
88 325
88 349
88 380
88 422
88 432
88 470
88 487
88 493
89 93
89 96
89 119
89 157
89 170
89 174
89 189
89 256
89 263
89 280
89 311
89 312
89 321
89 358
89 379
89 438
89 439
89 448
89 457
89 483
89 498
90 120
90 132
90 139
90 146
90 166
90 174
90 181
90 186
90 204
90 219
90 230
90 246
90 248
90 268
90 362
90 392
90 405
90 413
90 428
90 444
91 108
91 116
91 141
91 210
91 219
91 229
91 238
91 252
91 305
91 315
91 343
91 347
91 348
91 359
91 376
91 381
91 391
91 398
91 401
91 444
91 453
91 470
92 104
92 111
92 112
92 127
92 128
92 176
92 194
92 204
92 206
92 213
92 233
92 237
92 239
92 252
92 258
92 279
92 286
92 300
92 320
92 326
92 336
92 341
92 343
92 360
92 364
92 367
92 389
92 450
92 486
92 496
93 102
93 111
93 112
93 116
93 118
93 123
93 128
93 134
93 162
93 174
93 188
93 190
93 195
93 204
93 208
93 242
93 256
93 305
93 338
93 356
93 364
93 382
93 392
93 404
93 432
93 445
93 462
93 484
93 487
93 496
93 499
94 98
94 112
94 133
94 151
94 201
94 245
94 254
94 268
94 326
94 333
94 366
94 376
94 394
94 465
94 468
94 469
94 473
94 481
94 492
94 496
95 118
95 121
95 124
95 135
95 144
95 149
95 159
95 164
95 189
95 199
95 209
95 217
95 220
95 233
95 246
95 251
95 271
95 291
95 299
95 315
95 347
95 370
95 389
95 402
95 407
95 444
95 446
95 449
95 483
95 499
96 102
96 112
96 113
96 120
96 126
96 135
96 140
96 166
96 184
96 204
96 212
96 260
96 262
96 290
96 313
96 365
96 368
96 400
96 401
96 404
96 413
96 418
96 438
96 456
96 465
96 484
96 492
97 120
97 138
97 144
97 205
97 219
97 232
97 244
97 245
97 246
97 255
97 259
97 269
97 281
97 318
97 334
97 338
97 349
97 373
97 375
97 381
97 390
97 452
98 103
98 126
98 129
98 136
98 153
98 162
98 195
98 204
98 227
98 232
98 261
98 320
98 338
98 339
98 343
98 359
98 361
98 409
98 412
98 430
98 438
98 448
99 105
99 156
99 164
99 178
99 185
99 192
99 201
99 207
99 269
99 277
99 291
99 297
99 314
99 331
99 429
99 441
99 455
99 490
100 112
100 136
100 168
100 210
100 216
100 220
100 237
100 242
100 248
100 263
100 271
100 285
100 287
100 291
100 314
100 315
100 321
100 327
100 397
100 421
100 423
100 439
100 443
100 499
101 206
101 218
101 231
101 240
101 245
101 248
101 250
101 264
101 273
101 274
101 281
101 293
101 299
101 321
101 352
101 360
101 378
101 380
101 392
101 399
101 402
101 413
101 433
101 437
101 479
101 488
102 103
102 104
102 107
102 111
102 119
102 148
102 167
102 180
102 200
102 212
102 225
102 228
102 238
102 242
102 249
102 259
102 285
102 313
102 318
102 330
102 339
102 385
102 386
102 398
102 437
102 470
102 482
102 493
102 495
103 169
103 196
103 199
103 205
103 208
103 209
103 213
103 264
103 280
103 315
103 320
103 321
103 335
103 351
103 355
103 364
103 383
103 423
103 424
103 439
103 452
103 454
103 463
103 466
103 472
104 129
104 161
104 162
104 180
104 193
104 218
104 228
104 231
104 317
104 335
104 348
104 373
104 400
104 429
104 430
105 131
105 138
105 189
105 213
105 219
105 242
105 250
105 268
105 282
105 283
105 310
105 327
105 353
105 382
105 388
105 389
105 398
105 412
105 441
105 450
105 472
105 478
105 493
105 496
106 112
106 121
106 157
106 199
106 210
106 211
106 214
106 217
106 248
106 303
106 306
106 308
106 358
106 367
106 382
106 384
106 389
106 398
106 407
106 415
106 419
106 428
106 432
106 474
106 498
107 152
107 180
107 181
107 197
107 209
107 210
107 249
107 251
107 292
107 303
107 306
107 318
107 360
107 379
107 381
107 383
107 391
107 408
107 425
107 456
107 459
107 473
107 476
107 483
107 485
107 488
107 491
107 493
108 117
108 118
108 121
108 128
108 129
108 142
108 152
108 162
108 180
108 200
108 213
108 232
108 277
108 296
108 297
108 313
108 328
108 343
108 351
108 387
108 394
108 422
108 428
108 457
108 477
108 495
109 135
109 150
109 154
109 180
109 198
109 243
109 247
109 253
109 268
109 308
109 331
109 364
109 377
109 406
109 407
109 419
109 431
109 436
109 445
109 454
109 464
109 468
110 111
110 121
110 126
110 150
110 156
110 187
110 189
110 238
110 291
110 293
110 336
110 337
110 353
110 366
110 389
110 399
110 431
110 444
110 452
110 466
110 495
111 114
111 116
111 131
111 138
111 144
111 152
111 163
111 209
111 251
111 255
111 271
111 306
111 315
111 368
111 374
111 384
111 390
111 393
111 394
111 395
111 401
111 404
111 446
111 455
111 483
112 116
112 132
112 206
112 218
112 220
112 255
112 271
112 298
112 299
112 315
112 346
112 370
112 378
112 394
112 407
112 425
112 431
112 489
112 492
113 147
113 161
113 162
113 164
113 181
113 183
113 191
113 195
113 208
113 227
113 231
113 240
113 244
113 254
113 301
113 316
113 340
113 356
113 363
113 365
113 405
113 410
113 419
113 428
113 441
114 157
114 194
114 210
114 224
114 227
114 271
114 282
114 286
114 300
114 305
114 312
114 320
114 323
114 351
114 384
114 386
114 392
114 397
114 421
114 428
114 442
114 443
114 444
114 459
115 135
115 142
115 145
115 154
115 173
115 176
115 177
115 193
115 195
115 223
115 236
115 240
115 247
115 265
115 267
115 285
115 332
115 334
115 385
115 409
115 411
115 422
115 424
115 440
115 458
116 122
116 152
116 153
116 154
116 177
116 190
116 195
116 196
116 197
116 220
116 243
116 246
116 247
116 254
116 291
116 300
116 302
116 317
116 334
116 339
116 405
116 424
116 430
116 449
116 450
116 491
117 124
117 171
117 185
117 242
117 280
117 350
117 371
117 377
117 392
117 414
117 425
117 427
117 471
117 476
117 485
117 497
118 127
118 142
118 147
118 165
118 199
118 220
118 238
118 247
118 255
118 294
118 326
118 334
118 370
118 372
118 373
118 374
118 379
118 393
118 404
118 467
118 490
119 127
119 136
119 141
119 172
119 213
119 239
119 250
119 252
119 263
119 264
119 277
119 281
119 286
119 298
119 328
119 345
119 347
119 394
119 398
119 416
119 425
119 434
119 439
119 441
119 458
119 471
119 474
119 486
119 494
120 155
120 161
120 187
120 228
120 238
120 292
120 293
120 294
120 312
120 348
120 372
120 385
120 417
120 428
120 430
121 139
121 179
121 181
121 183
121 195
121 216
121 227
121 234
121 237
121 269
121 288
121 398
121 404
121 416
121 425
121 427
121 432
121 456
121 462
121 465
121 470
121 474
121 476
121 481
122 130
122 165
122 181
122 198
122 200
122 210
122 240
122 245
122 249
122 287
122 298
122 307
122 318
122 363
122 394
122 395
122 404
122 419
122 428
122 446
122 457
122 460
122 465
122 471
122 477
122 479
122 483
123 127
123 132
123 137
123 159
123 169
123 176
123 179
123 180
123 190
123 224
123 305
123 331
123 332
123 343
123 353
123 389
123 435
123 436
123 438
123 465
123 467
123 482
124 133
124 135
124 140
124 194
124 208
124 212
124 251
124 255
124 259
124 264
124 278
124 280
124 293
124 319
124 372
124 382
124 396
124 403
124 410
124 413
124 424
124 430
124 439
124 445
125 157
125 190
125 203
125 209
125 234
125 241
125 320
125 349
125 422
125 434
125 491
125 493
125 496
126 136
126 161
126 162
126 174
126 189
126 191
126 196
126 222
126 229
126 253
126 278
126 306
126 314
126 322
126 324
126 334
126 339
126 344
126 369
126 370
126 372
126 428
126 452
126 457
126 463
126 466
126 470
126 482
126 487
126 491
126 498
126 499
127 141
127 143
127 201
127 220
127 225
127 233
127 250
127 251
127 257
127 264
127 314
127 318
127 335
127 358
127 390
127 407
127 415
127 420
127 423
127 444
127 484
127 491
127 499
128 148
128 158
128 200
128 206
128 213
128 220
128 226
128 230
128 231
128 237
128 254
128 266
128 267
128 269
128 322
128 370
128 380
128 401
128 407
128 413
128 444
128 456
128 464
128 466
128 474
128 496
129 176
129 195
129 219
129 226
129 251
129 280
129 301
129 311
129 335
129 340
129 348
129 368
129 372
129 399
129 421
129 425
129 430
129 437
129 444
129 465
129 475
130 184
130 193
130 215
130 237
130 240
130 249
130 279
130 302
130 305
130 307
130 319
130 321
130 336
130 339
130 345
130 354
130 389
130 399
130 407
130 416
130 427
130 437
130 460
130 482
130 489
130 490
130 497
131 140
131 186
131 196
131 199
131 204
131 213
131 218
131 220
131 235
131 248
131 275
131 279
131 283
131 293
131 295
131 305
131 313
131 321
131 325
131 347
131 412
131 425
131 432
131 434
131 444
131 456
131 468
131 476
131 484
131 492
131 498
132 151
132 181
132 202
132 203
132 240
132 256
132 269
132 280
132 283
132 300
132 317
132 350
132 402
132 463
132 469
132 487
132 495
133 151
133 159
133 223
133 227
133 228
133 261
133 298
133 323
133 334
133 340
133 356
133 359
133 366
133 384
133 390
133 397
133 423
133 429
133 437
133 440
133 441
133 475
133 476
133 479
134 163
134 187
134 211
134 212
134 242
134 266
134 267
134 293
134 310
134 316
134 324
134 346
134 376
134 388
134 394
134 395
134 404
134 405
134 428
134 440
134 445
134 453
134 474
134 492
135 149
135 176
135 181
135 195
135 197
135 216
135 219
135 220
135 296
135 339
135 346
135 348
135 362
135 379
135 387
135 397
135 426
135 436
135 445
135 470
135 475
135 476
135 482
135 484
135 499
136 141
136 192
136 198
136 240
136 255
136 273
136 286
136 294
136 330
136 333
136 335
136 342
136 350
136 356
136 390
136 394
136 398
136 435
136 438
136 448
136 459
136 461
137 141
137 161
137 170
137 172
137 176
137 178
137 210
137 215
137 228
137 232
137 285
137 287
137 313
137 343
137 370
137 381
137 384
137 388
137 407
137 417
137 421
137 465
137 478
138 189
138 224
138 255
138 268
138 269
138 270
138 272
138 286
138 288
138 303
138 313
138 314
138 318
138 337
138 355
138 360
138 362
138 363
138 398
138 404
138 429
138 440
138 453
138 458
138 462
138 474
138 475
138 476
138 492
139 142
139 167
139 174
139 193
139 211
139 223
139 230
139 274
139 291
139 298
139 322
139 346
139 350
139 369
139 374
139 389
139 393
139 413
139 453
139 462
140 167
140 176
140 184
140 191
140 193
140 195
140 202
140 250
140 263
140 265
140 277
140 280
140 289
140 330
140 386
140 391
140 416
140 498
141 152
141 158
141 168
141 173
141 197
141 238
141 253
141 283
141 290
141 291
141 325
141 347
141 370
141 377
141 382
141 383
141 410
141 430
141 459
141 463
142 144
142 145
142 151
142 169
142 177
142 181
142 186
142 188
142 198
142 215
142 223
142 277
142 280
142 308
142 321
142 342
142 368
142 391
142 422
142 433
142 443
142 447
142 477
142 485
142 491
143 147
143 162
143 176
143 187
143 190
143 197
143 207
143 227
143 280
143 288
143 292
143 293
143 294
143 296
143 326
143 333
143 353
143 355
143 380
143 381
143 386
143 413
143 417
143 454
144 169
144 171
144 175
144 198
144 207
144 216
144 235
144 244
144 246
144 268
144 277
144 291
144 299
144 306
144 312
144 328
144 336
144 348
144 361
144 375
144 403
144 492
145 167
145 170
145 178
145 213
145 252
145 255
145 262
145 303
145 313
145 325
145 335
145 394
145 395
145 415
145 416
145 435
145 487
145 491
146 152
146 205
146 215
146 220
146 247
146 262
146 266
146 272
146 279
146 293
146 297
146 307
146 339
146 354
146 389
146 394
146 405
146 407
146 409
146 436
146 447
146 463
146 470
146 496
147 164
147 243
147 265
147 313
147 341
147 353
147 354
147 368
147 390
147 392
147 404
147 471
147 486
148 149
148 153
148 174
148 177
148 197
148 213
148 230
148 248
148 308
148 316
148 334
148 349
148 367
148 374
148 375
148 378
148 392
148 395
148 404
148 419
148 423
148 445
148 457
148 459
148 465
148 474
148 485
148 494
148 498
149 158
149 161
149 163
149 223
149 225
149 228
149 233
149 240
149 242
149 255
149 258
149 262
149 300
149 309
149 318
149 349
149 369
149 383
149 391
149 400
149 402
149 404
149 419
149 429
149 437
149 450
150 167
150 181
150 203
150 212
150 271
150 283
150 323
150 334
150 353
150 355
150 356
150 382
150 390
150 424
150 431
150 443
150 467
150 481
151 158
151 175
151 207
151 224
151 227
151 244
151 253
151 265
151 280
151 282
151 304
151 308
151 317
151 337
151 343
151 344
151 347
151 350
151 466
151 483
152 171
152 218
152 242
152 246
152 247
152 257
152 260
152 269
152 288
152 313
152 368
152 369
152 393
152 404
152 423
152 478
152 499
153 158
153 170
153 190
153 195
153 210
153 224
153 241
153 245
153 265
153 270
153 292
153 295
153 312
153 365
153 378
153 403
153 466
153 480
153 489
154 163
154 190
154 191
154 199
154 215
154 227
154 238
154 245
154 284
154 292
154 297
154 298
154 307
154 335
154 336
154 341
154 358
154 388
154 403
154 414
154 439
154 447
154 450
154 464
155 156
155 177
155 185
155 195
155 201
155 213
155 215
155 221
155 229
155 266
155 278
155 293
155 304
155 324
155 343
155 363
155 403
155 405
155 417
155 484
155 492
155 497
155 499
156 157
156 198
156 222
156 236
156 245
156 268
156 284
156 286
156 295
156 301
156 338
156 371
156 386
156 392
156 412
156 492
156 495
157 171
157 185
157 186
157 189
157 209
157 212
157 240
157 242
157 251
157 290
157 293
157 302
157 304
157 335
157 355
157 403
157 424
157 451
157 466
157 468
157 496
157 499
158 175
158 194
158 196
158 202
158 212
158 276
158 322
158 328
158 336
158 358
158 369
158 383
158 495
159 164
159 167
159 183
159 185
159 196
159 226
159 232
159 234
159 261
159 264
159 272
159 287
159 357
159 383
159 385
159 387
159 390
159 402
159 411
159 424
159 432
159 433
159 438
159 465
159 498
160 176
160 196
160 202
160 206
160 213
160 224
160 240
160 259
160 334
160 344
160 345
160 361
160 370
160 400
160 429
160 462
160 463
160 498
161 163
161 182
161 193
161 205
161 208
161 215
161 218
161 227
161 285
161 298
161 319
161 320
161 389
161 390
161 416
161 436
161 479
162 229
162 241
162 267
162 280
162 313
162 314
162 319
162 340
162 347
162 352
162 369
162 372
162 400
162 403
162 412
162 419
162 432
162 467
162 470
162 472
163 173
163 185
163 187
163 193
163 207
163 208
163 246
163 269
163 283
163 296
163 313
163 337
163 372
163 379
163 444
163 478
164 167
164 189
164 196
164 199
164 206
164 216
164 252
164 278
164 287
164 295
164 326
164 332
164 345
164 351
164 364
164 374
164 415
164 424
164 429
164 447
164 485
165 174
165 177
165 178
165 210
165 222
165 297
165 324
165 338
165 348
165 357
165 362
165 372
165 373
165 382
165 418
165 440
165 441
165 442
165 449
165 479
166 183
166 205
166 216
166 217
166 220
166 240
166 251
166 289
166 290
166 292
166 293
166 314
166 315
166 371
166 383
166 389
166 397
166 424
166 430
166 433
166 435
166 443
166 481
166 482
167 191
167 251
167 272
167 277
167 291
167 317
167 347
167 351
167 359
167 445
167 474
167 485
167 488
168 188
168 228
168 235
168 236
168 244
168 265
168 293
168 302
168 332
168 344
168 381
168 394
168 400
168 404
168 421
168 451
169 202
169 211
169 227
169 233
169 248
169 253
169 265
169 292
169 294
169 305
169 329
169 369
169 370
169 379
170 187
170 198
170 202
170 212
170 240
170 242
170 259
170 268
170 273
170 275
170 281
170 295
170 297
170 307
170 344
170 383
170 407
170 424
170 427
170 430
170 433
170 473
170 477
170 489
171 192
171 193
171 198
171 211
171 215
171 228
171 277
171 298
171 332
171 337
171 345
171 370
171 390
171 391
171 398
171 416
171 442
171 446
171 463
171 482
171 484
172 173
172 200
172 201
172 227
172 237
172 238
172 257
172 267
172 271
172 272
172 286
172 289
172 308
172 332
172 333
172 354
172 358
172 365
172 370
172 380
172 382
172 385
172 388
172 405
172 408
172 426
172 431
172 452
172 461
172 469
172 484
173 190
173 227
173 244
173 260
173 262
173 267
173 298
173 313
173 328
173 330
173 354
173 367
173 381
173 400
173 401
173 402
173 431
173 449
173 452
173 474
173 477
173 487
173 488
174 180
174 201
174 209
174 226
174 235
174 242
174 243
174 249
174 280
174 283
174 292
174 309
174 313
174 315
174 325
174 330
174 331
174 343
174 348
174 379
174 381
174 408
174 410
174 441
174 471
175 176
175 197
175 295
175 328
175 343
175 379
175 406
175 425
175 436
175 443
175 461
176 178
176 184
176 205
176 219
176 231
176 242
176 246
176 249
176 273
176 281
176 393
176 398
176 406
176 415
176 427
176 452
176 480
176 488
177 180
177 211
177 221
177 222
177 229
177 242
177 252
177 259
177 291
177 309
177 310
177 363
177 365
177 374
177 411
177 451
177 457
177 461
177 468
177 484
177 498
178 197
178 201
178 204
178 221
178 229
178 258
178 260
178 277
178 295
178 305
178 318
178 355
178 361
178 374
178 376
178 387
178 428
178 431
178 446
178 456
178 465
178 489
178 493
179 207
179 249
179 270
179 296
179 316
179 337
179 342
179 347
179 359
179 363
179 379
179 391
179 430
179 451
179 457
179 458
179 478
179 485
180 183
180 204
180 218
180 219
180 226
180 232
180 233
180 235
180 239
180 244
180 255
180 261
180 278
180 286
180 324
180 326
180 381
180 393
180 396
180 402
180 431
180 452
180 471
181 184
181 185
181 194
181 200
181 201
181 219
181 247
181 294
181 329
181 343
181 350
181 352
181 406
181 409
181 418
181 434
181 445
181 460
181 467
182 190
182 216
182 242
182 297
182 306
182 359
182 373
182 400
182 443
182 480
183 210
183 236
183 266
183 275
183 317
183 318
183 346
183 369
183 378
183 382
183 399
183 412
183 437
183 440
183 467
183 474
184 200
184 219
184 220
184 240
184 246
184 255
184 262
184 285
184 307
184 338
184 339
184 347
184 350
184 352
184 388
184 415
184 420
184 481
184 486
184 492
185 189
185 215
185 218
185 242
185 259
185 289
185 291
185 314
185 329
185 337
185 344
185 381
185 385
185 388
185 389
185 398
185 412
185 419
185 450
185 455
185 460
185 480
185 481
186 202
186 221
186 236
186 245
186 248
186 257
186 279
186 320
186 329
186 332
186 359
186 380
186 404
186 408
186 417
186 425
186 431
186 439
186 456
186 462
186 469
187 192
187 196
187 207
187 236
187 238
187 241
187 245
187 262
187 263
187 264
187 266
187 271
187 277
187 364
187 373
187 380
187 398
187 429
187 435
187 449
187 454
187 467
187 472
187 484
188 201
188 203
188 210
188 212
188 220
188 248
188 279
188 284
188 296
188 304
188 309
188 321
188 340
188 372
188 378
188 404
188 427
188 431
188 437
188 456
188 466
188 468
188 474
188 483
189 236
189 247
189 252
189 274
189 283
189 299
189 320
189 326
189 330
189 336
189 341
189 351
189 352
189 369
189 377
189 397
189 425
189 428
189 474
190 199
190 204
190 216
190 230
190 236
190 253
190 273
190 285
190 286
190 308
190 311
190 325
190 331
190 334
190 343
190 352
190 363
190 383
190 401
190 417
190 434
190 437
190 440
190 467
190 470
190 471
190 474
190 479
190 493
191 224
191 225
191 234
191 245
191 251
191 262
191 266
191 271
191 290
191 298
191 301
191 316
191 334
191 339
191 352
191 359
191 368
191 374
191 380
191 385
191 386
191 404
191 415
191 416
191 433
191 440
191 451
191 457
191 459
191 471
191 486
191 489
192 201
192 203
192 219
192 298
192 314
192 320
192 322
192 365
192 367
192 416
192 433
192 441
192 449
192 469
192 489
193 245
193 293
193 321
193 328
193 340
193 354
193 365
193 375
193 384
193 421
193 428
193 433
193 436
193 442
193 466
193 469
193 491
193 492
194 232
194 273
194 292
194 302
194 348
194 375
194 418
194 452
194 457
194 470
194 484
194 492
195 224
195 230
195 306
195 318
195 368
195 390
195 399
195 403
195 430
195 437
195 461
195 465
195 472
195 488
196 221
196 228
196 229
196 294
196 300
196 305
196 364
196 380
196 388
196 422
196 427
196 464
196 490
197 201
197 238
197 241
197 254
197 292
197 306
197 385
197 401
197 406
197 441
197 451
197 454
197 457
197 462
198 206
198 211
198 213
198 217
198 219
198 240
198 243
198 255
198 260
198 266
198 267
198 273
198 299
198 300
198 330
198 338
198 345
198 346
198 356
198 362
198 364
198 400
198 425
198 471
198 475
199 214
199 232
199 246
199 251
199 282
199 283
199 293
199 304
199 317
199 320
199 323
199 362
199 363
199 364
199 365
199 378
199 407
199 423
199 450
199 453
200 215
200 251
200 316
200 318
200 335
200 357
200 368
200 377
200 382
200 397
200 466
200 484
200 485
200 495
201 210
201 219
201 228
201 247
201 256
201 278
201 300
201 337
201 346
201 364
201 384
201 387
201 391
201 403
201 421
201 437
201 459
201 481
202 206
202 217
202 220
202 232
202 244
202 254
202 289
202 291
202 294
202 296
202 305
202 310
202 318
202 352
202 356
202 361
202 372
202 388
202 400
202 427
203 206
203 209
203 232
203 290
203 293
203 299
203 331
203 347
203 383
203 389
203 411
203 432
203 433
203 465
203 467
203 478
203 479
203 485
204 240
204 243
204 258
204 262
204 279
204 280
204 296
204 301
204 329
204 354
204 359
204 361
204 374
204 377
204 378
204 395
204 435
204 448
204 478
204 483
205 238
205 243
205 265
205 268
205 274
205 321
205 350
205 364
205 371
205 437
205 439
205 457
205 494
206 208
206 221
206 232
206 251
206 263
206 265
206 266
206 308
206 337
206 342
206 351
206 352
206 358
206 360
206 388
206 415
206 459
206 465
206 467
206 479
206 480
206 496
207 219
207 236
207 237
207 258
207 260
207 275
207 279
207 290
207 321
207 322
207 332
207 337
207 347
207 361
207 410
207 450
207 469
207 484
207 488
208 235
208 283
208 316
208 318
208 329
208 344
208 428
208 471
208 475
208 482
208 490
209 222
209 246
209 284
209 289
209 292
209 331
209 334
209 358
209 399
209 423
209 428
209 451
209 493
210 219
210 228
210 242
210 257
210 261
210 278
210 400
210 405
210 415
210 418
210 419
210 439
210 449
210 463
210 464
211 213
211 230
211 231
211 287
211 294
211 306
211 307
211 317
211 336
211 338
211 341
211 349
211 371
211 386
211 399
211 414
211 421
211 433
211 446
211 462
212 242
212 250
212 263
212 290
212 298
212 323
212 340
212 348
212 357
212 368
212 386
212 411
212 421
212 424
212 451
212 452
212 454
212 469
212 496
213 250
213 264
213 269
213 302
213 308
213 332
213 333
213 342
213 350
213 449
213 476
213 478
213 492
213 494
214 215
214 222
214 233
214 252
214 275
214 278
214 291
214 297
214 303
214 342
214 346
214 351
214 380
214 423
214 462
214 480
215 272
215 278
215 300
215 304
215 318
215 321
215 367
215 380
215 386
215 395
215 408
215 444
215 453
215 455
215 464
215 478
215 490
216 220
216 221
216 266
216 268
216 270
216 305
216 316
216 330
216 338
216 343
216 359
216 375
216 395
216 400
216 403
216 405
216 408
216 423
216 425
216 433
216 440
217 242
217 243
217 245
217 246
217 252
217 275
217 304
217 317
217 344
217 360
217 365
217 374
217 378
217 386
217 429
217 440
217 441
217 457
217 475
217 477
217 486
218 224
218 237
218 246
218 260
218 266
218 270
218 275
218 279
218 291
218 324
218 326
218 345
218 367
218 369
218 375
218 401
218 404
218 425
218 440
218 468
218 497
219 232
219 233
219 247
219 292
219 330
219 392
219 415
219 442
219 451
219 461
219 474
219 479
219 487
219 490
219 499
220 229
220 230
220 246
220 270
220 271
220 285
220 287
220 293
220 314
220 323
220 326
220 392
220 403
220 470
220 474
220 487
221 286
221 314
221 327
221 381
221 384
221 393
221 394
221 398
221 456
221 472
221 475
221 486
222 239
222 241
222 246
222 252
222 263
222 270
222 278
222 283
222 292
222 294
222 301
222 320
222 371
222 397
222 400
222 409
222 410
222 414
222 426
222 452
222 460
222 474
222 478
223 227
223 241
223 244
223 264
223 306
223 325
223 346
223 353
223 387
223 397
223 401
223 405
223 409
223 414
223 420
223 421
223 435
223 437
223 448
224 226
224 251
224 256
224 278
224 288
224 297
224 314
224 324
224 327
224 369
224 373
224 381
224 406
224 422
224 425
224 428
224 455
224 474
224 476
224 499
225 236
225 245
225 246
225 248
225 250
225 253
225 300
225 308
225 315
225 339
225 343
225 367
225 406
225 457
225 468
226 259
226 268
226 287
226 288
226 312
226 313
226 320
226 344
226 350
226 392
226 396
226 400
226 423
226 436
226 438
226 439
226 443
226 447
226 450
226 458
226 466
226 476
226 478
226 479
227 260
227 263
227 283
227 289
227 291
227 300
227 363
227 374
227 375
227 377
227 428
227 430
227 434
227 438
227 464
227 467
227 481
228 265
228 266
228 291
228 292
228 296
228 299
228 319
228 389
228 391
228 400
228 409
228 413
228 421
228 427
228 444
228 445
228 448
228 454
228 457
228 458
228 473
228 486
229 255
229 262
229 265
229 275
229 276
229 277
229 352
229 371
229 383
229 388
229 389
229 396
229 397
229 410
229 436
229 464
229 470
229 484
230 235
230 245
230 263
230 274
230 300
230 308
230 338
230 342
230 345
230 389
230 408
230 412
230 414
230 418
230 424
230 443
230 444
230 446
230 473
230 480
231 232
231 262
231 273
231 279
231 283
231 290
231 292
231 314
231 335
231 347
231 348
231 352
231 378
231 412
231 421
231 436
231 438
231 453
231 454
231 461
232 240
232 245
232 251
232 284
232 289
232 292
232 300
232 312
232 329
232 366
232 367
232 394
232 396
232 459
232 483
232 484
233 239
233 240
233 248
233 255
233 259
233 273
233 274
233 276
233 289
233 310
233 327
233 328
233 337
233 369
233 394
233 417
233 420
233 422
233 431
233 434
233 464
233 467
234 237
234 246
234 283
234 334
234 336
234 368
234 373
234 436
234 446
234 459
234 462
234 474
234 476
234 481
234 497
235 255
235 274
235 276
235 285
235 302
235 310
235 328
235 329
235 370
235 371
235 373
235 395
235 399
235 422
235 426
235 443
235 447
235 452
235 454
235 464
235 471
235 483
235 484
235 486
235 497
236 254
236 256
236 271
236 359
236 362
236 369
236 370
236 384
236 410
236 419
237 238
237 290
237 302
237 315
237 319
237 328
237 334
237 345
237 366
237 380
237 384
237 404
237 415
237 437
237 445
237 453
237 467
237 477
237 482
238 239
238 256
238 265
238 308
238 326
238 356
238 397
238 494
239 251
239 258
239 264
239 275
239 287
239 293
239 325
239 389
239 392
239 395
239 412
239 414
239 485
239 489
240 265
240 360
240 368
240 385
240 398
240 404
240 412
240 419
240 437
240 441
240 451
240 454
240 460
240 466
240 470
240 490
241 244
241 264
241 268
241 313
241 367
241 416
241 426
241 432
241 473
242 256
242 315
242 374
242 394
242 408
242 410
242 413
242 414
242 450
242 458
242 465
242 484
242 488
242 490
242 494
243 256
243 315
243 318
243 320
243 363
243 367
243 374
243 383
243 419
243 421
243 450
243 453
243 477
244 247
244 255
244 256
244 257
244 261
244 267
244 289
244 293
244 295
244 299
244 318
244 319
244 360
244 362
244 381
244 388
244 419
244 468
244 475
244 482
244 489
244 498
245 277
245 278
245 282
245 313
245 339
245 356
245 383
245 400
245 415
245 452
245 459
245 471
246 260
246 270
246 277
246 304
246 310
246 322
246 354
246 380
246 383
246 390
246 403
246 442
246 448
246 453
246 466
246 485
247 276
247 302
247 320
247 362
247 379
247 389
247 399
247 407
247 425
247 493
247 498
248 255
248 261
248 284
248 329
248 331
248 343
248 363
248 365
248 373
248 429
248 449
248 452
248 478
249 295
249 314
249 335
249 356
249 365
249 379
249 402
249 412
249 435
249 454
249 459
249 479
250 256
250 262
250 287
250 289
250 292
250 300
250 303
250 311
250 322
250 325
250 335
250 340
250 352
250 365
250 371
250 392
250 400
250 425
250 430
250 438
250 466
250 494
251 262
251 296
251 318
251 375
251 390
251 415
251 431
251 474
251 483
252 278
252 283
252 288
252 321
252 327
252 338
252 370
252 381
252 435
252 436
252 437
252 482
252 483
253 256
253 270
253 298
253 308
253 319
253 323
253 343
253 405
253 414
253 448
253 482
254 263
254 306
254 319
254 330
254 353
254 354
254 356
254 364
254 384
254 385
254 401
254 445
254 448
254 474
254 485
255 260
255 307
255 327
255 356
255 375
255 384
255 388
255 398
255 437
255 464
255 465
255 469
255 482
255 497
256 268
256 275
256 283
256 284
256 288
256 295
256 298
256 308
256 309
256 355
256 380
256 414
256 478
256 488
256 495
256 497
257 261
257 293
257 310
257 320
257 323
257 347
257 359
257 464
257 489
257 490
257 499
258 312
258 313
258 342
258 349
258 366
258 385
258 397
258 398
258 412
258 452
258 470
258 485
259 263
259 265
259 280
259 310
259 367
259 388
259 389
259 398
259 415
259 428
259 444
259 445
259 456
259 461
259 466
259 470
260 270
260 272
260 281
260 310
260 331
260 332
260 335
260 339
260 355
260 367
260 369
260 392
260 430
260 447
260 463
260 466
260 496
261 283
261 299
261 342
261 359
261 390
261 415
261 427
261 484
261 488
262 271
262 272
262 296
262 331
262 339
262 349
262 360
262 374
262 401
262 404
262 419
262 436
262 438
262 447
262 459
262 460
262 498
263 282
263 294
263 321
263 339
263 364
263 376
263 379
263 410
263 451
263 455
263 467
263 491
263 496
264 280
264 319
264 333
264 339
264 348
264 353
264 409
264 415
264 421
264 423
264 471
264 483
265 295
265 307
265 325
265 334
265 365
265 369
265 383
265 417
265 433
265 446
265 456
265 464
265 490
265 491
266 278
266 286
266 290
266 298
266 304
266 333
266 379
266 389
266 394
266 401
266 411
266 420
266 431
266 459
266 470
266 472
266 480
266 492
267 298
267 299
267 302
267 308
267 332
267 346
267 356
267 370
267 390
267 445
267 456
268 275
268 276
268 306
268 307
268 333
268 344
268 354
268 394
268 423
268 430
268 444
268 447
268 487
269 275
269 305
269 316
269 323
269 339
269 340
269 372
269 382
269 402
269 416
269 420
269 425
269 430
269 435
269 447
269 467
269 498
270 275
270 278
270 298
270 329
270 351
270 386
270 394
270 405
270 421
270 441
270 449
270 482
271 285
271 288
271 290
271 326
271 329
271 346
271 351
271 353
271 354
271 372
271 380
271 391
271 397
271 405
271 407
271 423
271 424
271 432
271 436
271 443
271 451
271 461
271 492
271 497
272 273
272 287
272 289
272 316
272 318
272 328
272 335
272 350
272 417
272 427
272 448
272 457
272 494
272 496
273 278
273 279
273 296
273 301
273 320
273 337
273 343
273 345
273 363
273 372
273 373
273 392
273 410
273 425
273 450
273 457
273 469
273 478
274 275
274 293
274 300
274 307
274 321
274 340
274 359
274 402
274 413
274 476
274 493
275 280
275 311
275 314
275 330
275 345
275 355
275 363
275 384
275 421
275 462
275 465
275 472
275 482
275 484
276 285
276 292
276 302
276 329
276 348
276 391
276 424
276 470
276 481
276 496
277 296
277 391
277 433
277 469
277 486
277 493
278 284
278 300
278 331
278 362
278 373
278 377
278 382
278 384
278 389
278 391
278 395
278 401
278 413
278 423
278 424
278 428
278 441
278 492
279 290
279 292
279 338
279 351
279 370
279 381
279 394
279 410
279 423
279 425
279 434
279 436
279 446
279 458
279 479
279 486
279 492
279 493
280 281
280 321
280 325
280 333
280 356
280 362
280 369
280 382
280 422
280 448
280 471
280 473
280 480
280 492
281 338
281 342
281 365
281 389
281 404
281 412
281 421
281 448
281 472
281 479
281 492
281 498
282 293
282 302
282 307
282 330
282 360
282 426
282 435
282 457
282 468
282 487
283 324
283 332
283 335
283 338
283 343
283 347
283 353
283 366
283 378
283 383
283 403
283 434
283 435
283 440
283 447
283 466
283 472
283 479
283 480
283 491
283 494
284 300
284 314
284 323
284 343
284 345
284 381
284 383
284 387
284 389
284 397
284 423
284 428
284 439
284 485
284 488
284 497
285 316
285 320
285 322
285 337
285 348
285 354
285 355
285 400
285 431
285 446
285 466
285 478
285 485
285 494
285 496
286 288
286 290
286 370
286 416
286 427
286 432
286 449
286 464
286 492
286 497
287 308
287 325
287 331
287 374
287 412
287 425
287 452
287 457
287 459
287 463
287 465
287 471
287 478
287 487
288 289
288 358
288 363
288 374
288 389
288 399
288 418
288 476
288 488
288 493
289 299
289 329
289 360
289 389
289 399
289 406
289 423
289 425
289 438
289 446
289 478
289 485
289 497
290 321
290 354
290 382
290 413
290 425
290 462
290 476
291 294
291 297
291 322
291 355
291 378
291 382
291 472
291 479
291 485
291 486
292 315
292 357
292 366
292 370
292 372
292 378
292 382
292 409
292 415
292 427
292 440
292 472
292 476
292 482
293 353
293 425
293 441
293 457
293 462
293 464
293 484
293 486
294 297
294 302
294 317
294 334
294 338
294 342
294 355
294 390
294 404
294 444
294 461
294 493
295 311
295 321
295 326
295 337
295 359
295 386
295 427
295 439
295 454
295 475
296 304
296 342
296 347
296 360
296 370
296 390
296 398
296 409
296 435
296 440
296 454
296 481
296 496
297 299
297 320
297 331
297 333
297 348
297 438
297 442
297 448
297 466
297 481
297 486
297 487
297 494
298 305
298 334
298 340
298 344
298 357
298 358
298 379
298 385
298 407
298 412
298 438
298 439
298 448
298 461
298 465
298 472
298 475
298 494
298 495
298 497
299 321
299 358
299 371
299 411
299 412
299 428
299 441
299 443
299 464
299 471
299 483
299 494
299 498
300 310
300 384
300 388
300 421
300 484
300 489
300 498
301 322
301 328
301 354
301 358
301 379
301 382
301 387
301 414
301 440
301 458
301 462
301 465
301 480
302 314
302 362
302 387
302 393
302 416
302 455
302 476
302 499
303 333
303 362
303 370
303 386
303 406
303 427
303 461
303 480
304 310
304 342
304 357
304 366
304 371
304 379
304 391
304 394
304 399
304 429
304 451
304 460
305 309
305 350
305 359
305 372
305 403
305 404
305 434
305 440
305 466
305 468
305 495
306 322
306 323
306 351
306 370
306 410
306 416
306 447
306 451
306 496
307 356
307 357
307 369
307 376
307 414
307 429
307 440
307 448
308 316
308 334
308 383
308 416
308 463
308 469
308 487
309 312
309 314
309 335
309 344
309 386
309 396
309 422
309 431
309 432
309 435
309 458
309 463
309 472
309 475
309 479
310 364
310 426
310 462
310 493
311 316
311 336
311 395
311 401
311 415
311 417
311 423
311 453
312 324
312 328
312 333
312 339
312 363
312 380
312 385
312 422
312 423
312 427
312 455
312 467
312 496
313 314
313 353
313 361
313 364
313 396
313 415
313 437
313 456
313 475
313 482
314 396
314 397
314 407
314 477
314 492
315 320
315 328
315 345
315 357
315 396
315 397
315 404
315 429
315 430
315 471
315 478
315 480
315 496
316 362
316 377
316 411
316 423
316 435
316 442
316 444
316 459
316 462
316 479
317 337
317 343
317 347
317 370
317 371
317 380
317 398
317 410
317 414
317 423
317 428
317 460
317 479
317 482
318 328
318 349
318 367
318 373
318 375
318 380
318 382
318 395
318 402
318 413
318 437
318 448
318 453
318 457
319 373
319 424
319 431
319 436
319 454
319 459
319 491
320 321
320 324
320 362
320 373
320 392
320 394
320 400
320 426
320 434
320 448
320 479
320 483
320 489
321 342
321 364
321 370
321 371
321 385
321 399
321 414
321 429
321 461
322 326
322 335
322 402
322 424
322 451
322 459
322 493
322 494
323 327
323 343
323 353
323 355
323 359
323 365
323 380
323 386
323 395
323 414
323 421
323 427
323 429
323 434
323 438
323 441
323 448
323 449
323 457
323 493
324 410
324 421
324 457
325 334
325 374
325 404
325 430
325 433
325 456
326 328
326 354
326 372
326 399
326 400
326 415
326 432
326 443
326 462
326 465
326 466
326 481
326 482
327 347
327 350
327 356
327 374
327 377
327 380
327 381
327 397
327 408
327 413
327 442
327 457
327 497
327 498
327 499
328 349
328 353
328 360
328 380
328 390
328 391
328 402
328 413
328 422
328 442
328 447
328 465
328 475
328 476
328 481
328 486
328 498
329 331
329 334
329 346
329 357
329 412
329 424
329 433
329 453
329 494
330 368
330 374
330 389
330 422
330 452
330 464
330 468
330 481
331 332
331 337
331 349
331 351
331 361
331 377
331 389
331 391
331 402
331 418
331 429
331 479
331 484
331 493
332 338
332 361
332 362
332 369
332 434
332 464
332 472
332 479
332 480
332 497
333 339
333 356
333 357
333 422
333 439
333 441
333 444
333 470
333 487
334 340
334 365
334 388
334 415
334 420
334 438
334 477
334 484
334 498
335 340
335 391
335 409
335 428
335 449
335 455
335 467
335 474
335 477
336 347
336 374
336 379
336 394
336 402
336 458
337 340
337 349
337 355
337 357
337 361
337 395
337 474
337 496
338 363
338 366
338 443
338 444
338 445
338 448
338 449
338 464
338 466
339 357
339 391
339 400
339 411
339 417
339 457
339 464
339 486
339 495
340 342
340 359
340 409
340 433
340 453
340 468
340 485
340 493
341 371
341 388
341 394
341 399
341 420
341 456
341 457
341 469
341 473
341 478
341 486
341 488
341 492
342 352
342 370
342 392
342 398
342 437
342 466
342 475
342 489
342 494
343 359
343 381
343 396
343 404
343 412
343 421
343 430
343 438
343 466
343 496
344 351
344 384
344 402
344 419
344 430
344 434
344 441
344 458
344 464
345 350
345 369
345 378
345 379
345 405
345 431
345 458
345 460
345 475
345 483
345 485
346 350
346 354
346 362
346 383
346 387
346 416
346 419
346 432
346 450
346 498
347 348
347 386
347 396
347 399
347 414
347 443
347 480
347 486
348 350
348 352
348 361
348 388
348 408
348 409
348 447
348 487
349 357
349 379
349 400
349 406
349 407
349 412
349 431
349 442
349 473
349 492
350 384
350 391
350 395
350 403
350 404
350 409
350 422
350 426
350 453
350 461
350 494
350 499
351 367
351 374
351 378
351 415
351 455
351 468
352 363
352 381
352 400
352 416
352 449
352 459
352 485
352 493
353 362
353 365
353 375
353 376
353 383
353 388
353 389
353 401
353 423
353 440
353 469
353 487
354 365
354 384
354 391
354 398
354 411
354 449
354 450
354 466
355 378
355 423
355 431
355 451
355 471
355 481
355 493
356 394
356 395
356 433
356 435
356 441
356 451
356 454
356 455
356 460
356 492
357 381
357 390
357 405
357 415
357 434
357 438
357 450
357 483
358 367
358 373
358 411
358 434
358 438
358 453
358 492
359 376
359 399
359 426
359 429
359 446
360 362
360 366
360 372
360 384
360 387
360 399
360 406
360 424
360 453
360 454
360 473
360 499
361 362
361 375
361 380
361 385
361 401
361 407
361 433
361 438
361 459
361 464
361 481
361 486
361 488
362 370
362 378
362 379
362 405
362 428
362 433
362 434
362 440
362 445
362 453
363 365
363 385
363 391
363 403
363 422
363 428
363 445
363 448
363 460
363 465
363 481
364 384
364 440
364 490
364 492
365 393
365 435
365 444
365 451
365 455
365 465
365 468
365 483
365 486
365 495
366 371
366 372
366 375
366 377
366 395
366 402
366 434
366 451
366 455
366 462
366 471
367 385
367 409
367 413
367 457
367 472
367 478
368 380
368 411
368 426
368 461
368 475
368 499
369 378
369 379
369 413
369 425
369 432
369 463
369 472
369 475
369 493
370 405
370 464
371 372
371 402
371 416
371 430
371 432
371 441
371 447
372 391
372 400
372 402
372 407
372 435
372 444
372 446
372 450
372 452
372 453
372 457
373 383
373 384
373 390
373 405
373 434
373 463
373 466
373 471
373 478
373 492
374 413
375 377
375 383
375 387
375 411
375 433
375 462
375 464
375 469
375 482
376 383
376 451
376 463
376 469
376 471
376 478
376 493
377 413
377 421
377 430
377 443
377 444
377 452
377 464
378 388
378 389
378 412
378 468
378 496
379 482
380 387
380 407
380 410
380 412
380 428
380 437
380 461
380 481
381 393
381 395
381 397
381 411
381 425
381 451
381 478
381 483
381 495
382 416
382 436
382 496
383 400
383 407
383 457
383 463
383 477
383 483
384 386
384 400
384 411
384 413
384 419
384 421
384 423
384 431
384 440
384 450
384 482
385 393
385 395
385 416
385 426
385 448
386 388
386 469
386 485
387 396
387 422
387 459
387 463
387 482
387 487
388 420
388 439
388 440
388 472
388 488
388 499
389 390
389 394
389 402
389 406
389 407
389 442
389 461
389 468
389 471
389 481
390 396
390 409
390 426
390 437
390 445
390 481
390 491
391 409
391 445
391 454
391 456
392 406
392 413
392 422
392 455
392 463
393 424
393 435
393 436
393 437
393 443
393 467
393 476
393 477
393 484
393 486
393 492
394 397
394 447
394 465
394 475
395 425
395 435
395 455
395 457
395 497
395 499
396 402
396 441
396 447
396 496
397 398
397 401
397 408
397 419
397 437
397 448
397 451
397 455
397 463
397 484
398 399
398 423
398 435
398 438
398 457
398 459
398 470
399 423
399 446
399 473
399 487
400 480
401 415
401 432
401 442
401 462
401 469
401 470
401 473
401 474
401 482
402 422
402 427
402 429
402 440
402 462
402 470
402 474
402 476
402 492
403 417
403 423
403 425
403 428
403 431
403 439
403 448
403 449
403 479
404 436
404 465
404 472
404 492
405 406
405 429
405 438
405 476
405 486
406 407
406 427
406 448
406 481
406 496
407 410
407 436
407 462
407 478
407 495
408 473
408 475
408 479
408 481
408 489
408 492
408 497
409 412
409 433
409 436
409 438
409 441
409 449
409 451
409 491
410 443
410 458
410 472
411 459
411 463
411 467
412 413
412 421
412 429
412 454
413 451
413 456
413 476
413 481
414 446
414 447
414 457
414 462
415 417
415 419
415 458
415 486
415 499
416 419
416 420
416 466
416 476
416 483
417 425
417 460
417 488
418 421
418 471
418 478
419 424
419 427
419 440
419 449
419 454
419 464
419 465
419 478
419 479
419 490
420 443
420 455
420 465
420 470
421 429
421 430
421 444
421 451
421 476
421 488
422 457
422 458
422 492
422 493
422 494
422 498
423 440
423 459
423 468
423 489
424 427
424 454
425 443
425 478
425 496
426 466
427 438
427 439
427 443
427 453
427 465
428 443
428 450
428 471
428 489
428 493
429 445
429 446
429 452
429 462
429 480
429 483
429 487
429 488
430 448
430 464
430 469
430 471
431 434
431 443
431 447
431 462
431 468
431 470
431 482
432 440
432 466
432 495
433 462
433 468
433 476
434 448
434 455
434 461
434 478
434 493
435 478
435 486
435 488
435 499
436 454
436 499
437 439
437 469
437 474
438 441
438 442
438 449
438 454
438 481
438 488
438 492
439 442
439 450
439 464
439 473
439 479
439 486
440 442
440 448
440 457
440 464
440 474
440 499
441 443
441 451
441 459
441 468
441 483
442 485
442 496
442 498
443 453
443 461
443 464
444 488
445 453
446 457
446 484
447 451
447 463
447 464
447 466
447 475
447 491
447 495
448 475
448 487
448 489
449 453
449 470
449 499
450 480
450 487
450 495
451 452
451 482
453 471
453 472
454 484
454 490
455 493
456 467
456 482
457 461
457 466
457 473
458 481
459 461
459 488
460 490
461 462
461 475
461 487
461 489
462 494
463 467
463 485
464 493
465 471
465 499
466 470
468 484
468 495
469 473
469 494
470 472
470 478
470 484
471 480
471 483
471 489
471 490
472 476
473 477
473 490
473 495
474 479
475 476
475 486
475 489
475 491
476 478
477 482
477 489
477 494
478 483
479 486
481 484
481 487
482 492
482 499
483 497
484 492
484 498
488 489
490 494
498 499
