400 6383 0.8
0 12
0 17
0 25
0 33
0 54
0 68
0 73
0 79
0 92
0 111
0 117
0 138
0 142
0 158
0 167
0 177
0 187
0 189
0 190
0 205
0 220
0 228
0 231
0 242
0 252
0 253
0 257
0 270
0 319
0 328
0 336
0 341
0 348
0 351
0 362
0 363
0 376
0 377
0 378
0 385
1 32
1 34
1 35
1 73
1 74
1 81
1 83
1 101
1 108
1 114
1 119
1 126
1 159
1 164
1 168
1 177
1 201
1 207
1 215
1 229
1 230
1 235
1 244
1 247
1 289
1 291
1 294
1 317
1 323
1 327
1 334
1 345
1 363
1 364
1 368
1 376
1 380
1 395
2 8
2 27
2 36
2 39
2 69
2 80
2 107
2 109
2 121
2 135
2 141
2 156
2 181
2 208
2 217
2 238
2 244
2 276
2 285
2 287
2 303
2 304
2 330
2 334
2 339
2 340
2 360
2 385
2 395
3 5
3 15
3 38
3 50
3 66
3 71
3 99
3 100
3 157
3 160
3 181
3 198
3 208
3 217
3 231
3 245
3 260
3 283
3 285
3 301
3 322
3 325
3 327
3 330
3 337
3 339
3 340
3 372
4 9
4 14
4 20
4 31
4 41
4 43
4 45
4 76
4 80
4 82
4 91
4 96
4 97
4 100
4 109
4 116
4 139
4 152
4 156
4 158
4 160
4 183
4 205
4 208
4 214
4 231
4 240
4 257
4 272
4 318
4 325
4 359
4 376
4 381
4 393
4 397
5 14
5 41
5 54
5 72
5 87
5 92
5 99
5 135
5 145
5 146
5 155
5 158
5 167
5 175
5 179
5 182
5 185
5 225
5 233
5 253
5 270
5 291
5 292
5 293
5 297
5 312
5 324
5 338
5 344
5 367
5 373
5 381
5 395
5 399
6 21
6 28
6 50
6 51
6 61
6 69
6 77
6 91
6 92
6 95
6 106
6 135
6 137
6 151
6 153
6 155
6 159
6 179
6 181
6 186
6 231
6 260
6 268
6 284
6 297
6 310
6 330
6 333
6 340
6 362
6 387
7 29
7 32
7 34
7 44
7 113
7 117
7 122
7 124
7 132
7 142
7 162
7 163
7 173
7 176
7 185
7 194
7 214
7 218
7 222
7 247
7 249
7 252
7 262
7 265
7 268
7 276
7 277
7 300
7 311
7 327
7 346
7 349
7 389
7 392
8 19
8 40
8 45
8 63
8 67
8 71
8 79
8 94
8 107
8 108
8 125
8 126
8 128
8 176
8 200
8 205
8 239
8 268
8 282
8 294
8 299
8 305
8 328
8 330
8 332
8 333
8 338
8 340
8 365
8 369
8 371
8 377
8 393
9 12
9 33
9 35
9 51
9 78
9 79
9 80
9 96
9 143
9 184
9 187
9 193
9 200
9 202
9 230
9 274
9 288
9 318
9 336
9 337
9 352
10 16
10 39
10 62
10 70
10 77
10 80
10 88
10 98
10 125
10 126
10 145
10 152
10 156
10 162
10 166
10 168
10 175
10 177
10 178
10 201
10 211
10 226
10 240
10 282
10 290
10 295
10 296
10 297
10 317
10 343
10 350
10 352
10 354
10 360
10 374
10 382
10 393
11 19
11 24
11 30
11 46
11 48
11 50
11 54
11 57
11 66
11 86
11 101
11 118
11 120
11 122
11 125
11 141
11 149
11 152
11 158
11 160
11 175
11 185
11 187
11 196
11 206
11 221
11 239
11 245
11 255
11 259
11 291
11 317
11 326
11 344
11 348
11 380
11 384
11 391
11 393
12 48
12 53
12 67
12 68
12 71
12 79
12 88
12 111
12 117
12 129
12 141
12 149
12 154
12 175
12 182
12 201
12 203
12 231
12 241
12 268
12 272
12 282
12 310
12 326
12 329
12 336
12 339
12 342
13 20
13 31
13 40
13 44
13 91
13 119
13 158
13 160
13 176
13 190
13 201
13 239
13 281
13 291
13 308
13 317
13 327
13 336
13 345
13 366
13 369
13 372
14 24
14 33
14 70
14 71
14 106
14 108
14 162
14 192
14 195
14 208
14 215
14 222
14 223
14 236
14 247
14 249
14 277
14 282
14 293
14 301
14 305
14 313
14 330
14 342
14 365
15 19
15 24
15 44
15 58
15 65
15 70
15 73
15 76
15 109
15 112
15 123
15 161
15 196
15 199
15 200
15 205
15 210
15 229
15 248
15 275
15 355
15 358
15 387
16 29
16 34
16 48
16 50
16 51
16 52
16 65
16 67
16 78
16 94
16 98
16 137
16 149
16 171
16 184
16 208
16 217
16 294
16 295
16 302
16 307
16 334
16 344
16 364
16 370
16 376
17 25
17 28
17 54
17 56
17 64
17 76
17 87
17 90
17 94
17 96
17 113
17 142
17 144
17 170
17 182
17 185
17 233
17 242
17 247
17 248
17 251
17 282
17 299
17 307
17 312
17 313
17 317
17 330
17 336
17 339
17 368
17 370
17 376
17 384
17 393
17 396
18 41
18 42
18 55
18 57
18 60
18 66
18 85
18 91
18 92
18 133
18 178
18 214
18 235
18 243
18 245
18 249
18 250
18 252
18 259
18 263
18 286
18 299
18 302
18 305
18 311
18 335
18 366
18 371
18 373
18 377
18 379
18 381
18 386
19 34
19 55
19 56
19 57
19 75
19 78
19 82
19 84
19 103
19 104
19 123
19 130
19 151
19 157
19 163
19 214
19 217
19 239
19 243
19 247
19 250
19 261
19 284
19 295
19 298
19 308
19 323
19 325
19 326
19 327
19 346
19 348
19 364
19 375
19 381
20 49
20 67
20 82
20 94
20 104
20 105
20 111
20 112
20 118
20 123
20 125
20 130
20 131
20 145
20 162
20 170
20 175
20 208
20 219
20 223
20 230
20 235
20 249
20 265
20 267
20 289
20 299
20 309
20 312
20 319
20 330
20 354
20 371
20 381
21 36
21 95
21 116
21 130
21 134
21 154
21 171
21 175
21 184
21 198
21 210
21 222
21 234
21 243
21 246
21 253
21 257
21 279
21 289
21 302
21 311
21 314
21 316
21 319
21 324
21 333
21 363
21 387
22 38
22 54
22 57
22 64
22 77
22 113
22 162
22 173
22 176
22 212
22 218
22 267
22 294
22 302
22 310
22 349
22 356
22 367
22 384
23 30
23 52
23 79
23 86
23 96
23 107
23 112
23 117
23 139
23 151
23 153
23 156
23 161
23 176
23 181
23 191
23 224
23 229
23 233
23 253
23 278
23 291
23 314
23 320
23 327
23 342
23 346
23 377
23 380
23 390
24 54
24 58
24 72
24 79
24 88
24 111
24 118
24 134
24 166
24 180
24 181
24 210
24 214
24 224
24 228
24 241
24 242
24 256
24 266
24 275
24 297
24 306
24 307
24 311
24 313
24 328
24 335
24 336
24 337
24 345
24 348
24 353
24 358
24 362
24 365
25 31
25 55
25 59
25 61
25 63
25 76
25 82
25 90
25 93
25 99
25 101
25 121
25 140
25 145
25 150
25 154
25 175
25 184
25 190
25 207
25 241
25 242
25 249
25 252
25 253
25 268
25 285
25 293
25 300
25 309
25 312
25 317
25 320
25 336
25 363
25 366
25 376
26 29
26 30
26 39
26 41
26 50
26 61
26 67
26 70
26 77
26 84
26 89
26 91
26 100
26 101
26 102
26 121
26 135
26 167
26 173
26 184
26 207
26 211
26 219
26 220
26 223
26 245
26 283
26 284
26 289
26 296
26 300
26 304
26 314
26 320
26 324
26 329
26 338
26 371
26 381
26 398
27 28
27 39
27 41
27 56
27 59
27 66
27 73
27 80
27 86
27 91
27 94
27 98
27 102
27 103
27 106
27 116
27 118
27 124
27 127
27 152
27 167
27 169
27 211
27 219
27 225
27 235
27 236
27 288
27 298
27 318
27 326
27 351
27 355
27 356
27 361
27 373
27 382
27 399
28 32
28 45
28 46
28 54
28 62
28 85
28 101
28 122
28 123
28 130
28 136
28 154
28 184
28 191
28 211
28 222
28 226
28 266
28 280
28 307
28 315
28 322
28 334
28 335
28 336
28 337
28 339
28 354
28 377
28 398
29 35
29 37
29 47
29 78
29 94
29 99
29 143
29 147
29 156
29 169
29 170
29 176
29 208
29 228
29 235
29 250
29 263
29 278
29 286
29 297
29 299
29 300
29 303
29 307
29 336
29 337
29 343
29 350
29 351
29 357
29 377
29 389
30 68
30 69
30 75
30 107
30 109
30 127
30 147
30 154
30 155
30 162
30 172
30 196
30 209
30 224
30 227
30 235
30 245
30 262
30 275
30 281
30 283
30 288
30 300
30 311
30 312
30 314
30 317
30 333
30 369
30 370
30 375
30 381
31 49
31 52
31 56
31 57
31 89
31 91
31 99
31 116
31 121
31 132
31 154
31 161
31 181
31 195
31 198
31 199
31 201
31 214
31 228
31 230
31 231
31 238
31 239
31 259
31 276
31 279
31 300
31 311
31 341
31 371
31 379
31 390
31 391
31 393
32 38
32 42
32 45
32 64
32 80
32 96
32 100
32 119
32 126
32 130
32 138
32 154
32 187
32 201
32 214
32 220
32 221
32 222
32 229
32 251
32 252
32 263
32 273
32 282
32 291
32 311
32 312
32 315
32 334
32 339
32 355
32 362
32 375
32 376
32 382
33 61
33 100
33 116
33 132
33 135
33 136
33 177
33 192
33 198
33 202
33 214
33 219
33 220
33 221
33 230
33 244
33 258
33 283
33 292
33 293
33 315
33 329
33 354
33 355
33 363
33 377
33 386
33 393
34 64
34 74
34 82
34 84
34 86
34 87
34 132
34 134
34 138
34 157
34 162
34 164
34 186
34 199
34 241
34 263
34 266
34 269
34 270
34 285
34 288
34 300
34 310
34 312
34 321
34 322
34 341
34 354
34 357
34 399
35 37
35 45
35 59
35 72
35 89
35 111
35 124
35 135
35 143
35 196
35 224
35 251
35 255
35 261
35 273
35 283
35 297
35 312
35 325
35 391
36 56
36 81
36 103
36 129
36 137
36 140
36 143
36 144
36 163
36 175
36 222
36 233
36 243
36 244
36 248
36 264
36 265
36 266
36 271
36 282
36 316
36 320
36 340
36 361
36 386
36 390
36 395
36 397
37 55
37 63
37 91
37 104
37 106
37 121
37 129
37 134
37 152
37 183
37 185
37 194
37 207
37 217
37 257
37 266
37 277
37 282
37 284
37 286
37 288
37 308
37 311
37 368
38 42
38 51
38 59
38 66
38 90
38 91
38 107
38 109
38 139
38 154
38 156
38 161
38 166
38 167
38 185
38 192
38 206
38 209
38 222
38 231
38 232
38 247
38 276
38 289
38 294
38 296
38 304
38 305
38 320
38 326
38 342
38 346
38 347
38 348
38 355
38 361
38 364
38 383
38 394
39 45
39 54
39 93
39 101
39 113
39 114
39 150
39 159
39 182
39 186
39 193
39 208
39 229
39 236
39 240
39 250
39 268
39 296
39 304
39 308
39 314
39 324
39 334
39 343
39 349
39 359
39 365
39 370
39 377
39 381
39 390
39 392
39 394
40 63
40 66
40 91
40 104
40 113
40 125
40 129
40 137
40 141
40 155
40 165
40 191
40 192
40 199
40 201
40 225
40 226
40 235
40 257
40 276
40 285
40 303
40 309
40 319
40 320
40 364
40 374
41 50
41 64
41 72
41 76
41 80
41 112
41 138
41 156
41 167
41 178
41 180
41 182
41 185
41 186
41 207
41 228
41 236
41 240
41 242
41 247
41 263
41 272
41 275
41 290
41 344
41 351
41 354
41 355
41 359
42 103
42 117
42 125
42 137
42 140
42 158
42 193
42 203
42 211
42 220
42 226
42 228
42 229
42 233
42 261
42 265
42 270
42 303
42 306
42 320
42 332
42 342
42 343
42 349
42 354
42 356
42 385
42 388
42 390
42 392
43 46
43 48
43 75
43 81
43 91
43 93
43 104
43 107
43 111
43 135
43 149
43 188
43 207
43 212
43 224
43 227
43 230
43 232
43 273
43 275
43 278
43 285
43 287
43 297
43 333
43 338
43 354
43 356
43 364
43 377
43 388
43 389
44 69
44 82
44 104
44 137
44 139
44 155
44 192
44 200
44 215
44 224
44 234
44 241
44 244
44 248
44 250
44 262
44 264
44 280
44 286
44 305
44 334
44 341
44 343
44 345
44 388
45 49
45 74
45 94
45 96
45 104
45 120
45 122
45 129
45 134
45 149
45 162
45 175
45 184
45 187
45 199
45 212
45 225
45 229
45 240
45 244
45 245
45 252
45 258
45 262
45 269
45 274
45 275
45 284
45 297
45 301
45 305
45 308
45 310
45 317
45 320
45 325
45 351
45 352
45 372
45 387
45 388
45 389
45 396
46 54
46 63
46 77
46 78
46 121
46 130
46 142
46 161
46 172
46 173
46 179
46 181
46 203
46 228
46 257
46 276
46 282
46 285
46 291
46 302
46 305
46 318
46 319
46 326
46 348
46 380
47 55
47 62
47 97
47 106
47 109
47 119
47 124
47 151
47 162
47 164
47 166
47 173
47 174
47 175
47 183
47 189
47 198
47 203
47 211
47 253
47 283
47 295
47 302
47 303
47 321
47 331
47 359
47 378
47 392
47 397
48 51
48 59
48 63
48 69
48 72
48 90
48 91
48 102
48 104
48 111
48 115
48 147
48 156
48 168
48 170
48 178
48 184
48 208
48 228
48 232
48 244
48 252
48 295
48 323
48 329
48 360
49 61
49 63
49 64
49 73
49 85
49 87
49 110
49 128
49 133
49 142
49 172
49 185
49 207
49 220
49 237
49 251
49 252
49 254
49 290
49 296
49 300
49 306
49 318
49 336
49 352
50 56
50 60
50 63
50 72
50 110
50 123
50 125
50 148
50 149
50 154
50 161
50 188
50 189
50 192
50 204
50 213
50 250
50 251
50 269
50 276
50 312
50 318
50 337
50 358
50 386
50 387
51 52
51 60
51 69
51 72
51 89
51 92
51 110
51 121
51 124
51 130
51 131
51 134
51 140
51 144
51 145
51 146
51 165
51 167
51 194
51 249
51 265
51 266
51 274
51 277
51 283
51 315
51 331
51 341
51 359
51 395
52 62
52 63
52 75
52 77
52 111
52 113
52 116
52 153
52 182
52 184
52 192
52 222
52 229
52 232
52 239
52 244
52 264
52 266
52 269
52 287
52 318
52 324
52 338
52 345
52 351
52 355
52 372
52 390
53 67
53 87
53 100
53 106
53 108
53 110
53 124
53 141
53 158
53 160
53 162
53 181
53 184
53 194
53 197
53 224
53 225
53 268
53 272
53 277
53 279
53 297
53 326
53 329
53 344
53 345
53 359
53 382
54 61
54 113
54 115
54 135
54 145
54 165
54 169
54 177
54 186
54 194
54 211
54 240
54 248
54 278
54 304
54 313
54 317
54 320
54 322
54 325
54 328
54 374
54 384
55 65
55 71
55 82
55 89
55 110
55 123
55 127
55 150
55 151
55 185
55 187
55 190
55 195
55 217
55 233
55 251
55 257
55 258
55 289
55 310
55 324
55 326
55 343
55 383
55 391
55 399
56 58
56 89
56 96
56 119
56 120
56 134
56 151
56 158
56 162
56 184
56 190
56 200
56 203
56 247
56 285
56 304
56 331
56 359
56 367
56 384
56 387
56 390
57 73
57 85
57 95
57 104
57 110
57 143
57 152
57 170
57 171
57 179
57 217
57 227
57 232
57 239
57 245
57 250
57 251
57 257
57 278
57 285
57 313
57 340
57 347
57 357
57 372
57 377
57 381
57 388
57 395
57 397
58 63
58 64
58 84
58 99
58 135
58 153
58 177
58 186
58 193
58 200
58 208
58 219
58 222
58 249
58 259
58 263
58 269
58 274
58 291
58 296
58 298
58 304
58 308
58 339
58 341
58 357
58 358
58 379
58 381
58 391
59 67
59 92
59 105
59 158
59 168
59 222
59 232
59 245
59 249
59 253
59 259
59 269
59 270
59 303
59 305
59 306
59 312
59 327
59 347
59 349
59 361
59 387
60 81
60 86
60 107
60 121
60 145
60 181
60 204
60 212
60 218
60 240
60 249
60 272
60 279
60 287
60 300
60 340
60 356
60 357
60 361
60 396
61 87
61 109
61 114
61 118
61 146
61 156
61 159
61 170
61 173
61 175
61 184
61 186
61 192
61 214
61 269
61 280
61 291
61 311
61 315
61 318
61 349
61 350
61 354
61 359
61 364
61 383
61 388
61 390
61 393
61 394
62 71
62 77
62 108
62 122
62 147
62 152
62 156
62 162
62 169
62 173
62 192
62 225
62 229
62 233
62 235
62 261
62 267
62 284
62 309
62 316
62 330
62 333
62 345
62 368
62 384
63 69
63 72
63 79
63 93
63 98
63 99
63 124
63 132
63 137
63 139
63 153
63 229
63 230
63 238
63 241
63 275
63 277
63 296
63 298
63 299
63 329
63 344
63 378
64 65
64 72
64 76
64 175
64 180
64 184
64 194
64 195
64 200
64 218
64 226
64 229
64 261
64 273
64 295
64 298
64 300
64 316
64 328
64 347
64 350
64 369
65 69
65 87
65 98
65 131
65 151
65 186
65 204
65 225
65 231
65 243
65 247
65 249
65 251
65 270
65 278
65 300
65 303
65 308
65 314
65 315
65 323
65 387
65 396
66 70
66 96
66 120
66 126
66 130
66 144
66 156
66 182
66 206
66 218
66 235
66 241
66 242
66 248
66 255
66 286
66 290
66 294
66 295
66 318
66 332
66 356
66 377
66 388
67 94
67 115
67 116
67 125
67 127
67 138
67 160
67 162
67 172
67 192
67 201
67 202
67 212
67 215
67 221
67 222
67 265
67 281
67 289
67 310
67 313
67 318
67 335
67 339
67 357
67 365
67 389
68 77
68 79
68 93
68 117
68 118
68 137
68 168
68 170
68 174
68 180
68 218
68 227
68 235
68 250
68 266
68 290
68 291
68 294
68 326
68 327
68 345
68 366
68 384
68 390
69 71
69 72
69 81
69 107
69 109
69 114
69 125
69 142
69 148
69 151
69 233
69 249
69 259
69 304
69 313
69 343
69 379
69 381
69 383
70 72
70 99
70 106
70 117
70 143
70 175
70 189
70 193
70 230
70 231
70 253
70 257
70 277
70 284
70 294
70 306
70 380
70 388
70 398
71 72
71 89
71 102
71 116
71 130
71 133
71 135
71 144
71 166
71 171
71 175
71 187
71 245
71 255
71 261
71 270
71 273
71 305
71 308
71 311
71 357
71 369
71 379
71 380
71 381
71 384
72 78
72 88
72 90
72 137
72 159
72 240
72 251
72 276
72 299
72 300
72 323
72 336
72 339
72 341
72 351
72 353
72 368
72 383
72 385
73 86
73 115
73 145
73 147
73 148
73 151
73 156
73 177
73 186
73 195
73 203
73 227
73 257
73 260
73 264
73 265
73 272
73 301
73 325
73 354
73 371
73 374
73 394
74 115
74 116
74 126
74 144
74 161
74 170
74 183
74 221
74 224
74 226
74 264
74 282
74 284
74 285
74 299
74 307
74 318
74 328
74 329
74 342
74 354
74 380
74 385
74 388
74 389
75 91
75 103
75 150
75 174
75 177
75 217
75 219
75 225
75 231
75 260
75 282
75 293
75 300
75 338
75 339
75 346
75 356
75 396
76 95
76 116
76 119
76 127
76 168
76 190
76 233
76 286
76 306
76 341
76 347
76 359
76 383
76 396
77 83
77 98
77 127
77 142
77 144
77 156
77 157
77 158
77 159
77 175
77 176
77 192
77 194
77 200
77 211
77 216
77 220
77 227
77 246
77 252
77 314
77 317
77 337
77 343
77 346
77 369
77 370
77 389
77 395
78 80
78 87
78 99
78 112
78 128
78 132
78 136
78 165
78 167
78 186
78 195
78 197
78 216
78 224
78 231
78 234
78 239
78 259
78 308
78 313
78 315
78 325
78 327
78 331
78 361
78 370
78 378
78 381
78 393
78 399
79 87
79 92
79 96
79 101
79 109
79 114
79 125
79 151
79 168
79 187
79 188
79 205
79 212
79 222
79 246
79 255
79 269
79 279
79 281
79 290
79 297
79 298
79 305
79 319
79 326
79 331
79 336
79 358
79 362
80 93
80 125
80 130
80 134
80 135
80 147
80 173
80 197
80 200
80 225
80 228
80 230
80 244
80 253
80 264
80 266
80 274
80 279
80 293
80 313
80 323
80 326
80 331
80 343
80 365
80 371
80 372
80 375
80 396
81 87
81 91
81 106
81 134
81 143
81 157
81 160
81 161
81 178
81 191
81 200
81 205
81 236
81 238
81 246
81 279
81 292
81 298
81 335
81 347
81 362
81 377
81 391
81 397
82 90
82 91
82 112
82 119
82 157
82 169
82 171
82 182
82 187
82 192
82 212
82 220
82 222
82 256
82 269
82 299
82 306
82 308
82 315
82 334
82 355
82 356
82 378
82 382
82 389
82 392
83 95
83 114
83 130
83 131
83 132
83 155
83 164
83 172
83 200
83 213
83 219
83 246
83 267
83 270
83 272
83 308
83 314
83 329
83 351
83 357
83 375
83 384
83 389
84 91
84 95
84 109
84 113
84 133
84 141
84 144
84 157
84 175
84 178
84 188
84 202
84 221
84 226
84 240
84 272
84 275
84 280
84 295
84 304
84 307
84 311
84 332
84 343
84 384
85 87
85 93
85 117
85 159
85 201
85 207
85 209
85 220
85 221
85 235
85 236
85 276
85 290
85 300
85 305
85 334
85 335
85 356
85 391
86 115
86 126
86 128
86 151
86 173
86 175
86 208
86 212
86 242
86 243
86 250
86 257
86 260
86 268
86 278
86 295
86 311
86 314
86 316
86 317
86 323
86 325
86 350
86 368
86 378
86 388
86 391
86 395
86 399
87 97
87 99
87 135
87 145
87 147
87 150
87 186
87 199
87 201
87 207
87 243
87 244
87 256
87 262
87 279
87 294
87 336
87 338
87 340
87 342
87 355
87 357
87 370
88 104
88 138
88 143
88 159
88 160
88 161
88 186
88 222
88 250
88 262
88 287
88 288
88 290
88 310
88 334
88 354
88 384
88 387
88 396
89 129
89 134
89 150
89 153
89 175
89 181
89 209
89 221
89 228
89 230
89 237
89 250
89 252
89 256
89 268
89 271
89 288
89 294
89 305
89 311
89 369
89 371
89 373
89 383
89 394
90 93
90 95
90 139
90 141
90 149
90 159
90 164
90 170
90 196
90 198
90 208
90 211
90 225
90 252
90 268
90 276
90 279
90 288
90 292
90 311
90 320
90 325
90 365
90 394
90 399
91 99
91 120
91 122
91 125
91 141
91 147
91 156
91 164
91 183
91 205
91 208
91 225
91 237
91 240
91 243
91 250
91 254
91 258
91 261
91 262
91 273
91 279
91 290
91 296
91 344
91 350
91 362
92 108
92 111
92 119
92 125
92 127
92 133
92 144
92 148
92 181
92 182
92 186
92 190
92 196
92 227
92 228
92 253
92 268
92 270
92 285
92 324
92 331
92 337
92 359
92 383
92 385
92 395
93 95
93 102
93 105
93 107
93 128
93 136
93 152
93 161
93 162
93 171
93 193
93 220
93 225
93 233
93 234
93 237
93 254
93 261
93 270
93 271
93 281
93 291
93 306
93 326
93 332
93 349
93 354
93 356
93 365
94 101
94 104
94 126
94 133
94 137
94 161
94 182
94 188
94 203
94 208
94 212
94 222
94 231
94 237
94 245
94 271
94 275
94 289
94 299
94 310
94 328
94 343
94 359
94 361
94 368
94 369
94 380
94 385
94 388
94 390
94 399
95 97
95 110
95 181
95 182
95 187
95 200
95 212
95 221
95 225
95 265
95 269
95 274
95 281
95 290
95 297
95 322
95 329
95 331
95 336
95 343
95 345
95 362
95 374
96 109
96 134
96 141
96 148
96 169
96 220
96 235
96 241
96 248
96 286
96 295
96 297
96 315
96 326
96 380
96 382
96 384
96 390
97 142
97 144
97 151
97 152
97 167
97 168
97 188
97 195
97 198
97 204
97 223
97 236
97 248
97 256
97 263
97 275
97 276
97 304
97 313
97 342
97 348
97 353
97 356
97 359
97 389
98 108
98 119
98 128
98 138
98 153
98 154
98 162
98 184
98 193
98 194
98 197
98 218
98 220
98 265
98 281
98 285
98 288
98 302
98 318
98 324
98 341
98 368
98 371
98 383
98 397
99 114
99 121
99 123
99 145
99 149
99 159
99 179
99 183
99 191
99 200
99 203
99 215
99 242
99 280
99 293
99 304
99 355
99 367
99 382
99 395
99 399
100 115
100 126
100 130
100 135
100 138
100 142
100 166
100 167
100 177
100 190
100 192
100 253
100 256
100 265
100 272
100 294
100 297
100 298
100 300
100 304
100 314
100 317
100 321
100 324
100 333
100 359
100 368
100 386
100 399
101 106
101 108
101 118
101 121
101 123
101 144
101 146
101 159
101 177
101 185
101 194
101 201
101 203
101 216
101 225
101 248
101 256
101 261
101 265
101 267
101 276
101 289
101 307
101 324
101 338
101 346
101 361
102 127
102 143
102 145
102 166
102 168
102 176
102 199
102 218
102 233
102 241
102 253
102 257
102 270
102 281
102 295
102 320
102 336
102 349
102 351
102 356
102 377
102 382
103 114
103 138
103 145
103 154
103 155
103 194
103 210
103 213
103 223
103 224
103 243
103 267
103 283
103 304
103 310
103 326
103 331
103 355
103 366
103 373
103 377
103 383
103 395
104 106
104 120
104 122
104 169
104 179
104 189
104 206
104 210
104 211
104 223
104 225
104 227
104 244
104 255
104 267
104 274
104 292
104 293
104 303
104 316
104 328
104 348
104 381
104 390
105 107
105 109
105 115
105 120
105 139
105 140
105 155
105 156
105 157
105 175
105 188
105 189
105 190
105 205
105 269
105 278
105 285
105 310
105 318
105 324
105 328
105 329
105 331
105 343
105 377
106 110
106 129
106 145
106 149
106 156
106 175
106 183
106 184
106 188
106 208
106 228
106 240
106 250
106 264
106 281
106 333
106 342
106 357
106 360
107 124
107 134
107 149
107 156
107 178
107 183
107 193
107 200
107 205
107 231
107 243
107 266
107 267
107 286
107 289
107 293
107 299
107 303
107 324
107 377
107 388
107 389
107 394
108 124
108 130
108 135
108 136
108 143
108 153
108 174
108 175
108 188
108 191
108 192
108 197
108 214
108 227
108 238
108 241
108 310
108 329
108 334
108 337
108 340
108 348
108 351
108 365
108 371
108 372
108 390
108 391
109 116
109 133
109 151
109 163
109 166
109 172
109 177
109 191
109 206
109 223
109 232
109 256
109 270
109 290
109 323
109 338
109 357
109 371
109 375
109 386
110 125
110 159
110 221
110 250
110 253
110 271
110 280
110 281
110 308
110 326
110 331
110 364
110 386
110 396
110 399
111 121
111 128
111 131
111 135
111 136
111 162
111 175
111 176
111 185
111 198
111 214
111 217
111 227
111 245
111 279
111 295
111 296
111 312
111 317
111 318
111 341
111 360
111 384
111 394
111 396
112 128
112 131
112 133
112 140
112 146
112 147
112 151
112 165
112 195
112 221
112 238
112 245
112 255
112 267
112 282
112 293
112 306
112 308
112 323
112 327
112 340
112 341
112 349
112 357
112 375
112 378
112 383
112 387
112 388
113 124
113 136
113 152
113 160
113 170
113 227
113 228
113 235
113 257
113 278
113 282
113 288
113 304
113 317
113 326
113 328
113 331
113 337
113 345
113 354
113 355
113 367
113 373
114 115
114 120
114 124
114 149
114 155
114 168
114 184
114 204
114 207
114 235
114 238
114 246
114 299
114 302
114 309
114 315
114 319
114 321
114 327
114 331
114 337
114 342
114 349
114 382
114 386
114 387
114 395
114 397
115 118
115 125
115 129
115 131
115 140
115 141
115 173
115 206
115 207
115 215
115 219
115 236
115 256
115 257
115 268
115 279
115 283
115 327
115 336
115 342
115 346
115 349
115 356
115 362
115 366
115 372
115 383
115 387
115 394
115 395
116 117
116 126
116 144
116 145
116 155
116 170
116 174
116 179
116 194
116 212
116 229
116 253
116 257
116 258
116 263
116 276
116 282
116 315
116 320
116 344
116 362
116 376
116 382
116 388
117 135
117 175
117 187
117 194
117 196
117 197
117 227
117 239
117 264
117 274
117 304
117 309
117 310
117 313
117 336
117 351
117 358
117 360
117 382
117 397
117 398
118 123
118 126
118 127
118 139
118 167
118 188
118 202
118 245
118 259
118 276
118 280
118 281
118 291
118 302
118 303
118 308
118 310
118 317
118 320
118 331
118 341
118 359
118 392
119 129
119 130
119 135
119 146
119 165
119 167
119 183
119 188
119 189
119 208
119 243
119 244
119 282
119 286
119 287
119 310
119 313
119 331
119 335
119 339
119 365
119 387
119 388
120 125
120 128
120 130
120 147
120 151
120 183
120 190
120 213
120 214
120 218
120 236
120 241
120 246
120 262
120 268
120 274
120 285
120 296
120 298
120 309
120 326
120 346
120 353
120 367
120 375
120 379
120 384
120 385
120 392
121 125
121 152
121 153
121 156
121 157
121 164
121 180
121 182
121 228
121 230
121 231
121 235
121 243
121 245
121 249
121 255
121 263
121 268
121 272
121 290
121 295
121 299
121 315
121 333
121 341
121 353
121 373
121 397
122 154
122 160
122 185
122 192
122 208
122 215
122 225
122 230
122 231
122 238
122 249
122 278
122 289
122 327
122 335
122 341
122 342
122 379
122 387
123 124
123 140
123 153
123 158
123 165
123 167
123 191
123 216
123 285
123 290
123 301
123 308
123 339
123 349
123 380
123 399
124 145
124 169
124 178
124 179
124 187
124 197
124 206
124 214
124 242
124 248
124 254
124 265
124 277
124 294
124 302
124 327
124 329
124 347
124 355
124 358
124 364
125 128
125 131
125 132
125 158
125 159
125 173
125 181
125 186
125 187
125 192
125 208
125 233
125 234
125 245
125 277
125 278
125 283
125 286
125 306
125 321
125 333
125 341
125 347
125 354
125 370
125 371
125 374
125 385
125 388
126 140
126 142
126 149
126 155
126 162
126 202
126 203
126 204
126 212
126 227
126 230
126 231
126 245
126 269
126 284
126 289
126 327
126 330
126 352
126 363
126 364
126 366
126 372
127 140
127 141
127 157
127 183
127 185
127 208
127 218
127 237
127 244
127 246
127 269
127 273
127 294
127 309
127 331
127 344
127 365
127 380
127 382
127 387
128 136
128 146
128 152
128 160
128 165
128 185
128 252
128 257
128 261
128 272
128 275
128 281
128 294
128 309
128 336
128 362
128 373
128 388
129 136
129 150
129 152
129 166
129 170
129 171
129 183
129 188
129 190
129 204
129 217
129 244
129 247
129 249
129 255
129 256
129 264
129 267
129 271
129 275
129 281
129 294
129 321
129 377
129 391
129 397
130 137
130 172
130 173
130 185
130 190
130 197
130 211
130 244
130 262
130 279
130 295
130 337
130 341
130 347
130 351
130 361
130 371
130 377
130 393
131 140
131 145
131 158
131 159
131 169
131 175
131 189
131 216
131 220
131 258
131 275
131 281
131 283
131 316
131 318
131 323
131 329
131 337
131 345
131 353
131 359
131 361
131 364
131 370
131 387
131 390
131 391
131 394
131 398
132 135
132 137
132 148
132 163
132 173
132 176
132 200
132 214
132 236
132 246
132 249
132 255
132 258
132 268
132 311
132 336
132 348
132 365
132 367
132 371
132 392
132 395
133 160
133 165
133 175
133 178
133 197
133 206
133 212
133 262
133 265
133 288
133 311
133 325
133 341
133 344
133 348
133 375
133 376
133 391
133 396
133 399
134 135
134 136
134 148
134 150
134 178
134 217
134 234
134 251
134 262
134 268
134 275
134 280
134 295
134 312
134 323
134 326
134 356
135 137
135 141
135 142
135 148
135 150
135 162
135 172
135 182
135 190
135 191
135 211
135 222
135 234
135 235
135 246
135 269
135 292
135 304
135 334
135 341
135 344
135 363
135 378
135 393
136 145
136 172
136 219
136 223
136 232
136 244
136 249
136 284
136 292
136 305
136 312
136 327
136 346
136 359
137 141
137 162
137 167
137 192
137 216
137 234
137 237
137 240
137 255
137 260
137 269
137 274
137 281
137 286
137 297
137 298
137 300
137 302
137 319
137 331
137 341
137 345
138 160
138 176
138 185
138 223
138 245
138 252
138 260
138 270
138 277
138 282
138 310
138 334
138 338
138 358
138 370
138 374
138 384
138 388
138 397
139 147
139 169
139 176
139 183
139 210
139 232
139 256
139 263
139 292
139 297
139 311
139 331
139 333
139 352
139 355
139 360
139 389
140 180
140 186
140 193
140 198
140 201
140 229
140 232
140 234
140 235
140 241
140 248
140 250
140 274
140 290
140 293
140 321
140 330
140 337
140 342
140 356
140 358
140 379
140 393
141 143
141 159
141 179
141 202
141 208
141 225
141 236
141 239
141 248
141 270
141 277
141 279
141 291
141 300
141 306
141 311
141 329
141 340
141 352
141 395
142 163
142 165
142 172
142 180
142 207
142 217
142 236
142 255
142 259
142 288
142 289
142 319
142 326
142 332
142 353
142 371
142 383
142 385
142 388
143 148
143 158
143 160
143 165
143 176
143 182
143 188
143 197
143 223
143 236
143 287
143 292
143 298
143 302
143 305
143 309
143 311
143 358
143 365
143 370
143 377
143 383
143 390
144 153
144 157
144 169
144 174
144 207
144 229
144 233
144 236
144 250
144 257
144 278
144 296
144 307
144 313
144 320
144 330
144 340
144 341
144 351
144 353
144 361
144 363
144 370
144 389
145 154
145 167
145 169
145 175
145 178
145 185
145 186
145 217
145 228
145 248
145 252
145 253
145 267
145 276
145 300
145 307
145 315
145 323
145 332
145 374
146 151
146 159
146 163
146 177
146 182
146 202
146 204
146 228
146 255
146 284
146 291
146 340
146 355
146 360
146 384
146 385
147 165
147 171
147 173
147 176
147 178
147 186
147 194
147 210
147 223
147 270
147 276
147 295
147 316
147 336
147 337
147 348
147 353
147 357
147 365
147 371
148 179
148 182
148 190
148 192
148 201
148 220
148 226
148 232
148 245
148 257
148 279
148 281
148 310
148 327
148 338
148 343
148 354
148 382
148 390
149 152
149 170
149 176
149 195
149 209
149 223
149 225
149 230
149 242
149 251
149 254
149 276
149 287
149 297
149 298
149 303
149 323
149 327
149 334
149 381
149 385
149 399
150 152
150 155
150 172
150 190
150 193
150 203
150 233
150 234
150 242
150 291
150 323
150 333
150 340
150 369
150 377
150 384
150 385
151 163
151 183
151 184
151 209
151 217
151 229
151 234
151 246
151 250
151 253
151 264
151 283
151 289
151 293
151 294
151 307
151 324
151 334
151 344
151 356
151 372
151 386
152 162
152 193
152 209
152 210
152 228
152 242
152 265
152 274
152 282
152 291
152 293
152 298
152 307
152 310
152 316
152 319
152 331
152 336
152 337
152 340
152 344
152 379
152 392
152 399
153 172
153 178
153 187
153 203
153 204
153 214
153 231
153 245
153 261
153 270
153 273
153 280
153 310
153 315
153 317
153 327
153 330
153 346
153 352
153 356
153 384
153 397
154 160
154 175
154 206
154 213
154 234
154 237
154 240
154 253
154 257
154 292
154 294
154 296
154 323
154 327
154 375
154 383
154 384
155 166
155 178
155 188
155 200
155 205
155 216
155 226
155 245
155 296
155 312
155 320
155 344
155 347
155 361
155 375
155 399
156 164
156 171
156 192
156 201
156 214
156 219
156 237
156 239
156 251
156 272
156 280
156 291
156 300
156 307
156 315
156 335
156 338
156 342
156 360
156 369
156 370
156 388
156 398
157 169
157 179
157 183
157 200
157 209
157 216
157 229
157 259
157 265
157 266
157 289
157 318
157 320
157 367
157 376
157 382
157 383
157 397
158 190
158 196
158 203
158 213
158 236
158 241
158 256
158 299
158 318
158 323
158 326
158 354
158 360
158 371
159 185
159 187
159 192
159 202
159 220
159 257
159 287
159 288
159 296
159 302
159 307
159 327
159 333
159 354
159 356
159 359
159 371
159 387
159 395
160 161
160 169
160 174
160 207
160 218
160 244
160 260
160 271
160 291
160 308
160 340
160 361
160 379
160 385
160 386
160 393
160 394
161 166
161 199
161 204
161 221
161 246
161 267
161 282
161 333
161 344
161 362
161 393
162 182
162 183
162 188
162 195
162 197
162 207
162 251
162 253
162 298
162 301
162 324
162 328
162 338
162 370
162 372
162 377
162 383
162 398
163 172
163 173
163 184
163 225
163 229
163 276
163 301
163 311
163 315
163 329
163 348
163 361
163 362
163 366
163 368
163 388
163 389
164 170
164 181
164 196
164 210
164 233
164 237
164 256
164 258
164 267
164 275
164 280
164 310
164 314
164 320
164 357
164 369
164 371
164 383
164 385
165 166
165 192
165 198
165 199
165 209
165 231
165 236
165 256
165 289
165 302
165 316
165 320
165 328
165 351
165 355
165 365
165 372
165 386
166 174
166 229
166 232
166 253
166 258
166 267
166 285
166 287
166 314
166 335
166 339
166 354
166 362
166 365
166 382
167 168
167 174
167 197
167 207
167 216
167 226
167 232
167 242
167 261
167 275
167 280
167 285
167 307
167 310
167 365
167 380
168 172
168 212
168 214
168 252
168 266
168 270
168 276
168 280
168 290
168 298
168 305
168 308
168 325
168 345
168 354
168 357
168 389
168 394
168 395
168 397
169 184
169 194
169 197
169 224
169 247
169 269
169 289
169 296
169 317
169 322
169 340
169 345
169 351
169 352
169 372
169 394
170 174
170 193
170 196
170 217
170 239
170 262
170 287
170 302
170 303
170 312
170 330
170 341
170 344
170 348
170 355
170 356
170 358
170 367
170 368
170 373
170 377
170 389
171 175
171 177
171 187
171 209
171 217
171 228
171 255
171 270
171 281
171 295
171 312
171 313
171 324
171 352
171 373
171 382
171 399
172 174
172 176
172 192
172 199
172 215
172 218
172 229
172 232
172 253
172 267
172 278
172 290
172 296
172 316
172 323
172 331
172 336
172 354
172 359
172 369
172 386
173 185
173 198
173 204
173 206
173 210
173 214
173 222
173 269
173 290
173 304
173 353
173 359
173 364
174 179
174 205
174 230
174 245
174 246
174 250
174 260
174 263
174 267
174 269
174 304
174 315
174 320
174 345
174 354
174 360
174 385
175 195
175 200
175 213
175 215
175 226
175 262
175 314
175 328
175 336
175 338
175 339
175 340
175 341
175 350
175 369
175 384
175 391
175 397
176 184
176 207
176 224
176 241
176 268
176 277
176 293
176 324
176 341
176 349
176 370
176 384
176 392
177 181
177 191
177 196
177 203
177 204
177 221
177 225
177 291
177 295
177 307
177 311
177 313
177 373
177 383
177 388
178 188
178 198
178 222
178 223
178 242
178 247
178 262
178 282
178 316
178 353
178 355
178 358
178 375
178 376
178 392
179 186
179 194
179 198
179 205
179 223
179 228
179 243
179 260
179 284
179 316
179 383
179 399
180 187
180 198
180 225
180 241
180 274
180 305
180 307
180 310
180 317
180 323
180 327
180 333
180 347
180 352
180 354
180 379
181 185
181 220
181 245
181 272
181 280
181 286
181 297
181 300
181 330
181 358
181 361
181 385
181 389
181 396
182 189
182 209
182 225
182 250
182 280
182 287
182 289
182 309
182 315
182 330
182 335
182 346
182 354
182 358
182 371
182 398
183 189
183 203
183 209
183 219
183 224
183 227
183 277
183 297
183 300
183 323
183 324
183 361
183 384
184 191
184 204
184 205
184 214
184 219
184 223
184 228
184 231
184 233
184 243
184 255
184 265
184 270
184 297
184 306
184 333
184 336
184 348
184 355
184 367
184 376
184 383
184 399
185 187
185 216
185 251
185 276
185 301
185 323
185 345
185 354
185 371
185 379
185 396
186 208
186 213
186 222
186 251
186 252
186 270
186 272
186 315
186 316
186 323
186 326
186 341
186 352
186 358
186 374
186 375
186 376
187 220
187 243
187 247
187 269
187 286
187 295
187 302
187 308
187 309
187 318
187 322
187 329
187 339
187 351
187 360
187 362
187 374
187 386
187 389
187 394
188 201
188 203
188 217
188 219
188 223
188 227
188 229
188 236
188 242
188 244
188 248
188 250
188 274
188 278
188 292
188 295
188 314
188 328
188 341
188 358
189 191
189 199
189 221
189 245
189 247
189 262
189 265
189 268
189 283
189 288
189 292
189 300
189 311
189 356
189 362
189 369
189 393
190 201
190 202
190 213
190 215
190 243
190 244
190 248
190 256
190 304
190 312
190 348
190 353
190 356
190 367
190 375
190 380
190 389
190 391
191 213
191 219
191 229
191 239
191 248
191 268
191 274
191 290
191 312
191 315
191 338
191 343
191 349
191 364
191 374
191 394
192 211
192 217
192 242
192 250
192 252
192 254
192 291
192 320
192 326
192 329
192 369
192 382
192 393
192 395
192 398
193 230
193 232
193 233
193 254
193 258
193 264
193 278
193 299
193 328
193 329
193 334
193 338
193 353
193 359
193 366
193 383
194 203
194 241
194 254
194 268
194 270
194 280
194 284
194 290
194 299
194 301
194 308
194 311
194 338
194 350
194 356
194 368
194 371
194 399
195 204
195 232
195 235
195 243
195 266
195 267
195 268
195 276
195 286
195 292
195 297
195 302
195 319
195 330
195 333
195 343
195 358
195 386
195 397
196 199
196 208
196 215
196 216
196 229
196 241
196 242
196 254
196 270
196 278
196 286
196 288
196 296
196 305
196 324
196 333
196 334
196 352
196 357
196 361
196 362
196 369
196 383
196 396
197 214
197 216
197 234
197 240
197 245
197 282
197 297
197 305
197 310
197 319
197 329
197 337
197 338
197 350
197 351
197 359
197 361
197 362
197 380
197 398
198 219
198 220
198 226
198 249
198 290
198 323
198 329
198 378
198 382
199 202
199 238
199 239
199 247
199 251
199 260
199 263
199 286
199 289
199 300
199 306
199 321
199 330
199 346
199 359
199 360
199 362
199 388
199 389
199 392
200 202
200 207
200 216
200 255
200 267
200 281
200 285
200 289
200 307
200 338
200 349
200 366
200 388
200 392
201 212
201 232
201 248
201 251
201 261
201 272
201 274
201 283
201 303
201 313
201 317
201 320
201 330
201 333
201 353
201 362
201 379
201 390
202 216
202 236
202 251
202 258
202 276
202 281
202 285
202 286
202 296
202 297
202 339
202 352
202 365
202 381
202 389
203 230
203 255
203 279
203 290
203 312
203 320
203 331
203 343
203 388
203 389
204 223
204 237
204 240
204 258
204 263
204 265
204 267
204 270
204 283
204 288
204 298
204 299
204 325
204 337
204 344
204 349
204 375
204 390
205 208
205 209
205 240
205 251
205 270
205 271
205 273
205 293
205 313
205 323
205 331
205 341
205 345
205 351
205 363
205 371
206 208
206 217
206 245
206 255
206 257
206 258
206 259
206 268
206 274
206 290
206 317
206 329
206 334
206 335
206 337
206 341
206 342
206 366
206 373
206 383
207 234
207 244
207 266
207 269
207 281
207 290
207 292
207 293
207 297
207 308
207 322
207 325
207 335
207 349
207 364
207 376
207 386
207 387
207 397
208 214
208 216
208 227
208 236
208 237
208 260
208 273
208 283
208 296
208 306
208 307
208 317
208 323
208 360
208 362
208 375
208 380
208 381
209 215
209 217
209 232
209 258
209 263
209 285
209 296
209 300
209 302
209 311
209 313
209 318
209 320
209 346
209 353
209 375
209 384
210 242
210 252
210 265
210 290
210 324
210 332
210 334
210 368
210 389
211 227
211 233
211 247
211 249
211 252
211 255
211 259
211 260
211 263
211 267
211 279
211 287
211 313
211 315
211 329
211 330
211 340
211 350
211 352
211 373
211 389
212 247
212 250
212 252
212 274
212 299
212 329
212 333
212 334
212 336
212 345
212 357
212 358
212 386
212 391
213 233
213 235
213 253
213 316
213 329
213 351
213 354
213 383
213 394
214 216
214 225
214 233
214 242
214 257
214 265
214 268
214 289
214 300
214 304
214 314
214 323
214 334
214 365
214 366
214 390
215 228
215 237
215 240
215 254
215 272
215 277
215 290
215 325
215 339
215 344
215 359
215 398
216 223
216 241
216 245
216 263
216 275
216 283
216 313
216 342
216 359
216 375
216 391
216 398
217 220
217 221
217 238
217 270
217 282
217 291
217 306
217 308
217 310
217 327
217 332
217 334
217 335
217 367
217 379
217 385
218 234
218 259
218 279
218 286
218 309
218 330
218 349
218 355
218 382
218 394
219 229
219 239
219 248
219 254
219 274
219 275
219 277
219 278
219 299
219 309
219 340
219 361
219 380
219 397
220 273
220 278
220 281
220 333
220 336
220 350
220 358
220 366
220 385
220 393
221 227
221 238
221 247
221 251
221 255
221 303
221 309
221 316
221 326
221 332
221 339
221 340
221 356
221 368
221 383
221 390
221 395
222 230
222 252
222 268
222 280
222 285
222 296
222 302
222 320
222 331
222 364
222 370
222 374
222 380
223 235
223 256
223 277
223 282
223 298
223 306
223 309
223 324
223 332
223 333
223 346
223 351
223 363
223 366
223 372
223 374
223 391
224 229
224 256
224 260
224 276
224 277
224 298
224 309
224 325
224 326
224 333
224 339
224 342
224 372
224 375
224 380
224 387
224 390
224 391
225 235
225 244
225 245
225 247
225 278
225 282
225 303
225 304
225 320
225 324
225 341
225 360
225 372
225 380
225 386
226 227
226 250
226 261
226 275
226 318
226 332
226 334
226 340
226 345
226 349
226 373
226 375
226 394
227 261
227 273
227 298
227 312
227 321
227 331
227 367
227 380
227 387
228 229
228 255
228 273
228 306
228 309
228 314
228 316
228 324
228 329
228 356
228 382
228 389
229 233
229 237
229 280
229 284
229 290
229 291
229 300
229 316
229 319
229 349
229 358
229 360
229 373
229 378
230 243
230 258
230 263
230 265
230 269
230 270
230 278
230 296
230 306
230 311
230 330
230 350
230 356
230 361
230 367
231 251
231 258
231 276
231 279
231 283
231 306
231 323
231 326
231 330
231 332
231 336
231 358
231 376
231 379
231 380
232 234
232 268
232 270
232 280
232 290
232 292
232 306
232 325
232 333
232 342
232 354
232 357
232 370
232 377
232 388
233 238
233 243
233 248
233 274
233 285
233 290
233 295
233 299
233 326
233 327
233 358
233 362
233 373
233 392
234 240
234 241
234 252
234 261
234 269
234 289
234 306
234 308
234 319
234 326
234 329
234 340
234 354
234 361
234 399
235 240
235 245
235 257
235 268
235 277
235 294
235 299
235 313
235 314
235 317
235 321
235 332
235 335
235 339
235 345
235 353
235 380
235 383
235 384
235 385
235 396
236 244
236 249
236 253
236 256
236 258
236 266
236 288
236 299
236 301
236 307
236 328
236 362
236 363
236 366
236 370
236 384
237 248
237 260
237 266
237 328
237 351
237 370
237 396
237 398
238 261
238 265
238 269
238 276
238 277
238 291
238 296
238 315
238 325
238 349
238 358
238 362
238 377
238 380
238 389
238 392
239 248
239 265
239 273
239 297
239 304
239 312
239 315
239 332
239 335
239 364
239 369
239 374
239 385
239 388
239 392
240 246
240 262
240 274
240 296
240 309
240 328
240 340
240 342
240 363
240 386
240 394
241 278
241 297
241 311
241 316
241 324
241 363
241 370
241 383
241 393
242 243
242 255
242 257
242 258
242 262
242 292
242 313
242 318
242 321
242 323
242 326
242 340
242 370
242 377
242 388
242 399
243 260
243 274
243 293
243 303
243 314
243 320
243 338
243 364
243 370
243 398
244 317
244 319
244 338
244 348
244 352
244 376
244 399
245 246
245 253
245 258
245 267
245 291
245 348
245 353
245 363
245 365
245 370
245 374
245 377
245 385
245 386
245 397
246 271
246 296
246 297
246 308
246 321
246 324
246 347
246 355
246 366
246 367
246 387
247 251
247 267
247 290
247 300
247 311
247 336
247 360
247 374
247 381
247 392
248 258
248 262
248 276
248 277
248 282
248 348
248 352
248 363
248 368
248 379
249 258
249 266
249 270
249 273
249 276
249 283
249 294
249 321
249 332
249 334
249 344
249 346
249 351
249 373
249 387
250 282
250 294
250 299
250 308
250 328
250 331
250 353
250 378
250 389
251 292
251 301
251 306
251 319
251 377
251 388
252 265
252 268
252 282
252 334
252 356
252 375
252 379
252 399
253 263
253 275
253 282
253 286
253 290
253 302
253 304
253 305
253 309
253 314
253 324
253 337
253 339
253 345
253 351
253 355
253 357
253 362
253 380
253 381
253 388
253 394
253 397
253 399
254 260
254 263
254 264
254 266
254 293
254 295
254 309
254 322
254 342
254 343
254 370
254 387
255 259
255 289
255 293
255 304
255 306
255 311
255 326
255 341
255 350
255 366
255 385
255 393
256 261
256 267
256 290
256 305
256 312
256 319
256 320
256 386
257 277
257 280
257 301
257 316
257 333
257 344
257 346
257 356
257 371
257 382
257 396
257 399
258 263
258 265
258 267
258 270
258 281
258 294
258 318
258 322
258 330
258 342
258 359
258 384
259 260
259 261
259 268
259 272
259 294
259 312
259 319
259 324
259 355
259 356
259 363
259 368
259 391
260 264
260 288
260 289
260 313
260 314
260 323
260 339
260 368
260 370
260 377
260 382
260 389
260 399
261 272
261 289
261 303
261 315
261 325
261 344
261 345
261 373
261 377
261 388
261 391
262 277
262 292
262 298
262 303
262 311
262 314
262 332
262 341
262 343
262 359
262 387
263 290
263 294
263 306
263 314
263 341
263 369
263 396
263 398
264 269
264 279
264 281
264 282
264 283
264 286
264 294
264 305
264 321
264 330
264 371
264 397
265 277
265 281
265 319
265 367
265 370
265 380
265 390
266 280
266 300
266 304
266 306
266 311
266 326
266 335
266 337
266 338
266 350
266 360
266 365
266 371
266 372
266 374
266 399
267 270
267 284
267 304
267 338
267 352
267 373
268 284
268 300
268 318
268 326
268 352
268 366
268 367
268 387
268 389
268 396
269 282
269 284
269 290
269 291
269 302
269 306
269 307
269 313
269 324
269 359
269 369
269 386
269 395
269 396
270 304
270 306
270 308
270 315
270 329
270 344
270 355
270 358
270 364
270 367
270 382
271 294
271 313
271 315
271 317
271 318
271 334
271 361
271 372
271 375
271 385
271 387
272 284
272 287
272 293
272 298
272 314
272 337
272 370
272 387
272 392
273 292
273 297
273 303
273 313
273 325
273 343
273 345
273 362
273 364
274 283
274 295
274 301
274 306
274 346
274 347
274 361
274 362
274 370
274 376
274 385
275 292
275 296
275 311
275 314
275 321
275 358
275 397
276 279
276 282
276 291
276 305
276 308
276 310
276 314
276 333
276 334
276 352
276 391
276 394
277 282
277 293
277 298
277 309
277 335
277 355
277 368
277 387
278 288
278 310
278 327
278 337
278 340
278 348
278 352
278 353
278 355
278 365
278 366
278 370
278 384
278 386
278 387
278 389
278 399
279 303
279 309
279 325
279 327
279 361
279 374
279 379
279 383
279 392
279 396
280 283
280 288
280 301
280 311
280 315
280 324
280 331
280 333
280 370
280 386
280 387
281 282
281 297
281 312
281 320
281 333
281 355
281 363
281 364
281 383
281 391
282 290
282 293
282 298
282 306
282 308
282 318
282 334
282 342
282 356
282 360
282 372
283 299
283 303
283 324
283 333
283 353
283 357
283 362
283 363
283 394
284 288
284 301
284 303
284 313
284 342
284 374
284 391
284 397
284 399
285 286
285 294
285 302
285 314
285 322
285 347
285 352
285 357
285 362
285 364
285 383
285 389
286 289
286 297
286 336
286 341
286 352
286 391
287 288
287 299
287 311
287 336
287 342
287 350
287 354
287 359
287 368
287 398
288 294
288 308
288 312
288 325
288 326
288 329
288 339
288 361
288 394
288 398
289 292
289 293
289 294
289 311
289 314
289 318
289 321
289 325
289 336
289 339
289 361
289 370
289 372
290 313
290 315
290 345
290 359
290 360
290 362
290 382
290 387
291 294
291 310
291 334
291 361
291 362
291 369
291 376
292 301
292 329
292 331
292 344
292 347
292 350
292 352
292 358
292 363
292 370
292 378
292 395
293 294
293 322
293 341
293 343
293 350
293 352
293 356
293 367
293 393
293 396
294 296
294 298
294 299
294 301
294 303
294 306
294 307
294 319
294 335
294 338
294 347
294 349
294 368
294 375
295 296
295 312
295 330
295 337
295 348
295 369
295 385
296 318
296 319
296 350
296 354
296 395
297 302
297 312
297 328
297 335
297 337
297 352
297 357
297 388
297 397
297 399
298 304
298 311
298 313
298 316
298 337
298 339
298 342
298 352
298 358
298 362
298 365
298 368
298 391
298 397
298 398
299 311
299 338
299 343
299 365
299 366
299 371
299 377
299 388
300 309
300 321
300 327
300 339
300 347
300 369
300 383
301 333
301 342
301 380
302 303
302 311
302 313
302 332
302 346
302 348
302 355
302 362
302 364
302 375
302 378
302 391
303 335
303 357
303 377
303 384
303 392
303 393
304 317
304 328
304 334
304 343
304 346
304 369
304 371
304 383
304 384
305 306
305 312
305 317
305 321
305 359
305 370
305 375
305 388
306 309
306 323
306 334
306 342
306 351
306 364
306 372
306 396
307 316
307 331
307 342
307 349
307 353
307 375
308 343
308 347
308 352
308 356
308 367
308 387
308 398
309 319
309 333
309 335
309 348
309 360
309 389
310 314
310 315
310 319
310 342
310 358
310 372
311 319
311 322
311 328
311 347
311 356
311 363
311 370
311 391
312 316
312 323
312 336
312 341
312 359
312 368
312 381
312 384
312 389
312 393
312 395
313 335
313 339
313 340
313 354
313 365
313 389
313 390
314 326
314 360
314 372
314 377
314 379
314 396
314 397
315 329
315 364
315 373
315 385
315 396
316 324
316 353
316 381
316 399
317 319
317 324
317 325
317 331
317 337
317 351
317 362
317 394
318 323
318 330
318 333
318 386
319 348
319 389
320 325
320 343
320 344
320 345
320 373
320 376
320 386
321 322
321 326
321 343
321 344
321 351
321 352
321 357
321 383
321 388
321 396
321 398
322 335
322 371
322 385
322 392
322 395
322 396
323 332
324 341
324 370
324 393
324 395
325 338
325 345
325 358
325 361
325 377
325 396
326 341
326 342
326 347
326 349
326 373
326 386
326 399
327 338
327 351
327 357
327 358
327 372
327 374
327 384
327 386
328 329
328 342
328 350
328 363
328 367
328 368
328 375
328 381
328 392
328 393
329 341
329 351
329 392
330 332
330 354
330 368
330 376
331 335
331 341
331 348
331 368
331 391
332 351
332 353
332 369
332 386
333 339
333 357
333 363
333 365
333 383
333 397
333 399
334 344
334 347
334 375
334 392
335 336
335 343
335 346
335 354
335 355
335 367
335 378
335 388
335 392
336 346
336 351
336 359
336 366
336 369
336 372
336 376
336 378
336 379
336 392
337 339
337 341
337 346
337 348
337 352
337 359
338 363
338 367
338 372
338 395
339 357
339 362
339 368
339 374
339 375
339 395
339 397
340 363
340 370
340 375
341 348
341 349
341 350
341 399
342 369
342 370
342 372
343 359
343 371
343 382
343 384
343 396
344 359
344 366
344 370
345 352
345 363
345 364
345 388
345 390
346 348
346 355
346 357
346 365
347 348
347 355
347 357
347 362
347 390
348 358
348 360
348 373
348 399
349 350
349 353
349 370
350 362
350 393
350 394
351 352
351 357
351 370
351 376
351 380
351 385
351 389
352 359
352 383
353 360
353 366
353 370
353 385
354 360
354 375
355 363
355 370
355 390
356 357
356 358
357 364
357 368
357 377
357 399
358 368
358 373
358 374
358 378
358 394
358 396
359 369
360 389
361 389
361 395
361 398
362 369
362 392
364 368
364 375
364 393
364 398
365 375
365 381
366 381
366 382
366 387
366 388
366 389
367 372
367 379
367 383
367 392
367 399
368 380
368 383
368 390
368 393
368 396
369 374
369 379
369 397
370 396
371 375
371 391
371 396
371 399
372 377
372 380
372 387
372 398
374 389
375 389
376 379
376 382
376 383
376 386
376 394
376 398
378 379
378 394
378 395
378 397
379 382
379 387
379 388
379 389
383 392
383 393
384 391
384 393
384 397
386 390
387 389
389 397
390 398
391 395
392 393
392 394
392 397
394 395
394 397
395 399
