500 10035 0.5
0 3
0 4
0 6
0 35
0 36
0 49
0 89
0 109
0 119
0 123
0 157
0 198
0 206
0 216
0 245
0 254
0 261
0 271
0 308
0 311
0 317
0 339
0 350
0 360
0 370
0 380
0 385
0 400
0 411
0 430
0 447
0 457
0 484
1 7
1 12
1 14
1 33
1 39
1 51
1 65
1 67
1 85
1 104
1 105
1 117
1 123
1 130
1 138
1 157
1 158
1 167
1 180
1 192
1 196
1 198
1 201
1 203
1 208
1 220
1 236
1 238
1 267
1 271
1 276
1 299
1 312
1 328
1 338
1 339
1 351
1 352
1 353
1 400
1 416
1 426
1 446
1 448
1 455
1 473
1 496
2 12
2 15
2 43
2 48
2 55
2 56
2 70
2 71
2 84
2 87
2 99
2 141
2 169
2 207
2 228
2 277
2 309
2 322
2 329
2 344
2 347
2 365
2 376
2 379
2 382
2 387
2 391
2 396
2 419
2 423
2 435
2 448
2 461
2 472
2 493
3 12
3 14
3 58
3 77
3 83
3 92
3 100
3 104
3 107
3 111
3 138
3 141
3 154
3 161
3 186
3 189
3 191
3 196
3 208
3 212
3 213
3 234
3 239
3 245
3 254
3 258
3 263
3 271
3 283
3 295
3 319
3 322
3 326
3 329
3 337
3 352
3 376
3 389
3 390
3 412
3 422
3 427
3 428
3 454
3 455
4 18
4 25
4 31
4 49
4 51
4 61
4 73
4 75
4 99
4 123
4 132
4 154
4 189
4 194
4 222
4 229
4 230
4 236
4 264
4 276
4 277
4 305
4 325
4 334
4 387
4 428
4 433
4 451
4 469
4 481
4 484
4 488
5 19
5 53
5 57
5 67
5 70
5 101
5 102
5 105
5 107
5 126
5 171
5 172
5 176
5 204
5 227
5 241
5 243
5 244
5 257
5 269
5 271
5 272
5 301
5 313
5 323
5 331
5 333
5 338
5 344
5 352
5 358
5 365
5 382
5 392
5 394
5 413
5 430
5 434
5 444
5 461
5 462
5 470
5 487
5 492
6 11
6 15
6 33
6 37
6 54
6 59
6 69
6 99
6 108
6 142
6 179
6 200
6 219
6 234
6 260
6 283
6 326
6 328
6 340
6 360
6 383
6 403
6 410
6 419
6 436
6 437
6 445
6 454
6 456
6 459
7 24
7 35
7 53
7 64
7 76
7 90
7 105
7 106
7 169
7 182
7 184
7 229
7 252
7 256
7 257
7 265
7 269
7 272
7 279
7 288
7 293
7 294
7 329
7 332
7 335
7 348
7 354
7 366
7 367
7 394
7 397
7 409
7 480
7 498
8 31
8 35
8 45
8 51
8 71
8 84
8 91
8 97
8 105
8 115
8 129
8 185
8 189
8 190
8 201
8 221
8 224
8 228
8 248
8 265
8 266
8 276
8 309
8 328
8 339
8 359
8 366
8 386
8 388
8 395
8 396
8 417
8 441
8 446
8 449
8 451
8 464
8 470
8 475
8 485
8 488
9 20
9 27
9 47
9 49
9 52
9 62
9 69
9 90
9 92
9 118
9 132
9 147
9 168
9 174
9 194
9 205
9 213
9 218
9 237
9 279
9 284
9 286
9 287
9 299
9 304
9 341
9 345
9 401
9 408
9 420
9 421
9 435
9 442
9 443
9 464
9 480
9 483
9 488
9 498
10 32
10 43
10 54
10 56
10 59
10 75
10 91
10 115
10 119
10 132
10 168
10 181
10 182
10 188
10 196
10 202
10 205
10 211
10 218
10 228
10 239
10 263
10 266
10 284
10 285
10 300
10 313
10 323
10 328
10 375
10 379
10 396
10 409
10 437
10 450
10 453
10 460
10 472
11 14
11 18
11 66
11 127
11 140
11 150
11 153
11 179
11 182
11 185
11 202
11 208
11 209
11 219
11 257
11 263
11 292
11 309
11 320
11 324
11 334
11 341
11 377
11 386
11 395
11 405
11 409
11 411
11 441
11 447
11 461
11 476
11 477
11 495
12 26
12 34
12 41
12 47
12 50
12 57
12 70
12 71
12 75
12 113
12 119
12 122
12 126
12 146
12 218
12 233
12 238
12 240
12 267
12 293
12 309
12 329
12 365
12 383
12 385
12 396
12 402
12 403
12 411
12 423
12 433
12 472
12 473
12 476
12 481
12 490
12 491
13 36
13 45
13 63
13 66
13 78
13 125
13 129
13 132
13 140
13 144
13 159
13 174
13 193
13 204
13 208
13 214
13 260
13 267
13 311
13 313
13 321
13 347
13 401
13 413
13 447
13 451
13 455
13 456
13 461
14 20
14 36
14 70
14 99
14 118
14 144
14 148
14 153
14 163
14 174
14 186
14 195
14 200
14 239
14 244
14 257
14 258
14 274
14 279
14 297
14 311
14 318
14 358
14 369
14 375
14 384
14 392
14 400
14 403
14 407
14 440
14 447
14 464
14 483
15 21
15 43
15 49
15 54
15 58
15 62
15 68
15 75
15 77
15 95
15 106
15 115
15 133
15 155
15 192
15 213
15 229
15 232
15 249
15 250
15 269
15 284
15 286
15 300
15 306
15 311
15 337
15 339
15 349
15 353
15 369
15 371
15 377
15 385
15 404
15 440
15 456
15 457
15 468
15 484
15 485
15 489
15 494
16 39
16 47
16 51
16 57
16 70
16 74
16 76
16 87
16 90
16 110
16 154
16 163
16 185
16 202
16 205
16 213
16 232
16 236
16 244
16 246
16 251
16 269
16 280
16 293
16 299
16 301
16 303
16 307
16 313
16 341
16 351
16 371
16 378
16 386
16 390
16 401
16 410
16 421
16 432
16 442
16 444
16 461
16 469
16 492
17 27
17 31
17 50
17 84
17 112
17 118
17 135
17 155
17 158
17 160
17 170
17 186
17 187
17 190
17 196
17 206
17 216
17 217
17 223
17 290
17 303
17 315
17 326
17 327
17 339
17 351
17 354
17 355
17 357
17 376
17 408
17 413
17 422
17 425
17 487
18 19
18 20
18 24
18 26
18 47
18 52
18 54
18 55
18 57
18 76
18 88
18 98
18 103
18 106
18 110
18 117
18 119
18 132
18 136
18 140
18 147
18 206
18 227
18 228
18 236
18 246
18 259
18 274
18 278
18 281
18 283
18 319
18 338
18 353
18 360
18 364
18 382
18 406
18 407
18 409
18 417
18 429
18 435
18 445
18 454
18 469
18 482
18 493
19 24
19 48
19 55
19 63
19 65
19 70
19 74
19 91
19 104
19 116
19 131
19 140
19 145
19 153
19 156
19 175
19 204
19 212
19 229
19 250
19 256
19 271
19 278
19 281
19 286
19 293
19 321
19 323
19 331
19 339
19 374
19 379
19 381
19 398
19 424
19 427
19 434
19 442
19 444
19 454
19 466
19 467
19 477
19 498
19 499
20 24
20 41
20 57
20 64
20 70
20 81
20 84
20 89
20 91
20 106
20 111
20 131
20 144
20 153
20 173
20 179
20 192
20 214
20 217
20 226
20 244
20 250
20 269
20 279
20 293
20 346
20 349
20 351
20 352
20 372
20 388
20 406
20 422
20 429
20 452
20 457
20 460
20 475
21 28
21 33
21 45
21 46
21 47
21 58
21 69
21 79
21 91
21 95
21 105
21 107
21 108
21 109
21 111
21 120
21 138
21 145
21 149
21 160
21 164
21 177
21 178
21 190
21 203
21 235
21 313
21 322
21 324
21 332
21 339
21 343
21 350
21 351
21 352
21 432
21 453
21 459
21 464
21 472
22 42
22 69
22 77
22 78
22 110
22 118
22 119
22 120
22 130
22 137
22 138
22 140
22 145
22 146
22 168
22 212
22 220
22 221
22 231
22 251
22 255
22 259
22 276
22 282
22 287
22 288
22 292
22 297
22 315
22 323
22 331
22 353
22 360
22 362
22 405
22 419
22 425
22 431
22 432
22 460
22 475
23 25
23 35
23 50
23 60
23 64
23 73
23 84
23 91
23 95
23 105
23 106
23 113
23 135
23 164
23 179
23 184
23 186
23 191
23 201
23 216
23 229
23 232
23 238
23 259
23 272
23 274
23 281
23 286
23 287
23 291
23 317
23 333
23 340
23 342
23 345
23 354
23 363
23 372
23 376
23 377
23 379
23 403
23 417
23 425
23 446
23 453
23 464
23 467
23 485
23 491
23 495
24 31
24 34
24 50
24 66
24 73
24 102
24 138
24 148
24 162
24 169
24 170
24 175
24 178
24 288
24 291
24 300
24 302
24 327
24 337
24 342
24 364
24 369
24 370
24 398
24 454
24 462
24 467
24 472
24 494
24 499
25 30
25 51
25 52
25 81
25 99
25 109
25 121
25 123
25 125
25 135
25 142
25 171
25 189
25 200
25 216
25 235
25 237
25 246
25 263
25 273
25 291
25 297
25 301
25 347
25 360
25 390
25 400
25 420
25 432
25 453
25 460
25 470
25 476
25 499
26 32
26 39
26 42
26 50
26 56
26 82
26 130
26 131
26 164
26 171
26 192
26 194
26 196
26 219
26 237
26 242
26 247
26 261
26 320
26 327
26 358
26 373
26 376
26 380
26 391
26 395
26 405
26 407
26 413
26 433
26 450
26 479
26 481
26 483
27 28
27 40
27 60
27 63
27 86
27 116
27 117
27 125
27 127
27 130
27 138
27 141
27 151
27 156
27 175
27 207
27 251
27 254
27 263
27 269
27 270
27 278
27 283
27 284
27 296
27 301
27 310
27 317
27 319
27 326
27 350
27 372
27 379
27 396
27 402
27 422
27 467
27 495
28 39
28 40
28 51
28 60
28 64
28 70
28 76
28 79
28 95
28 134
28 141
28 148
28 199
28 207
28 212
28 214
28 218
28 250
28 252
28 260
28 289
28 294
28 301
28 306
28 312
28 314
28 316
28 319
28 332
28 340
28 350
28 412
28 417
28 418
28 439
28 446
28 462
28 493
28 497
29 32
29 35
29 76
29 81
29 83
29 88
29 92
29 101
29 102
29 104
29 109
29 120
29 126
29 141
29 150
29 151
29 169
29 170
29 188
29 193
29 201
29 214
29 232
29 243
29 262
29 282
29 283
29 311
29 321
29 332
29 347
29 349
29 353
29 365
29 371
29 376
29 400
29 408
29 416
29 422
29 423
29 445
29 472
29 483
29 489
30 34
30 61
30 71
30 78
30 89
30 104
30 105
30 165
30 183
30 187
30 188
30 199
30 214
30 215
30 218
30 257
30 285
30 289
30 301
30 304
30 322
30 337
30 339
30 348
30 352
30 371
30 378
30 383
30 391
30 411
30 412
30 419
30 425
30 429
30 431
30 491
31 49
31 50
31 66
31 85
31 106
31 109
31 117
31 118
31 210
31 216
31 233
31 239
31 243
31 247
31 254
31 307
31 322
31 329
31 342
31 355
31 393
31 402
31 410
31 411
31 454
31 462
31 468
32 47
32 85
32 105
32 121
32 128
32 148
32 152
32 155
32 156
32 160
32 192
32 204
32 205
32 214
32 217
32 233
32 255
32 256
32 266
32 276
32 287
32 296
32 319
32 321
32 348
32 352
32 390
32 400
32 404
32 406
32 408
32 409
32 421
32 433
32 442
32 477
32 493
32 494
33 44
33 48
33 56
33 58
33 67
33 81
33 83
33 95
33 98
33 100
33 104
33 106
33 108
33 109
33 126
33 142
33 148
33 167
33 172
33 187
33 193
33 194
33 211
33 217
33 224
33 225
33 228
33 233
33 234
33 235
33 251
33 260
33 271
33 272
33 281
33 300
33 303
33 332
33 344
33 362
33 366
33 376
33 380
33 391
33 412
33 426
33 446
33 449
34 41
34 52
34 66
34 69
34 132
34 141
34 169
34 171
34 175
34 176
34 177
34 185
34 189
34 190
34 195
34 213
34 215
34 221
34 228
34 229
34 232
34 236
34 240
34 278
34 292
34 301
34 314
34 315
34 325
34 350
34 353
34 380
34 398
34 399
34 415
34 431
34 442
34 450
34 459
34 485
35 44
35 53
35 67
35 99
35 112
35 116
35 124
35 125
35 134
35 138
35 139
35 140
35 157
35 183
35 209
35 215
35 217
35 233
35 241
35 250
35 269
35 287
35 308
35 317
35 333
35 358
35 374
35 375
35 378
35 381
35 385
35 412
35 424
35 447
35 453
35 455
35 459
35 467
35 485
35 487
35 493
35 496
35 498
35 499
36 54
36 69
36 70
36 87
36 88
36 96
36 112
36 113
36 117
36 128
36 130
36 136
36 147
36 160
36 164
36 180
36 206
36 212
36 238
36 249
36 256
36 260
36 262
36 267
36 276
36 280
36 301
36 309
36 310
36 313
36 322
36 327
36 347
36 351
36 352
36 364
36 373
36 381
36 386
36 408
36 410
36 418
36 428
36 431
36 446
36 451
36 456
36 463
36 478
36 482
36 489
37 49
37 55
37 98
37 102
37 128
37 132
37 140
37 178
37 192
37 195
37 212
37 224
37 243
37 248
37 252
37 253
37 267
37 273
37 286
37 291
37 304
37 313
37 320
37 334
37 337
37 346
37 351
37 358
37 359
37 369
37 377
37 394
37 441
37 450
37 467
37 479
37 489
37 497
38 45
38 61
38 65
38 81
38 92
38 93
38 99
38 102
38 111
38 126
38 133
38 145
38 166
38 167
38 168
38 172
38 182
38 188
38 196
38 206
38 209
38 232
38 239
38 244
38 249
38 264
38 267
38 269
38 272
38 275
38 280
38 319
38 333
38 336
38 338
38 345
38 366
38 369
38 374
38 406
38 416
38 429
38 444
38 445
38 460
38 474
39 45
39 54
39 71
39 81
39 86
39 87
39 93
39 103
39 111
39 119
39 175
39 185
39 201
39 219
39 252
39 254
39 260
39 271
39 287
39 298
39 321
39 339
39 357
39 361
39 377
39 380
39 390
39 397
39 409
39 410
39 422
39 442
39 447
39 449
39 466
39 467
39 479
40 42
40 49
40 52
40 57
40 71
40 81
40 88
40 94
40 129
40 147
40 159
40 160
40 200
40 201
40 236
40 237
40 255
40 256
40 278
40 320
40 321
40 324
40 331
40 332
40 409
40 414
40 434
40 439
40 472
40 473
40 480
40 496
41 61
41 97
41 104
41 120
41 130
41 136
41 146
41 158
41 172
41 185
41 196
41 197
41 198
41 205
41 207
41 209
41 212
41 232
41 234
41 237
41 254
41 256
41 286
41 289
41 317
41 324
41 352
41 353
41 366
41 373
41 397
41 406
41 408
41 409
41 415
41 416
41 454
41 482
42 56
42 77
42 84
42 85
42 86
42 90
42 110
42 124
42 130
42 144
42 147
42 152
42 187
42 200
42 215
42 231
42 235
42 256
42 318
42 319
42 324
42 331
42 337
42 341
42 357
42 380
42 396
42 400
42 407
42 411
42 424
42 438
42 440
42 443
42 463
42 481
42 486
42 491
42 493
43 72
43 90
43 91
43 99
43 112
43 137
43 140
43 148
43 151
43 209
43 222
43 226
43 241
43 242
43 269
43 278
43 282
43 287
43 289
43 301
43 305
43 307
43 315
43 324
43 352
43 360
43 375
43 399
43 407
43 410
43 443
43 453
43 457
43 461
43 473
44 54
44 57
44 71
44 85
44 100
44 101
44 104
44 123
44 131
44 143
44 148
44 208
44 226
44 241
44 254
44 272
44 279
44 293
44 299
44 303
44 308
44 327
44 355
44 369
44 381
44 385
44 388
44 391
44 400
44 402
44 407
44 410
44 425
44 448
44 485
45 74
45 83
45 106
45 118
45 159
45 166
45 177
45 189
45 230
45 231
45 246
45 267
45 278
45 334
45 339
45 357
45 373
45 384
45 386
45 391
45 395
45 406
45 442
45 447
45 460
45 488
46 49
46 53
46 64
46 74
46 94
46 95
46 118
46 122
46 136
46 147
46 162
46 163
46 165
46 173
46 188
46 214
46 238
46 251
46 255
46 256
46 265
46 280
46 294
46 312
46 325
46 349
46 366
46 407
46 417
46 418
46 432
46 436
46 445
46 447
46 468
46 472
46 499
47 68
47 69
47 79
47 95
47 119
47 121
47 123
47 149
47 171
47 180
47 186
47 200
47 206
47 212
47 223
47 232
47 240
47 250
47 252
47 260
47 263
47 295
47 304
47 305
47 324
47 330
47 339
47 371
47 395
47 398
47 438
47 443
47 454
47 455
47 466
47 470
47 474
47 477
47 497
48 51
48 69
48 78
48 96
48 111
48 126
48 128
48 133
48 147
48 153
48 158
48 163
48 168
48 169
48 196
48 222
48 225
48 244
48 255
48 265
48 275
48 277
48 279
48 281
48 290
48 293
48 310
48 311
48 354
48 357
48 359
48 365
48 368
48 370
48 387
48 389
48 414
48 416
48 420
48 429
48 442
48 447
48 498
49 93
49 98
49 110
49 151
49 186
49 201
49 225
49 229
49 231
49 234
49 236
49 256
49 261
49 264
49 273
49 304
49 308
49 310
49 311
49 313
49 336
49 353
49 358
49 387
49 399
49 408
49 411
49 430
49 434
49 439
49 443
49 445
49 456
49 462
49 472
49 474
50 53
50 79
50 82
50 84
50 93
50 111
50 112
50 144
50 177
50 200
50 201
50 315
50 331
50 335
50 339
50 360
50 362
50 381
50 383
50 386
50 395
50 408
50 433
50 438
50 467
51 54
51 58
51 65
51 78
51 85
51 88
51 104
51 112
51 117
51 118
51 122
51 125
51 135
51 160
51 161
51 170
51 176
51 208
51 211
51 248
51 252
51 253
51 257
51 280
51 290
51 293
51 295
51 306
51 329
51 344
51 391
51 396
51 401
51 412
51 420
51 424
51 426
51 435
51 449
51 454
51 490
51 491
52 65
52 75
52 88
52 93
52 101
52 107
52 111
52 117
52 144
52 155
52 164
52 165
52 184
52 185
52 210
52 213
52 230
52 251
52 253
52 260
52 272
52 273
52 284
52 320
52 324
52 349
52 361
52 362
52 372
52 376
52 382
52 410
52 420
52 421
52 428
52 433
52 440
52 455
52 463
52 474
52 475
52 478
52 498
53 57
53 59
53 67
53 97
53 100
53 118
53 120
53 155
53 167
53 179
53 191
53 195
53 215
53 229
53 230
53 235
53 239
53 243
53 250
53 330
53 334
53 344
53 347
53 356
53 360
53 370
53 395
53 396
53 405
53 410
53 425
53 431
53 438
53 453
53 464
53 480
53 488
53 495
54 64
54 79
54 89
54 91
54 101
54 111
54 119
54 124
54 132
54 139
54 143
54 144
54 153
54 161
54 167
54 178
54 205
54 214
54 229
54 235
54 236
54 242
54 258
54 264
54 275
54 302
54 309
54 311
54 314
54 316
54 322
54 330
54 344
54 347
54 359
54 365
54 368
54 388
54 400
54 401
54 402
54 413
54 423
54 424
54 440
54 447
54 483
54 487
54 491
55 78
55 87
55 89
55 105
55 106
55 107
55 154
55 161
55 170
55 174
55 200
55 203
55 217
55 233
55 238
55 271
55 281
55 287
55 311
55 354
55 357
55 368
55 376
55 390
55 427
55 434
55 450
55 473
55 481
55 492
56 63
56 64
56 65
56 77
56 83
56 84
56 100
56 126
56 144
56 153
56 171
56 185
56 186
56 199
56 217
56 231
56 237
56 245
56 254
56 270
56 275
56 278
56 292
56 294
56 300
56 332
56 355
56 379
56 405
56 412
56 415
56 420
56 459
56 490
57 58
57 64
57 72
57 73
57 80
57 91
57 100
57 143
57 147
57 163
57 199
57 212
57 213
57 236
57 245
57 246
57 254
57 258
57 269
57 307
57 322
57 349
57 354
57 358
57 367
57 368
57 397
57 404
57 408
57 425
57 430
57 434
57 455
57 456
57 457
57 458
57 463
57 481
57 483
57 484
58 96
58 140
58 146
58 161
58 166
58 174
58 211
58 222
58 244
58 251
58 252
58 270
58 279
58 280
58 294
58 318
58 326
58 354
58 413
58 414
58 416
58 429
58 431
58 436
58 447
58 457
58 484
59 73
59 74
59 80
59 83
59 86
59 131
59 142
59 148
59 149
59 152
59 153
59 169
59 173
59 193
59 202
59 209
59 215
59 229
59 260
59 287
59 291
59 299
59 300
59 303
59 311
59 317
59 322
59 324
59 353
59 366
59 404
59 405
59 420
59 435
59 453
59 465
59 480
59 481
59 485
59 490
60 74
60 85
60 127
60 142
60 145
60 159
60 179
60 180
60 183
60 192
60 206
60 211
60 212
60 225
60 231
60 262
60 270
60 272
60 277
60 314
60 316
60 326
60 335
60 344
60 355
60 369
60 391
60 422
60 445
60 453
60 454
60 468
60 477
60 486
60 492
60 497
61 77
61 78
61 84
61 88
61 104
61 118
61 127
61 134
61 141
61 146
61 178
61 188
61 189
61 200
61 224
61 244
61 263
61 286
61 296
61 299
61 314
61 317
61 344
61 347
61 353
61 357
61 359
61 365
61 395
61 413
61 431
61 436
61 452
61 459
61 461
61 468
61 472
61 494
62 63
62 131
62 146
62 150
62 158
62 160
62 165
62 171
62 186
62 195
62 196
62 211
62 224
62 229
62 261
62 265
62 270
62 294
62 315
62 327
62 348
62 349
62 366
62 409
62 420
62 459
62 478
62 481
62 496
63 90
63 99
63 100
63 131
63 140
63 150
63 196
63 231
63 232
63 248
63 262
63 267
63 277
63 287
63 289
63 295
63 310
63 315
63 322
63 326
63 332
63 346
63 347
63 392
63 408
63 418
63 477
63 496
64 67
64 72
64 78
64 112
64 116
64 118
64 133
64 160
64 163
64 171
64 178
64 183
64 195
64 205
64 216
64 217
64 219
64 247
64 269
64 307
64 308
64 313
64 329
64 369
64 407
64 426
64 430
64 463
64 469
64 484
64 495
64 497
65 84
65 87
65 89
65 93
65 102
65 132
65 141
65 150
65 157
65 164
65 172
65 173
65 181
65 212
65 215
65 225
65 243
65 262
65 263
65 280
65 295
65 309
65 310
65 314
65 324
65 326
65 329
65 333
65 351
65 381
65 404
65 438
65 439
65 446
65 450
65 467
65 469
65 477
65 482
65 495
65 499
66 78
66 100
66 109
66 115
66 150
66 156
66 159
66 162
66 175
66 201
66 210
66 246
66 254
66 265
66 276
66 280
66 285
66 295
66 306
66 307
66 334
66 367
66 370
66 382
66 410
66 411
66 413
66 426
66 437
66 442
66 454
66 464
66 479
67 83
67 84
67 88
67 92
67 125
67 128
67 148
67 152
67 160
67 170
67 175
67 191
67 196
67 214
67 215
67 217
67 227
67 246
67 250
67 260
67 268
67 278
67 295
67 303
67 338
67 346
67 348
67 352
67 355
67 379
67 401
67 405
67 410
67 447
67 462
67 476
67 488
68 80
68 136
68 149
68 150
68 168
68 181
68 217
68 221
68 248
68 270
68 280
68 303
68 319
68 351
68 364
68 390
68 391
68 407
68 449
68 453
68 474
69 80
69 86
69 114
69 145
69 158
69 167
69 178
69 190
69 222
69 235
69 258
69 326
69 343
69 353
69 367
69 383
69 396
69 406
69 427
69 433
69 459
69 460
69 463
69 466
69 494
70 80
70 88
70 90
70 92
70 102
70 106
70 127
70 140
70 150
70 162
70 177
70 191
70 199
70 201
70 233
70 234
70 240
70 272
70 290
70 296
70 298
70 307
70 318
70 322
70 359
70 385
70 399
70 410
70 411
70 420
70 445
70 458
70 461
70 464
70 467
70 469
71 90
71 95
71 104
71 109
71 123
71 124
71 135
71 140
71 141
71 151
71 165
71 172
71 176
71 182
71 200
71 203
71 208
71 229
71 233
71 239
71 241
71 254
71 265
71 291
71 355
71 406
71 408
71 410
71 415
71 429
71 451
71 456
71 459
71 472
72 100
72 111
72 118
72 132
72 136
72 139
72 141
72 153
72 169
72 177
72 195
72 199
72 224
72 227
72 235
72 237
72 238
72 288
72 295
72 301
72 307
72 310
72 311
72 327
72 351
72 354
72 375
72 383
72 415
72 427
72 430
72 462
72 475
72 476
72 490
72 493
73 78
73 88
73 91
73 98
73 110
73 125
73 166
73 168
73 171
73 175
73 180
73 186
73 196
73 207
73 213
73 219
73 256
73 257
73 259
73 260
73 264
73 276
73 277
73 278
73 288
73 291
73 305
73 321
73 326
73 337
73 340
73 347
73 348
73 373
73 374
73 380
73 389
73 427
73 431
73 436
73 439
73 455
73 461
73 485
74 78
74 108
74 116
74 119
74 144
74 158
74 165
74 167
74 200
74 233
74 235
74 259
74 311
74 319
74 323
74 330
74 365
74 377
74 384
74 389
74 399
74 422
74 453
74 462
74 467
75 87
75 90
75 110
75 132
75 133
75 150
75 157
75 168
75 175
75 203
75 242
75 266
75 276
75 277
75 310
75 314
75 335
75 343
75 346
75 382
75 408
75 409
75 440
75 441
75 445
75 455
75 458
75 494
76 79
76 84
76 85
76 119
76 132
76 149
76 179
76 189
76 193
76 199
76 200
76 221
76 243
76 252
76 265
76 273
76 276
76 280
76 289
76 329
76 361
76 378
76 390
76 403
76 408
76 436
76 443
76 450
76 461
76 476
76 496
76 498
77 102
77 106
77 113
77 117
77 121
77 139
77 142
77 149
77 171
77 176
77 178
77 193
77 197
77 200
77 212
77 222
77 224
77 229
77 250
77 263
77 273
77 287
77 326
77 344
77 358
77 375
77 376
77 406
77 418
77 420
77 434
77 435
77 451
77 461
77 462
77 466
77 468
77 472
77 485
78 89
78 93
78 113
78 131
78 134
78 146
78 153
78 177
78 180
78 184
78 218
78 247
78 263
78 283
78 292
78 307
78 308
78 326
78 333
78 361
78 376
78 379
78 391
78 409
78 415
78 454
78 497
79 98
79 104
79 106
79 117
79 162
79 166
79 169
79 195
79 197
79 207
79 210
79 218
79 225
79 227
79 239
79 265
79 285
79 368
79 393
79 397
79 401
79 409
79 420
79 437
79 467
79 483
80 81
80 100
80 103
80 140
80 150
80 174
80 180
80 193
80 202
80 204
80 205
80 207
80 229
80 234
80 241
80 275
80 283
80 285
80 286
80 287
80 296
80 299
80 306
80 319
80 320
80 326
80 328
80 337
80 353
80 381
80 406
80 411
80 439
80 458
80 461
80 464
80 473
80 489
80 490
80 492
81 88
81 100
81 101
81 102
81 105
81 109
81 117
81 124
81 133
81 136
81 149
81 154
81 156
81 159
81 167
81 171
81 179
81 189
81 190
81 191
81 194
81 203
81 235
81 247
81 255
81 266
81 320
81 340
81 345
81 348
81 349
81 352
81 354
81 360
81 369
81 407
81 433
81 438
81 465
81 466
81 487
81 488
82 88
82 93
82 96
82 105
82 122
82 162
82 181
82 183
82 184
82 192
82 195
82 196
82 210
82 224
82 226
82 277
82 300
82 314
82 327
82 354
82 379
82 384
82 388
82 396
82 421
82 433
82 434
82 448
82 463
82 466
82 469
82 477
82 492
82 495
83 100
83 142
83 149
83 154
83 165
83 181
83 184
83 199
83 219
83 225
83 239
83 242
83 253
83 271
83 276
83 291
83 297
83 299
83 306
83 337
83 358
83 361
83 364
83 376
83 392
83 403
83 412
83 413
83 432
83 439
83 453
83 467
83 470
83 481
83 487
84 102
84 108
84 130
84 145
84 150
84 151
84 174
84 192
84 209
84 222
84 224
84 228
84 242
84 243
84 258
84 284
84 303
84 309
84 310
84 313
84 328
84 329
84 331
84 342
84 344
84 357
84 389
84 393
84 396
84 412
84 435
84 469
84 472
84 496
84 497
85 88
85 95
85 96
85 124
85 129
85 157
85 164
85 167
85 176
85 189
85 195
85 211
85 220
85 229
85 242
85 257
85 261
85 262
85 287
85 303
85 337
85 363
85 369
85 378
85 400
85 402
85 440
85 441
85 442
85 445
85 460
85 463
86 97
86 98
86 99
86 100
86 105
86 106
86 147
86 150
86 199
86 227
86 230
86 234
86 242
86 245
86 246
86 252
86 258
86 276
86 286
86 288
86 302
86 304
86 313
86 329
86 341
86 353
86 372
86 375
86 381
86 415
86 432
86 434
86 438
86 441
86 472
86 476
86 491
86 494
87 107
87 126
87 128
87 153
87 155
87 164
87 177
87 178
87 188
87 205
87 206
87 221
87 222
87 231
87 235
87 241
87 260
87 263
87 287
87 292
87 303
87 309
87 329
87 347
87 356
87 384
87 393
87 409
87 415
87 436
87 461
87 469
87 492
87 499
88 94
88 109
88 113
88 139
88 142
88 172
88 177
88 191
88 207
88 230
88 241
88 279
88 287
88 289
88 306
88 331
88 341
88 346
88 354
88 358
88 363
88 364
88 371
88 374
88 380
88 441
88 443
88 449
88 478
88 485
88 490
88 497
89 101
89 104
89 121
89 148
89 214
89 226
89 242
89 254
89 256
89 258
89 259
89 260
89 266
89 269
89 272
89 274
89 281
89 327
89 330
89 331
89 336
89 357
89 368
89 379
89 381
89 386
89 388
89 393
89 401
89 406
89 413
89 434
89 439
89 441
89 454
89 457
89 467
89 480
89 484
89 485
90 98
90 128
90 133
90 140
90 145
90 159
90 161
90 168
90 170
90 179
90 189
90 196
90 210
90 230
90 236
90 241
90 254
90 262
90 289
90 298
90 343
90 346
90 386
90 388
90 393
90 400
90 405
90 415
90 417
90 425
90 430
90 434
90 436
90 446
90 451
90 455
90 486
90 488
90 491
90 498
91 109
91 120
91 122
91 131
91 137
91 153
91 167
91 173
91 174
91 176
91 189
91 197
91 200
91 210
91 226
91 249
91 250
91 263
91 265
91 278
91 283
91 285
91 308
91 319
91 321
91 328
91 332
91 341
91 354
91 373
91 394
91 403
91 409
91 432
91 450
91 458
91 478
91 482
91 486
91 495
92 93
92 117
92 127
92 155
92 162
92 164
92 186
92 194
92 222
92 235
92 240
92 248
92 251
92 262
92 269
92 276
92 325
92 335
92 355
92 375
92 385
92 396
92 411
92 420
92 443
92 460
92 466
92 471
92 473
92 488
92 489
92 491
93 105
93 107
93 114
93 116
93 121
93 145
93 147
93 150
93 165
93 166
93 169
93 178
93 221
93 248
93 256
93 277
93 281
93 313
93 350
93 383
93 399
93 409
93 426
93 428
93 442
93 452
93 467
93 468
93 470
94 98
94 123
94 126
94 132
94 140
94 145
94 146
94 147
94 155
94 194
94 196
94 202
94 251
94 258
94 299
94 309
94 322
94 390
94 391
94 403
94 423
94 448
94 449
94 453
94 471
94 474
94 480
94 487
94 490
95 130
95 131
95 172
95 175
95 176
95 198
95 208
95 209
95 228
95 249
95 262
95 274
95 275
95 285
95 288
95 295
95 300
95 324
95 379
95 388
95 390
95 414
95 430
95 435
95 443
95 457
95 479
95 487
95 499
96 110
96 126
96 136
96 139
96 167
96 173
96 197
96 242
96 251
96 274
96 305
96 310
96 327
96 333
96 339
96 352
96 354
96 368
96 374
96 442
96 476
96 487
96 491
97 99
97 125
97 131
97 134
97 135
97 148
97 152
97 189
97 205
97 214
97 231
97 237
97 258
97 260
97 263
97 278
97 299
97 306
97 319
97 352
97 353
97 365
97 390
97 416
97 423
97 433
97 439
97 440
97 482
97 491
97 498
98 102
98 108
98 121
98 136
98 150
98 158
98 190
98 192
98 193
98 200
98 203
98 210
98 212
98 215
98 231
98 241
98 275
98 277
98 284
98 330
98 348
98 369
98 379
98 386
98 402
98 428
98 446
98 451
98 457
98 477
98 479
99 101
99 121
99 125
99 145
99 184
99 197
99 200
99 203
99 204
99 224
99 228
99 234
99 243
99 271
99 277
99 286
99 298
99 299
99 317
99 334
99 348
99 358
99 360
99 375
99 384
99 406
99 418
99 429
99 431
99 436
99 439
99 440
99 444
99 445
99 452
99 456
99 461
99 474
99 486
100 105
100 113
100 134
100 135
100 148
100 182
100 183
100 195
100 205
100 211
100 216
100 255
100 263
100 266
100 298
100 310
100 317
100 323
100 332
100 333
100 338
100 343
100 359
100 386
100 410
100 416
100 427
100 452
100 466
100 474
100 475
100 477
100 484
101 115
101 146
101 195
101 197
101 235
101 239
101 245
101 262
101 268
101 294
101 306
101 309
101 314
101 335
101 341
101 342
101 347
101 349
101 354
101 359
101 368
101 371
101 378
101 400
101 417
101 425
101 449
101 451
101 462
101 484
101 494
102 105
102 138
102 151
102 159
102 161
102 165
102 197
102 216
102 238
102 243
102 279
102 301
102 358
102 364
102 368
102 373
102 375
102 384
102 385
102 393
102 411
102 423
102 435
102 446
102 447
102 449
102 452
102 453
102 466
102 468
102 480
102 493
102 496
103 104
103 117
103 120
103 123
103 129
103 174
103 181
103 184
103 192
103 209
103 237
103 282
103 309
103 332
103 347
103 360
103 375
103 398
103 425
103 426
103 437
103 449
103 459
103 462
103 465
104 105
104 107
104 109
104 146
104 192
104 207
104 210
104 257
104 264
104 276
104 280
104 290
104 313
104 314
104 325
104 326
104 333
104 334
104 346
104 349
104 367
104 376
104 385
104 387
104 413
104 428
104 438
104 446
104 448
104 473
104 479
105 113
105 123
105 134
105 150
105 174
105 194
105 199
105 217
105 218
105 219
105 224
105 230
105 237
105 255
105 265
105 320
105 335
105 336
105 382
105 387
105 443
105 459
105 484
106 110
106 125
106 130
106 140
106 194
106 196
106 216
106 230
106 232
106 241
106 250
106 252
106 253
106 268
106 275
106 278
106 281
106 292
106 297
106 299
106 300
106 302
106 303
106 306
106 317
106 322
106 334
106 336
106 354
106 374
106 404
106 410
106 414
106 431
106 440
106 448
106 449
106 496
106 497
106 499
107 124
107 126
107 135
107 147
107 167
107 168
107 182
107 187
107 203
107 224
107 280
107 287
107 288
107 291
107 303
107 308
107 322
107 329
107 333
107 339
107 363
107 393
107 404
107 418
107 425
107 446
107 459
107 480
107 483
107 495
108 110
108 123
108 131
108 132
108 140
108 158
108 159
108 160
108 172
108 195
108 204
108 221
108 230
108 262
108 263
108 276
108 286
108 291
108 293
108 302
108 310
108 315
108 322
108 337
108 338
108 346
108 350
108 351
108 360
108 372
108 381
108 400
108 415
108 441
108 446
108 448
108 449
108 458
108 482
109 117
109 171
109 172
109 177
109 184
109 198
109 202
109 223
109 242
109 250
109 258
109 262
109 268
109 282
109 290
109 310
109 329
109 330
109 340
109 342
109 353
109 357
109 361
109 377
109 392
109 408
109 412
109 444
109 463
109 483
110 119
110 120
110 135
110 138
110 149
110 168
110 169
110 194
110 197
110 199
110 208
110 223
110 238
110 242
110 251
110 263
110 271
110 280
110 290
110 297
110 318
110 335
110 367
110 385
110 391
110 410
110 441
110 444
110 471
110 488
110 493
111 120
111 135
111 143
111 153
111 163
111 172
111 176
111 182
111 201
111 208
111 212
111 264
111 306
111 317
111 318
111 336
111 344
111 349
111 354
111 364
111 368
111 385
111 387
111 397
111 406
111 425
111 428
111 435
111 449
111 499
112 115
112 131
112 161
112 168
112 169
112 225
112 253
112 255
112 260
112 265
112 278
112 282
112 292
112 297
112 299
112 308
112 316
112 349
112 357
112 366
112 387
112 411
112 417
112 425
112 445
112 446
112 453
113 129
113 140
113 191
113 199
113 223
113 269
113 273
113 277
113 284
113 294
113 295
113 300
113 311
113 356
113 394
113 396
113 397
113 401
113 406
113 412
113 426
113 433
113 444
113 447
113 454
113 463
113 486
114 117
114 123
114 145
114 148
114 154
114 179
114 185
114 206
114 226
114 241
114 247
114 276
114 285
114 288
114 306
114 339
114 342
114 351
114 384
114 387
114 395
114 427
114 432
114 434
114 440
114 448
115 136
115 140
115 159
115 188
115 192
115 194
115 196
115 215
115 237
115 245
115 255
115 267
115 311
115 321
115 324
115 328
115 332
115 333
115 348
115 359
115 374
115 386
115 391
115 396
115 398
115 404
115 410
115 419
115 428
115 442
115 468
115 472
115 473
115 498
116 117
116 133
116 138
116 148
116 152
116 178
116 225
116 248
116 249
116 277
116 300
116 323
116 327
116 358
116 378
116 386
116 414
116 425
116 460
116 462
116 476
116 490
117 120
117 129
117 133
117 136
117 138
117 153
117 174
117 218
117 224
117 232
117 260
117 264
117 283
117 300
117 314
117 317
117 333
117 339
117 343
117 354
117 360
117 375
117 403
117 411
117 427
117 445
117 447
117 449
117 473
117 477
117 495
118 122
118 129
118 135
118 140
118 144
118 148
118 175
118 186
118 190
118 229
118 230
118 254
118 268
118 283
118 301
118 302
118 313
118 340
118 347
118 348
118 356
118 362
118 374
118 384
118 401
118 428
118 464
118 475
118 490
118 494
118 496
119 170
119 191
119 192
119 195
119 197
119 199
119 205
119 208
119 236
119 244
119 256
119 285
119 287
119 294
119 344
119 345
119 350
119 359
119 364
119 366
119 368
119 379
119 393
119 416
119 428
119 464
119 474
119 475
119 479
119 484
120 157
120 158
120 163
120 192
120 206
120 210
120 218
120 241
120 248
120 251
120 254
120 271
120 273
120 288
120 292
120 304
120 311
120 317
120 322
120 337
120 350
120 371
120 378
120 392
120 403
120 420
120 430
120 432
120 444
120 473
120 477
120 491
121 124
121 135
121 142
121 151
121 189
121 190
121 199
121 216
121 220
121 224
121 230
121 231
121 236
121 243
121 246
121 253
121 258
121 261
121 265
121 277
121 278
121 282
121 315
121 317
121 318
121 321
121 324
121 335
121 342
121 345
121 348
121 354
121 355
121 358
121 362
121 365
121 381
121 415
121 416
121 417
121 432
121 448
121 452
121 455
122 136
122 162
122 172
122 200
122 207
122 215
122 227
122 248
122 264
122 285
122 322
122 337
122 349
122 360
122 365
122 369
122 378
122 399
122 402
122 405
122 425
122 429
122 467
123 126
123 137
123 151
123 152
123 200
123 210
123 219
123 222
123 246
123 247
123 261
123 273
123 277
123 284
123 350
123 357
123 370
123 385
123 409
123 419
123 444
123 470
123 474
123 477
123 489
124 133
124 148
124 156
124 169
124 171
124 180
124 186
124 193
124 221
124 235
124 298
124 305
124 325
124 330
124 336
124 350
124 363
124 390
124 396
124 409
124 420
124 442
124 451
124 457
124 463
124 470
124 473
124 481
124 483
124 492
125 134
125 136
125 150
125 160
125 205
125 225
125 232
125 263
125 279
125 314
125 328
125 329
125 334
125 337
125 345
125 373
125 379
125 407
125 418
125 422
125 425
125 443
125 463
125 466
125 497
126 164
126 173
126 179
126 210
126 218
126 249
126 252
126 254
126 255
126 259
126 263
126 264
126 275
126 278
126 287
126 319
126 329
126 335
126 338
126 339
126 342
126 352
126 363
126 379
126 382
126 385
126 386
126 405
126 413
126 418
126 427
126 437
126 442
126 444
126 446
126 451
126 464
126 472
126 476
126 482
126 489
127 140
127 161
127 163
127 177
127 180
127 194
127 205
127 213
127 232
127 269
127 270
127 277
127 281
127 295
127 299
127 328
127 341
127 347
127 354
127 356
127 368
127 371
127 376
127 389
127 397
127 436
127 448
127 467
127 471
127 499
128 130
128 133
128 134
128 135
128 149
128 158
128 189
128 198
128 204
128 214
128 224
128 231
128 246
128 259
128 265
128 293
128 303
128 309
128 330
128 338
128 345
128 354
128 401
128 402
128 407
128 409
128 414
128 415
128 433
128 444
128 461
128 462
128 463
128 475
128 476
129 130
129 131
129 145
129 178
129 180
129 187
129 198
129 217
129 235
129 248
129 257
129 265
129 269
129 303
129 305
129 308
129 323
129 339
129 368
129 388
129 390
129 405
129 413
129 416
129 429
129 435
129 456
129 463
129 471
129 475
129 482
129 483
130 135
130 137
130 159
130 174
130 186
130 196
130 210
130 222
130 224
130 232
130 252
130 268
130 276
130 282
130 295
130 306
130 333
130 334
130 340
130 351
130 366
130 376
130 412
130 417
130 447
130 459
130 466
131 137
131 191
131 205
131 231
131 244
131 247
131 251
131 261
131 280
131 285
131 288
131 324
131 329
131 344
131 386
131 403
131 405
131 408
131 420
131 435
131 450
131 463
131 489
131 490
132 148
132 177
132 195
132 228
132 251
132 254
132 263
132 286
132 293
132 307
132 339
132 346
132 348
132 379
132 383
132 389
132 401
132 403
132 470
132 478
132 479
132 496
132 499
133 137
133 148
133 163
133 174
133 198
133 199
133 239
133 251
133 255
133 261
133 267
133 280
133 285
133 298
133 316
133 317
133 333
133 335
133 359
133 374
133 391
133 401
133 432
133 440
133 454
133 459
133 469
133 498
134 137
134 139
134 152
134 161
134 163
134 188
134 216
134 231
134 244
134 247
134 253
134 271
134 277
134 284
134 345
134 346
134 350
134 366
134 416
134 438
134 441
134 494
135 139
135 150
135 158
135 161
135 181
135 183
135 216
135 221
135 249
135 250
135 253
135 257
135 311
135 313
135 315
135 364
135 374
135 383
135 421
135 439
135 456
135 459
135 475
136 145
136 151
136 159
136 170
136 178
136 185
136 193
136 194
136 197
136 203
136 209
136 210
136 225
136 226
136 229
136 231
136 247
136 300
136 301
136 312
136 314
136 327
136 338
136 356
136 372
136 379
136 382
136 399
136 400
136 401
136 429
136 438
136 456
136 477
136 483
136 489
136 495
136 498
137 197
137 198
137 200
137 214
137 236
137 273
137 276
137 279
137 282
137 299
137 305
137 312
137 331
137 332
137 339
137 351
137 368
137 378
137 382
137 385
137 405
137 437
137 442
137 457
137 489
137 494
138 141
138 143
138 159
138 173
138 175
138 176
138 177
138 212
138 227
138 244
138 267
138 274
138 283
138 284
138 289
138 304
138 366
138 375
138 423
138 426
138 435
138 443
138 451
138 458
138 481
139 145
139 162
139 179
139 184
139 190
139 197
139 200
139 206
139 221
139 265
139 277
139 293
139 305
139 328
139 361
139 369
139 387
139 396
139 402
139 425
139 438
139 446
139 451
139 471
139 480
139 484
140 144
140 166
140 181
140 201
140 208
140 209
140 213
140 215
140 216
140 223
140 228
140 230
140 249
140 250
140 267
140 276
140 279
140 280
140 291
140 293
140 299
140 306
140 311
140 338
140 343
140 363
140 377
140 384
140 388
140 398
140 416
140 450
140 460
140 466
140 481
140 493
140 494
141 154
141 157
141 159
141 167
141 189
141 230
141 237
141 247
141 250
141 251
141 252
141 258
141 269
141 273
141 276
141 283
141 289
141 304
141 309
141 320
141 328
141 359
141 363
141 397
141 426
141 438
141 440
141 445
141 452
141 464
141 477
141 490
142 153
142 168
142 182
142 197
142 214
142 217
142 221
142 229
142 240
142 241
142 249
142 253
142 257
142 264
142 288
142 295
142 360
142 365
142 375
142 422
142 427
142 434
142 435
142 447
142 480
143 151
143 157
143 165
143 178
143 202
143 216
143 245
143 260
143 261
143 268
143 270
143 285
143 309
143 323
143 325
143 332
143 336
143 337
143 340
143 350
143 358
143 376
143 398
143 405
143 418
143 437
143 447
143 452
143 465
143 473
143 475
143 480
143 485
144 153
144 158
144 168
144 175
144 181
144 186
144 196
144 201
144 218
144 219
144 234
144 253
144 256
144 273
144 274
144 310
144 321
144 337
144 363
144 375
144 381
144 384
144 385
144 400
144 414
144 437
144 456
144 467
144 472
144 485
144 486
145 147
145 178
145 196
145 199
145 237
145 242
145 253
145 267
145 285
145 324
145 347
145 355
145 357
145 364
145 372
145 382
145 386
145 389
145 408
145 412
145 416
145 419
145 433
145 438
145 456
145 459
145 467
145 475
145 485
145 499
146 151
146 161
146 162
146 169
146 172
146 173
146 175
146 187
146 194
146 196
146 205
146 207
146 249
146 276
146 277
146 279
146 284
146 304
146 328
146 339
146 362
146 377
146 385
146 404
146 409
146 420
146 433
146 437
146 440
146 441
146 447
146 457
146 474
146 475
146 485
146 493
147 151
147 199
147 202
147 220
147 237
147 242
147 245
147 249
147 254
147 268
147 275
147 277
147 278
147 305
147 317
147 319
147 320
147 331
147 338
147 339
147 353
147 363
147 383
147 402
147 405
147 419
147 437
147 439
147 445
147 452
147 455
147 477
147 478
147 480
148 165
148 175
148 201
148 211
148 237
148 257
148 283
148 302
148 311
148 318
148 325
148 341
148 342
148 348
148 351
148 398
148 423
148 443
148 466
148 468
149 199
149 207
149 221
149 247
149 253
149 258
149 263
149 266
149 305
149 323
149 332
149 344
149 349
149 371
149 377
149 385
149 395
149 464
149 480
149 489
150 168
150 169
150 186
150 190
150 197
150 202
150 232
150 247
150 254
150 268
150 282
150 285
150 287
150 290
150 294
150 295
150 306
150 339
150 375
150 376
150 388
150 426
150 431
150 447
150 475
150 478
150 481
150 483
150 489
151 157
151 167
151 192
151 195
151 205
151 216
151 239
151 240
151 241
151 270
151 318
151 322
151 326
151 329
151 335
151 375
151 384
151 387
151 403
151 420
151 430
151 442
151 449
151 479
151 484
151 490
151 499
152 159
152 169
152 221
152 225
152 233
152 238
152 242
152 245
152 261
152 264
152 270
152 288
152 290
152 317
152 319
152 337
152 341
152 368
152 376
152 377
152 385
152 393
152 420
152 433
152 459
152 463
152 497
153 158
153 161
153 172
153 178
153 184
153 187
153 225
153 231
153 232
153 235
153 271
153 282
153 301
153 319
153 331
153 371
153 405
153 406
153 438
153 446
153 448
153 449
153 480
153 491
153 497
154 158
154 187
154 189
154 202
154 208
154 214
154 230
154 233
154 235
154 238
154 243
154 259
154 264
154 287
154 300
154 332
154 335
154 345
154 346
154 357
154 365
154 366
154 373
154 381
154 390
154 400
154 402
154 424
154 429
154 445
154 455
154 479
154 483
155 161
155 162
155 168
155 170
155 175
155 184
155 202
155 241
155 268
155 287
155 291
155 293
155 337
155 346
155 351
155 364
155 365
155 382
155 394
155 398
155 424
155 428
155 437
155 499
156 158
156 161
156 172
156 174
156 176
156 193
156 199
156 201
156 207
156 211
156 219
156 223
156 232
156 233
156 236
156 238
156 246
156 256
156 260
156 278
156 280
156 286
156 310
156 314
156 351
156 352
156 353
156 364
156 388
156 390
156 401
156 414
156 416
156 428
156 434
156 488
156 494
157 166
157 171
157 173
157 181
157 200
157 229
157 251
157 268
157 270
157 273
157 302
157 304
157 315
157 320
157 324
157 326
157 336
157 339
157 363
157 365
157 372
157 406
157 418
157 454
157 479
157 498
158 164
158 189
158 198
158 232
158 276
158 304
158 307
158 323
158 326
158 350
158 366
158 368
158 378
158 390
158 409
158 423
158 428
158 431
158 435
158 443
158 447
158 456
158 458
158 465
158 469
158 481
158 488
158 489
158 495
159 176
159 177
159 180
159 205
159 209
159 218
159 246
159 284
159 287
159 313
159 315
159 329
159 342
159 344
159 360
159 361
159 377
159 383
159 391
159 393
159 394
159 408
159 413
159 417
159 434
159 449
159 489
159 499
160 164
160 169
160 182
160 191
160 196
160 197
160 208
160 210
160 222
160 223
160 225
160 240
160 270
160 274
160 278
160 291
160 293
160 305
160 335
160 338
160 376
160 382
160 399
160 406
160 426
160 429
160 435
160 449
160 450
160 476
160 485
160 487
160 492
161 163
161 211
161 216
161 219
161 226
161 239
161 250
161 269
161 289
161 292
161 315
161 351
161 403
161 411
161 421
161 438
161 446
161 472
161 476
161 481
161 482
162 172
162 190
162 199
162 211
162 238
162 245
162 266
162 268
162 277
162 297
162 304
162 312
162 319
162 327
162 329
162 337
162 343
162 359
162 363
162 368
162 394
162 396
162 398
162 409
162 417
162 430
162 435
162 444
162 450
162 456
162 463
162 468
162 471
162 481
162 485
163 165
163 189
163 198
163 217
163 220
163 221
163 263
163 279
163 283
163 315
163 327
163 332
163 341
163 346
163 347
163 359
163 384
163 385
163 398
163 415
163 416
163 420
163 422
163 425
163 439
163 468
163 472
163 486
163 491
163 499
164 167
164 171
164 181
164 191
164 247
164 263
164 267
164 273
164 279
164 289
164 297
164 309
164 317
164 320
164 330
164 334
164 354
164 361
164 380
164 381
164 405
164 412
164 429
164 437
164 438
164 439
164 444
164 448
164 462
164 487
165 173
165 187
165 222
165 225
165 243
165 255
165 262
165 264
165 274
165 275
165 283
165 286
165 289
165 294
165 295
165 299
165 321
165 339
165 348
165 376
165 380
165 392
165 412
165 414
165 418
165 445
165 448
165 456
165 459
165 468
165 475
166 167
166 182
166 194
166 198
166 228
166 229
166 231
166 249
166 254
166 285
166 286
166 288
166 295
166 302
166 307
166 313
166 321
166 322
166 326
166 332
166 333
166 358
166 364
166 366
166 412
166 413
166 443
166 452
166 471
166 490
167 177
167 178
167 191
167 238
167 243
167 249
167 257
167 280
167 287
167 300
167 304
167 323
167 326
167 331
167 354
167 359
167 372
167 388
167 397
167 400
167 412
167 413
167 428
167 435
167 442
167 458
167 460
168 170
168 178
168 212
168 219
168 222
168 242
168 247
168 253
168 275
168 304
168 309
168 311
168 318
168 325
168 329
168 344
168 351
168 353
168 365
168 370
168 391
168 411
168 456
168 468
168 469
168 473
168 483
169 178
169 180
169 207
169 221
169 253
169 254
169 257
169 267
169 270
169 287
169 288
169 301
169 309
169 316
169 330
169 334
169 341
169 346
169 365
169 372
169 398
169 406
169 407
169 425
169 449
169 465
170 178
170 192
170 200
170 235
170 237
170 276
170 311
170 312
170 320
170 368
170 373
170 394
170 402
170 406
170 433
170 436
170 447
170 448
170 451
170 464
170 465
170 470
170 486
171 210
171 211
171 213
171 231
171 238
171 244
171 245
171 247
171 260
171 265
171 277
171 280
171 296
171 301
171 306
171 332
171 333
171 363
171 364
171 386
171 401
171 425
171 427
171 432
171 441
171 455
171 468
171 486
171 493
172 180
172 203
172 205
172 214
172 236
172 240
172 244
172 277
172 280
172 304
172 314
172 320
172 336
172 345
172 369
172 388
172 410
172 414
172 417
172 434
172 441
172 455
172 456
172 459
172 475
172 487
172 498
172 499
173 193
173 264
173 276
173 286
173 290
173 312
173 328
173 337
173 344
173 345
173 347
173 359
173 413
173 420
173 429
173 433
173 442
173 452
173 465
173 467
173 469
173 489
174 176
174 194
174 199
174 202
174 218
174 237
174 264
174 291
174 294
174 309
174 356
174 365
174 370
174 377
174 381
174 389
174 400
174 407
174 411
174 415
174 448
174 449
174 459
174 462
174 467
174 499
175 191
175 198
175 199
175 217
175 220
175 230
175 263
175 285
175 294
175 305
175 308
175 326
175 353
175 358
175 370
175 373
175 393
175 403
175 408
175 421
175 457
175 472
175 499
176 181
176 183
176 189
176 213
176 231
176 238
176 247
176 255
176 258
176 267
176 290
176 298
176 310
176 315
176 316
176 320
176 321
176 336
176 345
176 365
176 381
176 387
176 392
176 401
176 411
176 414
176 432
176 436
176 458
176 492
177 179
177 187
177 188
177 197
177 252
177 254
177 256
177 284
177 290
177 295
177 320
177 332
177 337
177 340
177 343
177 378
177 381
177 382
177 391
177 411
177 419
177 424
177 430
177 438
177 446
177 447
177 457
177 461
178 185
178 212
178 218
178 223
178 246
178 253
178 277
178 279
178 336
178 338
178 350
178 384
178 403
178 404
178 442
178 444
178 458
178 469
178 474
178 477
178 497
179 182
179 193
179 198
179 201
179 202
179 203
179 207
179 212
179 216
179 219
179 244
179 246
179 251
179 260
179 266
179 268
179 270
179 280
179 282
179 297
179 322
179 329
179 330
179 354
179 390
179 417
179 444
179 445
179 463
179 464
179 471
179 473
179 474
179 475
179 482
179 484
180 187
180 192
180 204
180 214
180 223
180 246
180 247
180 260
180 263
180 282
180 286
180 310
180 322
180 324
180 325
180 339
180 347
180 351
180 358
180 366
180 400
180 442
180 444
180 465
180 486
180 496
181 189
181 205
181 206
181 213
181 264
181 297
181 320
181 325
181 329
181 331
181 340
181 341
181 342
181 372
181 385
181 398
181 419
181 439
181 446
181 486
181 493
182 184
182 218
182 226
182 231
182 242
182 265
182 281
182 297
182 302
182 343
182 359
182 360
182 362
182 369
182 377
182 379
182 390
182 395
182 402
182 470
182 483
182 494
183 184
183 191
183 192
183 197
183 209
183 215
183 243
183 253
183 298
183 329
183 343
183 348
183 358
183 404
183 438
183 446
183 459
183 493
184 195
184 207
184 239
184 244
184 253
184 256
184 279
184 291
184 303
184 305
184 313
184 343
184 363
184 373
184 374
184 396
184 409
184 413
184 432
184 435
184 462
184 468
184 484
184 489
185 187
185 194
185 214
185 216
185 220
185 222
185 224
185 225
185 228
185 229
185 261
185 264
185 274
185 293
185 297
185 315
185 334
185 375
185 391
185 396
185 401
185 406
185 411
185 427
185 460
185 462
185 465
185 475
185 478
185 480
185 492
186 194
186 201
186 204
186 235
186 237
186 246
186 347
186 368
186 370
186 388
186 394
186 395
186 424
186 446
186 447
186 456
186 477
186 489
186 492
187 195
187 206
187 230
187 240
187 244
187 254
187 258
187 261
187 278
187 282
187 294
187 296
187 301
187 307
187 313
187 333
187 354
187 367
187 407
187 408
187 409
187 413
187 416
187 421
187 470
187 472
187 480
187 490
188 194
188 202
188 213
188 259
188 267
188 274
188 319
188 332
188 397
188 398
188 412
188 423
188 426
188 439
188 451
188 453
188 460
188 478
188 486
189 208
189 228
189 270
189 279
189 298
189 331
189 339
189 347
189 350
189 358
189 368
189 369
189 383
189 385
189 386
189 389
189 392
189 400
189 416
189 419
189 437
189 477
189 485
189 499
190 197
190 204
190 229
190 241
190 242
190 248
190 259
190 273
190 287
190 289
190 292
190 325
190 336
190 339
190 341
190 350
190 360
190 392
190 412
190 418
190 425
190 432
190 433
190 466
190 485
191 192
191 205
191 209
191 223
191 227
191 246
191 260
191 272
191 273
191 276
191 282
191 287
191 288
191 312
191 314
191 362
191 393
191 404
191 405
191 407
191 414
191 420
191 439
191 457
191 466
191 471
192 199
192 207
192 236
192 239
192 255
192 258
192 269
192 275
192 276
192 285
192 314
192 323
192 329
192 335
192 346
192 393
192 424
192 425
192 434
192 442
192 480
192 487
192 489
192 491
193 205
193 208
193 215
193 222
193 236
193 238
193 250
193 252
193 266
193 275
193 299
193 346
193 347
193 366
193 367
193 396
193 398
193 440
193 473
193 474
193 478
193 483
193 497
194 225
194 226
194 230
194 231
194 238
194 255
194 283
194 303
194 305
194 306
194 308
194 357
194 365
194 391
194 403
194 412
194 443
194 466
194 472
194 473
194 488
194 495
195 217
195 222
195 231
195 239
195 262
195 267
195 272
195 277
195 284
195 319
195 323
195 328
195 337
195 341
195 342
195 350
195 393
195 397
195 398
195 408
195 421
195 426
195 430
195 432
195 478
195 481
195 499
196 207
196 229
196 245
196 263
196 265
196 273
196 343
196 361
196 374
196 385
196 390
196 400
196 408
196 410
196 425
196 428
196 483
197 199
197 202
197 208
197 227
197 233
197 235
197 244
197 249
197 251
197 272
197 286
197 289
197 292
197 310
197 311
197 319
197 328
197 331
197 345
197 359
197 364
197 375
197 391
197 414
197 422
197 433
197 443
197 450
197 476
197 480
198 225
198 243
198 256
198 266
198 270
198 274
198 293
198 313
198 331
198 342
198 343
198 346
198 348
198 363
198 367
198 376
198 383
198 399
198 402
198 408
198 409
198 437
198 440
198 441
198 471
198 477
199 202
199 213
199 222
199 224
199 227
199 236
199 242
199 249
199 279
199 292
199 298
199 324
199 338
199 347
199 350
199 367
199 395
199 422
199 438
199 457
199 460
199 466
199 479
199 485
199 491
199 492
199 497
199 498
200 208
200 212
200 215
200 216
200 224
200 231
200 249
200 288
200 293
200 294
200 300
200 334
200 335
200 341
200 342
200 363
200 365
200 386
200 397
200 402
200 404
200 409
200 440
200 459
200 462
200 472
200 473
201 203
201 210
201 214
201 221
201 225
201 247
201 261
201 266
201 273
201 275
201 296
201 298
201 308
201 312
201 336
201 359
201 362
201 364
201 368
201 378
201 381
201 391
201 426
201 448
201 483
201 498
202 214
202 215
202 230
202 243
202 263
202 264
202 269
202 273
202 274
202 293
202 304
202 306
202 312
202 356
202 381
202 400
202 402
202 414
202 436
202 440
202 444
202 459
202 467
202 471
202 485
202 487
202 496
202 497
203 205
203 223
203 225
203 229
203 244
203 245
203 276
203 292
203 303
203 304
203 306
203 310
203 324
203 328
203 358
203 366
203 403
203 417
203 431
203 432
203 453
203 463
203 482
204 271
204 285
204 293
204 311
204 312
204 314
204 316
204 317
204 323
204 328
204 334
204 340
204 365
204 384
204 395
204 419
204 436
204 443
204 444
204 465
204 468
204 471
204 480
205 310
205 316
205 320
205 387
205 392
205 401
205 417
205 456
205 460
205 462
205 463
205 473
205 489
205 497
206 207
206 216
206 255
206 259
206 262
206 282
206 290
206 296
206 316
206 325
206 327
206 333
206 338
206 339
206 345
206 370
206 377
206 387
206 390
206 402
206 438
206 445
206 446
206 450
206 452
206 471
206 473
206 481
206 490
207 209
207 223
207 261
207 274
207 276
207 287
207 294
207 310
207 316
207 332
207 365
207 396
207 397
207 402
207 420
207 429
207 432
207 436
207 438
207 447
207 449
207 473
207 485
207 487
207 499
208 210
208 221
208 259
208 261
208 263
208 267
208 303
208 310
208 312
208 318
208 321
208 324
208 343
208 398
208 400
208 421
208 424
208 457
209 212
209 219
209 220
209 240
209 243
209 281
209 314
209 331
209 348
209 350
209 362
209 366
209 425
209 426
209 442
209 445
209 455
209 461
209 469
209 474
209 478
209 485
210 216
210 221
210 227
210 242
210 258
210 264
210 281
210 284
210 299
210 302
210 319
210 324
210 328
210 365
210 379
210 393
210 405
210 432
210 462
210 469
210 486
210 494
211 218
211 235
211 249
211 251
211 262
211 263
211 306
211 310
211 315
211 365
211 368
211 376
211 397
211 405
211 415
211 425
211 433
211 470
211 485
211 489
211 494
211 497
212 224
212 240
212 271
212 278
212 280
212 282
212 294
212 299
212 307
212 325
212 328
212 336
212 353
212 363
212 366
212 382
212 383
212 392
212 393
212 394
212 412
212 424
212 434
212 438
212 447
212 459
212 466
212 492
213 221
213 281
213 285
213 291
213 298
213 307
213 319
213 320
213 327
213 346
213 353
213 363
213 395
213 398
213 404
213 423
213 432
213 438
213 453
213 455
214 220
214 236
214 288
214 300
214 302
214 306
214 328
214 391
214 407
214 408
214 415
214 431
214 459
214 465
214 466
214 496
215 221
215 228
215 248
215 252
215 253
215 263
215 309
215 322
215 327
215 344
215 350
215 391
215 394
215 406
215 409
215 450
215 460
215 490
216 226
216 237
216 242
216 295
216 296
216 301
216 307
216 332
216 339
216 345
216 383
216 385
216 387
216 390
216 431
216 436
216 461
216 463
216 473
216 483
217 227
217 239
217 260
217 267
217 280
217 301
217 332
217 333
217 351
217 388
217 450
217 456
217 462
217 491
218 224
218 231
218 278
218 296
218 300
218 308
218 314
218 324
218 326
218 337
218 381
218 382
218 390
218 395
218 398
218 430
218 445
218 449
218 455
218 460
218 461
218 475
219 224
219 246
219 275
219 279
219 304
219 342
219 343
219 366
219 388
219 395
219 407
219 409
219 426
219 428
219 431
219 454
219 461
219 476
219 489
220 229
220 232
220 239
220 268
220 270
220 279
220 280
220 307
220 310
220 312
220 329
220 338
220 342
220 353
220 372
220 384
220 385
220 410
220 442
220 451
220 452
220 454
220 461
220 464
220 470
220 471
220 494
220 495
221 232
221 234
221 258
221 259
221 267
221 272
221 280
221 302
221 312
221 322
221 336
221 346
221 355
221 365
221 367
221 374
221 377
221 399
221 404
221 413
221 426
221 453
221 471
221 473
221 486
221 499
222 303
222 304
222 308
222 326
222 337
222 348
222 349
222 375
222 421
222 425
222 427
222 441
222 448
222 459
222 482
223 270
223 292
223 312
223 317
223 321
223 325
223 326
223 342
223 352
223 357
223 395
223 404
223 409
223 445
223 460
223 485
223 488
224 236
224 245
224 254
224 270
224 280
224 287
224 321
224 337
224 343
224 345
224 348
224 377
224 384
224 397
224 409
224 430
224 449
224 454
224 490
224 499
225 234
225 246
225 258
225 268
225 271
225 286
225 290
225 298
225 299
225 305
225 310
225 319
225 327
225 336
225 340
225 375
225 387
225 388
225 397
225 405
225 422
225 432
225 439
225 457
225 460
226 233
226 239
226 241
226 251
226 265
226 286
226 298
226 300
226 307
226 314
226 329
226 332
226 333
226 345
226 378
226 395
226 398
226 412
226 428
226 445
226 447
226 455
226 464
226 491
227 244
227 253
227 258
227 261
227 263
227 268
227 271
227 273
227 286
227 299
227 300
227 308
227 318
227 330
227 351
227 359
227 376
227 387
227 398
227 424
227 444
227 467
227 488
227 496
228 235
228 261
228 274
228 279
228 282
228 300
228 309
228 314
228 335
228 352
228 358
228 405
228 417
228 422
228 427
228 472
228 473
228 493
229 230
229 236
229 251
229 277
229 286
229 294
229 297
229 313
229 338
229 341
229 344
229 352
229 356
229 358
229 383
229 397
229 405
229 418
229 433
229 441
229 445
229 450
229 451
229 452
229 468
229 470
229 477
229 488
229 492
230 231
230 245
230 253
230 263
230 270
230 283
230 291
230 292
230 304
230 319
230 326
230 331
230 404
230 425
230 437
230 439
230 449
230 463
230 472
230 475
231 235
231 238
231 252
231 274
231 283
231 291
231 312
231 316
231 317
231 318
231 322
231 348
231 383
231 388
231 409
231 447
231 477
231 480
231 498
232 239
232 246
232 248
232 279
232 295
232 308
232 323
232 325
232 341
232 345
232 347
232 352
232 353
232 361
232 370
232 379
232 404
232 412
232 419
232 434
232 444
232 472
233 247
233 255
233 287
233 305
233 312
233 315
233 321
233 330
233 335
233 337
233 347
233 375
233 426
233 436
233 445
233 457
233 472
233 474
233 477
233 480
233 484
234 235
234 251
234 255
234 279
234 283
234 292
234 308
234 309
234 334
234 337
234 343
234 347
234 350
234 351
234 363
234 371
234 381
234 398
234 409
234 416
234 441
234 467
234 469
234 482
235 236
235 242
235 252
235 260
235 270
235 273
235 275
235 316
235 325
235 357
235 372
235 389
235 436
235 452
235 459
236 260
236 273
236 279
236 284
236 308
236 310
236 326
236 329
236 333
236 355
236 362
236 378
236 382
236 400
236 405
236 407
236 418
236 426
236 431
236 477
237 265
237 270
237 273
237 277
237 279
237 280
237 284
237 285
237 302
237 309
237 323
237 330
237 342
237 358
237 362
237 366
237 368
237 390
237 392
237 417
237 434
237 449
237 450
237 456
237 464
237 485
237 490
238 276
238 285
238 294
238 298
238 313
238 338
238 346
238 357
238 362
238 364
238 398
238 399
238 415
238 416
238 445
238 448
238 465
238 466
238 477
238 482
238 486
238 487
239 243
239 254
239 272
239 299
239 324
239 325
239 339
239 344
239 348
239 349
239 351
239 359
239 384
239 385
239 390
239 394
239 414
239 418
239 457
239 477
239 481
240 251
240 253
240 256
240 268
240 270
240 275
240 280
240 283
240 305
240 307
240 312
240 321
240 327
240 328
240 335
240 353
240 380
240 384
240 392
240 397
240 401
240 437
240 452
240 454
240 462
240 469
240 483
241 253
241 268
241 277
241 304
241 325
241 333
241 339
241 340
241 388
241 394
241 400
241 401
241 429
241 440
241 458
241 475
241 499
242 243
242 244
242 279
242 283
242 302
242 305
242 314
242 319
242 320
242 322
242 325
242 327
242 330
242 338
242 347
242 351
242 360
242 361
242 363
242 374
242 384
242 401
242 403
242 412
242 428
242 432
242 434
242 439
242 455
242 456
242 488
242 496
243 247
243 255
243 263
243 297
243 300
243 305
243 313
243 321
243 342
243 368
243 376
243 381
243 385
243 399
243 403
243 422
243 433
243 467
243 469
243 472
243 484
243 487
244 247
244 249
244 257
244 261
244 268
244 278
244 283
244 291
244 299
244 300
244 304
244 319
244 323
244 326
244 329
244 340
244 343
244 377
244 378
244 432
244 434
244 466
244 490
245 262
245 273
245 287
245 349
245 374
245 385
245 389
245 394
245 410
245 414
245 419
245 422
245 429
245 449
245 460
245 471
245 485
245 488
245 493
246 248
246 256
246 259
246 278
246 325
246 358
246 371
246 377
246 378
246 383
246 390
246 398
246 418
246 419
246 426
246 452
246 468
247 258
247 274
247 287
247 296
247 298
247 304
247 313
247 321
247 355
247 361
247 373
247 397
247 408
247 418
247 427
247 447
247 452
247 459
247 460
247 463
247 464
247 473
247 475
247 480
247 489
247 495
247 496
248 257
248 264
248 283
248 302
248 311
248 314
248 348
248 353
248 364
248 376
248 378
248 391
248 393
248 395
248 413
248 420
248 431
248 454
248 464
248 479
249 252
249 269
249 272
249 315
249 329
249 364
249 373
249 376
249 385
249 386
249 404
249 415
249 417
249 420
249 422
249 448
249 457
249 463
249 480
249 482
249 491
249 497
249 499
250 256
250 276
250 283
250 288
250 289
250 297
250 327
250 332
250 346
250 349
250 352
250 353
250 369
250 376
250 381
250 382
250 398
250 447
250 452
250 481
250 495
251 259
251 265
251 278
251 290
251 295
251 302
251 309
251 325
251 326
251 334
251 359
251 368
251 369
251 373
251 391
251 409
251 412
251 417
251 424
251 433
251 462
251 481
252 269
252 277
252 278
252 291
252 297
252 318
252 322
252 330
252 361
252 372
252 415
252 426
252 428
252 460
252 481
253 269
253 280
253 285
253 328
253 336
253 360
253 365
253 370
253 377
253 380
253 384
253 385
253 387
253 392
253 394
253 411
253 413
253 429
253 436
253 454
253 468
253 472
253 491
254 268
254 322
254 330
254 341
254 423
254 437
254 443
254 454
254 459
254 476
254 480
254 494
255 283
255 344
255 359
255 369
255 371
255 383
255 385
255 395
255 399
255 407
255 414
255 433
255 442
255 451
255 466
255 476
256 286
256 295
256 320
256 335
256 346
256 350
256 386
256 389
256 394
256 397
256 409
256 413
256 426
256 431
256 447
256 450
256 463
256 481
257 271
257 285
257 286
257 305
257 325
257 345
257 362
257 363
257 388
257 395
257 400
257 420
257 447
257 460
257 476
257 483
257 494
257 495
258 267
258 278
258 282
258 314
258 318
258 319
258 329
258 335
258 348
258 350
258 351
258 391
258 432
258 435
258 439
258 445
258 452
258 466
258 479
258 489
258 497
259 262
259 265
259 276
259 284
259 306
259 309
259 318
259 354
259 360
259 363
259 368
259 381
259 401
259 420
259 439
259 443
259 454
259 461
259 469
259 475
259 476
259 481
260 272
260 289
260 316
260 334
260 347
260 350
260 354
260 368
260 371
260 385
260 394
260 395
260 397
260 399
260 402
260 403
260 406
260 408
260 424
260 451
260 464
260 473
260 485
260 490
260 496
260 498
261 265
261 269
261 272
261 288
261 297
261 325
261 332
261 333
261 357
261 365
261 386
261 402
261 404
261 410
261 426
261 432
261 450
261 465
261 486
261 488
261 494
262 325
262 344
262 358
262 374
262 379
262 385
262 386
262 395
262 409
262 421
262 438
262 455
262 463
262 473
262 483
262 489
262 493
262 495
263 282
263 312
263 351
263 358
263 361
263 363
263 369
263 380
263 395
263 410
263 426
263 428
263 438
263 442
263 447
263 455
263 457
263 463
263 477
263 483
264 281
264 310
264 329
264 338
264 345
264 351
264 356
264 395
264 459
264 462
264 465
265 271
265 272
265 292
265 294
265 300
265 314
265 317
265 346
265 374
265 379
265 397
265 433
265 442
265 461
265 464
265 471
265 485
265 496
265 497
266 270
266 306
266 320
266 321
266 327
266 330
266 344
266 365
266 385
266 408
266 409
266 455
266 471
266 473
266 482
266 490
266 493
267 279
267 280
267 281
267 292
267 296
267 320
267 322
267 344
267 348
267 352
267 398
267 413
267 414
267 418
267 421
267 423
267 438
267 456
267 492
268 306
268 309
268 338
268 364
268 374
268 382
268 404
268 405
268 431
268 442
268 448
268 450
268 471
268 475
268 477
268 499
269 273
269 274
269 289
269 290
269 293
269 306
269 313
269 323
269 336
269 340
269 368
269 373
269 381
269 399
269 403
269 458
269 469
269 474
269 490
269 497
270 275
270 290
270 294
270 300
270 303
270 310
270 331
270 332
270 335
270 354
270 355
270 386
270 391
270 425
270 446
270 477
270 481
270 489
271 289
271 291
271 301
271 309
271 312
271 336
271 340
271 342
271 345
271 347
271 348
271 369
271 371
271 387
271 404
271 415
271 432
271 442
271 454
271 455
271 462
271 465
271 466
271 476
271 481
272 286
272 291
272 292
272 293
272 309
272 326
272 330
272 348
272 351
272 378
272 386
272 395
272 445
272 472
272 480
273 276
273 289
273 294
273 303
273 308
273 320
273 323
273 332
273 359
273 364
273 374
273 400
273 450
273 451
273 459
273 476
273 481
274 312
274 313
274 328
274 331
274 365
274 369
274 373
274 376
274 391
274 400
274 401
274 410
274 411
274 420
274 421
274 424
274 425
274 426
274 433
274 453
274 459
274 463
274 466
274 468
274 489
274 491
274 492
274 494
275 289
275 320
275 334
275 390
275 395
275 412
275 420
275 423
275 443
275 460
275 493
276 290
276 319
276 334
276 340
276 351
276 358
276 363
276 367
276 383
276 386
276 405
276 406
276 435
276 460
276 464
276 474
276 475
276 484
276 487
276 495
276 498
277 288
277 289
277 301
277 311
277 340
277 360
277 361
277 384
277 413
277 435
277 439
277 456
277 462
277 481
277 483
278 286
278 287
278 288
278 307
278 308
278 314
278 316
278 321
278 328
278 345
278 351
278 359
278 381
278 385
278 388
278 400
278 407
278 413
278 422
278 426
278 459
278 461
278 476
278 479
278 480
278 490
278 491
279 289
279 298
279 301
279 304
279 322
279 332
279 346
279 351
279 378
279 390
279 395
279 397
279 402
279 404
279 411
279 426
279 428
279 430
279 469
279 470
279 473
279 480
279 483
279 484
280 281
280 308
280 319
280 363
280 365
280 370
280 381
280 383
280 391
280 392
280 393
280 449
280 472
280 478
281 313
281 316
281 321
281 325
281 338
281 339
281 350
281 367
281 370
281 377
281 380
281 385
281 389
281 400
281 401
281 411
281 428
281 436
281 453
281 461
281 467
281 476
281 492
281 493
282 308
282 316
282 334
282 335
282 342
282 346
282 353
282 356
282 362
282 374
282 385
282 430
282 434
282 445
282 461
282 480
282 490
283 289
283 309
283 322
283 328
283 336
283 346
283 376
283 378
283 379
283 398
283 405
283 417
283 424
283 435
283 436
283 446
283 454
283 456
283 463
283 466
283 473
283 475
283 492
283 498
284 298
284 306
284 308
284 328
284 338
284 357
284 365
284 368
284 384
284 392
284 419
284 453
284 454
284 472
285 289
285 342
285 352
285 356
285 371
285 420
285 430
285 455
285 456
285 465
285 478
285 482
286 336
286 337
286 342
286 344
286 348
286 384
286 387
286 391
286 392
286 404
286 423
286 448
286 449
286 460
286 462
286 472
286 475
286 490
287 293
287 316
287 319
287 383
287 405
287 407
287 450
287 458
287 473
288 299
288 305
288 320
288 339
288 342
288 343
288 352
288 380
288 386
288 388
288 394
288 403
288 404
288 423
288 430
288 453
288 454
288 471
288 476
288 479
288 484
288 486
288 496
289 315
289 317
289 371
289 379
289 394
289 397
289 401
289 409
289 418
289 443
289 452
289 454
289 463
289 469
290 294
290 301
290 303
290 321
290 328
290 343
290 344
290 370
290 401
290 403
290 411
290 413
290 420
290 424
290 425
290 426
290 430
290 438
290 447
290 450
290 451
290 466
290 473
290 488
291 310
291 317
291 344
291 377
291 384
291 391
291 395
291 399
291 421
291 461
291 476
291 484
291 498
292 301
292 302
292 304
292 323
292 348
292 372
292 409
292 416
292 437
292 443
292 460
292 466
292 487
293 308
293 312
293 318
293 325
293 357
293 365
293 369
293 370
293 382
293 384
293 407
293 413
293 425
293 432
293 465
293 476
293 478
293 498
294 330
294 331
294 332
294 344
294 354
294 359
294 367
294 374
294 380
294 385
294 409
294 425
294 435
294 440
294 441
294 448
294 454
294 456
295 298
295 305
295 316
295 321
295 329
295 335
295 355
295 365
295 368
295 372
295 386
295 390
295 396
295 398
295 405
295 406
295 409
295 414
295 416
295 423
295 436
295 483
296 300
296 307
296 348
296 349
296 365
296 369
296 391
296 432
296 480
296 486
296 487
296 492
296 493
296 496
297 300
297 303
297 304
297 326
297 330
297 332
297 346
297 363
297 409
297 440
297 441
297 448
297 449
297 476
297 495
297 497
298 319
298 344
298 395
298 398
298 407
298 417
298 432
298 448
298 460
298 477
298 497
299 312
299 317
299 362
299 376
299 383
299 400
299 404
299 408
299 412
299 418
299 420
299 423
299 453
299 474
299 491
299 494
300 340
300 350
300 355
300 370
300 376
300 386
300 391
300 407
300 408
300 422
300 437
300 447
300 459
300 471
300 476
300 479
300 486
300 488
301 304
301 345
301 373
301 376
301 419
301 431
301 470
302 331
302 363
302 364
302 365
302 379
302 380
302 425
302 437
302 457
302 469
302 477
302 497
303 315
303 342
303 343
303 352
303 354
303 363
303 459
303 460
303 461
303 494
304 329
304 338
304 341
304 348
304 351
304 382
304 388
304 393
304 396
304 399
304 402
304 422
304 424
304 441
304 450
304 460
304 470
304 483
304 486
305 312
305 325
305 344
305 357
305 362
305 375
305 383
305 387
305 398
305 408
305 452
305 458
306 311
306 326
306 328
306 330
306 357
306 361
306 363
306 381
306 396
306 409
306 413
306 436
306 449
306 469
306 487
306 495
307 324
307 365
307 372
307 393
307 397
307 402
307 407
307 423
307 425
307 427
307 429
307 447
307 450
307 456
308 314
308 315
308 334
308 338
308 344
308 347
308 361
308 398
308 404
308 408
308 409
308 423
308 443
308 453
308 465
308 485
309 320
309 326
309 329
309 334
309 349
309 354
309 358
309 369
309 373
309 384
309 402
309 414
309 425
309 440
309 444
309 461
310 323
310 340
310 348
310 362
310 383
310 385
310 408
310 410
310 411
310 432
310 445
310 450
310 492
310 495
311 313
311 317
311 320
311 322
311 326
311 329
311 336
311 357
311 369
311 371
311 391
311 402
311 437
311 444
311 469
311 486
311 495
312 316
312 358
312 363
312 365
312 371
312 378
312 381
312 404
312 458
312 495
313 334
313 337
313 344
313 352
313 384
313 390
313 395
313 399
313 414
313 424
313 436
313 453
313 467
313 478
313 494
313 497
314 345
314 346
314 349
314 380
314 394
314 403
314 413
314 417
314 422
314 424
314 436
314 454
314 455
314 469
314 470
314 492
315 317
315 349
315 369
315 376
315 408
315 416
315 429
315 449
315 460
315 466
315 470
315 471
315 481
315 482
315 483
316 333
316 339
316 353
316 355
316 397
316 410
316 444
316 452
316 466
316 492
317 333
317 338
317 339
317 343
317 374
317 391
317 394
317 396
317 397
317 418
317 419
317 420
317 429
317 430
317 431
317 445
317 461
317 473
317 488
317 490
317 492
318 319
318 332
318 348
318 350
318 364
318 374
318 381
318 388
318 391
318 399
318 417
318 434
318 443
318 456
318 469
318 474
318 495
319 322
319 348
319 349
319 358
319 384
319 386
319 388
319 401
319 405
319 414
319 429
319 454
319 455
319 491
319 496
320 332
320 335
320 349
320 351
320 357
320 362
320 363
320 365
320 381
320 408
320 413
320 432
320 439
320 472
320 475
321 327
321 330
321 342
321 351
321 389
321 403
321 407
321 431
321 434
321 455
321 457
321 463
321 466
321 479
321 480
321 483
321 488
322 332
322 337
322 339
322 355
322 365
322 366
322 370
322 374
322 377
322 387
322 390
322 397
322 405
322 406
322 407
322 410
322 414
322 444
322 455
322 471
322 479
322 481
322 495
323 375
323 393
323 411
323 417
323 439
323 440
323 475
324 326
324 331
324 338
324 339
324 340
324 346
324 386
324 391
324 404
324 421
324 445
324 454
325 329
325 334
325 341
325 373
325 374
325 415
325 428
325 441
325 442
325 461
325 483
325 485
325 494
326 330
326 331
326 343
326 351
326 361
326 392
326 412
326 416
326 420
326 421
326 445
326 470
326 495
327 333
327 338
327 343
327 348
327 387
327 393
327 401
327 404
327 406
327 413
327 414
327 418
327 440
327 442
327 454
327 459
327 472
327 489
327 490
328 351
328 356
328 382
328 390
328 398
328 399
328 411
328 417
328 433
328 438
328 439
328 441
328 443
328 461
328 476
328 478
328 479
328 491
329 330
329 340
329 351
329 352
329 362
329 365
329 387
329 394
329 402
329 411
329 423
329 430
329 464
329 483
329 486
330 340
330 350
330 351
330 367
330 394
330 426
330 452
330 463
330 472
331 332
331 333
331 339
331 350
331 358
331 376
331 385
331 391
331 409
331 415
331 421
331 432
331 434
331 448
331 451
331 456
331 478
332 357
332 360
332 371
332 376
332 394
332 434
332 442
332 472
332 475
332 488
332 492
332 493
333 350
333 360
333 390
333 411
333 429
333 430
333 436
333 439
333 440
333 441
333 453
333 458
333 497
333 499
334 337
334 343
334 361
334 362
334 402
334 404
334 409
334 416
334 419
334 432
334 472
334 475
334 482
335 346
335 370
335 371
335 416
335 462
335 466
335 475
335 477
335 486
336 337
336 346
336 357
336 402
336 409
336 430
336 448
336 455
337 354
337 378
337 385
337 389
337 408
337 416
337 426
337 432
337 440
337 454
337 455
337 479
337 489
337 496
338 357
338 362
338 372
338 391
338 398
338 399
338 424
338 429
338 432
338 443
338 445
338 456
338 489
339 340
339 346
339 353
339 355
339 368
339 393
339 403
339 410
339 411
339 422
339 426
339 430
339 434
339 441
339 453
339 481
340 362
340 397
340 401
340 411
340 412
340 424
340 425
340 440
340 444
340 446
340 448
340 450
340 452
340 473
340 476
340 480
340 486
341 357
341 363
341 367
341 368
341 391
341 396
341 422
341 427
341 429
341 451
341 483
341 488
342 372
342 398
342 401
342 403
342 408
342 422
342 433
342 444
342 456
342 462
342 469
342 489
342 490
342 498
343 362
343 394
343 420
343 438
343 445
343 447
343 497
344 389
344 411
344 453
344 465
344 468
344 470
344 484
344 489
345 359
345 360
345 365
345 400
345 417
345 426
345 433
345 435
345 493
346 358
346 366
346 369
346 370
346 384
346 400
346 449
346 455
346 464
346 473
346 487
346 491
347 351
347 370
347 383
347 385
347 386
347 389
347 406
347 413
347 418
347 431
347 451
347 452
347 453
347 481
347 497
348 352
348 366
348 403
348 410
348 432
348 443
348 449
348 453
349 360
349 367
349 388
349 401
349 403
349 406
349 407
349 421
350 379
350 390
350 395
350 402
350 404
350 412
350 415
350 426
350 429
350 431
350 442
350 447
350 449
350 462
350 468
350 479
350 488
350 494
351 355
351 357
351 381
351 383
351 398
351 412
351 424
351 455
351 468
351 470
351 477
351 479
352 362
352 364
352 390
352 391
352 394
352 404
352 407
352 409
352 426
352 430
352 432
352 442
352 444
352 452
352 460
352 478
352 482
352 490
353 356
353 357
353 358
353 383
353 385
353 407
353 413
353 422
353 424
353 435
353 457
353 464
353 475
353 482
353 493
354 357
354 361
354 378
354 405
354 410
354 414
354 439
354 454
354 466
354 499
355 363
355 394
355 406
355 422
355 430
355 432
355 463
355 470
355 489
355 491
356 364
356 365
356 369
356 400
356 412
356 417
356 428
356 453
356 469
356 476
356 485
357 367
357 380
357 394
357 403
357 418
357 426
357 436
357 454
357 475
357 482
357 485
357 486
358 402
358 403
358 406
358 421
358 426
358 430
358 452
358 457
358 460
358 471
358 491
359 360
359 384
359 392
359 395
359 416
359 423
359 451
359 482
359 484
359 492
360 376
360 382
360 386
360 397
360 398
360 413
360 430
360 431
360 434
360 440
360 441
360 449
360 454
360 495
360 499
361 366
361 371
361 376
361 377
361 382
361 384
361 396
361 407
361 412
361 440
361 443
361 493
361 496
361 497
362 371
362 372
362 383
362 386
362 405
362 459
362 466
362 477
362 493
363 370
363 375
363 377
363 401
363 430
364 391
364 411
364 417
364 431
364 445
364 447
364 462
364 475
364 477
364 486
364 489
364 496
365 370
365 376
365 384
365 388
365 399
365 401
365 432
365 443
365 446
365 470
365 477
365 484
366 371
366 387
366 397
366 419
366 457
366 463
366 465
366 484
366 490
367 404
367 448
367 453
367 492
367 494
368 391
368 401
368 405
368 425
368 436
368 450
368 454
368 455
369 401
369 415
369 418
369 422
369 424
369 432
369 457
369 461
369 462
369 469
369 473
369 478
369 490
369 492
370 375
370 409
370 412
370 416
370 422
370 462
370 473
370 499
371 381
371 394
371 399
371 401
371 427
371 440
371 442
371 444
371 461
371 468
371 477
371 490
372 375
372 382
372 383
372 396
372 411
372 427
372 443
372 459
372 460
372 463
372 482
373 382
373 389
373 390
373 407
373 420
373 435
373 450
373 455
373 456
373 487
373 488
374 381
374 389
374 397
374 403
374 405
374 440
374 450
374 456
374 461
374 498
375 378
375 384
375 393
375 395
375 416
375 420
375 428
375 430
375 449
375 451
375 454
375 477
375 487
375 494
376 409
376 411
376 418
376 424
376 435
376 436
376 440
376 462
376 467
376 488
376 490
376 494
377 379
377 422
377 430
377 435
377 438
377 466
377 499
378 383
378 428
378 430
378 444
378 445
378 450
378 456
378 468
378 480
378 490
378 494
379 382
379 393
379 405
379 408
379 446
379 452
379 456
379 457
379 467
379 468
379 470
379 482
379 486
379 495
380 392
380 399
380 407
380 446
380 452
380 459
380 478
381 398
381 402
381 425
381 445
381 471
381 494
382 407
382 408
382 419
382 421
382 480
382 485
383 392
383 405
383 407
383 410
383 412
383 419
383 424
383 440
383 450
383 457
383 469
383 474
383 476
384 393
384 402
384 411
384 427
384 433
384 456
384 475
384 477
384 478
384 485
384 487
385 386
385 409
385 415
385 427
385 441
385 466
386 390
386 421
386 435
386 450
386 458
386 467
386 468
386 474
387 389
387 395
387 399
387 401
387 412
387 413
387 420
387 423
387 429
387 432
387 438
387 468
387 476
387 489
388 399
388 404
388 421
388 450
388 451
388 481
388 487
388 492
389 391
389 416
389 435
389 438
389 443
389 454
389 484
389 488
390 396
390 413
390 437
390 448
390 460
390 461
390 473
390 479
390 480
390 491
390 499
391 416
391 420
391 441
391 459
391 479
391 481
392 402
392 409
392 414
392 433
392 463
392 465
392 471
392 476
393 401
393 417
393 422
393 430
393 438
393 444
393 459
393 462
393 487
393 494
394 407
394 412
394 420
394 423
394 439
394 460
394 471
394 479
394 485
394 494
395 396
395 410
395 411
395 414
395 426
395 443
395 449
395 457
395 472
395 477
395 484
396 414
396 441
396 442
396 454
396 455
396 456
396 460
396 487
396 488
396 495
396 497
397 398
397 401
397 418
397 421
397 443
397 449
397 472
397 497
398 399
398 420
398 426
398 429
398 441
398 452
399 437
399 445
399 467
399 478
399 486
399 494
400 415
400 445
400 473
400 475
400 479
401 418
401 419
401 423
401 477
401 482
401 489
402 406
402 410
402 414
402 434
402 435
402 438
402 441
402 445
402 482
402 485
403 404
403 410
403 426
403 465
403 467
403 471
403 484
404 420
404 441
404 453
404 470
404 481
404 484
404 485
405 407
405 411
405 425
405 427
405 448
405 474
405 493
405 497
406 429
406 456
406 457
406 472
406 477
406 491
407 408
407 414
407 417
407 423
407 425
407 431
407 432
407 436
407 452
407 453
407 459
407 493
408 413
408 417
408 432
408 440
408 448
408 449
408 450
408 477
408 479
408 488
408 489
408 491
408 493
408 495
409 411
409 419
409 450
409 464
409 466
409 477
409 484
409 489
409 491
410 425
410 448
410 469
410 472
410 481
410 494
411 413
411 432
411 453
411 479
411 483
411 487
412 416
412 426
412 431
412 437
412 438
412 441
412 470
412 471
412 490
413 442
413 458
413 479
414 428
414 467
414 497
415 436
415 459
415 479
415 492
416 435
416 459
416 467
416 477
416 478
416 479
416 485
416 492
417 418
417 432
417 435
417 438
417 442
417 445
417 460
417 461
417 479
417 491
417 495
417 496
418 421
418 440
418 448
418 451
418 455
418 478
418 481
419 445
419 448
419 472
419 475
419 491
420 451
420 460
420 469
420 470
420 480
420 482
420 487
420 491
420 495
420 497
420 499
421 425
421 446
421 464
421 470
421 474
421 487
422 439
422 441
422 447
422 477
422 478
422 479
422 492
422 498
423 440
423 457
423 468
423 486
424 447
424 448
424 449
424 497
425 429
425 432
425 493
426 432
426 448
426 452
426 454
426 459
426 477
426 480
426 481
427 436
427 452
427 454
427 456
427 468
427 489
428 429
428 435
428 439
428 452
428 454
428 457
429 447
429 448
429 453
429 454
429 456
429 476
429 485
430 439
430 454
430 469
430 477
430 484
430 493
431 438
431 444
431 447
431 471
431 480
431 499
432 453
432 461
432 483
432 494
433 438
433 454
433 474
433 478
434 435
434 441
434 457
434 459
435 438
435 471
435 483
435 497
436 437
436 466
436 474
436 496
437 449
437 469
437 472
437 478
437 479
438 439
438 478
438 480
439 463
439 489
440 442
440 460
440 464
440 475
440 478
440 484
440 495
440 496
441 444
441 464
441 487
442 458
442 472
442 478
442 479
442 492
442 494
443 459
443 472
443 493
443 495
444 451
444 456
444 480
444 487
444 489
444 497
445 457
445 464
445 466
445 472
445 490
445 495
445 498
445 499
446 461
446 470
447 456
447 463
447 472
447 487
447 497
448 451
448 457
448 469
448 480
448 484
449 480
449 487
449 491
450 451
450 454
450 457
450 461
450 462
450 481
450 491
450 492
450 494
451 452
451 474
451 479
451 480
452 460
452 461
452 466
452 468
452 486
452 490
453 455
453 476
454 475
454 479
454 488
454 490
454 495
454 497
455 457
455 460
455 464
455 489
455 498
456 473
456 475
456 480
456 493
457 459
457 479
457 489
458 463
458 475
458 477
458 487
458 496
458 497
459 463
459 465
459 478
459 481
459 486
460 465
460 471
460 496
461 462
461 481
462 486
462 490
463 475
463 479
463 496
465 491
465 494
465 497
465 499
466 477
467 477
467 481
467 498
468 470
468 494
468 496
469 481
469 484
469 487
469 492
469 494
470 478
470 483
470 487
470 496
471 473
471 478
471 496
472 478
472 485
473 486
474 483
475 481
475 494
476 488
476 499
478 488
478 499
482 491
482 497
483 488
483 497
483 498
485 492
485 496
485 498
486 492
488 494
490 499
491 499
492 497
496 497
