100 363 0.8
0 11
0 29
1 13
1 39
1 47
1 50
1 53
1 56
1 61
1 80
1 83
2 29
2 64
2 70
2 75
2 77
2 84
2 86
3 10
3 33
3 42
3 55
3 66
3 77
3 91
4 18
4 22
4 24
4 26
4 40
4 84
4 97
5 6
5 12
5 20
5 69
5 88
6 27
6 34
6 73
6 87
7 22
7 26
7 27
7 32
7 39
7 52
7 59
7 73
7 88
7 93
7 98
8 11
8 56
8 57
8 67
8 77
8 82
8 85
8 98
9 16
9 24
9 28
9 46
9 62
9 70
9 86
9 93
10 44
10 69
10 75
10 85
10 96
11 32
11 39
11 55
11 65
11 85
11 98
12 34
12 40
12 43
12 44
12 51
12 56
12 88
13 33
13 34
13 53
13 62
13 90
13 96
13 97
14 16
14 22
14 39
14 41
14 50
14 62
14 69
14 70
15 22
15 24
15 29
15 33
15 38
15 40
15 55
15 82
15 91
15 99
16 25
16 44
16 53
16 54
16 78
16 87
16 92
16 98
17 19
17 25
17 55
17 57
17 65
17 83
18 42
18 72
18 87
18 96
19 37
19 71
19 84
19 87
19 88
20 33
20 46
20 52
20 55
20 62
20 79
20 82
21 42
21 95
22 35
22 38
22 41
22 69
22 71
22 84
22 87
22 99
23 36
23 40
23 57
23 67
23 80
24 36
24 47
24 49
24 79
24 91
25 29
25 30
25 75
25 78
26 27
26 34
26 43
26 47
26 49
26 59
26 96
27 65
27 87
28 40
28 82
29 32
29 48
29 57
29 64
30 53
30 62
30 67
30 84
31 41
31 70
31 73
31 82
32 36
32 63
32 83
33 40
33 55
33 58
34 44
34 56
34 58
34 61
34 70
34 78
34 97
35 56
35 71
35 72
35 79
35 95
35 96
36 43
36 56
36 59
36 61
37 58
37 63
37 68
37 83
37 99
38 39
38 45
38 52
38 63
38 64
38 67
38 69
39 51
39 59
39 82
40 53
40 63
40 66
40 82
40 87
41 45
41 50
41 73
41 76
41 77
41 84
41 94
42 45
42 60
42 68
42 99
43 61
43 72
43 74
43 78
43 99
44 83
44 97
45 47
45 54
45 58
45 93
46 77
46 79
46 96
46 97
47 56
47 81
48 51
48 70
48 83
48 85
48 89
48 94
48 98
49 56
49 62
49 65
49 68
49 84
49 90
49 96
50 55
50 62
50 73
50 91
50 95
51 56
51 66
51 73
51 90
51 95
52 70
52 87
52 88
53 57
53 95
54 61
54 77
54 98
55 60
55 64
56 58
56 84
56 85
56 92
57 67
57 71
57 77
57 99
58 63
58 66
58 67
58 75
59 66
59 83
59 90
59 95
60 71
60 72
60 77
60 81
61 83
61 85
61 89
61 94
62 70
62 77
62 81
63 64
63 81
63 83
64 76
65 98
67 89
67 96
67 98
68 69
68 83
68 91
69 77
69 83
69 94
71 79
71 90
72 73
72 75
73 90
74 91
74 96
75 76
75 84
75 91
75 96
76 84
77 91
79 84
80 97
80 98
81 86
81 87
82 92
82 93
83 98
84 98
85 98
86 88
86 91
86 95
95 98
96 99
97 98
