300 3115 0.5
0 20
0 21
0 23
0 35
0 37
0 44
0 48
0 58
0 71
0 87
0 109
0 110
0 126
0 162
0 199
0 210
0 228
0 231
0 251
0 252
1 8
1 50
1 70
1 72
1 77
1 81
1 92
1 95
1 96
1 130
1 161
1 172
1 182
1 199
1 205
1 212
1 213
1 220
1 225
1 245
1 274
1 283
1 293
2 29
2 32
2 42
2 52
2 73
2 84
2 137
2 141
2 142
2 146
2 154
2 164
2 170
2 172
2 203
2 234
2 240
3 17
3 31
3 37
3 56
3 67
3 85
3 88
3 101
3 109
3 120
3 127
3 145
3 147
3 157
3 162
3 180
3 193
3 194
3 199
3 210
3 213
3 268
3 282
3 291
3 292
4 12
4 13
4 17
4 24
4 30
4 68
4 74
4 114
4 122
4 124
4 175
4 218
4 224
4 248
4 270
5 42
5 113
5 128
5 134
5 163
5 180
5 182
5 202
5 210
5 214
5 252
5 269
5 293
6 7
6 28
6 30
6 75
6 115
6 119
6 140
6 144
6 151
6 152
6 195
6 196
6 233
6 235
6 247
6 251
6 252
6 273
6 278
7 10
7 32
7 42
7 47
7 48
7 49
7 83
7 84
7 87
7 99
7 105
7 121
7 154
7 155
7 179
7 181
7 186
7 212
7 229
7 242
7 270
7 273
7 293
8 11
8 15
8 18
8 35
8 51
8 115
8 120
8 126
8 129
8 135
8 175
8 182
8 194
8 210
8 228
8 234
8 237
8 239
8 249
8 285
9 26
9 41
9 71
9 83
9 92
9 111
9 114
9 118
9 123
9 145
9 161
9 165
9 201
9 234
9 253
9 274
9 292
10 26
10 29
10 46
10 51
10 63
10 79
10 98
10 99
10 121
10 143
10 159
10 177
10 210
10 215
10 229
10 235
10 247
10 253
10 261
10 269
10 282
11 25
11 30
11 43
11 54
11 58
11 82
11 91
11 109
11 120
11 125
11 145
11 148
11 161
11 187
11 223
11 250
11 272
11 273
12 36
12 46
12 77
12 82
12 91
12 107
12 113
12 142
12 162
12 167
12 169
12 196
12 205
12 227
12 262
12 267
13 24
13 34
13 39
13 47
13 59
13 63
13 79
13 92
13 115
13 124
13 128
13 152
13 153
13 154
13 164
13 175
13 215
13 280
14 28
14 48
14 57
14 73
14 81
14 97
14 105
14 106
14 137
14 139
14 145
14 167
14 175
14 209
14 230
14 239
14 257
14 276
14 280
14 284
14 290
15 16
15 57
15 62
15 85
15 133
15 140
15 171
15 184
15 235
15 253
15 254
15 275
16 17
16 18
16 63
16 70
16 74
16 75
16 77
16 81
16 83
16 128
16 156
16 160
16 167
16 170
16 190
16 193
16 223
16 224
16 233
16 234
16 236
16 256
16 278
16 283
17 35
17 68
17 75
17 77
17 89
17 117
17 125
17 128
17 182
17 188
17 191
17 201
17 214
17 229
17 272
17 287
18 19
18 40
18 51
18 65
18 80
18 90
18 114
18 115
18 128
18 146
18 166
18 170
18 171
18 179
18 195
18 197
18 206
18 210
18 238
18 267
18 286
19 32
19 62
19 82
19 116
19 117
19 122
19 125
19 159
19 200
19 203
19 226
19 235
19 298
20 30
20 64
20 79
20 120
20 171
20 183
20 189
20 195
20 206
20 211
20 213
20 228
20 252
20 256
20 265
20 274
20 278
20 293
20 298
21 43
21 49
21 57
21 68
21 92
21 120
21 128
21 163
21 164
21 184
21 189
21 190
21 222
21 233
21 241
21 263
21 275
22 27
22 29
22 36
22 38
22 42
22 45
22 47
22 57
22 59
22 64
22 74
22 83
22 87
22 112
22 168
22 172
22 178
22 189
22 192
22 210
22 211
22 214
22 221
22 230
22 248
22 278
23 38
23 57
23 59
23 82
23 88
23 141
23 149
23 155
23 175
23 178
23 183
23 194
23 201
23 216
23 222
23 225
23 228
23 254
23 258
23 261
23 286
24 26
24 38
24 43
24 52
24 53
24 65
24 78
24 110
24 166
24 175
24 178
24 208
24 222
24 235
24 237
24 238
24 250
24 256
24 259
24 265
24 267
24 296
25 35
25 36
25 46
25 64
25 74
25 78
25 84
25 98
25 99
25 120
25 126
25 159
25 163
25 167
25 170
25 181
25 182
25 191
25 213
25 235
25 238
25 239
25 245
25 247
25 252
25 256
25 257
25 258
26 45
26 61
26 65
26 81
26 87
26 109
26 110
26 149
26 168
26 175
26 195
26 197
26 203
26 227
26 239
26 248
26 260
26 262
26 297
27 28
27 49
27 63
27 77
27 89
27 92
27 93
27 137
27 148
27 160
27 185
27 199
27 235
27 257
27 270
27 282
28 47
28 56
28 82
28 89
28 94
28 96
28 97
28 130
28 132
28 186
28 190
28 237
29 44
29 49
29 64
29 66
29 77
29 118
29 125
29 134
29 167
29 170
29 186
29 202
29 221
29 231
29 233
29 240
29 281
30 47
30 64
30 104
30 107
30 110
30 112
30 137
30 144
30 146
30 160
30 177
30 211
30 214
30 225
30 232
30 242
30 256
30 268
30 286
31 41
31 62
31 65
31 107
31 111
31 114
31 169
31 173
31 191
31 200
31 202
31 218
31 223
31 237
31 246
31 250
31 264
31 286
32 41
32 61
32 66
32 89
32 100
32 101
32 119
32 138
32 190
32 191
32 206
32 209
32 240
32 243
32 271
32 274
32 277
32 288
32 298
33 43
33 50
33 68
33 100
33 101
33 118
33 121
33 127
33 153
33 185
33 193
33 194
33 207
33 220
33 232
33 261
33 264
33 286
34 47
34 67
34 74
34 80
34 87
34 111
34 118
34 179
34 183
34 194
34 196
34 205
34 209
34 263
34 281
34 283
35 71
35 80
35 88
35 99
35 104
35 117
35 146
35 161
35 167
35 168
35 172
35 175
35 184
35 188
35 207
35 220
35 244
35 267
35 268
35 274
35 275
35 298
36 48
36 86
36 92
36 106
36 130
36 145
36 162
36 182
36 207
36 209
36 230
36 256
36 293
37 41
37 57
37 76
37 108
37 113
37 118
37 136
37 161
37 171
37 173
37 182
37 192
37 206
37 229
37 232
37 235
37 288
37 296
37 297
38 44
38 45
38 52
38 61
38 64
38 73
38 81
38 100
38 109
38 135
38 158
38 162
38 199
38 200
38 223
38 229
38 288
38 298
39 40
39 50
39 61
39 98
39 119
39 124
39 145
39 146
39 154
39 177
39 184
39 195
39 202
39 225
39 232
39 244
39 246
39 263
39 278
39 281
40 45
40 58
40 64
40 83
40 85
40 107
40 131
40 149
40 198
40 213
40 274
40 284
40 285
40 296
41 75
41 116
41 132
41 152
41 163
41 175
41 177
41 182
41 186
41 201
41 213
41 235
41 242
41 261
41 267
42 56
42 58
42 62
42 73
42 125
42 161
42 212
42 234
42 246
42 260
42 264
42 277
42 293
43 48
43 53
43 58
43 85
43 104
43 111
43 137
43 153
43 166
43 214
43 229
43 266
43 285
43 293
44 51
44 61
44 78
44 101
44 102
44 111
44 118
44 127
44 128
44 134
44 170
44 186
44 212
44 223
44 233
44 238
44 239
44 255
45 55
45 62
45 83
45 95
45 97
45 105
45 134
45 135
45 136
45 145
45 146
45 183
45 191
45 193
45 243
45 256
45 260
45 291
46 53
46 58
46 60
46 63
46 71
46 114
46 119
46 182
46 190
46 192
46 206
46 220
46 233
46 242
46 244
46 255
46 261
46 267
46 298
47 89
47 93
47 94
47 100
47 103
47 105
47 107
47 126
47 133
47 143
47 149
47 172
47 173
47 238
47 241
47 251
47 267
47 272
47 275
47 294
48 55
48 62
48 78
48 97
48 105
48 117
48 140
48 176
48 193
48 200
48 223
48 241
48 248
48 255
48 260
48 264
48 271
48 293
48 297
49 99
49 104
49 111
49 113
49 135
49 142
49 146
49 164
49 168
49 175
49 194
49 221
49 235
49 243
49 246
49 267
49 272
49 279
49 282
50 59
50 133
50 196
50 206
50 215
50 223
50 224
50 231
50 234
50 245
50 260
50 292
51 68
51 77
51 118
51 177
51 225
51 267
51 284
52 71
52 94
52 144
52 161
52 170
52 219
52 229
52 233
52 282
52 286
53 54
53 58
53 59
53 65
53 71
53 78
53 84
53 122
53 156
53 159
53 167
53 171
53 173
53 182
53 225
53 237
53 239
53 243
53 267
54 57
54 64
54 80
54 99
54 114
54 117
54 121
54 145
54 156
54 173
54 178
54 190
54 216
54 217
54 222
54 229
54 231
54 232
54 234
54 251
54 260
54 276
54 295
55 57
55 64
55 144
55 148
55 150
55 177
55 183
55 199
55 200
55 204
55 212
55 213
55 237
55 256
55 269
55 274
55 288
55 290
55 295
56 74
56 77
56 104
56 121
56 124
56 146
56 152
56 212
56 231
56 245
56 260
56 269
56 298
57 68
57 84
57 102
57 106
57 110
57 120
57 127
57 128
57 133
57 140
57 146
57 151
57 159
57 162
57 201
57 205
57 216
57 226
57 235
57 245
57 247
57 262
57 277
57 287
57 296
58 67
58 77
58 83
58 116
58 117
58 149
58 177
58 196
58 207
58 223
58 232
58 234
58 251
58 258
58 279
58 282
58 299
59 93
59 95
59 117
59 140
59 148
59 165
59 179
59 212
59 231
59 241
59 290
59 296
60 67
60 72
60 87
60 105
60 120
60 127
60 132
60 143
60 160
60 162
60 182
60 208
60 209
60 210
60 217
60 223
60 239
60 254
60 262
60 280
61 80
61 98
61 114
61 165
61 172
61 173
61 181
61 182
61 188
61 197
61 201
61 219
61 222
61 246
61 251
61 259
61 291
62 65
62 81
62 86
62 105
62 112
62 113
62 121
62 144
62 161
62 181
62 189
62 200
62 215
62 226
62 237
62 247
62 251
62 272
62 279
63 82
63 83
63 90
63 102
63 109
63 130
63 164
63 183
63 186
63 190
63 203
63 207
63 228
63 270
63 282
64 66
64 68
64 71
64 72
64 115
64 135
64 149
64 172
64 187
64 220
64 222
64 241
64 261
65 69
65 70
65 155
65 160
65 171
65 173
65 174
65 185
65 187
65 188
65 199
65 212
65 215
65 244
65 246
65 250
65 265
65 273
65 278
65 279
65 293
65 295
66 70
66 71
66 76
66 82
66 91
66 97
66 146
66 147
66 149
66 154
66 158
66 162
66 198
66 204
66 209
66 213
66 223
66 249
66 251
66 283
66 284
67 81
67 123
67 157
67 163
67 174
67 194
67 249
67 266
67 269
68 82
68 121
68 223
68 261
68 291
68 293
69 70
69 85
69 99
69 121
69 139
69 141
69 154
69 160
69 243
69 252
69 265
69 269
69 271
69 272
69 273
70 82
70 96
70 115
70 119
70 121
70 128
70 135
70 150
70 159
70 160
70 165
70 174
70 182
70 184
70 191
70 196
70 205
70 208
70 244
70 261
70 266
70 297
71 81
71 86
71 94
71 101
71 130
71 167
71 168
71 193
71 201
71 220
71 221
71 247
71 252
71 269
71 278
71 297
71 299
72 79
72 81
72 95
72 112
72 113
72 114
72 127
72 142
72 156
72 157
72 184
72 231
72 269
72 280
72 285
72 289
72 292
72 293
73 74
73 84
73 86
73 101
73 109
73 116
73 125
73 140
73 145
73 147
73 160
73 185
73 217
73 222
73 224
73 226
73 249
73 259
73 264
73 278
73 285
73 295
74 89
74 93
74 109
74 123
74 125
74 161
74 177
74 185
74 199
74 201
74 209
74 217
74 227
74 262
74 265
74 273
74 275
75 78
75 93
75 98
75 108
75 125
75 127
75 157
75 174
75 192
75 195
75 201
75 233
75 235
75 241
75 284
76 119
76 126
76 131
76 132
76 179
76 185
76 193
76 210
76 212
76 217
76 220
76 234
76 244
76 251
76 285
77 121
77 124
77 134
77 150
77 152
77 169
77 182
77 228
77 243
77 246
77 266
77 273
78 92
78 104
78 111
78 126
78 131
78 135
78 144
78 174
78 202
78 204
78 208
78 233
78 235
78 257
78 263
78 266
78 285
79 80
79 83
79 84
79 88
79 90
79 98
79 112
79 142
79 145
79 170
79 172
79 174
79 197
79 199
79 236
79 240
79 249
79 258
79 260
79 263
79 264
79 265
79 292
80 82
80 90
80 96
80 109
80 112
80 119
80 127
80 132
80 133
80 136
80 162
80 171
80 212
80 213
80 217
80 220
80 230
80 239
80 243
80 244
80 255
80 271
80 281
80 284
81 82
81 94
81 97
81 139
81 156
81 158
81 194
81 214
81 232
81 237
81 239
81 242
81 280
81 284
82 109
82 111
82 129
82 169
82 186
82 190
82 194
82 215
82 222
82 224
82 247
82 270
82 273
82 276
82 282
83 92
83 107
83 135
83 145
83 167
83 194
83 197
83 219
83 261
83 284
83 290
84 87
84 107
84 117
84 129
84 139
84 143
84 146
84 162
84 176
84 243
84 254
84 256
84 259
84 266
84 270
85 90
85 118
85 123
85 131
85 135
85 168
85 173
85 180
85 187
85 223
85 228
85 239
85 257
85 259
85 271
85 272
86 110
86 124
86 136
86 180
86 204
86 212
86 214
86 219
86 246
86 254
86 266
86 283
86 298
87 110
87 114
87 146
87 147
87 168
87 169
87 187
87 194
87 197
87 198
87 215
87 216
87 223
87 227
87 255
87 274
87 286
88 93
88 94
88 103
88 107
88 119
88 126
88 152
88 181
88 188
88 240
88 261
88 263
88 273
88 280
88 288
88 291
89 94
89 149
89 150
89 161
89 175
89 178
89 195
89 200
89 218
89 237
89 239
89 257
89 276
89 278
89 287
89 289
90 92
90 93
90 99
90 102
90 115
90 122
90 126
90 137
90 146
90 154
90 194
90 203
90 211
90 212
90 219
90 223
90 253
90 294
91 105
91 113
91 137
91 138
91 150
91 172
91 175
91 197
91 204
91 205
91 208
91 211
91 220
91 228
91 231
91 236
91 288
91 289
92 108
92 116
92 122
92 142
92 158
92 181
92 188
92 189
92 191
92 194
92 199
92 205
92 206
92 214
92 229
92 277
92 286
93 102
93 124
93 146
93 162
93 169
93 202
93 233
93 278
93 279
94 108
94 117
94 182
94 195
94 229
94 242
94 255
94 257
94 281
95 120
95 136
95 139
95 163
95 195
95 218
95 219
95 247
95 270
95 281
95 291
95 299
96 117
96 121
96 123
96 125
96 149
96 173
96 177
96 183
96 218
96 226
96 230
96 235
96 292
97 102
97 122
97 145
97 158
97 180
97 195
97 212
97 215
97 227
97 234
97 243
97 245
97 263
97 267
97 288
97 295
97 298
98 147
98 148
98 155
98 166
98 189
98 197
98 220
98 229
98 269
98 290
98 296
99 103
99 174
99 185
99 191
99 201
99 213
99 223
99 238
99 247
99 249
99 254
99 279
100 102
100 129
100 132
100 135
100 138
100 153
100 159
100 177
100 202
100 258
100 260
100 262
100 271
100 280
100 284
100 294
100 299
101 118
101 143
101 146
101 157
101 174
101 175
101 177
101 193
101 204
101 209
101 220
101 228
101 241
101 247
101 255
101 266
101 271
101 279
101 281
101 287
101 293
102 128
102 133
102 151
102 170
102 180
102 187
102 198
102 216
102 227
102 231
102 290
103 115
103 125
103 136
103 149
103 155
103 160
103 163
103 168
103 197
103 214
103 227
103 246
103 256
104 105
104 118
104 122
104 132
104 168
104 170
104 176
104 178
104 184
104 188
104 191
104 216
104 217
104 247
104 267
104 269
104 277
104 298
105 114
105 123
105 135
105 139
105 167
105 197
105 209
105 212
105 225
105 227
105 236
105 284
105 289
105 291
106 120
106 149
106 216
106 224
106 236
106 247
106 285
106 291
107 118
107 141
107 150
107 157
107 178
107 188
107 189
107 197
107 206
107 209
107 219
107 236
107 241
107 254
107 287
107 292
107 296
108 118
108 121
108 122
108 155
108 158
108 164
108 198
108 201
108 235
108 241
108 259
108 260
108 274
108 295
108 298
109 151
109 153
109 155
109 166
109 169
109 177
109 186
109 197
109 213
109 215
109 216
109 233
109 252
109 269
109 282
109 286
109 294
109 297
110 116
110 126
110 130
110 131
110 134
110 138
110 166
110 167
110 187
110 197
110 216
110 226
110 236
110 248
110 290
110 291
111 128
111 152
111 192
111 195
111 203
111 206
111 234
111 236
111 238
111 262
111 273
111 279
111 280
111 282
111 290
112 117
112 138
112 139
112 168
112 176
112 223
112 231
112 246
112 248
112 250
112 254
112 255
112 284
113 121
113 122
113 159
113 170
113 176
113 192
113 229
113 235
113 244
113 267
113 275
114 119
114 129
114 135
114 203
114 245
114 267
114 277
114 296
115 129
115 131
115 135
115 137
115 141
115 149
115 165
115 173
115 177
115 184
115 199
115 204
115 266
115 281
115 286
115 288
115 294
116 154
116 157
116 158
116 177
116 188
116 193
116 210
116 256
116 266
116 299
117 136
117 139
117 183
117 204
117 228
117 235
117 255
117 273
117 274
117 275
117 284
118 125
118 135
118 140
118 156
118 170
118 185
118 189
118 210
118 227
118 250
118 257
118 261
118 276
118 278
118 281
118 284
119 120
119 128
119 134
119 137
119 140
119 150
119 162
119 166
119 176
119 177
119 181
119 196
119 197
119 268
119 277
119 278
119 282
120 138
120 160
120 180
120 181
120 182
120 209
120 211
120 256
120 264
120 274
120 286
120 297
121 127
121 134
121 150
121 161
121 172
121 174
121 192
121 193
121 212
121 226
121 231
122 127
122 147
122 156
122 161
122 177
122 181
122 183
122 194
122 196
122 216
122 221
122 239
122 242
122 243
122 260
122 275
123 127
123 146
123 166
123 185
123 211
123 216
123 264
123 266
123 277
123 285
124 137
124 157
124 158
124 161
124 231
124 249
124 254
124 261
124 293
124 296
125 132
125 161
125 172
125 194
125 197
125 229
125 233
125 236
125 239
125 241
125 270
126 145
126 148
126 152
126 156
126 167
126 192
126 206
126 212
126 218
126 227
126 229
126 273
126 298
127 138
127 152
127 167
127 181
127 184
127 195
127 202
127 219
127 232
127 256
127 263
127 278
128 132
128 144
128 168
128 173
128 185
128 186
128 211
128 232
128 270
128 272
128 284
128 293
129 136
129 137
129 144
129 149
129 166
129 179
129 180
129 211
129 244
129 257
129 282
129 286
130 132
130 148
130 172
130 185
130 187
130 216
130 217
130 298
131 151
131 155
131 197
131 211
131 236
131 243
131 249
131 262
131 269
131 275
131 287
131 291
132 155
132 160
132 168
132 172
132 201
132 204
132 205
132 210
132 222
132 225
132 227
132 258
132 281
132 299
133 137
133 159
133 182
133 183
133 218
133 222
133 224
133 234
133 252
133 275
133 277
133 290
134 149
134 161
134 164
134 171
134 180
134 185
134 191
134 197
134 203
134 221
134 225
134 267
134 274
134 281
134 295
135 163
135 194
135 210
135 212
135 240
135 256
135 268
136 143
136 156
136 167
136 185
136 206
136 232
136 267
136 268
136 275
137 158
137 183
137 187
137 194
137 210
137 214
137 218
137 238
137 240
137 263
137 268
138 142
138 143
138 160
138 174
138 181
138 187
138 189
138 194
138 197
138 223
138 226
138 238
138 239
138 262
138 275
139 174
139 175
139 187
139 254
139 275
139 279
139 286
139 299
140 157
140 159
140 163
140 197
140 204
140 215
140 222
140 243
140 251
140 255
140 261
140 264
140 286
140 296
141 143
141 154
141 166
141 178
141 191
141 212
141 226
141 275
141 287
141 288
142 143
142 154
142 172
142 178
142 183
142 190
142 193
142 210
142 217
142 238
143 150
143 172
143 174
143 216
143 220
143 229
143 247
143 259
143 261
143 277
143 280
143 281
143 296
144 145
144 146
144 176
144 183
144 208
144 213
144 218
144 220
144 231
144 261
144 282
145 156
145 163
145 182
145 183
145 201
145 211
145 216
145 218
145 228
146 153
146 172
146 177
146 186
146 201
146 207
146 221
146 227
146 232
146 234
146 243
146 244
146 257
146 268
146 284
146 286
146 287
146 288
146 291
147 177
147 188
147 190
147 191
147 195
147 196
147 210
147 216
147 266
147 290
147 298
148 149
148 155
148 174
148 178
148 212
148 236
148 238
148 275
148 276
148 285
148 293
149 156
149 160
149 166
149 181
149 191
149 214
149 241
149 246
149 284
149 285
149 295
150 151
150 194
150 200
150 209
150 231
150 240
150 242
150 298
151 170
151 190
151 242
151 253
151 254
151 274
151 293
152 153
152 171
152 214
152 229
152 231
152 237
152 255
152 257
152 262
152 281
153 175
153 205
153 207
153 212
153 224
153 228
153 246
153 274
153 276
153 284
153 288
153 289
154 160
154 192
154 197
154 200
154 215
154 217
154 256
154 272
154 283
154 285
154 286
154 293
154 297
155 161
155 166
155 168
155 175
155 183
155 218
155 222
155 245
155 251
155 278
156 174
156 206
156 211
156 226
156 240
156 243
156 252
156 257
156 264
157 158
157 159
157 172
157 178
157 211
157 237
157 254
157 270
157 286
157 287
158 160
158 167
158 190
158 192
158 208
158 212
158 215
158 220
158 222
158 232
158 234
158 238
158 253
158 266
158 268
159 164
159 174
159 184
159 188
159 191
159 226
159 246
159 247
159 275
159 278
159 279
160 174
160 175
160 196
160 200
160 220
160 232
160 241
160 264
160 287
161 179
161 225
161 229
161 257
161 263
161 274
161 286
162 165
162 233
162 249
162 288
163 169
163 178
163 180
163 186
163 211
163 224
163 228
163 241
163 260
163 262
164 171
164 185
164 203
164 258
164 259
164 265
164 279
164 298
165 166
165 171
165 197
165 208
165 218
165 236
166 193
166 207
166 212
166 227
166 234
166 242
166 260
166 268
166 271
166 277
166 289
166 292
167 173
167 177
167 186
167 211
167 219
167 257
167 262
167 266
167 277
167 295
168 186
168 198
168 271
168 281
168 285
169 195
169 198
169 226
169 232
169 247
169 255
169 278
169 299
170 177
170 197
170 203
170 213
170 231
170 269
170 276
170 277
171 191
171 212
171 213
171 236
171 238
171 241
171 243
171 250
171 252
171 277
171 281
172 181
172 195
172 206
172 226
172 235
172 256
172 270
173 174
173 181
173 188
173 199
173 210
173 211
173 213
173 227
173 240
173 253
173 266
173 279
173 299
174 189
174 196
174 226
174 234
174 235
174 238
174 245
174 252
174 255
174 271
174 274
174 277
174 291
175 233
175 236
175 248
175 253
175 261
175 264
175 291
175 297
176 183
176 234
176 239
176 242
176 263
176 289
176 299
177 193
177 224
177 225
177 227
177 236
177 257
177 271
177 275
177 295
178 193
178 202
178 206
178 217
178 220
178 221
178 238
178 246
178 255
178 259
178 271
178 272
178 277
178 292
179 209
179 234
179 249
179 251
180 197
180 216
180 224
180 249
180 250
181 205
181 206
181 214
181 220
181 249
181 256
181 277
181 278
181 280
181 290
182 201
182 205
182 220
182 232
182 238
182 258
182 294
183 186
183 209
183 224
183 261
183 275
184 204
184 256
184 259
184 264
184 267
185 205
185 224
185 249
185 252
185 257
185 270
186 207
186 215
186 250
186 257
186 295
187 200
187 203
187 243
187 276
187 278
187 283
187 290
187 292
188 214
188 215
188 226
188 255
188 273
188 285
188 299
189 203
189 212
189 222
189 225
189 228
189 241
189 243
189 245
189 257
189 269
189 283
190 209
190 210
190 231
190 234
190 259
191 197
191 198
191 200
191 219
191 223
191 232
191 234
191 279
191 298
192 200
192 209
192 212
192 221
192 244
192 253
192 257
192 262
192 266
192 283
193 209
193 215
193 216
193 219
193 223
193 257
193 272
193 288
193 291
194 196
194 212
194 231
194 245
194 254
194 260
194 261
194 283
195 197
195 198
195 211
195 217
195 221
195 223
195 230
195 234
195 243
195 271
195 289
196 204
196 208
196 215
196 237
196 249
196 279
196 284
196 296
197 206
197 220
197 221
197 224
197 238
197 248
197 250
197 268
197 287
197 295
198 203
198 216
198 217
198 261
198 262
198 266
198 287
198 298
199 205
199 227
199 247
199 250
199 251
199 258
199 280
199 281
199 285
199 296
199 297
200 244
200 256
200 294
200 299
201 220
201 250
201 274
201 281
202 213
202 231
202 237
202 277
202 288
203 211
203 220
203 235
203 247
203 253
203 291
203 298
204 212
204 231
204 232
204 243
204 245
204 247
204 249
204 262
205 230
205 235
205 237
205 238
205 243
205 245
205 253
205 262
205 267
205 270
205 278
206 207
206 209
206 241
206 242
206 252
206 263
206 264
206 291
206 294
206 295
207 221
207 228
207 230
207 239
207 259
207 272
207 282
207 296
208 209
208 212
208 254
208 263
209 229
209 278
209 279
209 290
209 297
210 213
210 238
210 241
210 262
210 265
210 270
210 274
210 293
210 298
211 235
211 254
212 223
212 249
212 258
212 265
214 217
214 221
214 249
214 260
214 272
214 281
214 285
214 296
215 243
215 251
215 268
215 271
215 292
216 233
216 239
216 241
216 247
216 253
216 271
216 293
217 237
217 242
217 245
217 246
217 266
217 287
218 223
218 241
218 251
218 283
218 285
218 297
219 246
219 275
219 282
220 222
220 260
220 262
220 268
220 280
220 281
220 293
221 228
221 232
221 248
221 299
222 234
222 235
222 245
222 251
222 266
222 285
222 298
223 228
223 244
223 259
223 280
223 291
224 235
224 246
224 282
225 258
225 262
225 263
225 274
225 275
226 227
226 238
226 268
226 280
226 281
226 287
227 248
227 257
227 259
227 269
227 274
227 288
228 243
228 261
228 262
228 298
229 232
229 257
229 265
229 266
229 267
229 277
229 293
230 251
230 254
230 266
230 274
230 295
231 249
231 261
231 278
232 266
232 267
232 271
232 278
233 234
233 237
233 286
234 249
234 276
234 277
234 283
234 286
234 295
234 298
235 274
236 264
236 294
237 241
237 291
238 265
238 266
238 268
238 270
238 271
238 273
238 291
239 243
239 276
239 278
239 286
239 291
239 296
240 258
240 286
240 292
240 297
241 259
241 275
241 292
242 255
242 263
242 272
242 289
242 297
243 256
243 265
243 269
243 272
243 276
244 255
244 262
244 263
244 278
244 299
245 247
245 260
245 270
245 276
245 284
245 289
246 261
246 263
246 267
246 274
246 278
246 280
247 278
247 279
248 252
248 257
248 274
248 296
249 254
249 257
249 259
249 271
250 260
250 265
250 266
250 272
250 295
252 255
252 266
252 268
252 270
252 272
252 278
252 290
252 297
253 268
253 270
253 271
254 286
254 296
255 272
255 291
255 292
256 261
256 265
256 267
256 276
256 282
256 290
257 270
257 277
257 294
258 270
258 281
258 295
260 276
260 288
261 291
261 297
262 267
262 271
262 275
262 277
263 275
263 289
263 290
264 279
264 298
265 288
266 275
267 288
267 293
268 269
268 272
268 275
268 279
268 287
268 299
269 279
269 280
269 289
269 296
271 272
271 279
271 292
271 298
272 274
272 282
272 294
273 283
273 289
274 280
274 283
274 292
274 299
277 279
279 285
281 292
281 299
283 293
285 292
286 297
287 297
288 299
289 293
290 295
293 299
