100 225 0.2
0 35
0 52
0 85
1 7
1 27
1 36
1 45
1 58
2 19
2 26
2 34
2 35
2 83
2 97
3 47
3 77
3 96
4 21
4 41
4 52
4 54
4 57
4 72
5 22
5 71
5 72
5 79
5 87
5 99
6 11
6 30
6 69
6 91
6 94
7 12
7 25
7 39
7 83
8 12
8 15
8 56
8 65
8 67
8 82
8 97
9 19
9 31
9 35
9 51
9 59
9 62
10 33
10 35
10 40
10 42
10 59
10 79
10 88
11 12
11 17
11 22
11 80
12 15
12 22
12 35
12 78
13 28
13 46
13 75
13 94
14 30
14 31
14 66
14 91
15 25
16 36
16 47
16 80
16 84
18 27
18 33
18 43
18 44
18 55
18 82
18 87
19 21
19 22
19 24
20 22
20 29
20 33
20 45
20 67
20 98
21 39
21 97
22 38
22 74
22 76
22 86
22 99
23 55
23 67
23 75
23 96
24 48
24 64
24 65
26 32
26 75
26 79
26 80
26 82
27 62
28 39
28 95
29 31
29 39
29 49
30 50
30 88
31 46
31 73
31 81
33 56
33 75
33 82
33 94
34 70
35 43
35 80
35 89
36 49
36 62
36 73
36 97
37 77
38 63
38 68
38 83
38 97
39 74
39 83
40 60
40 89
40 91
41 56
41 60
41 91
41 98
42 47
42 56
42 74
42 81
43 49
43 78
44 81
45 57
45 68
45 84
45 86
46 75
46 85
47 57
47 63
47 98
48 51
48 54
48 76
48 77
49 80
50 81
51 68
51 82
51 84
52 65
52 82
52 92
53 68
53 99
54 77
55 84
55 89
56 64
56 78
59 86
60 99
61 63
61 73
62 85
62 87
63 64
65 67
65 72
65 84
67 86
67 95
68 75
68 87
70 76
71 91
71 98
72 84
72 98
72 99
74 98
75 76
75 83
75 99
77 78
78 84
78 93
78 94
79 95
80 94
80 95
81 86
82 95
84 98
85 88
86 93
87 94
89 95
93 98
