400 3991 0.8
0 51
0 60
0 80
0 134
0 204
0 247
0 259
0 260
0 289
0 303
0 315
0 335
0 337
0 364
0 373
0 388
0 398
1 2
1 49
1 65
1 71
1 100
1 113
1 132
1 153
1 159
1 169
1 174
1 201
1 206
1 276
1 292
1 357
1 384
2 11
2 15
2 17
2 56
2 66
2 88
2 108
2 112
2 116
2 126
2 136
2 140
2 185
2 191
2 193
2 209
2 212
2 213
2 258
2 270
2 273
2 315
2 316
2 327
2 333
2 341
2 373
2 385
3 47
3 55
3 88
3 93
3 129
3 133
3 144
3 155
3 165
3 179
3 183
3 211
3 224
3 293
3 317
3 363
3 377
3 395
4 6
4 16
4 18
4 28
4 83
4 139
4 154
4 160
4 168
4 187
4 212
4 264
4 296
4 311
4 319
4 335
4 340
4 344
4 364
4 374
4 383
4 387
4 398
5 18
5 20
5 40
5 65
5 128
5 156
5 165
5 169
5 173
5 209
5 233
5 258
5 267
5 268
5 324
5 365
6 17
6 20
6 51
6 62
6 151
6 201
6 209
6 217
6 239
6 267
6 291
6 294
6 343
6 369
6 374
7 9
7 12
7 24
7 60
7 106
7 120
7 121
7 132
7 136
7 167
7 173
7 197
7 214
7 216
7 265
7 271
7 275
7 311
7 314
7 318
7 339
7 381
8 13
8 29
8 32
8 33
8 52
8 122
8 150
8 160
8 178
8 217
8 222
8 229
8 244
8 249
8 266
8 279
8 298
8 330
8 376
8 397
9 14
9 46
9 50
9 126
9 136
9 143
9 175
9 179
9 187
9 199
9 207
9 208
9 223
9 242
9 248
9 290
9 314
9 339
9 388
9 390
10 24
10 62
10 74
10 141
10 146
10 223
10 227
10 231
10 259
10 275
10 299
10 313
10 321
10 324
10 346
10 367
10 376
11 24
11 67
11 113
11 140
11 174
11 176
11 178
11 194
11 206
11 223
11 229
11 261
11 300
11 320
11 386
12 15
12 30
12 49
12 57
12 88
12 120
12 125
12 136
12 144
12 155
12 175
12 184
12 186
12 231
12 266
12 293
12 336
12 377
12 379
12 380
13 25
13 65
13 80
13 97
13 183
13 206
13 209
13 240
13 253
13 345
13 355
13 376
13 399
14 45
14 70
14 102
14 128
14 175
14 190
14 192
14 196
14 199
14 216
14 246
14 271
14 295
14 323
14 329
14 355
15 27
15 58
15 64
15 66
15 72
15 77
15 87
15 88
15 129
15 133
15 140
15 146
15 183
15 209
15 233
15 304
15 305
15 346
15 350
15 372
15 377
16 35
16 55
16 57
16 64
16 68
16 72
16 89
16 110
16 125
16 153
16 164
16 172
16 178
16 192
16 199
16 220
16 226
16 265
16 266
16 267
16 288
16 301
16 305
16 354
16 363
16 374
17 28
17 37
17 64
17 65
17 68
17 113
17 126
17 138
17 152
17 166
17 187
17 197
17 198
17 226
17 235
17 284
17 301
17 348
17 363
17 368
18 61
18 71
18 86
18 100
18 151
18 153
18 184
18 201
18 221
18 229
18 275
18 277
18 285
18 294
18 295
18 300
18 349
18 351
19 32
19 41
19 70
19 110
19 121
19 167
19 214
19 217
19 318
19 319
19 351
19 369
19 392
20 141
20 147
20 162
20 200
20 248
20 253
20 279
20 309
20 346
20 353
20 364
20 368
20 396
21 38
21 39
21 75
21 81
21 111
21 116
21 117
21 151
21 159
21 195
21 201
21 215
21 218
21 262
21 270
21 273
21 274
21 281
21 329
21 356
21 361
21 365
21 386
22 35
22 49
22 55
22 71
22 77
22 109
22 123
22 133
22 146
22 158
22 167
22 168
22 180
22 242
22 274
22 296
22 303
22 386
23 41
23 48
23 59
23 103
23 104
23 131
23 153
23 171
23 178
23 213
23 236
23 265
23 275
23 280
23 304
23 313
23 328
23 330
23 331
23 363
23 365
23 374
23 392
24 73
24 85
24 104
24 105
24 107
24 112
24 123
24 132
24 141
24 166
24 175
24 299
24 334
24 340
24 365
24 393
25 42
25 54
25 99
25 152
25 155
25 166
25 170
25 171
25 187
25 236
25 349
25 356
25 376
25 398
26 36
26 46
26 72
26 83
26 113
26 127
26 144
26 159
26 251
26 252
26 287
26 301
26 302
26 318
26 353
26 371
26 381
26 393
26 397
26 398
27 46
27 91
27 99
27 155
27 161
27 167
27 173
27 236
27 246
27 314
27 344
28 31
28 33
28 56
28 71
28 77
28 124
28 152
28 170
28 177
28 191
28 201
28 213
28 235
28 244
28 273
28 322
28 324
28 327
28 328
28 367
28 369
28 376
29 40
29 48
29 58
29 68
29 76
29 102
29 107
29 130
29 132
29 134
29 140
29 145
29 155
29 176
29 178
29 184
29 221
29 252
29 271
29 289
29 312
29 322
29 336
29 342
29 351
29 363
29 388
29 390
29 393
30 32
30 34
30 43
30 73
30 117
30 132
30 141
30 146
30 182
30 202
30 216
30 299
30 303
30 396
31 51
31 58
31 88
31 93
31 128
31 150
31 152
31 174
31 183
31 227
31 241
31 274
31 285
31 287
31 325
31 370
32 39
32 40
32 112
32 137
32 140
32 147
32 167
32 188
32 237
32 241
32 242
32 250
32 267
32 286
32 306
32 356
32 363
32 371
32 394
33 63
33 87
33 106
33 158
33 175
33 181
33 191
33 210
33 215
33 218
33 233
33 252
33 254
33 256
33 283
33 292
33 298
33 309
33 313
33 349
33 364
33 381
34 35
34 40
34 62
34 63
34 65
34 82
34 171
34 176
34 217
34 225
34 236
34 250
34 324
34 344
35 62
35 67
35 100
35 104
35 110
35 112
35 136
35 165
35 219
35 233
35 239
35 258
35 335
35 344
35 379
36 77
36 91
36 93
36 112
36 131
36 139
36 151
36 196
36 235
36 256
36 283
36 301
36 307
36 319
36 326
36 386
37 46
37 104
37 123
37 133
37 138
37 147
37 168
37 173
37 199
37 211
37 232
37 279
37 302
37 327
37 351
37 362
37 389
38 95
38 114
38 115
38 122
38 148
38 153
38 156
38 169
38 177
38 183
38 187
38 199
38 207
38 224
38 230
38 234
38 253
38 296
38 350
38 356
38 383
39 46
39 50
39 72
39 75
39 111
39 180
39 216
39 224
39 244
39 249
39 313
39 330
39 355
40 57
40 114
40 126
40 131
40 158
40 162
40 193
40 207
40 235
40 247
40 268
40 277
40 283
40 301
40 328
40 332
40 367
40 397
41 44
41 91
41 115
41 126
41 132
41 138
41 156
41 188
41 189
41 190
41 201
41 224
41 228
41 240
41 246
41 261
41 275
41 279
41 302
41 315
41 359
41 364
41 390
42 46
42 75
42 103
42 107
42 116
42 152
42 154
42 163
42 180
42 197
42 221
42 230
42 253
42 270
42 300
42 321
42 327
42 329
42 339
42 343
42 372
43 77
43 163
43 173
43 198
43 209
43 222
43 224
43 238
43 249
43 254
43 277
43 293
43 296
43 323
44 61
44 84
44 180
44 206
44 248
44 261
44 266
44 276
44 279
44 368
44 397
45 72
45 95
45 96
45 113
45 116
45 133
45 185
45 194
45 208
45 221
45 241
45 252
45 274
45 277
45 278
45 327
45 354
45 355
45 390
46 92
46 115
46 138
46 175
46 179
46 190
46 218
46 219
46 226
46 241
46 291
46 313
46 385
47 60
47 102
47 127
47 146
47 150
47 166
47 167
47 276
47 323
47 333
47 337
47 378
48 79
48 96
48 102
48 133
48 138
48 161
48 166
48 169
48 172
48 193
48 215
48 235
48 247
48 258
48 283
48 303
48 323
48 351
48 355
48 375
48 376
48 387
48 388
49 86
49 130
49 142
49 151
49 160
49 193
49 211
49 240
49 262
49 272
49 292
49 295
49 325
49 342
49 344
49 355
49 361
49 368
49 384
50 54
50 108
50 124
50 127
50 135
50 138
50 154
50 162
50 181
50 190
50 201
50 203
50 209
50 211
50 227
50 232
50 257
50 270
50 299
50 324
50 332
50 375
50 396
50 397
50 398
51 66
51 97
51 127
51 144
51 180
51 192
51 199
51 210
51 253
51 311
51 326
51 331
51 365
51 387
51 394
52 130
52 133
52 255
52 294
52 348
53 71
53 80
53 100
53 116
53 120
53 131
53 138
53 164
53 165
53 182
53 196
53 274
53 281
53 290
53 333
53 371
54 69
54 91
54 94
54 135
54 167
54 173
54 206
54 227
54 234
54 236
54 252
54 257
54 286
54 307
54 388
55 59
55 63
55 66
55 70
55 75
55 134
55 148
55 158
55 163
55 169
55 192
55 193
55 237
55 267
55 297
55 332
55 337
55 343
55 346
55 357
55 376
55 380
55 391
56 71
56 130
56 135
56 157
56 238
56 240
56 269
56 286
56 299
56 363
56 365
56 375
57 78
57 112
57 115
57 131
57 152
57 158
57 183
57 226
57 231
57 245
57 260
57 264
57 271
57 273
57 298
57 309
57 320
57 328
57 376
57 387
57 389
57 395
58 65
58 79
58 105
58 107
58 188
58 200
58 220
58 249
58 295
58 315
58 347
58 375
58 392
59 66
59 88
59 102
59 130
59 162
59 197
59 227
59 242
59 248
59 264
59 281
59 304
59 327
59 351
59 385
59 390
60 80
60 108
60 161
60 163
60 168
60 212
60 228
60 242
60 243
60 253
60 260
60 272
60 273
60 284
60 290
60 314
60 359
61 68
61 72
61 83
61 100
61 144
61 153
61 165
61 175
61 199
61 217
61 224
61 238
61 247
61 262
61 277
61 334
61 345
61 361
61 384
61 387
62 66
62 98
62 115
62 129
62 135
62 179
62 182
62 183
62 212
62 236
62 258
62 266
62 268
62 285
62 310
62 312
62 317
62 331
62 335
62 352
62 383
63 97
63 123
63 180
63 212
63 245
63 260
63 299
63 312
63 313
63 323
63 336
63 353
63 393
64 82
64 103
64 136
64 169
64 199
64 230
64 242
64 257
64 263
64 270
64 301
64 303
64 318
64 319
64 323
64 326
64 355
65 68
65 93
65 96
65 114
65 121
65 141
65 142
65 160
65 188
65 199
65 222
65 232
65 236
65 238
65 239
65 274
65 315
65 329
65 341
66 106
66 117
66 211
66 246
66 281
66 283
66 312
66 349
66 378
66 388
66 393
66 399
67 82
67 94
67 105
67 108
67 126
67 177
67 195
67 202
67 228
67 233
67 235
67 265
67 267
67 303
67 319
67 322
67 358
67 371
67 372
67 392
68 74
68 113
68 120
68 121
68 143
68 166
68 225
68 236
68 266
68 313
68 319
68 328
68 335
68 381
69 125
69 137
69 151
69 159
69 169
69 210
69 275
69 288
69 289
69 312
69 317
69 340
69 358
69 367
69 370
69 379
69 384
70 146
70 154
70 162
70 178
70 179
70 193
70 220
70 279
70 286
70 290
70 296
70 298
70 307
70 355
70 376
70 391
71 73
71 94
71 146
71 158
71 228
71 230
71 232
71 246
71 247
71 251
71 266
71 276
71 289
71 307
71 358
71 393
72 73
72 90
72 102
72 107
72 110
72 140
72 151
72 170
72 178
72 187
72 190
72 230
72 235
72 246
72 289
72 296
72 304
72 339
72 352
72 353
72 370
72 374
72 397
73 116
73 119
73 128
73 179
73 184
73 186
73 246
73 247
73 264
73 286
73 290
73 292
73 297
73 309
73 314
73 334
73 387
74 75
74 98
74 107
74 111
74 140
74 153
74 162
74 164
74 216
74 219
74 247
74 261
74 268
74 364
74 371
74 392
75 100
75 167
75 196
75 222
75 239
75 251
75 275
75 280
75 293
75 294
75 305
75 367
76 82
76 83
76 87
76 139
76 142
76 153
76 156
76 167
76 176
76 194
76 203
76 226
76 253
76 264
76 279
76 289
76 301
76 302
76 321
76 322
76 334
76 336
76 347
76 394
77 83
77 128
77 135
77 149
77 182
77 252
77 257
77 270
77 272
77 318
77 352
77 364
78 98
78 146
78 148
78 196
78 222
78 254
78 257
78 325
78 345
78 393
79 83
79 108
79 132
79 144
79 147
79 155
79 184
79 201
79 202
79 266
79 280
79 284
79 296
79 388
79 395
80 85
80 99
80 105
80 130
80 169
80 181
80 200
80 223
80 225
80 230
80 258
80 261
80 268
80 269
80 300
80 328
80 350
80 356
80 366
80 369
81 111
81 146
81 189
81 195
81 199
81 200
81 230
81 236
81 257
81 324
81 326
81 330
81 348
81 359
81 362
81 395
82 83
82 107
82 111
82 117
82 148
82 158
82 174
82 215
82 221
82 224
82 246
82 247
82 264
82 281
82 284
82 299
82 316
82 318
82 324
82 333
82 356
82 360
82 366
82 371
82 392
83 90
83 97
83 118
83 135
83 140
83 143
83 165
83 206
83 222
83 235
83 236
83 258
83 259
83 264
83 266
83 269
83 287
83 315
83 333
83 352
83 373
83 381
84 107
84 134
84 187
84 190
84 248
84 251
84 264
84 271
84 304
84 336
85 90
85 117
85 161
85 179
85 271
85 273
85 351
85 398
85 399
86 146
86 151
86 159
86 175
86 178
86 184
86 208
86 239
86 246
86 261
86 263
86 272
86 333
86 338
86 347
87 96
87 99
87 131
87 153
87 291
87 307
87 313
87 341
87 343
87 349
87 368
87 378
88 95
88 114
88 152
88 193
88 224
88 267
88 282
88 289
88 306
88 357
88 381
88 395
89 102
89 134
89 186
89 217
89 221
89 279
89 299
89 335
89 368
90 96
90 102
90 111
90 127
90 132
90 141
90 150
90 260
90 268
90 303
90 348
90 350
90 359
90 367
90 369
90 385
91 99
91 119
91 146
91 155
91 199
91 219
91 223
91 351
91 368
91 391
92 96
92 101
92 104
92 113
92 123
92 128
92 205
92 206
92 237
92 243
92 266
92 317
92 323
92 325
92 344
92 366
92 382
93 104
93 108
93 117
93 135
93 150
93 187
93 214
93 222
93 262
93 266
93 275
93 301
93 308
93 316
93 322
93 334
93 335
93 356
93 370
93 389
94 118
94 124
94 145
94 157
94 164
94 198
94 234
94 254
94 273
94 309
94 343
94 358
95 103
95 109
95 113
95 127
95 153
95 190
95 202
95 209
95 210
95 216
95 222
95 226
95 241
95 267
95 280
95 301
95 327
95 358
95 383
96 106
96 158
96 213
96 239
96 256
96 273
96 285
96 289
96 333
96 338
96 342
96 371
96 399
97 101
97 148
97 153
97 201
97 218
97 242
97 258
97 319
97 320
97 328
97 334
97 352
97 354
97 364
97 381
97 392
98 106
98 120
98 196
98 203
98 221
98 227
98 232
98 234
98 238
98 243
98 264
98 283
98 293
98 339
98 348
98 353
98 385
98 386
98 392
99 110
99 166
99 198
99 204
99 205
99 222
99 233
99 290
99 314
99 325
99 365
99 388
99 390
100 120
100 124
100 152
100 163
100 178
100 212
100 218
100 229
100 232
100 273
100 285
100 303
100 309
100 357
101 106
101 136
101 149
101 177
101 182
101 242
101 251
101 271
101 283
101 288
101 307
101 348
101 378
101 386
101 395
102 113
102 129
102 137
102 139
102 147
102 163
102 198
102 218
102 238
102 248
102 249
102 307
102 308
102 323
102 344
102 345
102 352
102 366
103 120
103 134
103 145
103 171
103 210
103 218
103 226
103 235
103 248
103 254
103 259
103 267
103 275
103 279
103 308
103 329
103 348
103 363
104 124
104 126
104 160
104 188
104 190
104 207
104 223
104 229
104 255
104 382
105 140
105 213
105 218
105 221
105 224
105 256
105 285
105 302
105 344
105 380
106 111
106 120
106 137
106 153
106 164
106 191
106 209
106 211
106 242
106 247
106 249
106 258
106 260
106 270
106 274
106 316
106 339
106 382
106 383
107 112
107 126
107 151
107 155
107 163
107 172
107 193
107 210
107 220
107 232
107 240
107 244
107 325
107 330
107 336
107 347
107 349
107 361
107 397
108 148
108 156
108 163
108 184
108 217
108 223
108 237
108 266
108 269
108 271
108 338
108 355
108 373
108 383
108 389
109 195
109 198
109 239
109 250
109 251
109 271
109 289
109 293
109 315
109 361
109 378
110 140
110 159
110 193
110 197
110 217
110 232
110 241
110 253
110 275
110 283
110 284
110 292
110 302
110 303
110 307
110 315
110 327
110 335
110 340
110 389
111 134
111 138
111 149
111 154
111 180
111 191
111 197
111 243
111 244
111 249
111 266
111 320
111 333
111 348
111 360
111 363
111 372
111 389
111 392
111 395
111 396
112 135
112 157
112 191
112 192
112 198
112 206
112 219
112 228
112 280
112 287
112 292
112 332
112 339
112 340
112 359
112 371
112 399
113 128
113 140
113 149
113 165
113 182
113 234
113 258
113 330
113 362
113 370
113 377
114 133
114 135
114 151
114 168
114 195
114 235
114 244
114 247
114 255
114 331
114 343
114 345
114 378
115 120
115 145
115 153
115 163
115 216
115 227
115 259
115 319
115 329
115 396
116 158
116 169
116 184
116 194
116 205
116 223
116 237
116 253
116 285
116 295
116 310
116 323
116 326
116 341
116 383
116 387
116 396
117 150
117 175
117 188
117 190
117 228
117 235
117 264
117 266
117 272
117 273
117 289
117 298
117 339
117 341
117 359
117 373
117 375
117 392
118 121
118 122
118 176
118 177
118 209
118 237
118 252
118 275
118 315
118 327
118 338
118 347
118 353
118 358
118 374
118 386
118 387
118 392
118 397
119 120
119 143
119 159
119 165
119 181
119 221
119 268
119 288
119 307
119 325
119 332
119 360
119 375
120 126
120 141
120 143
120 196
120 201
120 210
120 219
120 223
120 239
120 240
120 244
120 294
120 309
120 319
120 358
120 381
120 382
121 126
121 162
121 202
121 282
121 299
121 302
121 307
121 310
121 320
121 377
121 389
122 136
122 158
122 160
122 179
122 220
122 222
122 223
122 245
122 302
122 353
122 356
122 391
123 137
123 143
123 144
123 167
123 213
123 219
123 238
123 264
123 298
123 322
123 328
123 335
123 356
123 357
124 133
124 145
124 160
124 217
124 234
124 266
124 271
124 316
124 332
124 364
124 373
125 134
125 150
125 163
125 176
125 252
125 275
125 292
125 321
125 330
125 339
125 341
125 348
125 349
125 350
125 353
125 359
125 390
126 142
126 148
126 154
126 159
126 163
126 200
126 279
126 295
126 327
126 351
126 362
126 363
126 365
127 128
127 172
127 188
127 224
127 237
127 243
127 256
127 258
127 296
127 313
127 321
127 329
127 342
127 355
127 378
128 198
128 210
128 220
128 257
128 264
128 275
128 284
128 300
128 304
128 306
128 315
128 350
129 135
129 141
129 166
129 181
129 185
129 197
129 199
129 227
129 234
129 262
129 271
129 278
129 294
129 298
129 305
129 322
129 326
129 338
129 367
130 223
130 274
130 284
130 288
130 336
130 363
130 379
130 390
130 399
131 137
131 152
131 159
131 164
131 172
131 230
131 232
131 234
131 238
131 286
131 293
131 312
131 360
131 378
131 391
132 159
132 170
132 184
132 241
132 265
132 290
132 300
132 351
132 356
132 365
132 380
132 388
132 398
133 136
133 141
133 161
133 186
133 196
133 197
133 221
133 222
133 251
133 255
133 258
133 331
133 342
133 349
133 357
133 387
133 388
133 392
134 169
134 173
134 197
134 238
134 244
134 268
134 276
134 287
134 290
134 320
134 338
134 343
134 344
134 346
134 351
134 353
134 381
135 144
135 150
135 165
135 171
135 188
135 198
135 204
135 219
135 221
135 234
135 253
135 254
135 256
135 266
135 269
135 274
135 275
135 302
135 305
135 316
135 340
135 357
135 361
135 391
135 397
136 153
136 163
136 195
136 202
136 215
136 226
136 229
136 231
136 256
136 279
136 296
136 312
136 339
136 345
136 365
136 366
136 370
136 378
137 155
137 176
137 209
137 213
137 254
137 285
137 296
137 369
137 373
137 385
138 171
138 221
138 228
138 232
138 244
138 264
138 268
138 283
138 312
138 335
138 354
138 396
139 144
139 188
139 194
139 262
139 272
139 282
139 293
139 326
139 334
139 354
139 372
140 150
140 176
140 204
140 213
140 227
140 231
140 245
140 248
140 259
140 269
140 275
140 279
140 283
140 295
140 296
140 297
140 351
141 148
141 163
141 187
141 224
141 227
141 246
141 264
141 266
141 284
141 353
141 367
141 379
141 387
142 228
142 242
142 247
142 297
142 344
142 351
142 353
142 354
142 355
142 381
142 386
143 157
143 171
143 185
143 189
143 239
143 244
143 251
143 270
143 282
143 288
143 289
143 293
143 352
143 353
144 152
144 163
144 177
144 235
144 254
144 256
144 274
144 281
144 286
144 301
144 308
144 309
144 312
144 315
144 329
144 355
144 364
144 388
144 398
145 149
145 176
145 199
145 201
145 237
145 253
145 270
145 275
145 299
145 305
145 320
145 323
145 331
145 354
145 379
145 380
145 381
146 152
146 171
146 174
146 190
146 201
146 204
146 224
146 225
146 230
146 277
146 308
146 350
146 366
147 177
147 190
147 210
147 221
147 223
147 257
147 264
147 307
147 378
147 389
148 162
148 192
148 216
148 263
148 264
148 267
148 286
148 292
148 293
148 316
148 350
148 352
148 361
149 156
149 164
149 165
149 190
149 195
149 199
149 210
149 247
149 253
149 266
149 286
149 293
149 301
149 306
149 331
149 334
149 352
150 156
150 181
150 210
150 272
150 279
150 320
150 333
150 361
150 398
151 195
151 208
151 248
151 253
151 258
151 263
151 264
151 290
151 302
151 353
152 154
152 194
152 217
152 227
152 259
152 300
152 314
152 349
152 352
152 366
152 370
152 378
152 379
152 383
153 157
153 161
153 164
153 263
153 272
153 276
153 287
153 297
153 313
153 357
153 372
153 381
153 384
153 397
154 203
154 206
154 235
154 242
154 333
154 391
155 180
155 203
155 206
155 207
155 231
155 251
155 264
155 325
155 358
155 359
155 360
155 368
156 158
156 181
156 192
156 208
156 215
156 327
156 396
157 166
157 185
157 190
157 209
157 210
157 268
157 286
157 324
157 332
157 369
157 377
157 389
157 393
158 193
158 200
158 204
158 207
158 252
158 263
158 269
158 305
158 315
158 318
159 178
159 207
159 210
159 217
159 274
159 275
159 295
159 318
159 339
159 396
160 171
160 183
160 196
160 218
160 278
160 288
160 320
160 325
160 326
160 348
160 358
160 366
161 194
161 216
161 222
161 225
161 267
161 268
161 315
161 323
161 327
161 347
161 369
161 378
161 398
162 164
162 166
162 171
162 181
162 206
162 215
162 235
162 244
162 250
162 257
162 321
163 264
163 286
163 292
163 301
163 306
163 308
163 313
163 341
163 345
163 390
163 392
164 165
164 167
164 178
164 192
164 215
164 239
164 261
164 323
164 324
164 332
164 351
164 355
164 357
164 373
164 380
165 168
165 190
165 299
165 321
165 329
165 332
165 334
165 351
165 356
166 182
166 191
166 227
166 237
166 318
166 321
166 366
166 376
167 168
167 183
167 194
167 195
167 200
167 236
167 288
167 293
167 308
167 316
167 396
167 398
168 176
168 215
168 239
168 311
168 318
168 328
168 335
168 351
168 364
168 388
169 186
169 195
169 218
169 222
169 248
169 295
169 393
170 221
170 259
170 298
170 307
170 309
170 325
170 374
171 209
171 222
171 230
171 234
171 251
171 260
171 325
171 336
171 351
171 358
171 366
172 195
172 196
172 261
172 282
172 283
172 299
172 304
172 311
172 315
172 356
172 378
172 384
173 177
173 213
173 217
173 252
173 254
173 263
173 272
173 292
173 303
173 308
173 314
173 326
173 374
173 380
174 182
174 213
174 278
174 337
174 338
174 342
174 384
174 398
175 193
175 196
175 200
175 208
175 233
175 264
175 274
175 291
175 308
175 327
175 333
175 371
175 395
176 177
176 197
176 234
176 236
176 252
176 261
176 283
176 290
176 304
176 328
176 336
176 347
176 372
176 389
177 180
177 206
177 232
177 276
177 302
177 309
177 314
177 319
177 325
177 356
177 370
177 375
177 380
177 396
178 196
178 213
178 283
178 295
178 296
178 312
178 314
178 370
178 382
179 229
179 240
179 252
179 268
179 297
180 182
180 183
180 188
180 214
180 226
180 243
180 257
180 315
180 316
180 322
180 345
180 346
180 356
180 361
181 190
181 230
181 269
181 302
181 398
182 183
182 201
182 203
182 224
182 228
182 255
182 312
182 318
182 333
182 336
182 391
182 392
183 194
183 206
183 264
183 342
183 358
184 198
184 253
184 290
184 291
184 301
184 345
184 350
184 362
184 363
184 385
184 391
184 399
185 204
185 230
185 239
185 247
185 262
185 263
185 289
185 305
185 325
185 329
185 338
185 392
185 397
186 199
186 226
186 266
186 300
186 311
186 319
186 322
186 330
186 365
186 375
187 201
187 240
187 246
187 248
187 327
187 350
187 353
187 355
187 360
187 361
188 196
188 216
188 246
188 277
188 310
188 316
188 325
188 347
188 372
189 208
189 226
189 227
189 266
189 278
189 295
189 296
189 325
189 330
189 388
190 192
190 205
190 207
190 208
190 210
190 250
190 279
190 339
190 354
190 360
190 368
190 396
191 198
191 203
191 214
191 246
191 257
191 275
191 297
191 325
192 212
192 222
192 229
192 233
192 240
192 245
192 315
192 341
192 358
193 195
193 218
193 223
193 234
193 260
193 269
193 315
193 329
193 340
193 367
194 205
194 214
194 221
194 272
194 295
194 296
194 297
194 323
194 356
194 371
194 397
195 223
195 239
195 246
195 253
195 278
195 279
195 298
195 325
195 342
195 358
195 364
195 371
196 198
196 223
196 257
196 267
196 277
196 314
196 316
196 318
196 356
196 364
196 396
197 202
197 221
197 229
197 249
197 258
197 277
197 278
197 281
197 295
197 299
197 338
197 350
197 387
198 245
198 290
198 309
198 319
198 326
198 336
198 374
199 211
199 227
199 281
199 323
199 327
199 344
199 345
199 353
199 357
199 384
200 210
200 226
200 240
200 249
200 268
200 314
200 315
200 328
200 378
200 389
201 252
201 271
201 320
201 332
201 353
201 372
201 395
202 210
202 212
202 227
202 233
202 239
202 268
202 330
202 334
202 343
202 380
202 386
202 393
203 225
203 242
203 251
203 297
203 306
203 310
203 316
203 353
203 362
203 379
203 386
203 395
204 237
204 241
204 244
204 278
204 295
204 300
204 321
204 328
204 336
204 369
204 387
205 213
205 216
205 229
205 242
205 264
205 288
205 374
205 397
206 224
206 234
206 243
206 251
206 275
206 360
206 386
206 396
207 210
207 215
207 232
207 256
207 275
207 284
207 300
207 368
207 378
208 217
208 218
208 221
208 228
208 252
208 283
208 295
208 305
208 317
208 319
208 345
208 349
208 361
209 232
209 378
210 219
210 241
210 255
210 257
210 261
210 273
210 287
210 323
210 335
210 336
211 221
211 226
211 285
211 295
211 309
211 358
211 363
211 381
211 383
211 395
212 217
212 241
212 251
212 290
212 301
212 307
212 355
212 374
212 380
213 233
213 246
213 247
213 289
213 301
213 314
213 331
213 354
213 372
213 375
213 391
214 224
214 241
214 242
214 254
214 284
214 325
215 236
215 272
215 276
215 280
215 282
215 286
215 299
215 302
215 313
215 356
215 368
215 395
216 224
216 239
216 253
216 300
216 339
216 341
216 347
216 359
216 395
217 253
217 258
217 293
217 333
217 342
217 353
217 363
218 225
218 264
218 266
218 267
218 274
218 275
218 284
218 294
218 304
218 328
218 339
218 354
218 357
218 364
218 382
219 236
219 276
219 286
219 300
219 303
219 311
219 318
219 336
219 348
219 355
219 356
219 374
219 389
219 396
220 229
220 249
220 258
220 263
220 270
220 277
220 317
220 320
220 355
220 363
220 369
221 240
221 249
221 301
221 302
221 303
221 336
221 343
221 379
222 294
222 306
222 307
222 320
222 327
222 366
222 371
222 390
223 227
223 237
223 264
223 287
223 300
223 330
223 345
223 359
223 372
223 386
223 392
223 393
224 243
224 249
224 254
224 259
224 260
224 286
224 325
224 361
224 369
224 371
224 397
225 249
225 300
225 308
225 316
225 318
225 343
225 350
226 236
226 272
226 334
226 340
226 370
226 398
227 241
227 269
227 290
227 300
227 310
227 317
227 320
227 338
227 341
227 366
227 379
228 229
228 232
228 234
228 256
228 257
228 314
228 345
228 351
228 381
228 398
229 238
229 252
229 262
229 268
229 303
229 310
229 313
229 315
229 319
229 324
229 330
229 342
229 363
229 384
230 271
230 303
230 326
230 339
230 372
230 378
231 274
231 297
231 301
231 312
231 316
231 343
231 351
231 372
231 384
232 234
232 248
232 313
232 323
232 343
232 379
232 391
233 242
233 304
233 358
234 257
234 259
234 304
234 314
234 319
234 374
234 387
235 246
235 249
235 264
235 266
235 267
235 268
235 308
235 357
235 359
235 370
235 377
235 378
235 384
236 267
236 313
236 344
236 347
236 370
236 387
237 241
237 266
237 281
237 305
237 310
237 335
237 393
238 259
238 300
238 302
238 308
238 318
238 351
238 370
238 383
238 386
238 387
239 241
239 242
239 243
239 244
239 290
239 295
239 297
239 308
239 324
239 378
239 383
239 384
240 245
240 278
240 348
240 350
240 385
240 392
240 396
241 272
241 274
241 296
241 308
241 309
241 316
241 353
241 359
241 361
241 366
241 391
242 264
242 265
242 286
242 305
242 307
242 334
242 362
242 364
243 281
243 305
243 313
243 324
243 345
243 346
243 385
243 392
244 250
244 286
244 292
244 307
244 321
244 353
244 358
245 260
245 273
245 309
245 327
245 339
245 374
245 389
246 248
246 251
246 280
246 319
246 399
247 248
247 299
247 311
247 331
247 332
247 338
247 396
247 397
248 309
248 320
248 355
248 369
248 388
249 258
249 266
249 275
249 314
249 325
249 327
249 359
249 364
249 394
250 251
250 278
250 324
250 330
250 337
250 371
250 380
250 381
250 384
250 385
251 281
251 283
251 304
251 318
251 397
252 253
252 346
252 368
252 381
252 388
253 255
253 271
253 288
253 290
253 292
253 306
253 313
253 328
253 340
253 355
254 256
254 311
254 335
254 338
254 339
254 343
254 354
254 370
254 380
255 274
255 330
255 336
255 363
255 395
255 396
256 313
256 316
256 331
256 341
256 344
256 359
256 392
257 267
257 275
257 287
257 311
257 325
257 336
257 339
257 370
257 387
257 390
258 261
258 270
258 276
258 296
258 309
258 335
258 370
258 388
259 273
259 285
259 289
259 291
259 319
259 353
259 355
259 370
259 389
260 270
260 274
260 330
260 334
260 353
260 354
260 392
261 278
261 299
261 321
261 382
262 290
262 294
262 297
262 314
262 319
262 333
262 345
262 350
262 353
262 382
262 390
262 395
263 291
263 293
263 305
263 338
263 351
263 353
263 391
264 274
264 298
264 313
264 340
264 345
264 363
264 372
265 266
265 321
265 335
265 367
265 368
265 375
265 379
265 396
265 399
266 294
266 308
266 313
266 339
266 394
266 399
267 288
267 308
267 310
267 373
268 314
268 344
268 354
268 356
268 363
268 368
268 370
268 372
269 286
269 299
269 311
269 335
269 337
269 362
269 381
269 395
270 271
270 275
270 277
270 313
270 327
270 375
271 278
271 297
271 300
271 331
271 333
271 364
272 283
272 331
272 332
272 349
272 374
273 293
273 317
273 340
273 371
273 385
273 398
274 293
274 316
274 336
274 338
274 367
274 368
274 388
274 398
274 399
275 296
275 299
275 331
275 396
276 285
276 290
276 368
276 372
276 375
277 281
277 282
277 287
277 298
277 302
277 315
277 326
277 343
277 351
278 291
278 331
278 343
278 381
278 388
279 285
279 287
279 306
279 307
279 324
279 355
279 391
279 394
280 296
280 297
280 399
281 297
281 301
281 305
281 322
281 339
281 345
281 354
281 363
281 364
282 344
282 346
282 378
282 381
282 397
283 287
283 352
283 369
284 366
284 379
285 299
285 354
285 358
285 361
285 376
285 393
286 328
286 372
286 373
286 379
286 387
286 388
287 306
287 343
287 370
287 380
287 388
288 290
288 306
288 310
288 347
288 352
288 372
288 385
289 313
289 314
289 321
289 330
289 331
289 345
289 346
289 366
289 378
289 386
290 299
290 315
290 329
290 331
290 335
290 357
290 361
290 380
290 382
290 386
290 398
291 345
291 351
291 357
291 364
291 379
292 303
292 317
292 358
292 361
292 378
292 384
293 307
293 309
293 339
293 358
293 366
293 385
294 296
294 308
294 313
294 364
294 376
294 378
295 297
295 323
295 355
295 361
295 373
296 304
296 347
296 353
296 374
296 375
297 302
297 383
298 306
298 313
298 320
298 342
298 359
298 366
299 307
299 308
299 336
299 365
299 367
299 374
300 360
300 368
300 378
301 326
301 365
301 371
301 379
301 390
302 317
302 352
302 378
302 394
303 310
303 355
304 318
304 331
304 367
304 373
304 391
305 309
305 312
305 346
305 356
305 366
305 373
306 366
307 318
307 320
307 342
307 387
307 389
308 317
308 321
308 328
308 336
308 363
308 380
308 384
308 390
309 351
309 353
309 355
309 362
309 380
309 391
310 313
310 314
310 322
310 336
311 315
311 350
311 352
311 355
311 364
311 376
311 377
312 315
312 357
312 369
312 391
312 398
313 324
313 327
313 331
313 333
313 339
313 340
313 344
313 364
313 381
313 386
314 315
314 330
314 332
314 361
314 362
314 364
314 388
315 343
315 370
315 378
315 385
316 324
316 350
316 355
316 381
316 389
317 323
317 337
317 346
317 357
317 362
317 369
317 371
317 392
317 397
318 387
318 398
319 322
319 355
320 327
320 330
320 355
320 372
320 374
320 395
321 357
322 334
322 374
322 382
322 386
323 348
323 386
323 392
324 325
324 339
324 361
324 374
324 378
325 339
325 383
325 398
326 339
326 361
326 380
327 331
327 336
327 365
328 330
328 341
328 354
328 358
328 376
328 380
328 381
328 387
329 384
329 392
330 343
330 344
331 338
331 365
331 368
332 343
332 382
332 384
333 345
333 363
333 389
333 396
334 361
334 376
334 379
335 368
336 358
336 363
337 340
337 349
337 354
337 376
338 347
338 378
339 370
339 375
339 398
340 388
340 392
341 365
341 374
341 380
341 383
341 384
341 396
343 395
343 398
345 368
345 387
345 394
346 358
347 374
347 381
348 356
348 384
348 388
349 360
349 396
350 379
351 362
351 371
351 377
352 364
352 369
353 354
353 369
354 372
354 379
354 393
354 397
355 379
356 359
356 362
356 367
356 386
356 392
356 397
357 368
357 371
358 361
358 362
358 371
358 385
359 361
359 369
359 384
360 385
360 388
360 399
361 366
361 391
363 369
363 385
363 394
364 377
364 379
364 388
365 392
366 374
366 380
366 391
370 371
370 381
371 394
372 382
373 385
374 395
375 397
375 398
376 384
376 397
378 382
380 388
381 387
381 393
385 393
385 394
385 397
387 390
387 391
391 392
