200 1801 0.8
0 13
0 40
0 44
0 49
0 65
0 67
0 69
0 73
0 90
0 94
0 101
0 110
0 111
0 124
0 142
0 152
0 156
0 164
0 166
0 171
0 199
1 8
1 12
1 22
1 52
1 57
1 91
1 115
1 116
1 134
1 141
1 144
1 169
1 172
1 183
1 185
1 186
2 11
2 22
2 25
2 34
2 51
2 55
2 63
2 65
2 79
2 86
2 96
2 98
2 99
2 103
2 110
2 126
2 145
2 159
2 165
2 168
2 173
2 176
2 187
2 193
2 197
2 198
2 199
3 12
3 24
3 27
3 30
3 33
3 39
3 85
3 89
3 109
3 112
3 117
3 143
3 150
3 151
3 156
3 157
3 161
4 14
4 18
4 35
4 49
4 61
4 62
4 63
4 69
4 83
4 90
4 97
4 105
4 113
4 119
4 125
4 129
4 130
4 132
4 146
4 157
4 158
4 171
4 176
4 177
5 15
5 44
5 54
5 66
5 68
5 72
5 83
5 88
5 108
5 114
5 116
5 126
5 135
5 145
5 146
5 149
5 151
5 163
5 187
5 192
6 13
6 24
6 27
6 35
6 40
6 41
6 46
6 50
6 54
6 93
6 102
6 104
6 119
6 127
6 158
6 161
6 170
6 174
6 180
6 183
7 12
7 14
7 27
7 31
7 32
7 43
7 56
7 63
7 69
7 75
7 76
7 77
7 80
7 84
7 85
7 96
7 99
7 105
7 160
7 168
7 169
7 181
7 196
8 19
8 42
8 44
8 51
8 53
8 111
8 114
8 118
8 121
8 124
8 126
8 166
8 183
8 199
9 38
9 39
9 46
9 47
9 109
9 121
9 139
9 152
9 161
9 166
9 170
9 177
9 192
9 197
10 22
10 27
10 29
10 30
10 33
10 38
10 45
10 51
10 69
10 96
10 108
10 117
10 124
10 127
10 129
10 175
10 181
10 190
11 20
11 24
11 45
11 53
11 66
11 69
11 81
11 84
11 87
11 96
11 101
11 108
11 111
11 112
11 120
11 176
11 183
11 184
12 22
12 31
12 43
12 46
12 61
12 62
12 90
12 94
12 96
12 106
12 108
12 116
12 151
12 192
13 17
13 38
13 43
13 52
13 58
13 61
13 64
13 65
13 69
13 91
13 94
13 95
13 97
13 105
13 116
13 117
13 120
13 131
13 133
13 136
13 146
13 173
13 179
14 17
14 26
14 27
14 48
14 61
14 62
14 65
14 68
14 95
14 97
14 99
14 115
14 119
14 129
14 140
14 149
14 161
14 169
14 191
14 199
15 20
15 48
15 59
15 74
15 85
15 87
15 118
15 125
15 158
15 175
15 186
15 195
16 21
16 23
16 32
16 52
16 54
16 70
16 71
16 73
16 75
16 81
16 102
16 105
16 117
16 122
16 123
16 125
16 128
16 133
16 153
16 158
16 167
16 168
16 173
16 174
16 182
16 185
16 188
16 189
17 38
17 44
17 45
17 52
17 64
17 72
17 85
17 95
17 99
17 102
17 106
17 107
17 109
17 110
17 137
17 141
17 151
17 154
17 160
17 183
18 37
18 79
18 94
18 114
18 117
18 124
18 127
18 133
18 135
18 148
18 149
18 160
18 164
18 185
19 30
19 46
19 51
19 75
19 98
19 116
19 125
19 129
19 139
19 143
19 144
19 149
19 155
19 161
19 183
20 31
20 37
20 44
20 51
20 59
20 63
20 82
20 84
20 85
20 94
20 106
20 133
20 146
21 44
21 74
21 87
21 100
21 114
21 120
21 128
21 137
21 155
21 173
21 194
22 32
22 33
22 34
22 45
22 46
22 53
22 70
22 74
22 96
22 103
22 132
22 139
22 142
22 175
22 186
23 58
23 66
23 68
23 85
23 92
23 111
23 114
23 122
23 125
23 142
23 144
23 166
23 169
23 190
24 40
24 44
24 47
24 52
24 53
24 81
24 83
24 94
24 96
24 126
24 145
24 152
24 160
24 191
25 62
25 80
25 105
25 114
25 126
25 128
25 136
25 148
25 149
25 157
25 165
25 197
26 42
26 54
26 77
26 78
26 80
26 85
26 102
26 114
26 126
26 128
26 129
26 155
26 163
26 172
26 180
27 29
27 42
27 45
27 46
27 88
27 91
27 93
27 108
27 129
27 137
27 159
27 160
27 190
27 194
27 196
28 31
28 36
28 38
28 39
28 42
28 53
28 64
28 67
28 76
28 94
28 104
28 119
28 127
28 138
28 139
28 146
28 151
28 168
28 183
28 193
29 56
29 89
29 92
29 124
29 128
29 153
29 157
29 170
29 182
29 183
29 188
29 189
30 45
30 50
30 60
30 75
30 77
30 87
30 105
30 111
30 119
30 126
30 134
30 136
30 152
30 162
30 164
30 169
30 174
31 33
31 57
31 63
31 64
31 72
31 75
31 81
31 102
31 105
31 108
31 131
31 137
31 141
31 157
31 177
31 183
31 187
31 188
31 190
31 197
32 38
32 43
32 54
32 55
32 57
32 71
32 86
32 89
32 92
32 102
32 104
32 105
32 117
32 125
32 139
32 143
32 146
32 175
32 189
33 38
33 41
33 79
33 80
33 106
33 112
33 157
33 182
34 36
34 50
34 70
34 72
34 102
34 107
34 110
34 114
34 122
34 127
34 131
34 140
34 148
34 168
34 192
34 194
34 195
35 38
35 46
35 49
35 56
35 74
35 79
35 80
35 81
35 82
35 132
35 151
35 163
35 164
35 170
35 173
35 180
36 38
36 51
36 52
36 53
36 62
36 63
36 78
36 79
36 87
36 94
36 133
36 135
36 140
36 148
36 154
36 158
36 163
36 164
36 165
36 198
37 40
37 49
37 50
37 77
37 83
37 111
37 142
37 143
37 162
37 164
37 167
37 185
37 187
37 188
37 191
38 48
38 55
38 58
38 125
38 128
38 134
38 139
38 141
38 153
38 154
38 155
38 176
38 181
39 43
39 52
39 55
39 57
39 80
39 111
39 119
39 123
39 125
39 130
39 144
39 151
39 156
39 162
39 166
39 177
39 185
39 187
39 193
40 83
40 86
40 125
40 130
40 133
40 161
40 169
40 175
40 177
40 182
40 191
41 62
41 72
41 75
41 87
41 94
41 95
41 119
41 122
41 143
41 146
41 148
41 163
41 164
41 173
41 175
42 67
42 69
42 81
42 95
42 101
42 107
42 136
42 167
42 184
42 198
43 51
43 61
43 74
43 78
43 89
43 94
43 99
43 113
43 121
43 143
43 159
44 45
44 52
44 93
44 97
44 113
44 139
44 140
44 145
44 161
44 176
44 177
44 179
44 180
44 191
45 46
45 57
45 73
45 91
45 97
45 99
45 114
45 126
45 128
45 133
45 136
45 157
45 161
45 169
45 173
45 177
45 182
45 190
45 198
45 199
46 66
46 70
46 112
46 125
46 138
46 150
46 159
46 170
46 174
46 198
47 69
47 89
47 105
47 110
47 120
47 126
47 128
47 159
47 163
47 169
47 171
47 184
47 189
47 197
48 52
48 82
48 83
48 86
48 95
48 97
48 116
48 148
48 162
48 171
48 177
48 180
48 184
49 86
49 97
49 109
49 111
49 118
49 128
49 138
49 147
49 170
49 183
49 193
50 54
50 69
50 80
50 82
50 85
50 106
50 114
50 117
50 133
50 146
50 152
50 168
50 196
50 197
51 59
51 62
51 69
51 75
51 77
51 86
51 91
51 98
51 101
51 133
51 139
51 140
51 142
51 152
51 154
51 161
51 167
51 173
51 175
51 186
51 188
51 193
51 197
52 55
52 69
52 73
52 75
52 84
52 99
52 111
52 132
52 136
53 57
53 68
53 72
53 76
53 85
53 86
53 115
53 119
53 130
53 133
53 151
53 154
53 159
53 174
53 186
54 60
54 68
54 74
54 79
54 120
54 129
54 140
54 148
54 156
54 157
54 167
54 181
55 56
55 60
55 76
55 124
55 130
55 142
55 152
55 155
55 158
55 164
55 172
55 179
56 68
56 77
56 83
56 90
56 96
56 103
56 136
56 162
56 175
56 193
57 58
57 61
57 74
57 93
57 94
57 105
57 134
57 143
57 170
57 171
57 175
57 185
58 69
58 87
58 110
58 112
58 123
58 124
58 139
58 143
58 147
58 152
58 161
58 173
58 190
59 78
59 80
59 87
59 88
59 94
59 111
59 150
59 164
59 166
59 177
60 74
60 86
60 91
60 96
60 114
60 132
60 134
60 138
60 146
60 164
60 191
61 68
61 69
61 72
61 78
61 83
61 84
61 88
61 98
61 105
61 123
61 124
61 136
61 146
61 148
61 170
61 199
62 67
62 96
62 97
62 100
62 108
62 113
62 114
62 122
62 125
62 140
62 147
62 155
62 161
63 75
63 85
63 98
63 110
63 120
63 123
63 127
63 143
63 150
63 158
63 184
63 185
63 196
64 77
64 79
64 101
64 104
64 115
64 128
64 174
64 189
65 72
65 93
65 106
65 121
65 142
65 157
65 167
65 176
65 178
65 184
66 68
66 72
66 74
66 93
66 102
66 111
66 119
66 130
66 138
66 161
66 167
66 168
66 181
66 182
66 193
66 194
66 199
67 70
67 83
67 95
67 98
67 119
67 125
67 132
67 135
67 142
67 159
67 185
68 80
68 82
68 96
68 105
68 110
68 112
68 116
68 127
68 144
68 156
68 157
68 161
68 163
68 166
68 181
68 184
68 185
68 191
69 70
69 92
69 133
69 135
69 163
69 166
69 173
69 178
69 186
69 187
69 193
69 195
70 80
70 81
70 85
70 100
70 108
70 111
70 137
70 140
70 151
70 156
70 157
70 174
70 197
71 74
71 90
71 105
71 129
71 149
71 166
71 168
71 183
71 186
72 89
72 93
72 100
72 143
72 153
72 175
72 178
72 192
73 78
73 88
73 96
73 116
73 134
73 141
73 173
73 189
74 82
74 98
74 106
74 119
74 131
74 149
74 153
74 155
74 161
74 173
75 81
75 86
75 88
75 90
75 100
75 108
75 114
75 121
75 127
75 131
75 134
75 146
75 156
75 162
75 167
75 188
75 190
76 81
76 83
76 86
76 92
76 104
76 108
76 124
76 126
76 133
76 137
76 144
76 161
76 164
76 169
76 177
77 95
77 100
77 113
77 120
77 127
77 131
77 139
77 153
77 183
77 185
77 197
77 199
78 117
78 120
78 171
78 183
79 82
79 135
79 144
79 150
79 156
79 166
79 168
79 171
79 177
79 190
79 199
80 101
80 102
80 107
80 123
80 127
80 141
80 150
80 151
80 180
80 194
81 86
81 87
81 95
81 97
81 104
81 112
81 122
81 147
81 173
81 174
81 176
81 178
82 99
82 109
82 113
82 141
82 142
82 144
82 159
82 172
82 180
82 185
82 190
83 103
83 109
83 119
83 128
83 160
83 164
83 175
83 187
83 195
84 91
84 103
84 117
84 125
84 173
84 183
85 102
85 107
85 115
85 126
85 145
85 148
85 161
85 164
85 176
85 185
85 192
85 195
86 87
86 93
86 98
86 123
86 140
86 144
86 153
86 162
86 174
86 196
87 97
87 103
87 109
87 129
87 161
87 164
87 168
87 172
87 196
88 95
88 96
88 109
88 113
88 122
88 125
88 126
88 143
88 155
88 165
88 181
88 188
88 192
88 195
89 90
89 127
89 141
89 149
89 154
89 160
89 173
89 181
89 184
90 99
90 110
90 115
90 117
90 129
90 145
90 150
90 178
90 187
90 199
91 145
91 152
91 167
91 197
92 107
92 111
92 115
92 118
92 129
92 143
92 151
92 160
92 184
92 197
93 103
93 106
93 111
93 112
93 114
93 126
93 137
93 154
93 162
93 171
93 172
93 180
93 181
94 105
94 108
94 121
94 139
94 148
94 194
94 196
95 123
95 135
95 143
95 150
95 153
95 155
95 179
95 191
96 111
96 124
96 127
96 131
96 132
96 135
96 152
96 158
96 162
96 164
96 165
96 167
96 175
96 191
96 193
96 194
97 116
97 136
97 150
97 179
97 195
98 104
98 111
98 121
98 129
98 130
98 152
98 154
98 157
98 170
98 175
98 188
98 198
99 119
99 123
99 137
99 173
99 181
99 182
99 186
99 189
99 197
100 108
100 133
100 165
101 107
101 120
101 128
101 131
101 132
101 139
101 142
101 156
101 162
101 164
101 174
101 194
102 123
102 142
102 153
102 167
102 177
102 196
103 105
103 139
103 153
103 167
103 181
103 188
104 107
104 118
104 122
104 125
104 137
104 142
104 159
104 186
104 199
105 127
105 153
105 162
105 165
105 168
105 170
106 107
106 111
106 114
106 117
106 148
106 163
106 167
106 171
106 196
106 199
107 109
107 117
107 119
107 122
107 130
107 133
107 134
107 141
107 170
107 176
107 178
107 183
107 184
107 186
107 188
108 117
108 152
108 154
108 162
108 173
108 179
109 129
109 138
109 142
109 150
109 156
109 173
109 186
110 115
110 131
110 138
110 147
110 160
110 177
110 187
111 117
111 134
111 137
111 139
111 142
111 166
111 169
111 189
111 196
112 118
112 132
112 188
112 198
113 114
113 126
113 130
113 142
113 154
113 161
113 167
113 168
113 171
113 176
113 196
114 123
114 124
114 125
114 136
114 145
114 146
114 170
114 172
114 173
114 194
114 199
115 136
115 139
115 145
115 146
115 176
115 186
115 190
115 193
116 145
116 150
116 154
116 157
116 158
116 176
117 120
117 152
117 172
117 189
117 191
117 198
118 128
118 131
118 155
118 160
118 162
118 188
118 190
118 199
119 133
119 137
119 146
119 164
119 178
119 184
119 189
120 137
120 140
120 150
120 152
120 171
120 183
120 195
121 124
121 146
121 189
122 134
122 170
123 153
123 156
123 160
123 166
123 188
123 191
123 196
124 129
124 134
124 136
124 173
124 192
125 130
125 135
125 150
125 156
125 159
125 176
125 178
125 181
125 190
125 191
125 194
125 198
126 145
126 146
126 148
126 164
126 165
126 178
126 182
126 191
126 193
126 198
127 141
127 144
127 151
127 152
127 164
127 167
127 170
127 183
128 157
128 159
128 161
128 163
128 168
128 182
128 192
129 185
129 192
130 142
130 143
130 149
130 161
130 181
130 183
130 190
130 194
131 152
131 155
131 157
131 168
131 198
132 142
132 151
132 161
132 174
132 190
133 136
133 140
133 143
133 170
133 194
134 148
134 158
134 182
135 156
135 167
135 186
136 145
136 149
136 150
136 162
136 194
137 158
137 172
137 190
138 144
138 149
138 154
138 166
138 168
138 178
139 142
139 152
139 158
139 162
139 164
139 169
140 163
140 170
140 173
140 174
140 175
140 183
140 188
140 190
140 191
140 193
140 196
141 152
141 158
141 159
141 171
141 175
141 178
141 196
142 166
142 167
142 169
142 183
143 154
143 160
143 188
144 145
144 149
144 163
144 168
144 183
145 151
145 155
145 164
145 171
145 172
145 173
145 176
145 180
145 191
145 196
146 160
146 180
146 182
146 189
147 156
147 174
147 191
147 196
148 163
148 169
148 173
148 176
148 188
149 153
149 165
149 183
149 184
150 152
150 155
150 184
150 185
150 188
151 153
151 155
151 161
151 182
152 173
152 174
152 176
152 179
152 181
152 185
152 190
152 191
153 173
154 161
154 177
154 183
155 163
155 176
155 181
155 193
156 167
156 169
156 188
157 164
157 166
157 174
157 181
157 189
157 196
157 198
158 161
158 196
159 161
159 162
159 165
159 166
159 170
159 172
159 188
159 196
159 199
160 172
161 163
161 179
161 186
162 184
164 179
164 182
164 184
164 186
165 171
165 190
165 195
166 180
167 175
167 189
167 197
168 179
168 180
168 197
169 196
170 172
170 181
170 194
171 176
171 177
171 185
171 186
171 189
172 186
172 187
173 174
173 177
174 175
174 184
174 191
175 181
175 187
177 179
177 186
177 192
177 195
178 179
178 184
178 194
179 184
179 190
183 193
184 187
184 189
185 188
186 193
191 199
192 193
193 194
194 197
