400 4696 0.5
0 18
0 40
0 51
0 55
0 57
0 72
0 114
0 121
0 127
0 154
0 171
0 197
0 264
0 278
0 302
0 314
0 336
0 345
0 360
1 11
1 43
1 56
1 76
1 83
1 87
1 161
1 167
1 174
1 189
1 191
1 201
1 211
1 223
1 235
1 264
1 268
1 296
1 302
1 307
1 323
1 330
1 350
1 356
1 357
1 366
1 388
2 49
2 67
2 88
2 103
2 122
2 150
2 165
2 198
2 203
2 206
2 211
2 234
2 243
2 302
2 309
2 342
2 346
2 371
2 386
2 387
2 388
3 8
3 9
3 10
3 11
3 33
3 61
3 63
3 72
3 85
3 119
3 133
3 143
3 166
3 172
3 198
3 218
3 229
3 260
3 269
3 279
3 379
3 388
4 10
4 60
4 70
4 107
4 112
4 131
4 196
4 204
4 259
4 276
4 315
4 371
4 385
5 21
5 28
5 37
5 52
5 72
5 77
5 83
5 132
5 147
5 151
5 163
5 204
5 275
5 298
5 305
5 315
5 321
5 330
5 335
5 337
5 362
5 368
6 26
6 29
6 33
6 35
6 52
6 88
6 94
6 114
6 133
6 134
6 136
6 147
6 159
6 190
6 220
6 229
6 238
6 253
6 258
6 272
6 278
6 284
6 371
7 26
7 48
7 119
7 133
7 188
7 236
7 246
7 259
7 261
7 274
7 280
7 312
7 321
7 378
7 395
8 13
8 30
8 41
8 43
8 51
8 95
8 111
8 151
8 153
8 154
8 177
8 212
8 228
8 246
8 252
8 273
8 336
8 376
8 393
9 65
9 72
9 87
9 90
9 98
9 116
9 140
9 146
9 151
9 160
9 168
9 191
9 192
9 206
9 238
9 253
9 254
9 258
9 265
9 296
9 330
9 347
9 383
9 392
10 33
10 39
10 93
10 106
10 108
10 141
10 158
10 186
10 195
10 199
10 243
10 302
10 324
10 329
10 338
10 345
10 350
10 356
10 357
10 377
10 385
10 394
10 398
10 399
11 16
11 18
11 30
11 59
11 65
11 140
11 142
11 156
11 159
11 166
11 176
11 179
11 180
11 183
11 189
11 191
11 201
11 229
11 250
11 255
11 300
11 319
11 360
11 361
11 398
12 18
12 46
12 47
12 79
12 102
12 114
12 122
12 123
12 132
12 148
12 152
12 167
12 175
12 178
12 181
12 185
12 202
12 205
12 222
12 235
12 271
12 279
12 282
12 292
12 293
12 304
12 337
13 39
13 75
13 88
13 122
13 123
13 143
13 146
13 157
13 201
13 215
13 222
13 224
13 227
13 233
13 256
13 286
13 289
13 307
13 309
13 342
13 397
14 19
14 27
14 28
14 71
14 77
14 88
14 115
14 153
14 160
14 167
14 168
14 169
14 179
14 191
14 195
14 299
14 301
14 312
14 331
14 342
14 374
15 45
15 50
15 61
15 92
15 108
15 154
15 178
15 198
15 205
15 235
15 265
15 282
15 290
15 294
15 297
15 300
15 301
15 302
15 303
15 349
15 359
15 365
15 369
15 392
16 19
16 23
16 57
16 109
16 114
16 117
16 118
16 138
16 150
16 154
16 171
16 178
16 183
16 218
16 245
16 252
16 288
16 291
16 316
16 362
16 374
16 376
16 378
16 386
16 390
16 393
17 22
17 31
17 33
17 65
17 132
17 134
17 136
17 159
17 183
17 188
17 195
17 199
17 230
17 234
17 316
17 328
17 332
17 333
17 336
17 352
17 358
17 378
17 395
18 24
18 46
18 48
18 86
18 174
18 186
18 187
18 190
18 203
18 216
18 233
18 237
18 261
18 313
18 335
18 373
18 382
18 384
18 390
18 394
19 49
19 158
19 210
19 223
19 254
19 258
19 301
19 306
19 337
19 340
19 395
20 68
20 73
20 83
20 93
20 102
20 119
20 146
20 151
20 160
20 178
20 191
20 199
20 228
20 231
20 239
20 266
20 271
20 281
20 284
20 295
20 298
20 306
20 307
20 347
21 27
21 40
21 68
21 77
21 111
21 125
21 138
21 139
21 162
21 172
21 190
21 207
21 218
21 239
21 293
21 299
21 334
21 362
21 381
22 30
22 53
22 60
22 67
22 71
22 91
22 92
22 132
22 153
22 188
22 200
22 241
22 252
22 309
22 349
22 355
22 367
22 375
22 387
23 46
23 55
23 74
23 92
23 115
23 143
23 169
23 170
23 177
23 195
23 221
23 240
23 255
23 310
23 312
23 313
23 332
23 354
23 360
23 375
23 378
23 384
24 35
24 47
24 59
24 61
24 67
24 75
24 102
24 112
24 125
24 136
24 167
24 174
24 180
24 186
24 236
24 244
24 246
24 249
24 265
24 267
24 269
24 278
24 288
24 304
24 317
24 322
24 341
24 368
25 62
25 65
25 88
25 94
25 95
25 108
25 124
25 145
25 194
25 195
25 200
25 233
25 236
25 255
25 285
25 343
25 344
25 355
25 369
25 381
25 383
26 28
26 40
26 45
26 69
26 86
26 89
26 110
26 126
26 127
26 134
26 135
26 141
26 148
26 191
26 209
26 214
26 217
26 230
26 233
26 269
26 280
26 285
26 289
26 297
26 302
26 319
26 320
26 352
26 369
26 379
26 381
27 43
27 66
27 70
27 89
27 121
27 130
27 164
27 165
27 184
27 195
27 206
27 211
27 235
27 249
27 250
27 274
27 280
27 311
27 317
27 348
27 364
27 396
28 42
28 56
28 76
28 79
28 104
28 108
28 111
28 118
28 133
28 140
28 146
28 175
28 177
28 185
28 206
28 215
28 222
28 228
28 243
28 250
28 259
28 272
28 280
28 323
28 331
28 333
28 356
28 357
28 361
28 364
28 377
29 48
29 73
29 89
29 96
29 115
29 163
29 180
29 238
29 239
29 251
29 317
29 324
29 354
29 356
29 358
29 367
29 370
29 394
30 32
30 48
30 51
30 62
30 77
30 78
30 82
30 102
30 110
30 129
30 134
30 158
30 173
30 188
30 204
30 251
30 276
30 281
30 289
30 315
30 323
30 333
30 342
30 350
30 359
30 372
30 379
31 99
31 120
31 143
31 146
31 159
31 169
31 182
31 191
31 213
31 227
31 237
31 245
31 271
31 336
31 337
31 340
31 352
31 366
31 367
31 372
32 36
32 49
32 81
32 85
32 106
32 119
32 131
32 137
32 168
32 177
32 259
32 282
32 283
32 292
32 302
32 321
32 337
32 344
32 353
32 356
32 363
32 379
33 51
33 54
33 105
33 128
33 133
33 149
33 162
33 165
33 177
33 178
33 185
33 198
33 229
33 234
33 241
33 244
33 256
33 343
33 352
33 358
33 380
33 386
33 388
33 390
34 83
34 112
34 121
34 128
34 135
34 146
34 173
34 196
34 205
34 213
34 236
34 274
34 305
34 317
34 340
34 346
34 355
34 384
34 389
35 67
35 69
35 70
35 72
35 73
35 86
35 106
35 112
35 126
35 145
35 149
35 190
35 217
35 224
35 227
35 264
35 268
35 284
35 295
35 302
35 352
35 375
35 384
36 61
36 78
36 92
36 116
36 162
36 165
36 183
36 186
36 190
36 210
36 219
36 245
36 280
36 284
36 302
36 310
36 335
36 340
36 351
36 372
37 43
37 69
37 84
37 113
37 172
37 174
37 178
37 182
37 202
37 206
37 218
37 244
37 315
37 335
37 342
37 344
37 359
37 372
37 389
38 52
38 71
38 72
38 92
38 99
38 101
38 106
38 121
38 122
38 125
38 130
38 134
38 135
38 149
38 166
38 175
38 197
38 202
38 257
38 259
38 265
38 288
38 289
38 346
38 356
38 364
38 374
39 47
39 55
39 76
39 187
39 204
39 214
39 219
39 221
39 249
39 272
39 278
39 317
39 324
39 351
39 370
39 371
39 388
39 390
39 393
39 396
40 52
40 72
40 126
40 142
40 149
40 160
40 185
40 231
40 257
40 259
40 261
40 268
40 285
40 302
40 313
40 325
40 335
40 359
40 367
41 42
41 45
41 53
41 83
41 85
41 87
41 96
41 98
41 102
41 115
41 120
41 199
41 201
41 220
41 236
41 332
41 361
41 385
42 75
42 103
42 114
42 123
42 129
42 160
42 183
42 239
42 240
42 252
42 255
42 305
42 322
42 324
42 344
42 347
42 359
42 361
42 369
42 387
42 393
43 50
43 71
43 73
43 78
43 93
43 95
43 110
43 135
43 140
43 157
43 158
43 159
43 166
43 190
43 205
43 235
43 256
43 263
43 274
43 287
43 306
43 350
43 356
43 367
43 380
43 381
43 389
43 395
44 45
44 64
44 77
44 83
44 114
44 172
44 182
44 198
44 235
44 238
44 265
44 272
44 280
44 290
44 309
44 319
44 323
44 327
44 357
44 380
44 389
45 92
45 95
45 140
45 145
45 151
45 185
45 186
45 189
45 214
45 224
45 237
45 267
45 269
45 282
45 311
45 325
45 344
45 351
46 73
46 90
46 99
46 102
46 103
46 120
46 164
46 165
46 188
46 195
46 204
46 217
46 218
46 234
46 249
46 267
46 281
46 307
46 315
46 364
46 382
47 74
47 100
47 106
47 129
47 130
47 146
47 151
47 156
47 162
47 172
47 188
47 190
47 222
47 224
47 235
47 237
47 259
47 277
47 295
47 303
47 305
47 309
47 316
47 322
47 325
47 341
47 342
47 361
47 365
48 93
48 107
48 112
48 127
48 163
48 169
48 178
48 190
48 191
48 211
48 225
48 227
48 231
48 236
48 250
48 259
48 271
48 316
48 327
48 334
48 371
48 396
49 56
49 58
49 108
49 119
49 123
49 154
49 199
49 205
49 252
49 271
49 305
49 324
49 325
49 386
49 388
49 390
49 391
49 398
50 130
50 151
50 157
50 176
50 223
50 258
50 290
50 297
50 299
50 301
50 332
50 344
50 365
50 368
50 395
51 53
51 67
51 85
51 91
51 94
51 100
51 102
51 111
51 114
51 147
51 191
51 200
51 250
51 255
51 271
51 312
51 313
51 316
51 348
51 392
52 60
52 84
52 133
52 138
52 157
52 181
52 196
52 218
52 227
52 249
52 256
52 297
52 302
52 303
52 308
52 313
52 330
52 336
52 342
52 384
52 395
52 399
53 57
53 59
53 66
53 69
53 104
53 111
53 132
53 154
53 163
53 166
53 168
53 169
53 194
53 202
53 214
53 216
53 219
53 235
53 244
53 265
53 266
53 292
53 308
53 310
53 312
53 316
53 320
53 327
53 335
53 345
53 356
53 376
53 379
53 384
54 61
54 64
54 81
54 84
54 100
54 130
54 151
54 158
54 190
54 200
54 208
54 217
54 230
54 240
54 276
54 292
54 296
54 298
54 301
54 312
54 322
54 327
54 331
54 345
54 377
54 399
55 84
55 94
55 101
55 119
55 136
55 140
55 145
55 159
55 161
55 181
55 194
55 208
55 211
55 213
55 227
55 243
55 252
55 294
55 312
55 323
55 337
55 338
55 346
55 380
55 382
55 388
56 58
56 65
56 82
56 85
56 89
56 105
56 128
56 192
56 227
56 229
56 237
56 239
56 241
56 306
56 325
56 341
56 357
56 361
56 375
56 386
56 397
57 69
57 83
57 95
57 124
57 129
57 165
57 225
57 241
57 245
57 263
57 265
57 274
57 302
57 311
57 321
57 335
57 366
58 83
58 85
58 92
58 100
58 141
58 143
58 150
58 161
58 189
58 191
58 208
58 228
58 281
58 293
58 295
58 319
58 338
58 369
58 377
58 392
58 396
58 399
59 79
59 83
59 123
59 124
59 150
59 172
59 175
59 221
59 283
59 324
60 62
60 73
60 98
60 100
60 109
60 121
60 128
60 130
60 172
60 174
60 184
60 203
60 211
60 220
60 272
60 280
60 304
60 331
60 354
60 390
61 62
61 66
61 95
61 112
61 116
61 118
61 125
61 126
61 140
61 143
61 153
61 159
61 187
61 188
61 190
61 237
61 277
61 288
61 308
61 316
61 380
61 387
61 399
62 69
62 95
62 96
62 130
62 139
62 168
62 241
62 247
62 256
62 268
62 278
62 314
62 336
62 347
62 363
62 392
63 74
63 85
63 99
63 101
63 104
63 109
63 111
63 136
63 137
63 148
63 164
63 169
63 222
63 234
63 282
63 285
63 291
63 312
63 351
63 359
63 368
63 369
64 66
64 69
64 103
64 105
64 119
64 121
64 127
64 152
64 161
64 178
64 212
64 217
64 230
64 250
64 261
64 271
64 272
64 286
64 288
64 350
64 369
64 395
65 70
65 75
65 100
65 110
65 122
65 144
65 159
65 165
65 178
65 192
65 226
65 249
65 250
65 260
65 273
65 276
65 343
65 372
65 373
65 391
65 394
66 75
66 90
66 123
66 140
66 155
66 164
66 165
66 196
66 203
66 205
66 232
66 239
66 261
66 272
66 275
66 285
66 299
66 308
66 329
66 333
66 372
67 106
67 172
67 181
67 189
67 193
67 215
67 293
67 307
67 323
67 341
67 386
67 387
67 389
68 90
68 99
68 112
68 119
68 142
68 157
68 164
68 180
68 190
68 205
68 211
68 240
68 263
68 270
68 335
68 346
68 357
68 373
68 374
68 380
69 95
69 96
69 154
69 159
69 163
69 172
69 178
69 191
69 229
69 271
69 308
69 333
69 352
69 353
69 366
69 395
70 82
70 95
70 100
70 143
70 150
70 153
70 166
70 168
70 169
70 182
70 184
70 202
70 220
70 224
70 229
70 241
70 271
70 283
70 289
70 335
70 346
70 398
71 85
71 91
71 94
71 104
71 117
71 120
71 126
71 164
71 167
71 183
71 194
71 210
71 211
71 239
71 254
71 270
71 286
71 308
71 314
71 362
71 375
71 388
71 392
71 398
72 86
72 87
72 137
72 139
72 150
72 157
72 188
72 228
72 288
72 289
72 311
72 318
72 336
72 339
72 357
73 80
73 84
73 146
73 160
73 169
73 179
73 198
73 200
73 215
73 221
73 270
73 277
73 294
73 297
73 301
73 311
73 325
73 328
73 343
73 365
73 394
73 396
73 398
74 83
74 102
74 106
74 125
74 150
74 194
74 213
74 247
74 305
74 306
74 318
74 324
74 371
75 108
75 118
75 150
75 195
75 197
75 212
75 236
75 242
75 260
75 265
75 277
75 307
75 376
75 384
75 389
76 90
76 144
76 147
76 160
76 168
76 199
76 212
76 220
76 225
76 226
76 228
76 232
76 235
76 258
76 271
76 311
76 312
76 322
76 342
76 373
77 79
77 81
77 91
77 94
77 99
77 118
77 181
77 182
77 184
77 200
77 240
77 269
77 280
77 290
77 294
77 296
77 309
77 314
77 319
77 321
77 350
77 390
78 100
78 102
78 111
78 128
78 140
78 143
78 151
78 178
78 193
78 202
78 259
78 260
78 273
78 286
78 292
78 307
78 345
78 366
78 372
78 380
79 99
79 179
79 242
79 260
79 273
79 277
79 295
79 312
79 329
79 348
79 350
79 355
79 385
80 83
80 101
80 108
80 110
80 126
80 138
80 177
80 202
80 206
80 208
80 218
80 237
80 240
80 294
80 319
80 393
81 98
81 99
81 103
81 120
81 134
81 138
81 152
81 153
81 170
81 187
81 198
81 206
81 272
81 293
81 294
81 299
81 323
81 327
81 335
81 344
81 353
81 360
81 363
81 366
81 388
81 398
82 108
82 110
82 124
82 128
82 139
82 152
82 174
82 181
82 189
82 205
82 216
82 228
82 240
82 250
82 269
82 320
82 326
82 341
82 349
82 363
83 87
83 105
83 128
83 132
83 142
83 149
83 177
83 185
83 187
83 194
83 199
83 223
83 230
83 251
83 252
83 269
83 288
83 291
83 308
83 325
83 340
84 90
84 91
84 113
84 115
84 144
84 149
84 177
84 178
84 184
84 217
84 244
84 279
84 301
84 334
84 360
84 383
84 395
85 106
85 112
85 124
85 133
85 145
85 154
85 162
85 163
85 179
85 205
85 219
85 237
85 250
85 268
85 269
85 275
85 276
85 281
85 294
85 298
85 348
85 357
85 358
85 362
85 370
86 95
86 127
86 139
86 147
86 172
86 181
86 205
86 217
86 242
86 270
86 273
86 279
86 287
86 289
86 303
86 335
86 337
86 353
86 389
87 89
87 137
87 156
87 163
87 181
87 186
87 196
87 240
87 275
87 314
87 327
87 342
87 361
87 368
87 374
87 397
88 89
88 126
88 149
88 152
88 172
88 179
88 197
88 199
88 216
88 241
88 283
88 311
88 337
88 348
88 368
88 384
88 399
89 134
89 152
89 160
89 187
89 188
89 195
89 201
89 217
89 223
89 224
89 288
89 301
89 304
89 306
89 309
89 346
89 349
89 379
89 384
90 93
90 141
90 171
90 186
90 194
90 223
90 232
90 235
90 303
90 304
90 318
90 346
90 374
90 375
90 380
90 394
91 93
91 104
91 105
91 123
91 134
91 148
91 174
91 195
91 201
91 209
91 229
91 238
91 248
91 251
91 256
91 261
91 274
91 282
91 321
91 333
92 119
92 127
92 129
92 141
92 169
92 185
92 191
92 239
92 264
92 295
92 298
92 331
92 347
92 349
93 161
93 170
93 184
93 225
93 262
93 361
93 364
94 96
94 97
94 115
94 124
94 175
94 184
94 201
94 224
94 243
94 277
94 288
94 304
94 393
95 99
95 102
95 151
95 153
95 188
95 189
95 198
95 230
95 238
95 240
95 252
95 259
95 264
95 269
95 275
95 286
95 305
95 308
95 312
95 316
95 319
95 333
95 390
95 393
95 397
96 104
96 151
96 172
96 207
96 210
96 219
96 231
96 266
96 269
96 270
96 279
96 286
96 310
96 358
96 360
96 366
96 393
96 398
96 399
97 129
97 131
97 163
97 242
97 278
97 293
97 294
97 299
97 302
97 315
97 328
97 332
97 341
97 369
98 100
98 139
98 159
98 169
98 201
98 207
98 218
98 257
98 259
98 266
98 276
98 284
98 328
98 332
98 338
98 343
98 353
98 358
98 380
98 386
98 389
98 391
98 393
99 134
99 150
99 177
99 180
99 186
99 247
99 259
99 279
99 281
99 300
99 306
99 313
99 323
99 366
99 370
100 122
100 143
100 177
100 186
100 202
100 222
100 228
100 304
100 307
100 346
100 371
101 103
101 111
101 116
101 121
101 122
101 129
101 145
101 169
101 172
101 176
101 185
101 189
101 203
101 214
101 221
101 223
101 228
101 274
101 284
101 311
101 349
101 352
101 353
101 364
101 367
101 377
101 386
102 103
102 111
102 114
102 118
102 120
102 122
102 128
102 139
102 181
102 207
102 265
102 273
102 276
102 277
102 284
102 300
102 306
102 315
102 339
102 344
102 345
102 347
102 349
102 389
102 390
103 111
103 114
103 143
103 206
103 208
103 220
103 227
103 233
103 270
103 285
103 293
103 307
103 314
103 327
103 345
103 348
103 359
103 395
104 123
104 133
104 141
104 155
104 161
104 163
104 187
104 202
104 238
104 274
104 276
104 348
104 349
105 123
105 160
105 163
105 168
105 183
105 188
105 221
105 230
105 236
105 264
105 270
105 271
105 327
105 355
105 384
105 386
105 391
105 393
105 395
106 115
106 118
106 126
106 137
106 146
106 150
106 155
106 157
106 177
106 186
106 251
106 260
106 310
106 334
106 354
106 365
106 376
107 159
107 183
107 217
107 222
107 269
107 277
107 284
107 317
107 386
107 389
108 111
108 113
108 128
108 172
108 192
108 197
108 205
108 210
108 226
108 239
108 256
108 272
108 284
108 285
108 299
108 315
108 325
108 327
108 329
108 344
108 347
108 373
108 374
109 112
109 139
109 160
109 164
109 180
109 190
109 195
109 209
109 252
109 270
109 289
109 303
109 317
109 344
109 359
109 378
109 391
109 392
110 114
110 138
110 140
110 144
110 158
110 165
110 169
110 181
110 205
110 248
110 252
110 280
110 289
110 299
110 317
110 318
110 331
110 336
110 343
110 345
110 347
110 366
110 382
110 397
110 398
111 112
111 134
111 136
111 138
111 142
111 147
111 155
111 190
111 224
111 239
111 247
111 316
111 392
111 395
111 398
112 160
112 170
112 184
112 186
112 191
112 192
112 215
112 252
112 260
112 275
112 281
112 282
112 296
112 299
112 316
112 333
112 346
112 360
112 365
112 373
113 128
113 135
113 151
113 163
113 167
113 176
113 178
113 197
113 199
113 249
113 291
113 293
113 319
113 320
113 366
113 367
113 384
114 120
114 147
114 152
114 158
114 176
114 196
114 226
114 267
114 280
114 321
114 361
114 372
114 381
114 382
115 132
115 212
115 216
115 239
115 241
115 253
115 266
115 291
115 300
115 352
115 381
115 382
115 393
116 154
116 207
116 213
116 228
116 230
116 231
116 245
116 258
116 261
116 266
116 269
116 281
116 291
116 331
116 339
116 368
116 380
117 141
117 164
117 189
117 208
117 211
117 232
117 272
117 285
117 334
117 336
117 345
118 156
118 162
118 179
118 180
118 185
118 231
118 235
118 259
118 264
118 293
118 324
118 349
118 366
118 375
118 376
118 377
118 394
119 146
119 148
119 154
119 156
119 163
119 169
119 176
119 214
119 226
119 252
119 256
119 260
119 269
119 272
119 294
119 343
119 347
119 365
119 367
119 377
119 380
119 389
119 391
120 122
120 125
120 129
120 141
120 149
120 152
120 155
120 162
120 175
120 178
120 211
120 266
120 272
120 274
120 276
120 277
120 309
120 330
120 360
121 158
121 199
121 233
121 238
121 261
121 284
121 292
121 301
121 303
121 344
121 348
121 357
122 134
122 150
122 169
122 177
122 194
122 197
122 207
122 208
122 241
122 269
122 282
122 283
122 349
122 355
122 356
122 362
122 367
122 368
123 130
123 136
123 139
123 185
123 227
123 238
123 271
123 279
123 299
123 301
123 305
123 319
123 365
123 380
124 136
124 137
124 166
124 201
124 216
124 232
124 233
124 258
124 265
124 294
124 309
124 327
124 356
124 377
124 388
124 396
125 131
125 155
125 157
125 175
125 182
125 190
125 206
125 258
125 267
125 272
125 276
125 278
125 336
125 346
125 347
125 351
125 355
125 373
126 141
126 144
126 147
126 148
126 150
126 183
126 190
126 207
126 214
126 223
126 239
126 274
126 292
126 304
126 364
127 129
127 135
127 141
127 151
127 248
127 297
127 325
127 331
127 333
127 357
127 365
127 378
127 387
128 133
128 137
128 152
128 237
128 245
128 248
128 251
128 296
128 339
128 341
128 367
128 373
128 382
128 383
128 397
128 398
129 132
129 133
129 138
129 145
129 172
129 196
129 232
129 255
129 261
129 269
129 286
129 291
129 317
129 364
129 377
129 382
130 146
130 151
130 171
130 184
130 210
130 217
130 231
130 258
130 271
130 286
130 301
130 343
130 369
130 375
131 154
131 162
131 167
131 186
131 201
131 221
131 237
131 274
131 275
131 285
131 314
131 354
131 368
131 380
131 384
131 387
132 137
132 156
132 164
132 195
132 201
132 259
132 260
132 262
132 274
132 300
132 307
132 314
132 336
132 344
132 354
132 360
132 379
132 390
132 391
133 138
133 147
133 172
133 176
133 190
133 227
133 229
133 268
133 283
133 293
133 300
133 304
133 305
133 315
133 337
133 346
133 372
134 137
134 140
134 146
134 154
134 165
134 178
134 179
134 198
134 274
134 286
134 295
134 304
134 306
134 312
134 314
134 320
134 331
134 337
134 338
134 356
134 358
134 361
134 371
134 379
135 160
135 198
135 223
135 245
135 255
135 267
135 293
135 303
135 323
135 337
135 343
135 350
135 353
135 364
135 366
135 390
135 392
136 155
136 158
136 180
136 217
136 223
136 232
136 332
136 355
136 380
136 393
137 150
137 168
137 219
137 274
137 290
137 307
137 326
137 357
137 367
137 381
137 383
137 384
138 150
138 154
138 156
138 159
138 170
138 171
138 175
138 185
138 189
138 200
138 245
138 248
138 297
138 315
138 329
138 343
138 352
138 354
138 367
138 370
138 385
138 392
139 158
139 189
139 237
139 243
139 318
139 320
139 325
139 361
139 374
139 375
139 398
140 145
140 171
140 201
140 218
140 226
140 242
140 243
140 251
140 252
140 261
140 297
140 309
140 316
140 346
140 359
140 383
140 391
140 398
141 147
141 220
141 227
141 229
141 259
141 280
141 281
141 282
141 285
141 287
141 288
141 291
141 303
141 336
141 354
141 365
141 367
141 372
141 379
141 389
141 399
142 165
142 170
142 180
142 196
142 207
142 210
142 237
142 245
142 247
142 249
142 250
142 268
142 280
142 305
142 309
142 347
142 355
142 369
142 374
142 389
142 396
143 145
143 169
143 185
143 229
143 235
143 237
143 244
143 258
143 268
143 276
143 277
143 285
143 288
143 296
143 342
143 378
143 379
143 394
144 157
144 189
144 197
144 200
144 204
144 208
144 227
144 260
144 280
144 281
144 286
144 314
144 357
144 362
144 365
144 366
144 369
144 375
144 391
144 399
145 162
145 165
145 191
145 212
145 230
145 248
145 268
145 292
145 300
145 302
145 324
145 333
145 375
145 396
146 190
146 204
146 234
146 242
146 253
146 259
146 261
146 312
146 316
146 317
146 319
146 331
146 342
146 355
146 368
147 149
147 174
147 202
147 248
147 265
147 296
147 302
147 323
147 330
147 345
147 349
147 361
147 370
147 399
148 153
148 154
148 173
148 177
148 191
148 195
148 230
148 231
148 235
148 245
148 260
148 305
148 320
148 368
148 375
148 384
149 151
149 176
149 181
149 189
149 197
149 265
149 276
149 294
149 357
149 369
149 391
149 393
149 396
150 159
150 168
150 190
150 201
150 245
150 272
150 279
150 299
150 301
150 337
150 344
150 350
150 353
150 360
150 399
151 157
151 213
151 216
151 229
151 238
151 264
151 296
151 299
151 303
151 342
151 375
151 386
151 398
152 199
152 202
152 218
152 219
152 263
152 288
152 298
152 301
152 362
152 375
153 155
153 179
153 189
153 194
153 222
153 223
153 236
153 242
153 255
153 266
153 298
153 338
153 347
153 375
153 385
153 389
153 393
154 162
154 173
154 176
154 237
154 272
154 281
154 284
154 336
154 350
154 357
154 359
154 369
155 165
155 207
155 213
155 258
155 290
155 295
155 350
155 363
156 184
156 202
156 212
156 217
156 238
156 262
156 270
156 282
156 297
156 305
156 315
156 343
156 345
156 370
156 371
156 392
157 167
157 189
157 201
157 250
157 276
157 307
157 367
157 368
157 375
157 381
157 384
158 166
158 179
158 180
158 181
158 189
158 199
158 218
158 249
158 257
158 261
158 269
158 271
158 285
158 310
158 321
158 328
158 336
158 385
159 163
159 177
159 186
159 205
159 214
159 252
159 281
159 293
159 307
159 318
159 326
159 344
160 163
160 171
160 176
160 253
160 267
160 295
160 315
160 318
160 320
160 335
160 349
160 354
160 362
160 369
160 382
161 165
161 182
161 186
161 201
161 211
161 260
161 272
161 287
161 303
161 344
161 359
161 360
161 361
161 387
162 174
162 188
162 197
162 242
162 291
162 307
162 323
162 327
162 354
162 368
162 378
162 388
163 167
163 177
163 184
163 199
163 210
163 245
163 251
163 272
163 279
163 316
163 329
163 353
163 382
164 206
164 255
164 259
164 265
164 286
164 305
164 313
164 328
164 339
164 347
164 383
165 181
165 195
165 250
165 251
165 264
165 266
165 271
165 306
165 312
165 333
165 337
165 361
165 376
165 380
165 385
165 398
166 172
166 193
166 198
166 233
166 245
166 250
166 284
166 296
166 313
166 333
166 337
166 364
167 174
167 187
167 190
167 192
167 210
167 241
167 309
167 335
167 362
167 366
167 370
167 373
167 385
167 391
167 394
168 200
168 210
168 247
168 248
168 252
168 281
168 283
168 292
168 349
168 352
169 207
169 234
169 281
169 283
169 302
169 342
169 352
169 354
169 376
169 383
169 399
170 171
170 195
170 201
170 220
170 230
170 250
170 281
170 360
170 368
170 381
170 384
170 398
171 173
171 227
171 229
171 241
171 252
171 265
171 300
171 306
171 355
171 390
172 176
172 202
172 208
172 271
172 283
172 302
172 344
172 380
173 244
173 264
173 287
173 292
173 308
173 322
173 337
173 381
173 388
173 399
174 211
174 239
174 282
174 331
174 355
174 356
174 363
175 209
175 211
175 235
175 246
175 279
175 305
175 333
175 344
175 354
175 364
175 376
175 397
176 197
176 205
176 207
176 210
176 256
176 258
176 268
176 272
176 276
176 328
176 386
176 390
177 199
177 202
177 212
177 214
177 263
177 324
177 350
177 359
177 374
177 385
178 186
178 240
178 246
178 255
178 267
178 298
178 369
178 380
178 393
179 190
179 192
179 202
179 254
179 257
179 286
179 303
179 306
179 315
179 320
179 327
179 332
179 338
179 350
179 356
179 362
179 363
179 393
180 199
180 208
180 228
180 240
180 243
180 246
180 249
180 278
180 295
180 296
180 347
180 383
180 386
181 190
181 209
181 248
181 298
181 302
181 326
181 351
181 393
182 198
182 202
182 239
182 242
182 248
182 278
182 289
182 322
183 194
183 222
183 233
183 289
183 305
183 313
183 326
183 341
183 358
183 380
183 398
184 204
184 220
184 232
184 264
184 273
184 281
184 283
184 342
184 383
184 393
185 196
185 202
185 230
185 249
185 274
185 278
185 279
185 282
185 302
185 342
185 356
185 369
185 391
186 195
186 218
186 277
186 299
186 322
186 323
186 338
186 363
186 386
186 392
187 207
187 215
187 223
187 224
187 226
187 266
187 309
187 312
187 360
187 366
188 194
188 198
188 226
188 246
188 250
188 255
188 258
188 263
188 281
188 294
188 298
188 309
188 318
188 324
188 326
188 339
188 347
188 373
189 200
189 206
189 215
189 219
189 238
189 239
189 256
189 263
189 267
189 274
189 280
189 329
189 333
189 339
189 349
189 380
190 196
190 229
190 232
190 244
190 246
190 263
190 266
190 286
190 296
190 310
190 328
190 383
190 390
190 391
191 211
191 229
191 233
191 235
191 265
191 271
191 284
191 288
191 291
191 293
191 308
191 320
191 350
191 370
191 373
191 377
191 381
191 393
192 194
192 223
192 233
192 240
192 276
192 287
192 293
192 298
192 324
192 329
192 360
192 390
193 206
193 239
193 244
193 250
193 254
193 270
193 271
193 277
193 288
193 353
193 380
194 199
194 203
194 212
194 235
194 242
194 256
194 281
194 362
194 392
194 396
195 201
195 213
195 216
195 222
195 227
195 246
195 262
195 269
195 320
195 323
195 346
195 361
195 363
196 205
196 207
196 208
196 209
196 221
196 224
196 237
196 255
196 326
197 259
197 313
197 369
197 373
197 384
198 211
198 215
198 217
198 220
198 247
198 270
198 294
198 339
198 379
198 384
199 203
199 215
199 216
199 221
199 225
199 226
199 231
199 235
199 250
199 265
199 303
199 305
199 317
199 339
199 353
199 378
199 381
199 382
199 385
200 202
200 218
200 232
200 242
200 244
200 284
200 319
200 336
200 370
200 375
200 386
201 210
201 214
201 226
201 252
201 253
201 311
201 334
201 338
201 340
201 348
201 355
201 359
201 361
201 366
201 367
201 374
201 395
202 206
202 212
202 216
202 218
202 263
202 270
202 318
202 348
202 354
202 364
202 374
203 205
203 212
203 215
203 252
203 279
203 281
203 299
203 339
203 346
203 359
203 361
203 371
203 382
203 399
204 206
204 243
204 246
204 271
204 278
204 292
204 302
204 310
204 312
204 325
204 332
204 334
204 352
204 379
204 392
204 398
205 210
205 221
205 229
205 232
205 236
205 237
205 243
205 245
205 267
205 304
205 320
205 323
205 325
205 334
205 370
205 393
206 239
206 294
206 329
206 351
206 375
206 394
207 208
207 217
207 245
207 263
207 271
207 277
207 297
207 302
207 304
207 308
207 328
208 213
208 232
208 250
208 262
208 270
208 271
208 305
208 370
208 378
208 390
209 257
209 261
209 266
209 270
209 281
209 292
209 331
209 348
209 350
209 361
209 392
210 263
210 264
210 265
210 281
210 295
210 298
210 308
210 347
210 359
210 399
211 222
211 242
211 270
211 279
211 323
211 325
211 336
211 361
211 375
211 380
212 229
212 232
212 280
212 304
212 309
212 363
212 399
213 215
213 244
213 253
213 256
213 267
213 273
213 282
213 300
213 342
213 362
213 375
213 386
214 232
214 247
214 264
214 268
214 291
214 344
214 347
214 369
214 379
215 238
215 249
215 254
215 272
215 274
215 309
215 327
215 354
215 384
215 386
215 394
215 395
216 253
216 262
216 275
216 281
216 292
216 298
216 302
216 309
216 324
216 372
216 385
217 257
217 263
217 271
217 288
217 291
217 308
217 312
217 323
217 324
217 348
217 350
217 358
218 220
218 263
218 268
218 273
218 285
218 287
218 293
218 309
218 315
218 326
218 333
218 337
218 341
218 349
218 372
218 378
219 221
219 260
219 294
219 326
219 333
219 349
219 386
220 251
220 254
220 256
220 268
220 364
220 375
221 236
221 238
221 258
221 259
221 281
221 287
221 324
221 339
221 373
221 376
222 223
222 318
222 330
222 331
222 335
222 339
222 342
222 372
222 380
222 389
223 241
223 266
223 268
223 279
223 316
223 333
223 334
223 339
223 349
223 363
224 235
224 240
224 278
224 285
224 319
224 335
224 340
224 364
224 393
225 244
225 251
225 259
225 261
225 268
225 283
225 288
225 300
225 311
225 312
225 316
225 321
225 339
225 378
225 389
225 398
225 399
226 237
226 249
226 260
226 286
226 325
226 334
226 341
227 236
227 271
227 283
227 284
227 295
227 317
227 320
227 336
227 347
227 349
227 353
227 361
227 366
227 367
227 373
227 395
228 232
228 284
228 289
228 319
228 376
228 383
228 390
229 242
229 244
229 248
229 268
229 269
229 282
229 301
229 316
229 323
229 337
229 338
229 346
229 397
230 262
230 304
230 337
230 375
230 390
231 273
231 278
231 287
231 303
231 313
231 319
231 320
231 386
232 242
232 252
232 311
232 324
232 330
232 337
232 347
232 359
232 384
232 395
233 239
233 259
233 272
233 286
233 300
233 316
233 364
233 371
233 399
234 236
234 264
234 270
234 293
234 295
234 327
234 331
234 355
234 367
234 390
235 263
235 292
235 304
235 307
235 319
235 352
235 371
235 379
235 391
235 392
235 399
236 247
236 271
236 280
236 392
237 265
237 275
237 279
237 280
237 282
237 327
237 328
237 337
237 339
237 348
237 366
237 368
237 393
238 240
238 242
238 255
238 273
238 286
238 309
238 312
238 313
238 331
238 351
239 253
239 271
239 287
239 301
239 303
239 319
239 343
239 359
239 364
239 368
239 385
240 266
240 293
240 312
240 339
240 383
241 252
241 273
241 283
241 299
241 302
241 315
241 337
241 343
241 372
241 392
242 245
242 283
242 290
242 301
242 308
242 312
242 323
242 327
242 330
242 331
242 357
242 371
243 250
243 255
243 257
243 259
243 303
243 332
243 352
243 353
243 360
243 367
243 375
243 388
243 393
244 253
244 259
244 263
244 274
244 303
244 338
244 349
244 362
244 367
245 257
245 270
245 310
245 338
245 341
245 350
245 365
245 382
246 260
246 268
246 271
246 273
246 289
246 302
246 305
246 310
246 342
246 359
246 360
246 364
246 374
246 388
246 389
247 248
247 259
247 263
247 276
247 280
247 313
247 317
247 326
247 387
248 255
248 306
248 315
248 349
248 363
248 395
249 254
249 304
249 322
249 359
249 367
249 370
249 386
250 330
250 331
250 347
250 352
250 380
251 275
251 321
251 365
251 370
251 371
252 260
252 287
252 300
252 327
252 333
252 334
252 373
252 394
253 307
253 309
253 358
253 363
253 385
253 389
254 257
254 260
254 273
254 284
254 302
254 321
254 328
254 338
254 364
254 396
255 274
255 286
255 291
255 294
255 300
255 324
255 331
255 358
255 364
255 388
255 393
256 286
256 288
256 306
256 307
256 341
256 350
256 354
256 373
256 380
256 385
257 266
257 273
257 277
257 289
257 304
257 323
257 336
257 347
257 354
257 364
258 289
258 290
258 390
258 396
259 275
259 287
259 295
259 304
259 315
259 330
259 333
259 340
259 345
259 347
259 350
259 359
259 361
259 370
259 384
259 399
260 308
260 322
260 345
260 356
260 367
260 375
260 381
261 304
261 319
261 328
261 350
261 367
261 393
261 394
262 289
262 292
262 304
262 332
262 333
262 339
262 355
263 295
263 307
263 313
263 328
263 341
264 299
264 309
264 330
264 332
264 352
264 361
264 384
264 388
264 397
265 278
265 301
265 319
265 348
265 367
266 294
266 298
266 321
266 324
266 356
266 359
266 368
266 397
267 291
267 296
267 304
267 313
267 334
267 335
267 364
267 373
267 388
268 283
268 300
268 317
268 320
268 323
268 337
268 350
268 355
268 368
268 377
268 378
268 381
269 277
269 325
269 331
269 352
270 303
270 316
270 330
270 342
270 354
270 359
270 376
270 392
270 395
270 397
271 272
271 295
271 311
271 313
271 372
272 285
272 287
272 314
272 324
272 343
272 366
272 375
272 380
272 387
272 396
273 310
273 315
273 322
273 336
273 371
273 373
273 381
273 397
274 281
274 287
274 290
274 320
274 339
274 371
275 294
275 316
275 317
275 323
275 330
275 351
275 352
275 378
275 394
276 287
276 308
276 337
277 302
277 307
277 309
277 313
277 353
277 366
277 369
277 374
277 391
278 281
278 306
278 319
278 325
278 333
278 345
278 363
278 371
278 386
278 387
278 393
278 399
279 324
279 351
279 361
279 362
279 398
280 295
280 318
280 346
280 359
280 364
280 378
280 395
281 311
281 312
281 317
281 320
281 372
282 330
282 382
283 287
283 316
283 324
283 330
283 343
283 351
283 357
283 366
283 367
283 368
283 369
283 378
283 385
284 292
284 315
284 338
284 351
284 396
285 305
285 328
285 341
285 350
285 354
285 358
285 360
285 386
285 395
286 289
286 290
286 291
286 296
286 312
286 327
286 371
286 372
286 382
286 385
286 392
287 314
287 334
287 338
287 399
288 334
288 378
288 380
288 399
289 294
289 300
289 313
289 354
289 384
290 327
290 356
290 358
290 366
290 368
290 383
291 309
291 321
291 325
291 337
291 356
291 360
291 367
291 373
291 387
292 299
292 302
292 304
292 309
292 337
292 343
292 376
292 385
292 395
293 342
293 362
293 368
293 381
293 389
293 395
294 295
294 298
294 300
294 317
294 320
294 339
294 352
294 354
294 361
294 376
294 378
294 388
295 311
295 362
295 364
295 376
295 389
295 396
296 297
296 301
296 359
296 370
296 374
296 390
296 397
297 333
297 347
297 372
297 373
297 379
297 388
298 322
298 335
298 339
298 343
298 361
298 368
298 370
299 365
299 370
299 389
300 332
300 335
300 350
300 352
300 353
300 362
300 363
300 365
300 376
301 306
301 310
301 326
301 346
301 391
302 308
302 313
302 322
302 326
302 335
302 340
302 354
303 305
303 320
303 325
303 332
303 376
303 383
303 393
303 399
304 322
304 327
304 397
305 316
305 327
305 337
305 371
305 377
305 390
305 394
306 320
306 333
306 347
306 357
306 361
306 370
306 385
307 308
307 309
307 319
307 331
307 366
307 378
307 380
308 320
308 337
308 348
308 349
308 350
308 352
308 362
308 366
308 372
308 386
308 394
309 327
309 332
309 334
309 367
309 373
309 395
310 327
310 367
310 380
310 383
311 322
311 338
311 354
311 367
311 385
312 353
312 361
312 387
313 319
313 320
313 360
313 364
314 348
314 376
314 383
314 399
315 342
315 361
315 371
315 376
315 388
315 389
315 394
316 320
316 324
316 325
316 343
316 350
316 376
317 324
317 326
317 329
317 340
317 366
317 368
317 373
317 394
318 332
318 342
318 343
318 345
318 350
318 391
318 397
319 325
320 334
320 343
320 347
320 362
321 324
321 343
321 382
321 395
322 335
322 338
322 342
322 362
322 388
322 395
323 345
323 357
323 379
323 394
324 347
324 359
324 386
324 399
325 327
325 360
325 369
326 328
326 330
326 331
326 334
326 340
326 360
326 362
326 365
326 381
327 339
327 352
327 361
327 378
327 389
327 393
327 395
328 358
328 379
328 388
329 338
329 343
329 355
329 364
329 375
329 386
329 399
330 390
330 393
330 396
331 341
331 352
331 372
331 391
332 348
332 364
332 374
332 384
332 397
333 354
333 379
333 384
333 385
334 375
334 376
334 379
334 387
335 365
336 341
336 350
336 354
336 386
337 378
338 370
338 389
339 348
339 350
339 360
339 365
339 367
339 382
339 384
339 385
339 399
340 342
340 388
341 352
341 377
342 354
342 381
342 396
343 344
343 358
343 377
343 378
343 393
345 348
345 354
345 359
345 381
345 388
346 390
346 392
347 356
347 360
347 371
347 377
348 352
348 364
348 371
348 374
348 379
349 356
349 365
350 358
350 360
350 375
350 395
351 352
351 384
351 390
352 367
352 377
352 391
353 363
353 375
353 390
353 398
354 358
354 385
355 379
355 382
355 391
355 394
356 364
356 399
357 365
358 362
359 384
359 396
361 372
361 393
362 394
362 395
364 371
364 383
364 394
365 380
365 396
366 385
366 386
367 384
368 370
369 376
371 375
373 377
373 378
373 393
375 376
375 391
375 397
376 396
377 380
377 383
377 391
378 398
379 385
379 387
379 399
380 395
381 384
382 389
383 391
383 396
386 399
387 391
388 390
388 398
389 395
393 397
