200 1553 0.2
0 4
0 10
0 21
0 29
0 47
0 54
0 57
0 88
0 114
0 119
0 191
0 199
1 7
1 12
1 13
1 26
1 28
1 29
1 53
1 67
1 70
1 94
1 95
1 105
1 116
1 120
1 127
1 129
1 135
1 136
1 141
1 142
1 144
1 151
1 152
1 184
1 185
1 187
2 3
2 13
2 21
2 63
2 69
2 75
2 83
2 90
2 116
2 135
2 155
2 171
2 194
2 199
3 11
3 28
3 62
3 67
3 68
3 69
3 72
3 79
3 81
3 87
3 90
3 123
3 129
3 144
3 153
3 163
4 6
4 7
4 13
4 19
4 41
4 43
4 115
4 150
4 151
4 153
4 154
4 163
4 174
4 182
4 194
4 196
5 6
5 28
5 30
5 38
5 48
5 51
5 56
5 77
5 81
5 107
5 116
5 159
5 172
5 184
5 188
6 34
6 114
6 121
6 128
6 133
6 156
6 180
6 192
6 195
7 40
7 63
7 68
7 100
7 111
7 115
7 136
7 162
7 167
7 171
7 190
7 191
7 193
8 37
8 55
8 61
8 69
8 86
8 102
8 130
8 192
9 33
9 45
9 56
9 63
9 79
9 82
9 84
9 144
9 154
9 166
9 174
9 185
9 190
9 196
10 23
10 33
10 50
10 61
10 64
10 69
10 87
10 91
10 105
10 112
10 114
10 133
10 168
11 24
11 28
11 60
11 70
11 73
11 75
11 81
11 95
11 103
11 129
11 142
11 143
11 148
11 155
11 162
11 165
11 183
11 188
12 14
12 15
12 16
12 21
12 22
12 26
12 27
12 46
12 59
12 90
12 91
12 92
12 119
12 123
12 132
13 37
13 50
13 69
13 74
13 83
13 116
13 121
13 141
13 147
13 153
13 160
13 175
13 190
13 192
13 196
14 17
14 24
14 27
14 55
14 57
14 80
14 93
14 110
14 157
14 159
14 163
14 181
14 191
14 199
15 23
15 24
15 25
15 36
15 52
15 80
15 95
15 96
15 98
15 99
15 116
15 126
15 128
15 132
15 180
16 41
16 51
16 54
16 70
16 93
16 103
16 111
16 112
16 124
16 126
16 132
16 163
16 167
16 173
16 180
16 182
17 41
17 76
17 77
17 88
17 91
17 92
17 102
17 105
17 119
17 144
17 158
17 170
17 176
17 179
18 27
18 41
18 53
18 55
18 74
18 102
18 105
18 140
18 157
18 163
18 173
18 184
19 57
19 72
19 87
19 110
19 124
19 131
19 138
19 139
19 180
19 191
20 26
20 31
20 34
20 36
20 65
20 70
20 102
20 109
20 111
20 113
20 128
20 134
20 144
20 161
20 183
20 193
21 37
21 67
21 97
21 108
21 111
21 129
21 134
21 145
21 148
21 151
21 152
21 154
21 159
21 162
21 176
21 183
21 185
21 187
21 195
22 25
22 34
22 50
22 56
22 61
22 84
22 166
22 188
22 192
23 36
23 63
23 67
23 97
23 117
23 162
23 168
23 173
23 186
23 192
23 194
24 41
24 48
24 52
24 66
24 82
24 88
24 102
24 127
24 140
24 151
24 155
24 159
24 171
24 181
24 186
25 26
25 27
25 41
25 57
25 124
25 133
25 134
25 167
25 168
25 181
25 187
25 194
26 34
26 56
26 62
26 67
26 83
26 90
26 101
26 123
26 126
26 133
26 144
26 146
26 148
26 153
26 159
26 181
26 193
27 33
27 46
27 60
27 65
27 85
27 124
27 139
27 142
27 172
28 34
28 62
28 80
28 86
28 112
28 120
28 173
28 175
29 83
29 99
29 124
29 126
29 127
29 128
29 138
29 139
29 140
29 153
29 155
29 170
29 193
29 195
29 196
30 41
30 43
30 67
30 92
30 108
30 117
30 151
30 162
30 167
30 182
31 32
31 109
31 113
31 116
31 117
31 121
31 148
32 40
32 43
32 49
32 54
32 64
32 74
32 109
32 142
32 147
32 164
32 183
32 189
33 49
33 56
33 72
33 76
33 81
33 98
33 124
33 145
33 151
33 156
33 163
34 36
34 61
34 66
34 73
34 100
34 122
34 124
34 131
34 133
34 148
34 154
34 155
34 159
34 171
34 172
34 174
34 182
34 190
35 66
35 79
35 110
35 112
35 126
35 138
35 154
35 160
35 163
35 171
35 172
35 184
36 44
36 96
36 116
36 122
36 124
36 146
36 185
36 197
37 56
37 60
37 75
37 81
37 102
37 122
37 166
37 178
37 198
38 41
38 46
38 73
38 77
38 79
38 101
38 110
38 124
38 158
38 169
38 177
38 184
39 52
39 62
39 71
39 104
39 105
39 112
39 119
39 130
39 159
39 170
39 199
40 96
40 109
40 125
40 143
40 153
40 164
40 175
40 182
40 184
41 47
41 57
41 72
41 94
41 103
41 115
41 125
41 145
41 146
42 50
42 69
42 88
42 99
42 131
42 132
42 133
42 152
42 175
42 197
43 84
43 112
43 116
43 117
43 118
43 123
43 132
43 152
43 184
43 185
43 186
43 187
43 194
44 69
44 133
44 155
44 161
44 170
44 185
44 194
45 64
45 100
45 111
45 112
45 120
45 126
45 132
45 143
46 70
46 88
46 93
46 102
46 119
46 127
46 138
46 140
46 144
46 182
46 193
46 195
47 67
47 75
47 82
47 106
47 122
47 133
47 135
47 147
47 159
47 181
47 186
47 197
47 198
48 54
48 57
48 77
48 81
48 92
48 95
48 100
48 103
48 114
48 136
48 149
48 153
48 160
48 162
48 179
48 184
48 188
48 190
48 193
49 58
49 71
49 73
49 86
49 100
49 108
49 111
49 137
49 148
49 176
49 182
49 184
49 187
49 191
49 197
50 60
50 86
50 109
50 119
50 152
50 189
50 194
51 67
51 83
51 89
51 107
51 110
51 114
51 117
51 122
51 131
51 143
51 150
51 165
51 171
51 181
51 185
51 186
51 189
52 59
52 62
52 63
52 83
52 88
52 89
52 93
52 95
52 106
52 136
52 143
52 167
52 189
52 191
52 193
53 54
53 68
53 87
53 89
53 91
53 158
53 164
53 172
53 179
54 57
54 81
54 83
54 84
54 103
54 163
54 168
54 180
54 185
54 195
54 196
55 60
55 62
55 63
55 116
55 126
55 153
55 191
55 196
56 95
56 111
56 115
56 116
56 119
56 121
56 123
56 126
56 136
56 161
56 169
56 187
56 192
57 86
57 102
57 103
57 117
57 151
57 157
57 195
58 83
58 106
58 110
58 112
58 117
58 118
58 133
59 101
59 103
59 140
59 144
59 146
59 164
59 169
59 176
59 178
60 70
60 71
60 73
60 78
60 89
60 105
60 123
60 136
60 144
60 151
60 164
61 62
61 71
61 82
61 92
61 98
61 123
61 125
61 129
61 135
61 149
61 152
61 185
62 68
62 93
62 96
62 98
62 119
62 120
62 122
62 124
62 128
62 185
63 74
63 93
63 124
63 126
63 133
63 138
63 176
63 178
64 66
64 71
64 88
64 96
64 106
64 112
64 133
64 138
64 142
64 150
64 152
64 153
64 155
64 195
65 74
65 75
65 91
65 96
65 120
65 122
65 133
65 160
65 186
65 189
66 76
66 87
66 94
66 95
66 112
66 120
66 122
66 128
66 134
66 139
66 151
66 166
66 172
66 183
66 186
67 69
67 74
67 88
67 101
67 106
67 145
67 147
67 159
67 165
67 190
68 83
68 113
68 114
68 124
68 128
68 133
68 136
68 138
68 142
68 154
69 79
69 86
69 109
69 148
69 162
69 193
70 114
70 140
70 147
70 160
70 165
70 180
70 187
70 189
70 194
71 75
71 78
71 86
71 89
71 96
71 98
71 120
71 143
71 152
71 153
71 158
71 197
72 77
72 88
72 99
72 111
72 115
72 120
72 149
72 166
72 172
72 173
72 176
72 178
73 74
73 84
73 120
73 121
73 131
73 165
74 102
74 107
74 126
74 143
74 160
74 165
74 168
74 186
74 188
74 195
74 198
75 77
75 88
75 121
75 122
75 123
75 164
75 172
75 185
76 91
76 106
76 126
76 127
76 146
76 163
76 169
76 184
76 193
77 80
77 83
77 86
77 131
77 132
77 141
77 151
77 178
77 187
78 85
78 89
78 93
78 103
78 111
78 121
78 134
78 139
78 146
78 149
78 161
78 163
78 166
78 167
78 170
78 176
78 187
78 194
79 84
79 86
79 93
79 102
79 129
79 148
79 156
79 157
79 171
79 177
79 178
79 181
80 110
80 115
80 154
80 159
80 194
80 199
81 84
81 94
81 113
81 120
81 134
81 171
81 185
81 189
81 192
81 195
82 87
82 98
82 102
82 103
82 126
82 136
82 158
82 164
82 167
82 176
82 186
83 100
83 101
83 138
83 157
83 172
84 87
84 91
84 92
84 102
84 128
84 132
84 149
84 161
84 167
84 177
84 183
84 186
84 188
85 92
85 102
85 120
85 123
85 141
85 158
85 172
85 176
85 178
85 198
86 99
86 104
86 131
86 132
86 133
86 178
86 195
87 94
87 103
87 131
87 133
87 138
87 143
87 150
87 158
87 161
87 163
87 164
87 169
87 181
87 183
88 93
88 100
88 101
88 109
88 142
88 143
88 144
88 147
88 148
88 170
89 106
89 139
89 143
89 144
89 150
89 161
89 189
90 95
90 111
90 137
90 143
90 150
90 160
90 161
90 175
90 183
90 191
90 193
90 195
90 197
91 114
91 122
91 126
91 140
91 154
91 162
91 165
91 167
92 108
92 111
92 137
92 152
92 181
92 182
93 99
93 112
93 120
93 121
93 139
93 145
93 164
93 165
93 175
93 193
94 95
94 102
94 110
94 125
94 134
94 160
94 166
94 183
95 98
95 105
95 129
95 132
95 133
95 142
95 149
95 151
95 170
95 175
95 181
95 189
95 192
96 98
96 146
96 153
96 156
96 164
96 183
96 184
96 186
96 187
96 190
97 104
97 116
97 129
97 134
97 136
97 140
97 150
97 172
97 179
97 188
98 143
98 151
98 169
98 178
98 183
99 111
99 124
99 151
99 171
99 176
99 185
99 193
100 108
100 111
100 118
100 120
100 142
100 148
100 155
100 165
100 167
100 194
101 106
101 107
101 129
101 137
101 139
101 146
101 154
101 159
102 116
102 135
102 143
102 145
102 151
102 165
102 180
102 196
103 141
103 157
103 160
103 164
103 168
103 182
103 186
103 193
104 123
104 141
104 150
104 153
104 177
104 178
104 181
104 191
104 194
104 196
104 199
105 107
105 117
105 118
105 121
105 146
105 170
105 174
106 108
106 115
106 129
106 151
106 171
106 187
106 197
106 198
107 110
107 116
107 137
107 140
107 153
107 155
107 181
107 189
108 125
108 144
108 170
108 185
109 111
109 115
109 122
109 139
109 144
109 153
109 156
109 157
109 164
109 166
109 196
110 118
110 128
110 143
110 147
110 183
110 186
110 193
111 139
111 148
111 154
111 160
111 165
111 168
111 182
111 183
111 188
111 190
112 133
112 141
112 155
112 161
112 192
112 199
113 125
113 138
113 152
113 159
113 167
113 171
114 142
114 162
114 163
114 164
114 182
114 197
115 123
115 128
115 135
115 137
115 153
115 176
115 180
115 188
116 118
116 120
116 126
116 143
116 187
117 132
117 135
117 171
117 180
118 135
118 136
118 138
118 142
118 158
118 187
118 199
119 122
119 134
119 152
119 158
119 187
119 193
119 194
120 129
120 136
120 145
120 168
120 170
120 175
120 197
121 153
121 191
122 124
122 129
122 158
122 171
122 178
122 196
123 128
123 154
123 156
123 159
123 166
123 177
124 131
124 133
124 146
124 164
124 179
124 194
125 131
125 152
125 153
125 172
125 184
126 144
126 155
126 156
126 158
126 160
126 164
126 181
126 193
127 129
127 130
127 135
127 148
127 150
127 160
127 172
127 175
127 195
128 129
128 133
128 134
128 136
128 178
128 179
128 193
128 195
129 130
129 133
129 137
129 146
129 166
129 176
130 142
130 160
130 180
130 193
130 199
131 140
131 145
131 196
132 146
132 149
132 150
132 162
132 188
132 191
133 138
133 146
133 151
133 157
133 161
133 165
133 173
133 190
134 139
134 141
134 165
134 172
134 180
134 198
135 153
135 159
135 170
135 176
135 187
135 193
136 145
136 180
136 186
137 143
137 153
137 168
137 185
137 191
137 196
138 185
138 193
138 198
140 143
140 159
140 173
140 187
140 189
140 192
140 193
140 197
141 166
141 167
141 171
141 186
142 157
142 199
143 166
143 177
143 181
143 183
144 148
144 169
144 174
144 176
144 187
144 188
145 149
145 172
145 177
145 180
145 193
145 199
146 150
146 152
146 154
146 173
146 176
146 177
146 180
146 191
146 197
147 152
147 154
147 159
147 176
147 177
147 183
147 184
148 156
148 172
148 182
148 199
149 165
149 168
149 180
149 185
149 186
149 191
150 170
150 189
150 190
150 194
151 152
151 186
151 197
152 156
152 166
152 179
152 182
152 185
153 163
153 181
153 183
153 195
153 199
154 170
154 173
154 191
155 156
155 159
155 175
155 186
156 159
156 165
156 170
156 198
157 174
157 177
157 179
157 191
157 196
158 162
158 189
159 160
159 179
159 184
160 166
160 178
160 183
161 168
161 187
161 191
161 193
163 178
163 195
163 198
164 179
164 185
165 185
165 199
166 185
166 186
166 193
167 171
167 192
169 196
169 198
170 172
170 181
170 185
170 198
171 172
172 189
172 197
173 178
173 182
173 191
174 185
174 198
175 185
175 199
176 177
176 183
176 184
176 192
176 193
177 188
177 193
177 197
179 180
179 198
181 198
182 185
182 189
183 187
183 188
183 195
184 187
184 197
185 190
186 187
188 192
190 191
190 195
192 195
194 195
195 198
196 199
