300 2220 0.5
0 55
0 67
0 70
0 76
0 150
0 181
0 257
0 264
0 295
1 72
1 136
1 143
1 148
1 175
1 194
1 198
1 222
1 228
1 236
1 251
1 258
2 3
2 17
2 45
2 68
2 69
2 76
2 83
2 87
2 108
2 114
2 143
2 251
2 257
2 280
3 17
3 61
3 68
3 73
3 96
3 102
3 111
3 138
3 160
3 163
3 168
3 181
3 186
3 191
3 196
3 232
3 234
3 242
3 256
3 257
3 269
3 275
3 294
3 299
4 10
4 18
4 39
4 47
4 51
4 56
4 105
4 144
4 164
4 258
4 275
4 290
5 57
5 99
5 125
5 141
5 175
5 187
5 197
5 225
5 244
5 262
5 267
5 288
6 11
6 22
6 53
6 56
6 72
6 193
6 223
6 245
6 260
6 264
7 15
7 34
7 69
7 78
7 127
7 128
7 129
7 136
7 142
7 162
7 201
7 211
7 220
7 221
7 241
7 254
7 290
7 295
8 26
8 31
8 45
8 66
8 77
8 107
8 109
8 130
8 149
8 173
8 206
8 251
8 264
9 43
9 44
9 48
9 51
9 77
9 90
9 92
9 110
9 178
9 183
9 255
9 269
9 271
9 297
10 48
10 72
10 106
10 144
10 164
10 197
10 206
10 231
10 276
10 293
11 30
11 42
11 63
11 86
11 92
11 158
11 161
11 205
11 247
11 260
12 49
12 52
12 53
12 77
12 186
12 192
12 232
12 239
12 266
12 275
13 14
13 22
13 25
13 59
13 96
13 104
13 105
13 108
13 127
13 129
13 131
13 147
13 158
13 167
13 178
13 194
13 209
13 235
13 236
13 251
13 266
13 284
13 289
14 47
14 66
14 82
14 102
14 108
14 111
14 206
14 231
14 235
14 247
14 252
14 254
14 257
14 263
15 34
15 35
15 38
15 54
15 74
15 95
15 107
15 120
15 125
15 140
15 145
15 149
15 156
15 189
15 230
16 47
16 142
16 148
16 185
16 214
16 225
16 275
16 283
17 18
17 45
17 49
17 57
17 90
17 91
17 96
17 107
17 115
17 122
17 137
17 176
17 257
17 269
18 31
18 32
18 35
18 74
18 75
18 93
18 112
18 137
18 147
18 158
18 188
18 226
18 234
18 235
18 237
18 246
18 248
18 261
18 295
19 26
19 67
19 102
19 110
19 116
19 141
19 155
19 157
19 179
19 218
19 223
19 226
19 253
19 257
20 35
20 61
20 63
20 82
20 98
20 105
20 154
20 177
20 183
20 186
20 193
20 216
20 225
20 226
20 230
20 263
20 264
20 266
20 285
21 52
21 94
21 119
21 183
21 209
21 218
21 226
21 271
21 272
21 285
21 292
22 72
22 73
22 115
22 122
22 149
22 174
22 176
22 179
22 192
22 207
22 224
22 238
22 239
22 263
22 265
23 26
23 27
23 80
23 94
23 96
23 113
23 147
23 154
23 208
23 214
23 232
23 258
23 265
23 277
23 299
24 25
24 31
24 34
24 56
24 71
24 82
24 120
24 165
24 175
25 31
25 49
25 56
25 67
25 72
25 98
25 102
25 185
25 191
25 198
25 204
25 241
25 259
25 290
25 295
26 38
26 42
26 45
26 78
26 79
26 109
26 123
26 129
26 150
26 172
26 193
26 227
26 270
27 31
27 94
27 114
27 147
27 168
27 197
27 203
27 251
27 279
27 295
28 50
28 52
28 84
28 103
28 108
28 121
28 139
28 177
28 202
28 206
28 226
28 246
28 249
28 269
29 31
29 53
29 55
29 57
29 73
29 137
29 139
29 203
29 226
29 230
29 265
29 291
30 36
30 46
30 59
30 62
30 86
30 92
30 108
30 110
30 169
30 173
30 184
30 201
30 204
30 222
30 226
30 244
30 248
30 251
30 255
30 276
31 34
31 67
31 72
31 102
31 162
31 188
31 216
31 221
31 237
31 263
31 273
31 284
31 287
32 40
32 94
32 95
32 102
32 117
32 182
32 249
32 264
32 270
32 286
32 292
33 51
33 87
33 99
33 102
33 118
33 128
33 135
33 160
33 177
33 183
33 205
33 211
33 242
33 245
34 65
34 77
34 144
34 187
34 226
34 256
34 258
34 285
34 293
34 295
35 37
35 60
35 64
35 104
35 113
35 123
35 149
35 151
35 162
35 194
35 199
35 214
35 227
35 243
35 251
35 273
35 291
36 123
36 139
36 158
36 159
36 160
36 169
36 171
36 172
36 192
36 248
36 250
36 256
36 268
36 274
36 295
37 64
37 73
37 77
37 94
37 106
37 146
37 148
37 159
37 182
37 210
37 211
37 228
37 235
37 255
37 272
38 47
38 63
38 68
38 81
38 115
38 127
38 130
38 190
38 201
38 217
38 233
38 235
38 242
38 270
38 274
38 280
38 289
39 62
39 80
39 102
39 106
39 127
39 129
39 149
39 170
39 212
39 282
39 299
40 45
40 47
40 62
40 69
40 89
40 94
40 118
40 124
40 141
40 193
40 216
40 229
40 236
40 243
41 51
41 63
41 86
41 87
41 98
41 122
41 134
41 156
41 167
41 179
41 206
41 226
41 232
41 264
41 268
41 274
41 286
41 299
42 126
42 127
42 136
42 138
42 184
42 196
42 199
42 203
42 221
42 248
42 250
42 276
42 285
42 294
43 55
43 61
43 72
43 77
43 81
43 147
43 151
43 173
43 217
43 218
43 263
43 274
43 283
44 46
44 48
44 54
44 112
44 134
44 138
44 143
44 158
44 217
44 235
44 277
45 96
45 119
45 120
45 167
45 213
45 214
45 244
45 269
45 273
45 280
46 115
46 121
46 162
46 172
46 179
46 251
46 253
46 261
46 273
46 283
46 292
47 48
47 138
47 144
47 156
47 204
47 213
47 225
47 237
47 281
48 73
48 96
48 105
48 160
48 181
48 260
48 263
48 298
49 53
49 59
49 83
49 89
49 123
49 144
49 196
49 206
49 208
49 209
49 226
49 230
49 254
49 278
49 284
50 77
50 85
50 92
50 120
50 179
50 269
51 56
51 85
51 122
51 204
51 222
51 262
51 267
51 275
51 289
52 75
52 83
52 88
52 91
52 107
52 117
52 123
52 133
52 137
52 144
52 152
52 175
52 176
52 185
52 188
52 206
52 214
52 219
52 261
52 283
52 287
52 299
53 55
53 57
53 72
53 82
53 86
53 90
53 99
53 113
53 117
53 122
53 141
53 156
53 163
53 166
53 212
53 224
53 241
53 243
53 251
53 273
53 283
54 55
54 74
54 85
54 86
54 89
54 139
54 150
54 191
54 205
54 219
54 237
54 246
54 254
54 258
54 266
54 268
54 288
55 87
55 96
55 103
55 107
55 120
55 146
55 159
55 169
55 181
55 228
55 263
55 269
56 57
56 58
56 76
56 89
56 102
56 108
56 141
56 158
56 211
56 263
56 271
56 279
56 290
56 293
57 71
57 100
57 114
57 129
57 198
57 201
57 221
57 230
57 236
57 255
57 276
57 294
58 70
58 97
58 128
58 134
58 200
58 208
58 237
58 266
58 279
59 71
59 76
59 79
59 83
59 85
59 99
59 113
59 114
59 116
59 137
59 141
59 148
59 247
59 263
59 285
59 291
59 295
60 111
60 187
60 252
60 262
60 292
61 74
61 118
61 141
61 162
61 164
61 183
61 189
61 218
61 228
61 279
61 282
61 295
62 69
62 77
62 112
62 138
62 144
62 156
62 158
62 164
62 165
62 174
62 188
62 234
62 241
62 259
62 263
63 74
63 83
63 172
63 216
63 286
64 71
64 78
64 100
64 113
64 129
64 159
64 164
64 178
64 182
64 208
64 217
64 264
65 78
65 124
65 148
65 150
65 180
65 184
65 193
65 230
65 266
65 276
65 294
66 68
66 106
66 111
66 138
66 139
66 146
66 162
66 172
66 211
66 212
66 215
66 222
66 260
67 101
67 129
67 152
67 177
67 206
67 264
67 267
67 274
68 88
68 129
68 171
68 231
68 236
68 254
69 130
69 174
69 219
69 251
69 259
69 261
69 274
69 294
69 295
70 80
70 95
70 103
70 133
70 142
70 160
70 177
70 220
70 235
70 245
70 249
70 273
70 279
70 286
70 291
70 296
71 83
71 99
71 134
71 157
71 163
71 195
71 202
71 208
71 219
71 241
71 255
71 285
71 291
72 77
72 109
72 125
72 132
72 141
72 144
72 145
72 159
72 174
72 189
72 198
72 229
72 235
72 246
72 271
72 273
72 285
72 288
73 78
73 88
73 105
73 110
73 158
73 170
73 202
73 225
73 234
73 265
73 269
73 296
73 299
74 95
74 103
74 109
74 179
75 147
75 153
75 167
75 187
75 188
75 195
75 222
75 223
75 229
75 241
75 250
75 254
75 262
75 282
75 287
75 290
76 93
76 103
76 128
76 174
76 194
76 206
76 227
76 259
77 114
77 131
77 143
77 187
77 198
77 228
77 255
78 143
78 154
78 170
78 184
78 186
78 218
78 223
78 224
78 234
78 255
78 269
78 286
78 299
79 83
79 93
79 98
79 110
79 136
79 140
79 150
79 171
79 187
79 203
79 244
79 261
80 81
80 123
80 142
80 172
80 184
80 185
80 194
80 270
81 82
81 85
81 87
81 107
81 155
81 173
81 181
81 187
81 191
81 208
81 247
81 254
81 261
81 291
82 84
82 117
82 124
82 149
82 173
82 180
82 219
82 226
82 242
82 265
83 97
83 112
83 120
83 129
83 165
83 228
83 255
83 262
83 273
83 294
84 125
84 127
84 145
84 177
84 178
84 212
84 223
84 255
84 258
84 296
85 106
85 137
85 204
85 235
85 243
85 247
85 284
86 89
86 128
86 145
86 159
86 229
86 242
86 264
87 91
87 92
87 94
87 96
87 109
87 118
87 160
87 166
87 224
87 226
88 133
88 146
88 189
88 205
88 217
88 221
88 241
88 253
88 257
88 283
88 285
88 286
88 289
89 91
89 120
89 174
89 180
89 192
89 205
89 246
89 274
89 292
90 91
90 112
90 126
90 135
90 149
90 156
90 159
90 173
90 195
90 227
90 238
90 249
90 274
90 287
91 104
91 152
91 156
91 167
91 172
91 173
91 184
91 207
91 209
91 216
91 244
92 111
92 120
92 124
92 228
92 261
92 269
92 281
92 285
92 293
93 114
93 125
93 254
93 267
93 269
93 275
93 292
94 112
94 113
94 138
94 159
94 161
94 167
94 171
94 206
94 208
94 209
94 215
94 227
94 241
94 270
94 278
94 290
95 108
95 118
95 137
95 139
95 142
95 152
95 164
95 176
95 196
95 209
95 220
95 239
95 257
95 271
96 110
96 125
96 147
96 157
96 185
96 204
96 225
96 274
96 284
97 114
97 149
97 153
97 173
97 176
97 201
97 209
97 267
97 277
97 294
98 103
98 121
98 140
98 142
98 150
98 157
98 269
98 278
98 285
99 161
99 164
100 121
100 140
100 168
100 228
100 245
100 252
100 260
100 276
100 277
100 281
100 299
101 107
101 120
101 129
101 138
101 148
101 169
101 193
101 195
101 234
101 246
101 291
101 292
101 298
102 114
102 118
102 119
102 122
102 123
102 159
102 170
102 177
102 210
102 242
102 295
103 170
103 172
103 173
103 189
103 197
103 201
103 214
103 221
103 247
103 249
103 271
103 285
104 115
104 133
104 205
104 206
104 219
104 269
104 279
105 187
105 192
105 208
105 219
105 246
105 253
105 296
106 114
106 139
106 180
106 206
106 230
106 261
106 277
106 279
106 287
107 110
107 124
107 154
107 157
107 160
107 165
107 174
107 220
107 224
107 226
107 234
107 241
108 125
108 133
108 141
108 182
108 209
108 232
108 248
108 274
109 181
109 189
109 192
109 197
109 225
109 278
109 289
110 112
110 146
110 152
110 175
110 219
110 233
110 236
110 256
110 269
110 272
110 281
110 298
111 124
111 138
111 168
111 169
111 201
111 219
111 263
111 267
111 272
111 281
112 114
112 128
112 152
112 155
112 192
112 196
112 210
112 228
112 256
112 258
112 283
112 293
113 145
113 199
113 216
113 218
113 240
113 249
113 264
113 284
114 120
114 132
114 153
114 157
114 164
114 171
114 195
114 241
114 269
114 286
114 293
115 184
115 215
115 229
115 237
115 254
116 127
116 133
116 139
116 148
116 154
116 160
116 173
116 182
116 203
116 280
116 287
117 204
117 215
117 226
117 253
117 276
117 289
117 296
118 126
118 147
118 168
118 195
118 210
118 230
118 274
118 287
118 296
119 128
119 140
119 168
119 177
119 210
119 228
119 244
119 251
119 252
119 265
119 284
119 293
120 146
120 148
120 159
120 165
120 178
120 227
120 230
120 232
120 254
120 263
120 265
120 266
120 295
121 123
121 125
121 134
121 143
121 182
121 243
121 258
122 125
122 129
122 131
122 169
122 193
122 233
122 246
122 249
122 255
122 259
123 139
123 160
123 191
123 218
123 222
123 247
123 265
123 281
123 287
123 290
124 133
124 266
124 286
125 158
125 174
125 177
125 204
125 206
125 230
125 249
125 278
125 289
126 146
126 149
126 156
126 165
126 189
126 208
126 251
126 256
127 133
127 138
127 144
127 145
127 208
127 216
127 228
127 231
127 243
127 254
127 265
127 284
127 292
128 165
128 169
128 235
128 276
128 278
128 298
129 151
129 198
129 200
129 221
129 238
129 247
129 257
129 269
129 281
130 169
130 250
130 263
130 276
131 137
131 145
131 156
131 171
131 233
131 238
131 262
131 284
132 136
132 144
132 173
132 192
132 212
132 227
132 253
132 266
132 292
133 160
133 179
133 188
133 209
133 250
133 256
134 146
134 189
134 198
134 208
134 210
134 221
134 227
134 235
134 250
134 266
135 136
135 151
135 157
135 172
135 181
135 201
135 208
135 227
135 290
135 297
136 200
136 203
136 215
136 221
136 229
136 231
136 251
136 263
136 295
137 151
137 160
137 178
137 189
137 201
137 211
137 214
137 219
137 226
137 233
137 239
137 245
137 247
137 250
137 266
137 297
138 146
138 190
138 207
138 217
138 236
138 239
138 266
138 270
139 142
139 145
139 149
139 156
139 159
139 179
139 194
139 216
139 223
139 238
139 267
139 276
139 279
139 286
140 168
140 174
140 218
140 261
141 146
141 202
141 248
141 250
141 259
141 273
141 289
142 163
142 184
142 234
142 266
142 291
143 156
143 159
143 165
143 180
143 192
143 203
143 218
143 227
143 269
144 165
144 224
144 251
144 265
144 270
145 149
145 180
145 183
145 192
145 203
145 213
145 231
145 235
145 251
145 259
145 280
145 281
146 147
146 156
146 161
146 171
146 177
146 186
146 197
146 215
146 231
146 232
146 265
146 285
147 164
147 165
147 215
147 219
147 275
147 285
148 162
148 176
148 177
148 191
148 192
148 202
148 204
148 212
148 245
148 259
148 262
148 280
149 176
149 190
149 204
149 224
149 231
149 248
149 249
149 252
149 254
150 157
150 167
150 213
150 218
150 236
150 254
151 157
151 194
151 226
151 243
151 272
151 297
152 168
152 170
152 173
152 210
152 223
152 227
152 238
152 242
152 252
152 263
153 199
153 209
153 212
153 220
154 192
154 203
154 238
154 245
154 261
154 283
154 286
155 198
155 212
155 246
156 164
156 173
156 174
156 208
156 227
156 229
156 252
156 277
156 286
156 289
157 192
157 223
157 228
157 237
157 251
157 278
158 178
158 198
158 260
159 167
159 174
159 188
159 196
159 234
159 297
160 177
160 192
160 205
160 252
160 279
160 286
160 289
161 164
161 168
161 175
161 198
161 246
161 268
162 190
162 225
162 240
162 290
162 298
163 165
163 202
163 234
163 249
164 199
164 210
164 215
164 224
164 243
164 277
165 179
165 214
165 228
165 239
165 266
166 173
166 198
166 201
166 227
166 235
166 237
166 253
166 264
167 168
167 222
167 262
167 263
167 287
167 295
168 228
168 234
169 183
169 186
169 201
169 237
169 262
169 270
169 293
170 199
170 230
170 275
170 280
171 185
171 186
171 211
171 235
171 249
171 264
171 268
171 275
171 299
172 206
172 212
172 232
172 234
172 252
172 268
172 284
173 179
173 199
173 209
173 222
173 229
173 251
173 253
173 257
173 272
174 202
174 216
174 252
174 260
174 271
175 182
175 195
175 199
175 215
175 216
175 222
175 224
175 227
175 264
175 269
175 271
175 298
175 299
176 180
176 182
176 215
176 217
176 222
176 224
176 247
176 258
176 280
176 289
176 294
177 182
177 199
177 205
177 239
177 273
177 291
178 201
178 209
178 220
178 230
178 267
179 204
179 221
179 234
179 271
179 280
180 187
180 193
180 248
180 257
180 263
181 213
181 225
181 231
181 238
181 272
181 289
182 201
182 229
182 258
182 260
182 298
183 209
183 254
183 272
183 275
184 202
184 249
184 252
184 286
184 290
185 188
185 194
185 248
185 299
186 201
186 205
186 207
186 211
186 240
186 253
186 260
187 195
187 212
187 235
187 241
187 290
188 271
188 278
188 288
189 195
189 259
189 261
189 264
189 295
190 231
190 244
190 261
190 289
191 228
191 252
191 287
191 298
192 220
192 226
192 249
192 273
193 215
193 231
193 253
193 254
193 299
194 211
194 221
194 226
194 237
194 269
194 275
194 284
195 230
195 233
195 243
195 253
195 254
195 277
196 207
196 214
196 237
196 241
196 278
196 288
197 207
197 226
197 227
197 265
197 270
197 298
198 214
198 215
198 224
198 230
198 234
198 252
198 259
198 271
198 290
199 203
199 230
199 239
199 257
199 297
200 219
200 232
200 251
200 260
200 271
201 248
201 256
201 268
201 289
202 206
202 208
202 261
202 270
202 276
203 211
203 228
203 229
203 249
203 261
203 291
203 298
204 209
204 234
204 246
204 281
204 293
204 299
205 207
205 212
205 214
205 225
205 246
205 288
206 209
206 222
206 244
207 225
207 252
207 295
208 213
208 216
208 218
208 228
208 238
208 239
208 249
208 266
208 280
209 231
209 242
209 243
209 248
209 257
209 291
210 251
210 271
210 295
211 219
211 232
211 260
211 298
212 282
212 297
213 224
213 248
213 294
214 228
214 256
214 280
214 281
214 292
214 294
214 296
215 231
215 290
216 231
216 238
216 248
217 263
217 288
218 232
218 252
218 265
218 267
218 289
219 228
219 283
219 293
220 226
220 228
220 249
220 262
220 269
221 222
221 259
222 247
222 259
222 269
222 270
223 265
223 291
224 255
224 262
224 268
224 287
224 297
225 233
225 281
226 228
226 247
226 265
226 280
227 260
227 265
228 240
228 259
228 260
228 268
228 289
228 295
229 281
229 283
229 296
229 297
230 236
230 243
231 244
231 250
231 261
231 298
232 289
232 294
233 234
233 242
233 262
233 264
234 276
235 241
235 242
235 252
237 263
237 282
237 288
238 249
238 251
238 252
238 271
238 272
239 249
239 283
239 284
239 293
240 260
240 264
240 274
241 251
241 282
241 283
241 299
242 284
243 244
243 284
243 288
244 290
245 246
245 262
245 270
245 283
245 286
245 295
246 255
246 293
246 294
248 297
250 264
251 266
251 277
252 292
253 264
253 268
253 277
254 257
254 265
254 279
254 297
254 299
255 260
255 276
255 298
256 272
256 288
256 291
257 279
257 294
258 273
258 279
258 289
258 295
259 269
259 293
260 274
260 284
260 287
261 286
262 267
262 272
262 274
262 282
263 277
263 286
263 296
264 273
264 280
264 283
264 287
264 290
265 299
266 277
266 281
267 271
267 297
268 282
272 284
272 294
273 275
273 287
274 285
274 298
275 280
275 283
276 280
276 292
277 291
278 292
280 284
284 287
289 296
290 294
290 298
