300 2730 0.2
0 31
0 57
0 66
0 72
0 77
0 105
0 158
0 186
0 187
0 188
0 195
0 234
0 245
0 253
0 255
1 4
1 32
1 42
1 56
1 66
1 69
1 70
1 79
1 102
1 129
1 141
1 149
1 161
1 187
1 216
1 224
1 235
1 253
1 281
1 285
1 288
2 7
2 30
2 59
2 63
2 68
2 106
2 108
2 116
2 151
2 177
2 188
2 195
2 219
2 231
2 243
2 294
3 13
3 36
3 43
3 67
3 85
3 91
3 98
3 108
3 109
3 127
3 130
3 132
3 133
3 151
3 193
3 206
3 241
3 276
4 10
4 11
4 50
4 54
4 58
4 82
4 113
4 175
4 211
4 212
4 229
4 255
4 292
5 8
5 9
5 16
5 17
5 25
5 27
5 41
5 88
5 89
5 94
5 95
5 97
5 105
5 107
5 119
5 151
5 166
5 190
5 226
5 230
5 242
5 252
5 254
5 269
5 278
5 291
5 292
5 295
5 297
5 298
6 15
6 34
6 36
6 40
6 49
6 59
6 70
6 154
6 159
6 160
6 161
6 165
6 171
6 179
6 188
6 193
6 200
6 230
6 256
6 297
7 11
7 27
7 49
7 115
7 119
7 136
7 148
7 149
7 159
7 204
7 239
7 247
7 248
7 280
7 285
7 292
8 10
8 47
8 80
8 110
8 175
8 176
8 189
8 200
8 206
8 232
9 19
9 32
9 59
9 104
9 105
9 138
9 151
9 164
9 166
9 195
9 216
9 219
9 232
9 260
9 275
9 282
9 293
9 296
10 11
10 66
10 82
10 113
10 126
10 127
10 131
10 140
10 143
10 149
10 167
10 189
10 193
10 198
10 214
10 236
10 254
10 279
11 22
11 29
11 61
11 76
11 115
11 126
11 161
11 176
11 179
11 205
11 209
11 228
11 258
11 277
11 291
11 293
12 16
12 36
12 45
12 61
12 93
12 105
12 108
12 120
12 121
12 139
12 140
12 182
12 208
12 225
12 228
12 230
12 232
12 278
13 42
13 53
13 72
13 85
13 97
13 154
13 157
13 173
13 188
13 203
13 205
13 210
13 220
13 275
14 55
14 56
14 60
14 74
14 106
14 150
14 165
14 170
14 184
14 186
14 201
14 205
14 226
14 235
14 246
14 252
14 263
14 268
15 24
15 42
15 55
15 73
15 75
15 86
15 88
15 98
15 99
15 143
15 146
15 175
15 182
15 185
15 191
15 194
15 205
15 215
15 229
15 274
16 73
16 82
16 94
16 95
16 109
16 111
16 137
16 148
16 168
16 185
16 187
16 225
16 271
16 284
17 18
17 24
17 27
17 52
17 54
17 62
17 63
17 73
17 93
17 120
17 143
17 155
17 171
17 228
17 231
17 232
17 240
17 249
17 256
17 258
17 288
17 291
18 48
18 59
18 61
18 82
18 139
18 147
18 149
18 172
18 189
18 211
18 220
18 229
18 240
18 254
18 265
19 21
19 23
19 61
19 76
19 93
19 103
19 139
19 153
19 231
19 276
19 294
20 28
20 111
20 137
20 157
20 166
20 180
20 194
20 198
20 207
20 217
20 233
20 251
20 281
20 282
21 24
21 43
21 63
21 83
21 99
21 103
21 131
21 139
21 148
21 153
21 183
21 186
21 192
21 210
21 226
21 229
21 269
21 273
21 296
22 37
22 70
22 78
22 113
22 118
22 124
22 157
22 168
22 182
22 189
22 198
22 199
22 230
22 234
22 268
22 278
22 291
23 26
23 48
23 68
23 91
23 105
23 123
23 127
23 143
23 155
23 163
23 182
23 194
23 216
23 217
23 221
24 155
24 179
24 184
24 191
24 213
24 219
24 232
24 246
24 248
24 279
24 285
24 296
25 39
25 49
25 65
25 101
25 104
25 114
25 130
25 132
25 137
25 173
25 181
25 221
25 228
25 231
25 239
25 248
25 270
25 293
26 59
26 67
26 80
26 101
26 125
26 150
26 153
26 178
26 224
26 233
26 271
27 55
27 60
27 82
27 93
27 98
27 100
27 106
27 114
27 130
27 135
27 141
27 166
27 185
27 197
27 212
27 243
27 266
27 272
27 283
28 38
28 60
28 61
28 76
28 89
28 94
28 114
28 129
28 131
28 159
28 166
28 174
28 202
28 212
28 227
28 238
28 269
28 274
29 44
29 78
29 91
29 101
29 115
29 118
29 132
29 149
29 150
29 171
29 179
29 180
29 195
29 208
29 225
29 247
29 271
29 276
29 278
29 289
29 295
30 54
30 66
30 80
30 83
30 116
30 121
30 154
30 156
30 166
30 174
30 185
30 246
30 250
31 39
31 40
31 51
31 58
31 61
31 72
31 86
31 116
31 129
31 159
31 186
31 190
31 209
31 210
31 236
31 243
31 251
31 268
31 274
32 35
32 51
32 52
32 68
32 110
32 117
32 135
32 155
32 160
32 171
32 172
32 181
32 189
32 208
32 257
32 275
32 280
32 291
33 35
33 40
33 47
33 54
33 66
33 69
33 80
33 100
33 107
33 110
33 112
33 115
33 147
33 196
33 198
33 214
33 215
33 220
33 224
33 233
33 239
33 262
33 266
33 299
34 37
34 68
34 74
34 85
34 86
34 95
34 102
34 120
34 138
34 160
34 180
34 185
34 197
34 208
34 212
34 228
34 242
34 249
34 278
35 50
35 66
35 76
35 84
35 86
35 107
35 109
35 115
35 145
35 151
35 169
35 170
35 188
35 219
35 226
35 232
35 263
35 276
35 289
36 60
36 67
36 84
36 141
36 146
36 232
36 255
36 277
37 73
37 87
37 97
37 99
37 100
37 110
37 129
37 136
37 139
37 179
37 194
37 216
37 243
37 270
37 278
38 71
38 88
38 92
38 98
38 101
38 104
38 115
38 125
38 157
38 173
38 189
38 190
38 197
38 233
38 239
38 286
39 48
39 86
39 105
39 109
39 114
39 158
39 159
39 164
39 197
39 200
39 201
39 209
39 218
39 225
39 276
40 45
40 50
40 60
40 72
40 73
40 88
40 92
40 117
40 129
40 146
40 151
40 165
40 198
40 201
40 213
40 229
40 231
40 261
40 262
40 264
40 265
40 294
40 299
41 91
41 96
41 102
41 116
41 120
41 132
41 154
41 230
42 48
42 62
42 65
42 115
42 116
42 125
42 126
42 153
42 170
42 172
42 178
42 189
42 212
42 222
42 229
42 239
42 242
42 244
42 255
43 44
43 47
43 53
43 87
43 95
43 145
43 161
43 171
43 196
43 208
43 215
43 246
43 255
43 264
43 286
43 293
44 56
44 68
44 79
44 111
44 120
44 131
44 140
44 150
44 152
44 158
44 187
44 193
44 228
44 229
44 230
44 268
44 291
45 73
45 74
45 104
45 113
45 126
45 127
45 165
45 169
45 180
45 186
45 193
45 215
45 228
45 231
45 260
45 267
45 274
45 286
45 290
46 47
46 51
46 52
46 53
46 57
46 98
46 113
46 129
46 146
46 153
46 178
46 201
46 217
46 220
46 223
46 237
46 250
46 261
46 279
46 297
47 50
47 56
47 70
47 83
47 104
47 165
47 166
47 178
47 181
47 206
47 215
47 222
47 225
47 237
47 242
47 248
47 259
47 267
47 272
47 274
48 50
48 53
48 73
48 74
48 89
48 101
48 135
48 138
48 139
48 144
48 151
48 177
48 190
48 220
48 223
48 225
48 234
48 261
48 272
49 57
49 95
49 110
49 120
49 147
49 165
49 185
49 186
49 192
49 194
49 249
49 263
49 281
50 56
50 61
50 86
50 97
50 117
50 127
50 133
50 156
50 164
50 232
50 268
50 271
50 279
50 286
51 77
51 81
51 85
51 89
51 102
51 152
51 154
51 160
51 184
51 189
51 199
51 218
51 238
51 243
51 249
51 267
51 272
51 295
52 65
52 68
52 83
52 87
52 88
52 147
52 149
52 154
52 181
52 185
52 196
52 202
52 218
52 231
52 269
52 284
52 287
52 298
53 54
53 62
53 66
53 77
53 97
53 100
53 151
53 165
53 195
53 220
53 233
53 258
53 259
53 260
53 266
54 59
54 81
54 85
54 87
54 92
54 100
54 122
54 132
54 135
54 149
54 154
54 155
54 219
54 226
54 227
54 283
55 104
55 130
55 134
55 170
55 172
55 197
55 224
55 238
55 243
55 276
55 299
56 71
56 76
56 79
56 92
56 96
56 117
56 125
56 153
56 187
56 188
56 215
56 250
56 254
56 280
56 292
56 293
57 61
57 186
57 198
57 215
57 228
57 233
57 256
57 266
57 277
58 61
58 90
58 103
58 140
58 145
58 176
58 180
58 211
58 221
58 229
58 235
58 276
59 63
59 82
59 91
59 94
59 122
59 152
59 153
59 158
59 163
59 167
59 177
59 179
59 184
59 264
59 291
59 296
60 61
60 69
60 97
60 116
60 122
60 147
60 150
60 163
60 175
60 183
60 185
60 186
60 198
60 200
60 222
60 260
60 262
60 265
60 275
60 296
61 85
61 94
61 104
61 111
61 131
61 139
61 174
61 175
61 241
61 252
61 260
61 274
62 81
62 105
62 138
62 175
62 179
62 199
62 207
62 229
62 250
62 255
62 271
63 68
63 73
63 79
63 80
63 102
63 104
63 114
63 134
63 138
63 187
63 196
63 204
63 229
63 241
63 247
63 255
64 74
64 92
64 108
64 109
64 117
64 122
64 136
64 138
64 158
64 169
64 170
64 207
64 208
64 223
64 233
64 237
64 246
64 253
64 266
64 271
64 272
65 78
65 136
65 138
65 142
65 174
65 223
65 225
65 243
65 244
65 247
65 257
65 260
65 281
66 73
66 85
66 87
66 90
66 130
66 183
66 199
66 213
66 243
66 262
66 269
66 274
66 287
66 289
66 298
67 73
67 100
67 125
67 144
67 174
67 197
67 233
67 249
67 253
67 263
67 264
67 287
68 86
68 94
68 96
68 123
68 131
68 186
68 188
68 202
68 268
68 281
68 283
69 121
69 133
69 145
69 151
69 171
69 185
69 259
69 269
70 75
70 88
70 99
70 116
70 125
70 162
70 176
70 202
70 208
70 209
70 232
70 238
70 295
70 296
71 80
71 100
71 184
71 185
71 200
71 211
71 226
71 251
71 261
71 276
71 294
72 86
72 106
72 115
72 117
72 152
72 158
72 196
72 232
72 259
72 280
73 84
73 88
73 90
73 107
73 140
73 190
73 229
73 236
73 274
73 295
74 127
74 145
74 159
74 162
74 223
74 226
74 228
74 237
74 241
74 242
74 261
74 269
74 278
74 286
75 95
75 106
75 125
75 142
75 145
75 169
75 182
75 213
75 215
75 216
75 225
75 228
75 252
75 255
75 278
75 298
76 93
76 111
76 120
76 148
76 155
76 157
76 172
76 173
76 184
76 190
76 215
76 219
76 239
76 240
76 245
77 78
77 82
77 100
77 126
77 129
77 138
77 167
77 168
77 198
77 201
77 209
77 262
77 263
78 88
78 111
78 125
78 149
78 178
78 199
78 208
78 228
78 285
79 83
79 92
79 103
79 106
79 108
79 114
79 133
79 199
79 224
79 248
79 288
80 89
80 117
80 148
80 159
80 164
80 181
80 187
80 230
80 231
80 255
80 264
80 267
80 268
81 89
81 111
81 132
81 133
81 148
81 151
81 172
81 193
81 196
81 220
81 226
81 238
81 268
81 270
81 278
82 131
82 143
82 144
82 189
82 193
82 204
82 225
82 252
82 254
82 259
82 291
82 297
83 103
83 110
83 137
83 163
83 225
83 250
83 258
83 274
83 276
84 115
84 148
84 199
84 209
84 225
84 254
84 262
84 272
84 281
84 288
85 98
85 110
85 120
85 121
85 129
85 134
85 143
85 175
85 183
85 185
85 201
85 205
85 207
85 240
85 241
85 244
85 270
85 273
85 290
85 291
86 88
86 96
86 130
86 131
86 134
86 140
86 162
86 183
86 215
86 231
86 243
86 274
87 113
87 123
87 124
87 162
87 169
87 215
87 221
87 244
87 277
87 291
87 298
88 96
88 132
88 146
88 149
88 156
88 195
88 196
88 238
88 276
89 99
89 113
89 136
89 156
89 158
89 164
89 165
89 178
89 179
89 184
89 213
89 231
89 248
89 276
89 282
89 295
90 92
90 97
90 149
90 152
90 155
90 156
90 158
90 174
90 189
90 196
90 230
90 238
90 243
90 251
90 255
90 268
90 288
91 107
91 115
91 136
91 137
91 160
91 190
91 209
91 249
91 272
91 276
92 101
92 102
92 104
92 111
92 123
92 140
92 153
92 163
92 175
92 200
92 262
92 288
92 290
93 101
93 103
93 111
93 128
93 138
93 148
93 149
93 154
93 155
93 166
93 173
93 175
93 215
93 229
93 236
93 251
93 256
93 274
93 286
94 104
94 131
94 171
94 178
94 179
94 191
94 194
94 195
94 196
94 205
94 209
94 224
94 271
94 287
95 98
95 152
95 173
95 192
95 203
95 228
95 229
95 232
95 241
95 253
95 262
95 268
95 272
96 102
96 106
96 121
96 140
96 239
96 244
96 258
96 270
96 282
96 291
97 107
97 116
97 166
97 170
97 215
97 223
97 238
98 111
98 115
98 142
98 168
98 191
98 197
98 207
98 222
98 288
98 299
99 104
99 108
99 116
99 122
99 141
99 146
99 149
99 154
99 168
99 190
99 192
99 201
99 218
99 264
99 298
100 120
100 124
100 135
100 136
100 167
100 189
100 191
100 206
100 209
100 249
100 263
100 294
101 147
101 150
101 162
101 164
101 193
101 204
101 235
101 236
101 254
101 257
101 292
101 297
101 298
102 108
102 109
102 121
102 183
102 237
102 255
102 261
102 267
102 295
103 105
103 110
103 172
103 180
103 181
103 214
103 222
103 231
103 244
103 288
104 108
104 109
104 134
104 142
104 148
104 168
104 198
104 259
104 278
105 114
105 132
105 142
105 209
105 217
105 222
105 236
105 239
105 243
105 248
105 259
106 111
106 113
106 118
106 124
106 127
106 156
106 160
106 169
106 184
106 196
106 197
106 248
106 262
106 290
107 150
107 155
107 192
107 212
107 253
107 257
107 272
108 121
108 135
108 143
108 171
108 191
108 197
108 239
108 297
109 126
109 183
109 189
109 190
109 196
109 215
109 233
109 264
109 268
110 144
110 154
110 161
110 162
110 165
110 173
110 198
110 200
110 216
110 262
110 275
110 281
111 112
111 123
111 148
111 149
111 165
111 175
111 183
111 194
111 201
111 220
111 222
111 232
111 244
111 251
111 255
111 257
111 274
111 283
111 291
112 157
112 184
112 197
112 250
112 264
112 273
112 286
112 287
112 296
112 299
113 129
113 137
113 148
113 158
113 179
113 185
113 197
113 287
114 122
114 145
114 150
114 178
114 187
114 197
114 201
114 231
114 242
114 259
114 276
115 132
115 150
115 154
115 155
115 221
115 233
115 240
115 255
115 257
115 260
115 261
115 262
116 129
116 167
116 192
116 216
116 234
116 237
116 246
116 277
116 278
116 290
116 294
116 299
117 121
117 123
117 138
117 181
117 189
117 191
117 195
117 216
117 219
117 245
117 250
117 258
117 271
117 293
117 297
118 122
118 126
118 141
118 150
118 159
118 161
118 166
118 212
118 226
118 228
118 251
118 270
118 284
119 155
119 157
119 159
119 160
119 171
119 177
119 189
119 209
119 222
119 248
119 253
119 276
119 289
119 299
120 121
120 130
120 166
120 199
120 203
120 217
120 235
120 245
120 251
120 254
120 255
120 289
121 143
121 149
121 157
121 177
121 184
121 227
121 232
121 240
121 243
122 128
122 148
122 154
122 180
122 197
122 199
122 202
122 226
122 242
122 245
122 273
122 275
122 286
122 297
123 129
123 146
123 161
123 188
123 201
123 203
123 217
123 246
123 252
124 171
124 178
124 208
124 236
124 241
124 261
124 282
125 126
125 143
125 149
125 161
125 181
125 188
125 204
125 213
125 230
125 258
125 271
125 283
125 285
125 287
126 150
126 174
126 185
126 209
126 224
126 225
126 235
126 252
126 275
126 283
126 298
127 160
127 175
127 178
127 229
127 250
127 257
127 276
127 283
128 137
128 153
128 183
128 252
128 261
128 276
128 282
128 284
128 289
128 297
129 132
129 152
129 173
129 193
129 219
129 228
129 230
129 278
129 281
130 139
130 151
130 168
130 183
130 215
130 228
130 241
130 249
130 252
130 258
130 273
130 278
130 299
131 161
131 169
131 197
131 203
131 220
131 225
131 243
131 246
131 255
131 258
131 267
131 274
131 283
131 286
131 288
131 293
131 294
131 297
131 299
132 145
132 150
132 169
132 181
132 213
132 225
132 243
132 279
132 281
133 158
133 159
133 169
133 178
133 195
133 265
133 276
133 284
133 286
134 142
134 144
134 157
134 158
134 174
134 227
134 234
134 243
134 278
134 294
135 137
135 177
135 197
135 232
135 247
135 252
135 258
135 276
135 282
136 156
136 160
136 168
136 182
136 192
136 201
136 205
136 207
136 213
136 223
136 225
136 246
136 263
136 292
137 162
137 167
137 175
137 201
137 206
137 244
137 258
137 259
137 273
137 274
137 279
138 145
138 173
138 188
138 200
138 202
138 211
138 213
138 218
138 224
138 267
138 276
138 283
139 156
139 165
139 171
139 172
139 174
139 191
139 209
139 210
139 230
139 236
139 256
139 276
140 143
140 144
140 165
140 171
140 176
140 177
140 195
140 212
140 248
140 299
141 183
141 194
141 202
141 225
141 226
141 234
141 281
141 289
142 144
142 203
142 230
142 232
142 245
142 246
142 252
142 271
142 275
142 285
143 148
143 172
143 182
143 190
143 200
143 216
143 220
143 254
143 269
143 291
143 297
144 163
144 186
144 188
144 208
144 260
144 270
144 276
144 277
145 157
146 154
146 156
146 160
146 163
146 220
146 221
146 282
146 288
146 296
147 160
147 170
147 182
147 187
147 189
147 216
147 238
147 262
147 275
147 278
147 296
148 159
148 161
148 189
148 190
148 204
148 211
148 231
148 249
148 251
148 253
148 280
148 292
149 160
149 203
149 236
149 263
149 284
149 290
149 297
150 159
150 188
150 191
150 272
150 280
150 281
150 296
151 157
151 168
151 195
151 199
151 210
151 235
151 241
151 261
151 279
152 177
152 192
152 196
152 222
152 235
152 236
152 237
152 242
152 248
152 269
152 281
153 188
153 195
153 206
153 211
153 214
153 253
153 260
153 271
153 275
153 278
153 291
154 180
154 187
154 199
154 235
154 262
154 264
155 185
155 197
155 199
155 205
155 218
155 229
155 253
155 258
155 264
155 279
156 165
156 167
156 192
156 237
156 250
156 276
156 293
157 161
157 168
157 170
157 183
157 185
157 195
157 207
157 222
157 244
157 254
157 281
158 175
158 183
158 201
158 203
158 244
158 253
158 280
158 282
158 292
159 161
159 164
159 183
159 188
159 196
159 221
159 258
159 288
159 295
160 171
160 203
160 228
160 243
160 273
160 290
160 295
161 165
161 180
161 183
161 192
161 193
161 204
161 248
161 253
161 275
161 289
162 208
162 213
162 214
162 226
162 237
162 249
162 252
162 294
162 299
163 183
163 184
163 209
163 233
163 240
163 250
163 251
163 262
164 190
164 196
164 223
164 246
164 249
164 253
164 296
165 212
165 219
165 224
165 232
165 264
165 266
165 291
166 195
166 220
166 230
166 243
166 253
166 265
166 266
166 286
166 290
166 295
167 189
167 191
167 227
167 230
167 232
167 250
167 256
167 271
167 290
167 299
168 184
168 199
168 201
168 205
168 277
168 285
169 183
169 198
169 233
169 263
169 278
169 283
170 172
170 182
170 183
170 197
170 202
170 205
170 213
170 225
170 263
170 265
170 267
171 174
171 180
171 204
171 208
171 214
171 223
171 241
172 200
172 210
172 237
172 282
172 285
172 294
173 179
173 205
173 206
173 254
173 255
173 261
173 289
174 194
174 201
174 207
174 219
174 252
174 254
174 269
175 208
175 221
175 228
175 235
175 243
175 248
175 255
175 256
175 268
175 273
175 285
176 193
176 229
176 231
176 274
176 290
177 209
177 230
177 236
177 247
177 262
177 274
177 295
178 192
178 229
178 284
178 286
179 211
179 231
179 232
179 233
179 235
179 298
180 188
180 194
180 217
180 224
180 248
180 281
180 284
181 190
181 191
181 202
181 210
181 268
182 183
182 185
182 236
182 239
182 274
182 286
183 187
183 206
183 209
183 210
183 212
183 228
183 265
183 281
183 284
183 290
184 203
184 204
184 208
184 212
184 214
184 254
184 266
184 290
185 190
185 203
185 222
185 266
185 277
185 280
185 288
186 187
186 203
186 239
186 256
186 260
186 265
186 267
186 279
187 200
187 206
187 213
187 216
187 217
187 223
187 285
187 291
187 296
188 191
188 198
188 214
188 239
188 281
188 296
188 298
189 219
189 230
189 255
189 262
189 290
190 232
190 242
190 284
190 288
190 292
190 298
191 203
191 220
191 232
191 264
191 266
191 277
191 295
191 297
192 204
192 212
192 224
192 241
192 267
192 280
192 290
192 291
192 296
193 220
193 250
193 287
194 195
194 212
194 220
194 221
194 240
194 247
194 253
194 270
194 288
194 291
195 197
195 217
195 238
195 258
195 276
195 284
195 296
196 231
196 249
196 265
196 290
197 204
197 206
197 210
197 216
197 218
197 220
197 222
197 226
197 229
197 238
197 274
197 276
198 204
198 219
198 246
198 250
198 275
198 280
198 293
198 298
199 200
199 253
199 256
199 286
199 292
200 208
200 242
200 253
200 274
200 289
201 202
201 268
201 270
201 279
201 283
201 286
202 207
202 228
202 255
202 256
202 264
202 265
202 270
202 280
202 296
202 298
203 213
203 215
203 250
203 259
203 262
203 291
204 212
204 220
204 232
204 237
204 242
204 245
204 260
204 264
204 266
204 271
204 273
205 229
205 234
205 236
205 250
205 274
205 284
206 230
206 252
206 269
207 216
207 231
207 235
207 245
207 251
207 263
207 269
207 295
208 211
208 236
208 256
208 262
208 275
208 278
208 280
208 285
209 222
209 237
209 241
209 250
209 259
209 262
209 288
210 216
210 234
210 282
210 287
210 294
211 247
211 278
212 213
212 286
212 290
212 297
213 240
214 216
214 217
214 256
214 279
215 216
215 219
215 254
215 263
215 271
215 297
216 261
217 226
217 244
217 255
217 257
217 258
217 260
217 294
217 295
218 220
218 225
218 232
218 271
218 283
218 297
219 221
219 244
219 252
219 258
219 272
219 287
219 291
220 231
220 253
220 263
220 284
221 244
221 250
221 270
221 274
222 249
222 262
222 273
222 286
223 227
223 239
223 252
223 254
223 259
223 264
223 272
223 279
223 287
224 237
224 250
224 268
224 269
224 283
224 286
225 241
225 254
225 262
225 267
225 282
225 292
226 230
226 247
226 249
226 253
227 229
227 236
227 240
227 254
227 285
227 292
228 268
228 284
228 290
228 291
229 234
229 249
229 250
229 270
229 281
230 231
230 259
230 279
230 293
231 250
231 259
231 284
231 296
231 297
232 239
232 253
232 279
232 292
232 295
233 247
233 250
233 281
234 246
234 273
234 276
234 293
234 297
235 236
235 270
235 275
236 269
237 248
237 262
237 265
237 285
237 293
238 255
239 243
239 252
239 278
240 243
240 255
240 296
241 270
241 295
242 248
242 259
242 276
242 298
243 244
243 247
243 252
243 254
243 255
243 269
244 252
244 254
245 249
245 283
246 266
246 290
246 292
247 269
247 272
247 294
248 249
248 251
248 253
248 265
248 277
249 261
249 277
250 263
250 266
251 253
251 271
251 272
251 274
251 278
252 270
253 266
254 256
254 258
254 280
255 284
256 288
256 293
257 263
257 277
257 278
258 284
258 298
259 276
261 263
261 279
261 290
262 268
262 289
263 268
263 283
263 287
263 290
264 273
264 276
264 282
265 271
265 273
265 280
265 281
266 283
267 299
268 274
268 276
269 272
269 275
271 273
272 284
273 277
273 282
274 280
274 287
275 293
276 290
276 298
277 283
277 289
278 279
278 292
280 283
281 299
282 293
282 296
284 286
284 292
286 290
289 292
292 293
292 298
293 298
