400 5687 0.2
0 33
0 45
0 62
0 66
0 73
0 86
0 104
0 117
0 152
0 180
0 194
0 206
0 232
0 235
0 259
0 262
0 279
0 290
0 332
0 333
0 337
0 346
0 382
0 398
1 4
1 5
1 31
1 46
1 57
1 108
1 112
1 144
1 155
1 163
1 218
1 229
1 231
1 243
1 244
1 263
1 277
1 294
1 303
1 319
1 336
1 368
1 378
1 392
2 4
2 22
2 36
2 39
2 46
2 48
2 65
2 68
2 72
2 93
2 99
2 101
2 102
2 117
2 120
2 126
2 134
2 176
2 177
2 178
2 204
2 221
2 222
2 232
2 233
2 240
2 245
2 271
2 279
2 330
2 333
2 344
2 363
2 383
2 398
2 399
3 5
3 8
3 28
3 31
3 34
3 65
3 68
3 111
3 125
3 153
3 158
3 168
3 178
3 201
3 204
3 205
3 210
3 213
3 233
3 249
3 254
3 257
3 272
3 284
3 287
3 338
3 345
3 360
3 366
3 385
4 16
4 28
4 45
4 64
4 145
4 184
4 188
4 214
4 234
4 240
4 266
4 309
4 336
4 364
4 374
4 378
5 6
5 7
5 39
5 46
5 58
5 61
5 91
5 119
5 121
5 139
5 144
5 159
5 169
5 177
5 181
5 192
5 195
5 201
5 214
5 225
5 226
5 227
5 239
5 252
5 254
5 263
5 275
5 292
5 297
5 305
5 312
5 333
5 336
5 384
6 18
6 25
6 34
6 49
6 59
6 73
6 83
6 87
6 91
6 105
6 115
6 116
6 120
6 152
6 162
6 187
6 210
6 217
6 219
6 249
6 252
6 265
6 288
6 303
6 334
6 345
6 346
6 350
6 354
6 364
6 365
6 382
6 394
6 395
7 34
7 46
7 49
7 59
7 67
7 69
7 73
7 112
7 165
7 168
7 191
7 203
7 206
7 231
7 241
7 253
7 269
7 272
7 290
7 300
7 318
7 327
7 337
7 349
7 358
7 373
7 375
7 384
7 388
7 392
7 393
8 42
8 59
8 64
8 101
8 113
8 122
8 127
8 135
8 142
8 149
8 198
8 206
8 223
8 227
8 236
8 245
8 253
8 267
8 268
8 286
8 297
8 298
8 363
8 386
8 390
9 14
9 36
9 71
9 74
9 103
9 150
9 161
9 182
9 201
9 204
9 225
9 228
9 254
9 258
9 266
9 288
9 302
9 317
9 318
9 340
9 348
9 353
9 356
9 358
9 361
10 22
10 30
10 52
10 61
10 64
10 67
10 74
10 97
10 109
10 135
10 147
10 156
10 158
10 162
10 182
10 189
10 231
10 250
10 251
10 270
10 276
10 301
10 311
10 327
10 351
10 360
10 374
10 378
10 381
10 387
11 14
11 28
11 68
11 72
11 81
11 84
11 85
11 105
11 161
11 228
11 234
11 235
11 250
11 251
11 282
11 315
11 325
11 333
11 335
11 342
11 362
11 371
11 380
11 393
12 18
12 19
12 85
12 117
12 120
12 121
12 124
12 136
12 151
12 183
12 199
12 221
12 222
12 223
12 254
12 281
12 316
12 328
12 332
12 377
12 378
12 391
12 395
12 398
13 23
13 29
13 34
13 35
13 59
13 93
13 125
13 126
13 170
13 190
13 216
13 218
13 265
13 272
13 287
13 298
13 301
13 303
13 308
13 315
13 322
13 330
13 362
13 373
13 380
13 399
14 22
14 29
14 34
14 44
14 62
14 81
14 130
14 144
14 145
14 167
14 190
14 200
14 202
14 206
14 207
14 208
14 213
14 225
14 233
14 247
14 270
14 279
14 280
14 283
14 284
14 302
14 312
14 324
14 325
14 330
14 381
14 389
14 391
14 399
15 42
15 62
15 67
15 84
15 91
15 103
15 107
15 111
15 124
15 126
15 137
15 150
15 151
15 180
15 185
15 194
15 197
15 212
15 228
15 237
15 245
15 249
15 260
15 266
15 273
15 275
15 285
15 286
15 291
15 294
15 314
15 315
15 333
15 338
15 342
15 372
15 373
15 378
16 20
16 53
16 59
16 66
16 76
16 94
16 97
16 98
16 99
16 102
16 134
16 145
16 146
16 163
16 175
16 178
16 180
16 183
16 200
16 203
16 229
16 230
16 232
16 264
16 288
16 318
16 347
16 352
16 384
17 20
17 38
17 46
17 74
17 80
17 86
17 90
17 119
17 124
17 126
17 148
17 171
17 176
17 212
17 229
17 239
17 258
17 265
17 282
17 284
17 294
17 300
17 309
17 334
17 340
17 375
17 390
17 393
18 40
18 53
18 60
18 61
18 67
18 80
18 103
18 105
18 107
18 192
18 193
18 207
18 215
18 246
18 247
18 254
18 268
18 275
18 276
18 296
18 300
18 320
18 326
18 337
18 341
18 347
18 357
18 383
18 392
19 30
19 31
19 36
19 44
19 47
19 49
19 58
19 73
19 77
19 105
19 115
19 139
19 143
19 171
19 186
19 212
19 213
19 217
19 219
19 239
19 248
19 254
19 262
19 264
19 267
19 288
19 292
19 298
19 329
19 337
19 384
19 393
20 38
20 42
20 65
20 66
20 80
20 97
20 113
20 116
20 132
20 155
20 162
20 166
20 170
20 175
20 180
20 196
20 207
20 228
20 247
20 250
20 256
20 280
20 309
20 334
20 369
20 370
20 384
20 390
21 53
21 80
21 94
21 110
21 131
21 155
21 180
21 193
21 199
21 211
21 217
21 224
21 230
21 241
21 255
21 272
21 286
21 299
21 340
21 341
21 346
21 384
21 391
22 23
22 31
22 56
22 65
22 111
22 131
22 132
22 143
22 146
22 165
22 168
22 186
22 201
22 218
22 229
22 231
22 235
22 242
22 261
22 264
22 281
22 309
22 342
22 345
22 357
22 365
23 24
23 61
23 62
23 65
23 95
23 117
23 157
23 171
23 173
23 180
23 181
23 183
23 215
23 218
23 229
23 265
23 268
23 284
23 313
23 336
23 359
23 363
23 365
24 82
24 96
24 107
24 113
24 120
24 141
24 165
24 206
24 217
24 224
24 228
24 234
24 243
24 281
24 286
24 287
24 290
24 297
24 315
24 325
24 332
24 346
24 372
24 377
24 396
25 47
25 55
25 87
25 100
25 108
25 114
25 123
25 128
25 177
25 204
25 230
25 260
25 265
25 270
25 272
25 283
25 371
25 389
26 42
26 45
26 47
26 70
26 74
26 79
26 85
26 86
26 99
26 127
26 137
26 140
26 145
26 176
26 205
26 231
26 235
26 237
26 249
26 253
26 272
26 275
26 284
26 314
26 353
26 357
26 360
26 368
26 371
26 374
26 399
27 38
27 56
27 59
27 67
27 89
27 95
27 111
27 124
27 132
27 164
27 183
27 207
27 217
27 242
27 249
27 255
27 257
27 288
27 291
27 292
27 301
27 311
27 321
27 343
27 363
27 373
27 375
27 393
28 31
28 67
28 77
28 82
28 107
28 114
28 122
28 131
28 139
28 141
28 153
28 185
28 196
28 220
28 238
28 242
28 256
28 260
28 262
28 276
28 280
28 291
28 344
28 350
28 397
29 35
29 65
29 69
29 77
29 81
29 87
29 90
29 129
29 144
29 154
29 201
29 217
29 218
29 225
29 255
29 293
29 301
29 324
29 331
29 343
29 372
29 390
29 399
30 36
30 37
30 63
30 85
30 114
30 129
30 149
30 226
30 244
30 259
30 260
30 267
30 277
30 282
30 292
30 302
30 307
30 316
30 323
30 341
30 361
30 362
30 366
30 385
31 34
31 39
31 47
31 71
31 85
31 117
31 137
31 147
31 184
31 188
31 191
31 199
31 211
31 220
31 233
31 253
31 259
31 294
31 349
31 354
31 381
31 390
32 75
32 78
32 89
32 91
32 130
32 144
32 165
32 175
32 180
32 181
32 199
32 200
32 203
32 220
32 223
32 228
32 259
32 264
32 265
32 272
32 274
32 312
32 319
32 320
32 334
32 349
32 384
33 36
33 41
33 47
33 51
33 60
33 101
33 121
33 136
33 140
33 147
33 159
33 180
33 212
33 220
33 242
33 247
33 250
33 254
33 297
33 334
33 363
33 386
33 391
34 39
34 43
34 57
34 61
34 78
34 90
34 101
34 108
34 109
34 110
34 116
34 128
34 137
34 138
34 146
34 168
34 174
34 177
34 191
34 197
34 217
34 218
34 228
34 232
34 233
34 269
34 281
34 292
34 299
34 300
34 313
34 325
34 327
34 346
34 347
34 351
34 373
34 390
34 397
35 41
35 50
35 53
35 78
35 106
35 124
35 137
35 143
35 162
35 199
35 200
35 232
35 239
35 244
35 249
35 266
35 272
35 284
35 297
35 326
35 328
35 345
35 347
35 351
35 388
36 39
36 41
36 43
36 49
36 57
36 80
36 84
36 96
36 99
36 105
36 113
36 114
36 122
36 123
36 158
36 161
36 184
36 209
36 216
36 223
36 227
36 238
36 241
36 250
36 264
36 274
36 302
36 321
36 323
36 341
36 356
36 375
36 389
36 393
37 39
37 93
37 155
37 160
37 172
37 269
37 271
37 283
37 327
37 351
37 383
37 386
37 389
38 39
38 41
38 47
38 81
38 99
38 108
38 137
38 171
38 194
38 196
38 204
38 218
38 235
38 242
38 250
38 254
38 269
38 277
38 288
38 291
38 316
38 319
38 324
38 343
38 371
38 378
39 68
39 91
39 99
39 161
39 165
39 181
39 186
39 198
39 207
39 209
39 221
39 246
39 257
39 268
39 269
39 279
39 280
39 326
39 333
39 338
39 371
39 382
40 45
40 74
40 92
40 123
40 128
40 143
40 149
40 152
40 170
40 184
40 185
40 205
40 213
40 226
40 230
40 241
40 247
40 271
40 291
40 296
40 297
40 311
40 340
40 347
40 360
40 370
40 373
40 392
41 44
41 63
41 84
41 90
41 104
41 105
41 123
41 126
41 127
41 150
41 154
41 166
41 169
41 214
41 222
41 257
41 266
41 281
41 291
41 329
41 331
41 354
41 359
41 369
41 391
41 392
42 64
42 70
42 79
42 98
42 126
42 128
42 141
42 142
42 157
42 170
42 177
42 180
42 200
42 203
42 215
42 217
42 219
42 235
42 255
42 282
42 321
42 339
43 52
43 69
43 78
43 91
43 116
43 127
43 134
43 158
43 184
43 222
43 237
43 252
43 282
43 283
43 304
43 310
43 335
43 342
43 348
43 365
43 397
44 83
44 85
44 96
44 107
44 108
44 115
44 126
44 127
44 129
44 146
44 151
44 155
44 160
44 170
44 172
44 189
44 194
44 206
44 216
44 228
44 247
44 248
44 257
44 277
44 286
44 293
44 319
44 335
44 346
44 376
44 381
44 384
45 63
45 68
45 69
45 94
45 100
45 105
45 117
45 118
45 119
45 158
45 184
45 235
45 239
45 245
45 246
45 250
45 267
45 343
45 351
45 368
45 369
45 385
45 392
46 97
46 99
46 107
46 116
46 130
46 174
46 177
46 204
46 238
46 239
46 254
46 262
46 268
46 275
46 297
46 298
46 303
46 323
46 328
46 344
46 360
46 366
46 379
46 387
47 53
47 62
47 66
47 84
47 88
47 103
47 110
47 150
47 160
47 171
47 178
47 184
47 191
47 201
47 223
47 239
47 255
47 261
47 279
47 302
47 323
47 352
47 361
47 377
47 379
47 380
47 389
47 399
48 53
48 65
48 104
48 132
48 145
48 178
48 184
48 202
48 218
48 230
48 259
48 269
48 293
48 299
48 316
48 321
48 333
48 335
48 345
48 347
48 375
48 379
48 389
48 397
49 53
49 57
49 65
49 68
49 111
49 114
49 122
49 134
49 154
49 163
49 178
49 179
49 181
49 184
49 240
49 241
49 246
49 264
49 268
49 302
49 306
49 321
49 329
49 373
49 394
50 58
50 68
50 71
50 82
50 84
50 85
50 87
50 107
50 158
50 159
50 184
50 188
50 191
50 232
50 275
50 279
50 301
50 325
50 333
50 348
50 355
50 365
50 376
50 398
51 52
51 53
51 57
51 68
51 69
51 74
51 88
51 92
51 124
51 146
51 148
51 155
51 173
51 180
51 181
51 246
51 257
51 258
51 260
51 270
51 278
51 292
51 295
51 317
51 342
51 348
51 356
51 367
51 371
51 376
51 390
51 391
51 393
52 74
52 80
52 91
52 108
52 127
52 141
52 161
52 165
52 175
52 188
52 196
52 206
52 213
52 224
52 226
52 248
52 249
52 297
52 313
52 342
52 369
52 377
52 396
53 72
53 82
53 151
53 156
53 191
53 210
53 214
53 220
53 243
53 254
53 272
53 279
53 286
53 288
53 291
53 301
53 307
53 310
53 330
53 344
53 379
54 89
54 91
54 98
54 101
54 137
54 164
54 167
54 172
54 190
54 216
54 227
54 236
54 242
54 270
54 282
54 310
54 315
54 316
54 317
54 330
54 336
54 352
54 384
54 393
54 396
54 398
55 58
55 59
55 74
55 75
55 95
55 125
55 141
55 153
55 177
55 195
55 212
55 221
55 226
55 228
55 273
55 293
55 299
55 306
55 312
55 337
55 339
55 363
55 386
56 87
56 93
56 98
56 106
56 111
56 151
56 162
56 165
56 168
56 170
56 183
56 192
56 193
56 218
56 240
56 241
56 242
56 243
56 277
56 283
56 305
56 311
56 312
56 316
56 322
56 356
56 378
56 379
56 383
56 386
56 392
56 395
56 397
57 63
57 68
57 100
57 110
57 111
57 112
57 115
57 122
57 129
57 163
57 171
57 180
57 203
57 259
57 266
57 298
57 306
57 309
57 322
57 326
57 330
57 353
58 76
58 79
58 103
58 162
58 180
58 184
58 198
58 205
58 213
58 242
58 255
58 261
58 279
58 281
58 285
58 287
58 289
58 308
58 313
58 318
58 332
58 335
58 339
58 341
58 376
58 377
58 379
59 62
59 100
59 129
59 135
59 198
59 201
59 213
59 216
59 251
59 277
59 282
59 285
59 289
59 294
59 310
59 312
59 337
59 369
59 376
59 389
60 82
60 130
60 133
60 146
60 162
60 179
60 186
60 195
60 205
60 211
60 235
60 241
60 254
60 258
60 263
60 269
60 284
60 303
60 317
60 324
60 332
60 360
60 366
60 373
60 388
60 394
61 72
61 127
61 135
61 160
61 165
61 194
61 215
61 220
61 221
61 241
61 246
61 265
61 293
61 325
61 329
61 352
61 372
62 70
62 76
62 103
62 107
62 108
62 145
62 148
62 152
62 157
62 160
62 167
62 168
62 179
62 180
62 183
62 186
62 206
62 211
62 212
62 245
62 331
62 349
62 363
62 366
63 70
63 76
63 84
63 88
63 104
63 116
63 117
63 123
63 136
63 148
63 149
63 156
63 165
63 173
63 179
63 182
63 209
63 236
63 261
63 267
63 276
63 327
63 354
63 356
63 363
63 382
64 86
64 151
64 152
64 156
64 168
64 172
64 189
64 199
64 201
64 218
64 229
64 246
64 251
64 300
64 304
64 315
64 334
64 336
64 342
64 370
64 383
64 386
64 389
64 396
65 74
65 87
65 88
65 95
65 97
65 112
65 118
65 131
65 143
65 168
65 182
65 192
65 206
65 216
65 223
65 264
65 328
65 339
65 359
65 369
65 398
66 103
66 106
66 121
66 138
66 144
66 164
66 198
66 218
66 222
66 224
66 226
66 232
66 271
66 283
66 291
66 323
66 331
66 341
66 359
66 373
66 377
66 386
67 69
67 92
67 107
67 148
67 155
67 175
67 191
67 200
67 211
67 214
67 231
67 237
67 264
67 266
67 329
67 332
67 353
67 371
67 382
67 384
67 397
68 79
68 92
68 94
68 112
68 128
68 165
68 184
68 190
68 202
68 216
68 227
68 228
68 265
68 274
68 301
68 311
68 318
68 328
68 363
69 114
69 116
69 131
69 149
69 166
69 170
69 185
69 194
69 195
69 210
69 227
69 239
69 270
69 278
69 280
69 292
69 303
69 304
69 307
69 337
69 346
69 354
69 356
69 367
69 379
70 75
70 81
70 85
70 87
70 95
70 100
70 104
70 107
70 108
70 112
70 138
70 142
70 145
70 160
70 166
70 176
70 231
70 247
70 254
70 257
70 299
70 303
70 310
70 328
70 346
70 368
70 384
70 394
71 74
71 77
71 81
71 85
71 95
71 99
71 108
71 159
71 164
71 182
71 230
71 274
71 287
71 313
71 321
71 324
71 332
71 339
71 344
71 345
71 356
71 365
71 374
72 87
72 108
72 111
72 130
72 135
72 148
72 252
72 276
72 277
72 278
72 287
72 305
72 313
72 324
72 331
72 335
72 362
72 369
72 395
72 399
73 94
73 102
73 105
73 119
73 125
73 127
73 141
73 150
73 154
73 163
73 170
73 202
73 215
73 247
73 265
73 268
73 269
73 287
73 329
73 335
73 346
73 349
73 354
73 366
73 369
73 373
73 375
73 387
74 77
74 80
74 87
74 103
74 111
74 113
74 149
74 204
74 210
74 214
74 225
74 241
74 242
74 245
74 264
74 270
74 278
74 286
74 287
74 293
74 294
74 327
74 339
74 341
74 357
74 359
74 375
74 378
74 380
74 388
74 392
74 398
75 84
75 95
75 99
75 101
75 125
75 190
75 198
75 210
75 234
75 243
75 247
75 258
75 271
75 302
75 306
75 307
75 309
75 337
75 352
75 359
75 365
75 384
75 396
76 79
76 89
76 93
76 119
76 121
76 122
76 125
76 154
76 171
76 174
76 188
76 201
76 266
76 289
76 332
76 340
76 359
77 94
77 110
77 120
77 145
77 168
77 172
77 206
77 222
77 237
77 267
77 274
77 279
77 280
77 284
77 304
77 306
77 316
77 329
77 339
77 346
77 371
77 373
77 395
78 96
78 97
78 102
78 126
78 132
78 152
78 176
78 201
78 258
78 273
78 292
78 296
78 359
78 360
78 384
78 390
78 396
79 98
79 113
79 132
79 138
79 155
79 169
79 174
79 187
79 213
79 214
79 221
79 232
79 236
79 248
79 252
79 253
79 267
79 281
79 288
79 290
79 310
79 370
79 372
79 384
80 94
80 112
80 120
80 127
80 139
80 149
80 155
80 161
80 164
80 189
80 194
80 199
80 207
80 221
80 227
80 234
80 255
80 266
80 269
80 278
80 297
80 314
80 315
80 323
80 333
80 345
80 348
80 393
80 395
81 94
81 107
81 114
81 138
81 141
81 176
81 206
81 218
81 234
81 243
81 244
81 258
81 273
81 274
81 286
81 311
81 317
81 324
81 345
81 356
81 358
81 389
82 91
82 113
82 137
82 140
82 158
82 188
82 192
82 198
82 199
82 200
82 205
82 213
82 216
82 229
82 262
82 270
82 282
82 286
82 290
82 291
82 292
82 317
82 319
82 330
82 339
82 371
82 389
83 123
83 147
83 182
83 184
83 198
83 199
83 214
83 224
83 246
83 265
83 267
83 268
83 289
83 292
83 299
83 383
83 394
84 89
84 107
84 129
84 167
84 177
84 186
84 216
84 220
84 231
84 248
84 254
84 257
84 259
84 272
84 277
84 354
84 355
84 378
85 87
85 128
85 175
85 177
85 192
85 197
85 224
85 234
85 261
85 263
85 292
85 295
85 317
85 319
85 334
85 340
85 368
85 373
85 394
86 95
86 100
86 104
86 122
86 149
86 153
86 163
86 171
86 181
86 204
86 243
86 254
86 255
86 263
86 264
86 268
86 289
86 298
86 313
86 321
86 346
86 359
86 393
87 89
87 118
87 128
87 141
87 156
87 170
87 173
87 181
87 189
87 198
87 206
87 228
87 232
87 237
87 255
87 267
87 294
87 301
87 305
87 311
87 319
87 342
87 349
87 352
87 357
87 386
88 92
88 99
88 136
88 138
88 141
88 155
88 160
88 170
88 178
88 201
88 211
88 216
88 219
88 254
88 255
88 259
88 282
88 300
88 314
88 322
88 325
88 328
88 329
88 332
88 347
88 354
88 368
88 377
88 396
89 98
89 106
89 135
89 137
89 151
89 166
89 178
89 181
89 189
89 208
89 215
89 228
89 255
89 264
89 321
89 328
89 340
89 341
89 343
89 353
89 361
89 366
89 375
90 96
90 113
90 147
90 159
90 162
90 176
90 208
90 216
90 227
90 245
90 292
90 344
90 358
90 376
90 378
90 385
90 393
91 93
91 94
91 102
91 112
91 115
91 164
91 183
91 192
91 203
91 205
91 216
91 218
91 222
91 238
91 248
91 259
91 303
91 307
91 309
91 320
91 350
91 356
91 357
91 367
91 380
91 383
92 99
92 114
92 145
92 153
92 182
92 241
92 248
92 250
92 282
92 295
92 298
92 303
92 306
92 328
92 367
92 371
92 380
92 391
92 398
93 95
93 113
93 119
93 120
93 147
93 155
93 168
93 170
93 173
93 182
93 184
93 185
93 190
93 211
93 217
93 235
93 260
93 261
93 299
93 307
93 314
93 315
93 318
93 321
93 328
93 337
93 377
93 382
93 389
93 399
94 98
94 106
94 111
94 114
94 115
94 123
94 125
94 131
94 178
94 215
94 237
94 257
94 292
94 345
94 348
94 358
94 378
94 385
95 111
95 120
95 125
95 129
95 140
95 150
95 181
95 186
95 197
95 220
95 241
95 250
95 269
95 288
95 303
95 306
95 330
95 381
95 382
95 387
95 395
96 99
96 101
96 120
96 129
96 139
96 140
96 142
96 151
96 173
96 188
96 252
96 256
96 257
96 271
96 282
96 320
96 325
96 343
96 346
96 356
96 358
96 371
96 381
96 386
96 399
97 167
97 173
97 178
97 200
97 222
97 236
97 269
97 274
97 278
97 301
97 329
97 331
97 333
97 336
97 357
97 359
97 366
97 370
97 386
97 397
97 398
98 125
98 128
98 131
98 135
98 158
98 168
98 170
98 246
98 258
98 282
98 291
98 314
98 327
98 358
98 388
98 390
98 396
99 105
99 144
99 149
99 167
99 176
99 182
99 196
99 216
99 226
99 231
99 234
99 244
99 265
99 269
99 285
99 292
99 304
99 311
99 334
99 337
99 341
99 355
99 369
99 381
99 383
100 126
100 145
100 149
100 157
100 159
100 173
100 199
100 204
100 217
100 228
100 234
100 273
100 308
100 311
100 353
100 361
100 385
100 391
100 392
100 399
101 111
101 138
101 158
101 169
101 171
101 218
101 246
101 252
101 310
101 341
101 352
101 357
101 370
102 110
102 113
102 143
102 176
102 205
102 276
102 282
102 296
102 307
102 317
102 321
102 328
102 339
102 352
102 368
102 369
102 378
103 104
103 115
103 120
103 123
103 137
103 172
103 184
103 225
103 241
103 242
103 251
103 270
103 276
103 287
103 291
103 295
103 304
103 310
103 314
103 326
103 341
103 349
103 350
103 363
103 370
103 376
103 383
104 107
104 111
104 130
104 144
104 147
104 151
104 158
104 165
104 171
104 172
104 182
104 199
104 220
104 238
104 243
104 260
104 278
104 311
104 319
104 347
104 352
104 369
104 385
104 391
105 122
105 152
105 170
105 191
105 209
105 224
105 236
105 240
105 294
105 344
105 350
105 355
105 376
106 117
106 120
106 125
106 146
106 173
106 188
106 203
106 204
106 214
106 219
106 232
106 266
106 277
106 320
106 325
106 326
106 336
106 353
106 355
106 363
106 390
106 395
107 110
107 118
107 133
107 154
107 198
107 207
107 226
107 252
107 281
107 293
107 295
107 304
107 332
107 354
107 365
107 371
107 383
107 391
108 121
108 125
108 127
108 131
108 169
108 182
108 186
108 193
108 196
108 202
108 206
108 208
108 211
108 230
108 270
108 301
108 325
108 345
108 359
108 365
108 369
108 380
108 381
108 393
109 123
109 134
109 144
109 154
109 161
109 166
109 208
109 211
109 217
109 234
109 239
109 252
109 254
109 258
109 321
109 370
109 383
109 389
109 394
109 399
110 125
110 143
110 145
110 164
110 166
110 174
110 191
110 216
110 224
110 227
110 231
110 242
110 255
110 275
110 280
110 299
110 301
110 305
110 329
110 335
110 347
110 350
110 370
110 375
110 390
110 394
110 396
111 125
111 127
111 132
111 145
111 154
111 161
111 168
111 183
111 197
111 198
111 223
111 227
111 228
111 243
111 254
111 268
111 269
111 309
111 313
111 330
111 336
111 363
111 382
111 391
111 397
111 399
112 113
112 130
112 131
112 143
112 172
112 185
112 187
112 203
112 209
112 230
112 247
112 253
112 270
112 300
112 309
112 328
112 363
112 365
113 184
113 218
113 224
113 228
113 239
113 271
113 280
113 281
113 283
113 385
114 132
114 149
114 152
114 157
114 163
114 170
114 174
114 203
114 213
114 217
114 221
114 224
114 251
114 266
114 279
114 306
114 329
114 338
114 359
114 372
115 145
115 162
115 167
115 179
115 198
115 249
115 251
115 252
115 256
115 260
115 262
115 273
115 297
115 298
115 307
115 308
115 322
115 337
115 338
115 339
115 362
115 363
115 367
115 374
115 381
115 384
115 396
116 136
116 143
116 170
116 196
116 208
116 213
116 227
116 244
116 273
116 275
116 282
116 358
116 360
116 367
116 390
117 133
117 142
117 160
117 162
117 226
117 232
117 239
117 280
117 298
117 299
117 305
117 312
117 330
117 349
117 371
117 373
118 132
118 133
118 150
118 158
118 199
118 210
118 230
118 246
118 247
118 257
118 280
118 289
118 294
118 312
118 315
118 316
118 321
118 330
118 331
118 332
118 338
118 349
118 350
118 352
118 358
118 377
119 132
119 135
119 136
119 147
119 148
119 169
119 172
119 195
119 200
119 216
119 228
119 235
119 238
119 253
119 265
119 283
119 306
119 335
119 356
119 368
119 395
119 398
120 134
120 190
120 199
120 206
120 224
120 230
120 248
120 264
120 269
120 278
120 314
120 317
120 324
120 334
120 390
120 391
120 397
121 122
121 182
121 185
121 189
121 194
121 195
121 200
121 217
121 238
121 259
121 291
121 292
121 327
121 333
121 366
121 377
121 390
122 126
122 129
122 131
122 139
122 142
122 154
122 166
122 174
122 196
122 224
122 226
122 233
122 265
122 277
122 296
122 301
122 303
122 305
122 314
122 316
122 323
122 344
122 349
122 354
122 366
122 379
122 387
122 390
122 395
123 140
123 150
123 152
123 153
123 172
123 176
123 194
123 231
123 232
123 248
123 275
123 307
123 313
123 325
123 332
123 340
123 341
123 362
123 376
124 141
124 146
124 149
124 163
124 213
124 215
124 242
124 250
124 255
124 256
124 266
124 267
124 270
124 303
124 309
124 366
124 376
124 377
125 126
125 132
125 137
125 144
125 161
125 191
125 196
125 286
125 299
125 307
125 319
125 329
125 343
125 365
125 372
125 374
125 385
126 131
126 139
126 151
126 154
126 173
126 178
126 257
126 262
126 282
126 294
126 308
126 342
126 345
126 360
126 379
126 381
127 130
127 138
127 147
127 199
127 207
127 209
127 210
127 233
127 235
127 264
127 274
127 297
127 298
127 313
127 365
127 378
127 390
128 152
128 199
128 201
128 221
128 235
128 271
128 289
128 303
128 307
128 328
128 339
128 366
128 379
128 385
128 387
128 394
128 397
129 134
129 150
129 151
129 154
129 184
129 195
129 196
129 208
129 282
129 306
129 355
129 362
129 369
129 370
129 396
129 398
129 399
130 132
130 202
130 212
130 248
130 249
130 258
130 259
130 261
130 263
130 266
130 274
130 293
130 320
130 329
130 362
130 389
130 391
130 393
130 395
131 142
131 147
131 160
131 183
131 184
131 198
131 199
131 204
131 215
131 229
131 232
131 247
131 251
131 269
131 283
131 304
131 309
131 329
131 340
131 349
131 358
131 376
131 386
132 135
132 155
132 163
132 171
132 176
132 186
132 187
132 198
132 207
132 255
132 261
132 268
132 271
132 292
132 304
132 368
132 391
133 141
133 150
133 162
133 168
133 170
133 181
133 188
133 190
133 211
133 215
133 244
133 257
133 265
133 274
133 275
133 278
133 279
133 307
133 351
133 355
133 362
133 380
133 390
133 393
134 156
134 166
134 186
134 196
134 247
134 260
134 292
134 306
134 310
134 320
134 333
134 334
134 348
135 148
135 171
135 184
135 186
135 188
135 206
135 214
135 222
135 247
135 248
135 267
135 302
135 312
135 332
135 346
135 353
136 137
136 142
136 151
136 156
136 158
136 166
136 199
136 216
136 235
136 244
136 268
136 288
136 289
136 299
136 308
136 311
136 313
136 335
136 369
136 389
137 143
137 202
137 207
137 219
137 223
137 233
137 234
137 250
137 260
137 277
137 279
137 299
137 301
137 311
137 314
137 389
138 141
138 145
138 146
138 189
138 190
138 204
138 209
138 218
138 230
138 244
138 260
138 270
138 285
138 295
138 297
138 306
138 309
138 313
138 323
138 353
138 388
139 141
139 150
139 151
139 154
139 161
139 165
139 198
139 223
139 224
139 238
139 240
139 275
139 296
139 304
139 317
139 321
139 331
139 349
139 365
139 369
139 390
140 141
140 147
140 152
140 158
140 166
140 224
140 234
140 265
140 270
140 272
140 273
140 275
140 289
140 303
140 322
140 342
140 368
140 379
140 387
140 392
141 158
141 181
141 184
141 214
141 215
141 218
141 231
141 235
141 237
141 259
141 262
141 273
141 292
141 314
141 315
141 324
141 337
141 338
141 363
141 386
141 391
141 397
142 153
142 177
142 185
142 212
142 215
142 228
142 230
142 231
142 235
142 255
142 256
142 269
142 273
142 279
142 291
142 351
142 378
142 386
142 388
142 391
143 155
143 170
143 187
143 209
143 224
143 239
143 246
143 256
143 264
143 273
143 278
143 290
143 302
143 303
143 308
143 311
143 316
143 319
143 347
143 348
143 355
143 363
144 157
144 168
144 183
144 189
144 192
144 198
144 212
144 215
144 219
144 225
144 258
144 263
144 281
144 302
144 308
144 314
144 345
144 359
144 381
144 394
145 149
145 151
145 157
145 166
145 168
145 174
145 176
145 212
145 218
145 221
145 239
145 241
145 250
145 260
145 291
145 294
145 338
145 368
145 385
145 387
146 178
146 186
146 209
146 214
146 219
146 228
146 230
146 265
146 272
146 300
146 310
146 397
147 154
147 161
147 169
147 177
147 191
147 238
147 247
147 255
147 312
147 315
147 317
147 319
147 320
147 338
147 349
147 360
147 368
147 391
148 156
148 168
148 178
148 202
148 211
148 228
148 229
148 231
148 233
148 246
148 254
148 275
148 282
148 321
148 331
148 337
148 352
148 362
148 364
148 388
148 396
149 167
149 175
149 179
149 180
149 193
149 211
149 213
149 245
149 273
149 274
149 327
149 347
149 356
149 359
149 389
150 154
150 166
150 169
150 194
150 199
150 202
150 209
150 223
150 229
150 239
150 248
150 263
150 300
150 312
150 317
150 324
150 349
150 355
150 369
150 376
150 385
151 153
151 154
151 156
151 170
151 172
151 208
151 209
151 234
151 270
151 273
151 283
151 299
151 315
151 327
151 339
151 342
151 343
151 351
151 358
152 191
152 194
152 217
152 221
152 222
152 252
152 259
152 263
152 282
152 298
152 301
152 318
152 323
152 325
152 326
152 351
152 360
152 388
153 154
153 164
153 199
153 201
153 207
153 228
153 233
153 241
153 262
153 279
153 295
153 320
153 334
153 343
153 350
153 375
153 376
154 164
154 175
154 186
154 204
154 206
154 209
154 248
154 256
154 276
154 290
154 293
154 304
154 307
154 311
154 327
154 328
154 330
154 331
154 333
154 340
154 366
154 381
154 397
155 161
155 192
155 217
155 233
155 246
155 258
155 259
155 278
155 282
155 288
155 292
155 321
155 325
155 349
155 389
155 395
155 399
156 160
156 162
156 190
156 249
156 269
156 295
156 300
156 303
156 323
156 324
156 328
156 358
157 160
157 175
157 181
157 196
157 201
157 229
157 239
157 249
157 271
157 280
157 287
157 290
157 295
157 296
157 298
157 322
157 326
157 330
157 339
157 343
157 347
157 361
157 366
157 377
157 384
157 390
157 394
157 397
157 399
158 169
158 174
158 194
158 200
158 227
158 237
158 258
158 263
158 281
158 372
158 393
159 165
159 167
159 182
159 199
159 200
159 206
159 217
159 222
159 233
159 241
159 243
159 310
159 311
159 316
159 318
159 327
159 328
159 345
159 346
159 349
159 352
159 367
159 386
160 180
160 190
160 208
160 228
160 239
160 266
160 269
160 278
160 288
160 297
160 300
160 322
160 398
161 195
161 216
161 230
161 241
161 245
161 248
161 252
161 255
161 310
161 313
161 340
161 386
161 389
162 209
162 222
162 238
162 264
162 269
162 292
162 293
162 319
162 333
162 371
162 382
163 169
163 173
163 179
163 181
163 192
163 193
163 194
163 233
163 242
163 283
163 291
163 298
163 318
163 319
163 356
163 365
163 370
163 371
163 393
163 396
164 174
164 177
164 210
164 215
164 222
164 240
164 245
164 249
164 269
164 280
164 305
164 323
164 326
164 328
164 348
164 367
164 376
164 381
164 399
165 204
165 258
165 263
165 264
165 275
165 305
165 308
165 326
165 343
165 348
165 359
165 398
166 185
166 187
166 188
166 198
166 206
166 230
166 247
166 306
166 310
166 342
166 361
166 363
166 370
166 375
166 388
166 396
167 182
167 203
167 232
167 238
167 250
167 303
167 305
167 309
167 320
167 329
167 340
167 357
167 361
167 371
167 376
167 381
168 173
168 174
168 203
168 212
168 221
168 257
168 260
168 270
168 279
168 294
168 299
168 308
168 327
168 358
168 381
168 394
169 175
169 202
169 226
169 260
169 272
169 286
169 291
169 301
169 314
169 323
169 325
169 343
169 348
169 387
170 182
170 199
170 231
170 232
170 284
170 302
170 330
170 342
170 346
170 376
170 384
170 390
171 216
171 228
171 243
171 246
171 250
171 260
171 300
171 316
171 317
171 384
172 174
172 225
172 251
172 264
172 266
172 321
172 333
172 341
172 344
172 345
172 353
172 356
172 389
172 394
173 174
173 192
173 194
173 197
173 215
173 221
173 239
173 244
173 259
173 281
173 291
173 293
173 295
173 332
173 334
173 344
173 375
173 390
174 176
174 187
174 198
174 200
174 223
174 234
174 246
174 266
174 271
174 272
174 277
174 293
174 302
174 308
174 368
175 192
175 197
175 204
175 205
175 227
175 230
175 243
175 260
175 274
175 294
175 300
175 302
175 327
175 329
175 335
175 348
175 355
175 374
175 396
176 181
176 185
176 189
176 213
176 281
176 305
176 309
176 313
176 317
176 322
176 333
176 344
176 361
176 363
177 190
177 207
177 216
177 217
177 246
177 271
177 272
177 277
177 291
177 296
177 298
177 302
177 305
177 336
177 338
177 366
177 371
177 393
178 189
178 201
178 205
178 218
178 243
178 249
178 257
178 261
178 266
178 287
178 293
178 351
178 352
178 383
178 394
178 397
179 207
179 228
179 239
179 258
179 272
179 273
179 281
179 282
179 297
179 304
179 329
179 364
179 369
180 198
180 205
180 206
180 222
180 230
180 236
180 238
180 250
180 256
180 269
180 270
180 298
180 304
180 317
180 318
180 354
180 360
180 375
180 382
180 393
181 199
181 206
181 210
181 214
181 238
181 242
181 248
181 250
181 254
181 275
181 277
181 295
181 307
181 323
181 374
181 397
181 398
182 232
182 238
182 244
182 247
182 261
182 296
182 298
182 307
182 325
182 336
182 338
182 360
182 362
182 389
183 186
183 226
183 229
183 270
183 285
183 292
183 296
183 297
183 308
183 323
183 325
183 349
183 361
184 191
184 196
184 199
184 200
184 201
184 212
184 217
184 218
184 223
184 287
184 290
184 293
184 294
184 333
184 337
184 355
184 361
184 368
184 394
185 208
185 219
185 250
185 254
185 255
185 278
185 285
185 303
185 317
185 346
185 380
185 386
185 388
185 395
186 191
186 212
186 236
186 244
186 262
186 275
186 276
186 278
186 290
186 299
186 300
186 315
186 321
186 333
186 354
186 357
186 359
186 363
186 374
187 192
187 195
187 200
187 202
187 212
187 216
187 234
187 240
187 249
187 262
187 275
187 288
187 291
187 293
187 306
187 311
187 315
187 316
187 331
187 346
187 365
187 366
187 383
187 391
188 193
188 211
188 223
188 232
188 240
188 256
188 259
188 291
188 306
188 318
188 326
188 338
188 340
188 351
188 377
188 381
188 395
189 199
189 204
189 221
189 223
189 228
189 233
189 248
189 307
189 321
189 339
189 355
189 379
190 191
190 209
190 216
190 219
190 227
190 249
190 262
190 265
190 282
190 286
190 304
190 323
190 324
190 328
190 345
190 346
190 378
190 390
191 202
191 283
191 310
191 327
191 332
191 339
191 342
191 343
191 347
191 373
191 379
191 389
192 218
192 223
192 226
192 238
192 256
192 257
192 273
192 276
192 286
192 290
192 304
192 306
192 318
192 329
192 352
192 357
192 361
192 364
192 389
192 390
193 199
193 207
193 209
193 220
193 224
193 239
193 245
193 262
193 264
193 280
193 296
193 310
193 317
193 326
193 332
193 340
193 344
193 347
193 367
193 368
193 377
194 197
194 201
194 209
194 237
194 239
194 240
194 244
194 263
194 268
194 275
194 299
194 309
194 312
194 332
194 335
194 336
194 385
194 387
195 206
195 211
195 217
195 264
195 325
195 367
195 378
196 197
196 230
196 238
196 251
196 262
196 289
196 303
196 313
196 326
196 392
196 393
197 211
197 219
197 223
197 225
197 226
197 235
197 245
197 261
197 273
197 291
197 294
197 299
197 325
197 327
197 335
197 339
197 343
197 351
197 373
197 375
197 376
197 392
198 231
198 235
198 243
198 301
198 306
198 308
198 334
198 343
198 355
198 363
198 364
198 371
198 399
199 200
199 201
199 203
199 207
199 221
199 279
199 313
199 321
199 322
199 333
199 335
199 342
199 345
199 348
199 361
199 387
200 205
200 206
200 224
200 249
200 277
200 281
200 292
200 301
200 325
200 332
200 341
200 381
200 390
200 399
201 212
201 230
201 234
201 235
201 278
201 299
201 302
201 303
201 330
201 345
201 363
201 372
201 384
202 208
202 240
202 247
202 259
202 275
202 294
202 301
202 302
202 330
202 334
202 370
202 373
202 374
202 390
202 394
203 206
203 222
203 237
203 238
203 254
203 261
203 265
203 269
203 308
203 318
203 329
203 343
203 359
203 372
203 377
203 389
203 390
204 218
204 233
204 247
204 271
204 281
204 291
204 298
204 357
205 209
205 231
205 234
205 259
205 274
205 281
205 283
205 285
205 286
205 291
205 296
205 298
205 299
205 302
205 322
205 337
205 355
205 367
205 373
205 399
206 241
206 243
206 244
206 257
206 259
206 260
206 261
206 309
206 336
206 341
206 378
206 397
207 245
207 250
207 290
207 305
207 314
207 331
207 346
207 364
208 239
208 240
208 264
208 310
208 340
208 356
208 361
208 367
208 381
208 384
208 389
209 240
209 255
209 256
209 311
209 312
209 320
209 342
209 354
210 234
210 236
210 251
210 265
210 272
210 277
210 296
210 311
210 316
210 320
210 321
210 325
210 332
210 336
210 342
210 348
210 351
210 384
211 217
211 226
211 259
211 270
211 318
211 373
211 376
211 395
211 396
212 216
212 222
212 240
212 259
212 260
212 293
212 296
212 306
212 337
212 341
212 350
212 384
212 385
212 386
212 391
212 392
213 219
213 243
213 247
213 255
213 262
213 269
213 288
213 303
213 319
213 328
213 330
213 333
213 335
213 344
213 351
213 370
214 218
214 238
214 255
214 261
214 283
214 300
214 310
214 335
214 346
214 389
215 239
215 242
215 254
215 259
215 283
215 286
215 287
215 312
215 316
215 325
215 340
215 341
215 348
215 371
216 217
216 232
216 244
216 297
216 311
216 317
216 331
216 388
216 389
216 393
217 252
217 264
217 286
217 287
217 300
217 308
217 319
217 331
217 335
217 354
217 359
217 367
218 244
218 249
218 253
218 258
218 281
218 292
218 296
218 322
218 335
218 339
218 351
218 361
218 365
218 381
218 391
218 398
219 229
219 230
219 254
219 283
219 308
219 312
219 333
219 334
219 346
219 353
219 386
219 389
219 393
219 397
219 398
220 245
220 262
220 298
220 301
220 304
220 308
220 309
220 324
220 329
220 357
220 360
220 389
221 226
221 266
221 271
221 278
221 296
221 312
221 348
221 354
221 355
221 386
221 395
222 228
222 237
222 239
222 265
222 270
222 271
222 342
222 364
222 368
222 385
223 230
223 250
223 279
223 298
223 326
223 331
223 332
223 340
223 352
223 353
223 370
223 390
224 241
224 248
224 259
224 260
224 274
224 319
224 324
224 330
224 353
224 369
224 378
224 396
224 398
224 399
225 230
225 239
225 243
225 248
225 301
225 376
225 392
225 397
226 229
226 264
226 265
226 282
226 290
226 299
226 319
226 325
226 328
226 342
226 365
226 377
226 389
226 392
227 229
227 253
227 258
227 278
227 303
227 306
227 332
227 342
227 356
227 365
227 377
227 383
227 390
228 229
228 245
228 250
228 253
228 255
228 261
228 265
228 271
228 282
228 290
228 299
228 320
228 347
228 358
228 391
229 230
229 234
229 238
229 241
229 260
229 268
229 270
229 291
229 297
229 322
229 328
229 333
229 344
229 362
229 365
229 374
229 392
229 395
229 398
230 244
230 279
230 282
230 287
230 288
230 328
230 335
230 371
230 389
230 398
230 399
231 234
231 243
231 253
231 254
231 270
231 294
231 301
231 307
231 312
231 332
231 337
231 359
231 369
231 375
231 378
231 381
231 382
232 240
232 256
232 268
232 285
232 299
232 331
232 354
232 361
232 363
232 364
232 365
232 380
232 382
233 244
233 248
233 259
233 274
233 294
233 332
233 334
233 355
233 360
233 368
233 370
233 372
233 373
233 380
233 394
234 249
234 258
234 259
234 274
234 299
234 338
234 346
234 351
234 358
234 388
235 236
235 244
235 245
235 250
235 263
235 273
235 287
235 300
235 306
235 338
235 358
235 359
236 249
236 254
236 263
236 276
236 283
236 284
236 297
236 307
236 312
236 335
236 352
236 381
237 242
237 247
237 261
237 272
237 276
237 303
237 323
237 325
237 330
237 364
237 390
237 395
238 269
238 272
238 284
238 287
238 352
238 355
238 380
238 388
238 389
239 254
239 263
239 273
239 280
239 316
239 361
239 367
240 250
240 260
240 262
240 271
240 296
240 301
240 311
240 312
240 316
240 340
240 349
240 356
240 363
240 365
240 366
241 249
241 264
241 290
241 312
241 327
241 333
241 347
241 391
241 392
242 248
242 300
242 302
242 309
242 312
242 313
242 324
242 375
243 246
243 274
243 324
243 329
243 342
243 345
243 359
243 369
243 370
243 375
243 382
243 384
244 252
244 273
244 282
244 286
244 287
244 297
244 307
244 313
244 315
244 320
244 345
244 358
244 375
244 377
244 380
244 382
244 385
244 389
244 391
244 397
244 398
245 250
245 260
245 270
245 274
245 281
245 296
245 297
245 307
245 313
245 319
245 329
245 333
245 335
245 337
245 346
245 361
245 384
245 389
246 267
246 275
246 306
246 307
246 348
246 352
246 360
246 370
246 378
246 386
246 391
246 398
247 254
247 271
247 276
247 295
247 297
247 301
247 303
247 307
247 313
247 327
247 329
247 350
247 357
247 372
247 373
247 385
247 387
247 392
248 264
248 270
248 282
248 291
248 305
248 316
248 322
248 326
248 333
248 337
248 349
248 352
248 355
248 361
248 368
248 372
248 386
249 251
249 256
249 264
249 268
249 298
249 302
249 307
249 310
249 339
249 345
249 353
249 364
250 253
250 254
250 259
250 268
250 284
250 297
250 305
250 309
250 317
250 335
250 362
250 368
250 372
250 388
250 391
251 262
251 275
251 276
251 278
251 282
251 287
251 297
251 307
251 348
251 376
251 392
252 276
252 278
252 293
252 294
252 299
252 302
252 315
252 332
252 336
252 345
252 358
252 368
252 373
252 391
253 258
253 285
253 287
253 296
253 314
253 357
253 365
253 392
253 395
254 271
254 276
254 292
254 316
254 353
254 365
254 392
254 399
255 260
255 266
255 304
255 340
255 353
255 354
255 385
256 309
256 333
256 358
257 297
257 298
257 364
257 384
257 395
257 396
257 397
258 271
258 293
258 295
258 297
258 302
258 308
258 321
258 349
258 357
258 371
258 372
258 377
258 394
259 264
259 294
259 305
259 344
259 376
259 399
260 271
260 287
260 302
260 316
260 352
260 374
260 379
261 262
261 288
261 301
261 363
261 375
261 386
262 293
262 294
262 308
262 311
262 316
262 325
262 327
262 331
262 332
262 337
262 359
262 372
262 386
263 275
263 295
263 313
263 317
263 342
263 364
263 370
263 378
264 287
264 288
264 295
264 315
264 347
264 374
264 377
264 387
265 278
265 286
265 297
265 323
265 329
265 348
265 364
265 378
265 388
266 302
266 345
266 357
266 359
266 361
266 370
266 376
266 392
267 272
267 273
267 282
267 331
267 345
267 356
267 358
267 372
267 384
267 387
267 395
267 396
268 270
268 287
268 305
268 315
268 357
268 367
269 289
269 293
269 311
269 334
269 358
269 382
270 271
270 283
270 285
270 310
270 347
270 360
270 384
270 392
270 393
271 316
271 319
271 346
271 383
272 274
272 294
272 308
272 326
272 330
272 333
272 346
272 350
272 354
272 356
272 391
272 397
273 282
273 308
273 335
273 339
273 343
273 346
273 387
273 389
273 396
274 294
274 297
274 301
274 319
274 325
274 332
274 338
274 375
274 380
275 286
275 295
275 311
275 312
275 317
275 321
275 329
275 358
275 361
275 364
275 370
275 389
275 395
275 398
276 280
276 283
276 297
276 299
276 309
276 347
276 356
276 358
276 359
276 368
277 278
277 282
277 284
277 292
277 328
277 335
277 342
277 343
277 359
277 367
277 379
277 386
278 313
278 316
278 355
278 378
278 383
279 283
279 335
279 337
279 370
279 375
280 293
280 324
280 327
280 346
280 353
280 364
280 372
280 382
281 291
281 315
281 381
281 385
282 287
282 295
282 300
282 315
282 331
282 394
283 296
283 316
283 328
283 329
283 330
283 331
283 336
283 338
283 348
283 373
283 386
283 398
284 292
284 294
284 314
284 356
284 371
284 386
285 299
285 308
285 319
285 320
285 321
285 345
285 351
285 353
285 360
285 377
285 391
285 394
286 291
286 301
286 312
286 319
286 330
286 344
286 356
286 379
286 381
287 291
287 292
287 306
287 322
287 341
287 384
288 295
288 320
288 349
288 350
288 369
288 383
288 388
288 389
288 398
289 309
289 312
289 327
289 329
289 331
289 349
289 361
289 379
290 295
290 304
290 307
290 329
290 369
291 292
291 293
291 324
291 342
291 370
291 373
291 380
291 381
291 390
292 294
292 313
292 322
292 367
292 376
293 301
293 325
293 330
293 341
293 353
293 388
294 300
294 306
294 324
294 334
294 366
294 377
294 385
294 388
294 389
295 311
295 340
295 344
295 350
295 357
295 362
295 388
295 397
296 302
296 308
296 343
296 360
297 304
297 306
297 312
297 316
297 337
297 344
297 366
297 395
297 399
298 336
298 342
298 349
298 386
299 348
299 349
299 362
299 372
299 376
299 381
300 340
300 346
300 352
300 366
300 373
300 395
301 310
301 330
301 338
301 358
301 367
301 399
302 348
302 360
302 363
303 321
303 332
303 336
303 358
303 371
303 374
303 377
303 387
303 394
304 308
304 311
304 334
304 345
304 346
304 354
304 357
304 358
304 370
304 382
304 393
305 319
305 325
305 356
305 370
305 377
306 346
306 382
306 392
307 327
307 333
307 348
307 389
308 314
308 320
308 335
308 337
308 340
308 380
308 383
308 399
309 310
309 344
309 366
309 368
309 371
309 383
310 316
310 322
310 360
310 393
311 313
311 323
311 329
311 332
311 334
311 335
311 339
311 341
311 343
311 352
311 372
311 377
312 323
312 342
312 358
312 375
312 389
312 397
312 398
313 318
313 323
313 334
313 336
313 339
313 351
313 356
313 360
313 387
313 390
313 395
314 339
314 365
314 370
314 398
315 316
315 322
315 328
315 350
315 368
315 380
316 340
316 354
316 365
317 323
317 336
317 345
317 366
317 368
317 398
318 320
318 324
318 385
318 394
318 397
319 339
319 341
319 354
319 367
319 377
319 386
319 394
319 396
320 352
320 363
320 368
320 384
320 393
321 327
321 339
321 353
321 372
321 389
321 392
322 325
322 362
322 373
322 396
322 398
323 325
323 337
323 341
323 347
323 356
323 391
324 325
324 337
324 344
324 373
325 343
325 345
325 366
325 367
325 369
325 377
325 394
327 345
327 346
327 374
328 338
328 340
328 346
328 373
328 374
328 392
329 338
329 357
329 376
329 382
329 387
329 393
330 332
330 335
330 336
330 340
330 374
330 395
331 333
331 338
331 339
331 340
331 341
331 345
331 359
331 361
331 363
331 383
332 343
332 348
332 355
332 368
332 371
332 390
333 343
333 362
333 367
334 344
334 345
334 368
334 375
334 389
335 355
335 357
335 367
335 381
335 395
336 373
336 378
336 386
336 390
336 398
337 363
337 372
337 377
337 388
337 395
338 358
338 363
338 371
338 377
338 379
338 387
338 392
338 394
338 398
339 381
339 390
340 379
340 391
341 344
341 353
341 361
341 362
341 381
341 388
341 394
341 398
342 345
342 347
342 353
342 365
342 376
342 387
343 369
343 375
343 381
344 347
344 356
344 377
344 390
344 395
345 359
345 361
345 363
345 380
345 382
346 353
346 380
347 380
348 356
348 364
349 368
349 381
349 397
350 362
350 384
351 384
352 366
352 393
353 377
353 384
353 387
354 372
354 391
355 359
355 367
355 373
355 374
355 375
355 391
355 394
355 399
356 359
356 379
356 389
357 380
357 386
358 382
359 361
359 390
360 396
361 374
361 392
361 394
362 369
362 398
363 365
363 380
363 385
364 371
364 373
364 393
365 374
365 397
365 399
366 397
367 377
367 397
368 379
368 384
368 386
368 399
369 375
370 390
370 398
371 386
371 396
372 373
372 379
372 398
373 378
373 383
374 382
374 392
375 377
375 382
375 389
376 377
376 395
377 385
377 388
379 383
379 395
379 396
380 388
381 385
381 388
381 389
382 399
383 392
385 397
388 394
393 394
