300 3458 0.8
0 10
0 11
0 18
0 41
0 69
0 79
0 85
0 89
0 91
0 105
0 127
0 130
0 136
0 169
0 188
0 198
0 265
0 293
1 3
1 26
1 33
1 46
1 57
1 95
1 97
1 98
1 125
1 131
1 140
1 142
1 145
1 147
1 148
1 156
1 183
1 188
1 206
1 210
1 213
1 217
1 242
1 250
1 272
1 290
1 297
1 299
2 17
2 19
2 26
2 38
2 39
2 61
2 62
2 66
2 80
2 93
2 106
2 114
2 119
2 123
2 143
2 145
2 149
2 150
2 159
2 171
2 179
2 187
2 196
2 219
2 233
2 241
2 254
2 259
3 34
3 51
3 60
3 69
3 70
3 73
3 76
3 88
3 120
3 138
3 146
3 147
3 154
3 161
3 165
3 167
3 178
3 195
3 211
3 229
3 245
3 247
3 257
3 272
3 292
3 294
4 11
4 24
4 64
4 65
4 75
4 77
4 93
4 108
4 123
4 124
4 128
4 132
4 134
4 152
4 154
4 157
4 163
4 171
4 180
4 185
4 197
4 198
4 204
4 220
4 263
4 264
5 13
5 34
5 35
5 67
5 85
5 115
5 119
5 149
5 156
5 172
5 205
5 242
5 246
5 265
5 269
5 270
5 274
5 284
6 7
6 9
6 11
6 34
6 42
6 58
6 88
6 91
6 112
6 114
6 117
6 118
6 144
6 157
6 170
6 188
6 194
6 213
6 216
6 238
6 240
6 252
6 258
6 292
6 294
7 17
7 60
7 69
7 85
7 98
7 112
7 153
7 156
7 164
7 184
7 203
7 207
7 234
7 237
7 260
7 268
7 273
7 299
8 34
8 46
8 69
8 89
8 94
8 100
8 101
8 134
8 139
8 142
8 143
8 182
8 201
8 205
8 212
8 214
8 226
8 233
8 282
8 285
9 15
9 28
9 33
9 47
9 53
9 79
9 119
9 137
9 142
9 148
9 159
9 163
9 168
9 172
9 194
9 195
9 204
9 212
9 230
9 247
9 266
9 285
9 291
9 294
9 295
10 16
10 44
10 67
10 74
10 84
10 139
10 158
10 179
10 193
10 231
10 252
10 256
10 270
10 293
10 296
11 30
11 65
11 66
11 89
11 99
11 106
11 122
11 125
11 153
11 173
11 176
11 185
11 226
11 239
11 243
11 255
12 17
12 27
12 35
12 36
12 42
12 60
12 61
12 68
12 69
12 76
12 117
12 118
12 135
12 170
12 192
12 206
12 210
12 225
12 229
12 231
12 238
12 251
12 256
12 258
12 273
13 25
13 37
13 44
13 55
13 56
13 67
13 84
13 117
13 133
13 137
13 145
13 164
13 185
13 188
13 189
13 213
13 232
13 244
13 263
13 265
14 42
14 52
14 64
14 74
14 80
14 97
14 131
14 137
14 155
14 160
14 184
14 273
14 276
14 278
14 288
15 47
15 57
15 59
15 60
15 62
15 69
15 77
15 87
15 88
15 99
15 102
15 114
15 120
15 147
15 158
15 168
15 180
15 181
15 188
15 199
15 220
15 236
15 239
15 253
15 266
15 276
15 293
16 26
16 29
16 34
16 75
16 98
16 102
16 110
16 146
16 148
16 156
16 183
16 190
16 191
16 197
16 222
16 232
16 242
16 254
16 256
16 259
16 267
16 269
16 275
16 277
17 18
17 25
17 28
17 40
17 93
17 112
17 143
17 169
17 177
17 178
17 193
17 201
17 202
17 218
17 228
17 231
17 242
17 250
17 260
17 261
17 285
17 292
17 293
18 23
18 49
18 57
18 64
18 69
18 81
18 90
18 118
18 142
18 144
18 147
18 159
18 181
18 191
18 199
18 236
18 247
18 249
18 251
19 44
19 73
19 79
19 123
19 162
19 213
19 218
19 235
19 244
19 256
19 261
19 282
19 283
20 35
20 39
20 46
20 55
20 61
20 89
20 94
20 115
20 119
20 129
20 139
20 145
20 156
20 157
20 164
20 179
20 187
20 190
20 192
20 193
20 243
20 253
20 260
20 264
20 269
20 286
20 293
20 296
21 56
21 60
21 66
21 89
21 90
21 119
21 121
21 143
21 150
21 171
21 177
21 181
21 214
21 226
21 231
21 243
21 247
21 251
21 273
21 287
21 290
21 291
22 34
22 42
22 64
22 66
22 73
22 116
22 118
22 125
22 131
22 142
22 143
22 145
22 157
22 177
22 229
22 239
22 244
22 260
22 264
22 294
22 296
22 297
23 28
23 87
23 104
23 121
23 132
23 138
23 140
23 150
23 156
23 172
23 192
23 229
23 233
23 238
23 240
23 250
23 253
23 259
23 284
23 287
24 42
24 43
24 44
24 62
24 89
24 104
24 108
24 118
24 121
24 132
24 134
24 141
24 155
24 173
24 181
24 182
24 187
24 196
24 208
24 229
24 246
24 248
24 250
24 275
24 293
25 30
25 39
25 53
25 55
25 61
25 69
25 72
25 82
25 100
25 124
25 134
25 138
25 143
25 144
25 150
25 165
25 172
25 179
25 185
25 188
25 213
25 214
25 228
25 234
25 240
25 248
25 256
25 260
25 264
25 280
25 294
26 55
26 60
26 71
26 87
26 97
26 118
26 120
26 161
26 189
26 197
26 220
26 233
26 253
26 255
26 260
26 264
26 267
26 283
26 284
27 90
27 104
27 112
27 120
27 123
27 128
27 167
27 178
27 186
27 189
27 196
27 227
27 228
27 230
27 235
27 236
28 50
28 58
28 90
28 146
28 151
28 174
28 189
28 201
28 203
28 205
28 208
28 209
28 238
28 249
28 262
28 298
29 35
29 39
29 41
29 57
29 65
29 70
29 71
29 99
29 102
29 118
29 163
29 173
29 181
29 198
29 202
29 211
29 225
29 230
29 248
29 250
29 265
29 280
29 282
29 298
30 43
30 46
30 86
30 102
30 135
30 140
30 148
30 150
30 154
30 160
30 161
30 196
30 231
30 232
30 238
30 249
30 252
30 257
30 260
30 261
30 283
30 298
31 45
31 66
31 70
31 87
31 96
31 105
31 108
31 142
31 179
31 187
31 211
31 214
31 218
31 219
31 224
31 227
31 236
31 250
31 274
31 275
31 284
31 290
32 35
32 39
32 55
32 62
32 71
32 75
32 84
32 89
32 95
32 98
32 102
32 116
32 124
32 128
32 131
32 138
32 145
32 167
32 174
32 175
32 188
32 206
32 210
32 213
32 234
32 263
33 40
33 86
33 89
33 101
33 144
33 153
33 160
33 170
33 173
33 183
33 212
33 222
33 274
33 284
33 292
33 293
34 59
34 75
34 76
34 78
34 83
34 84
34 88
34 100
34 107
34 133
34 140
34 142
34 166
34 178
34 197
34 198
34 204
34 209
34 212
34 215
34 229
34 237
34 245
34 283
35 44
35 50
35 55
35 58
35 59
35 73
35 90
35 91
35 106
35 153
35 167
35 171
35 189
35 200
35 202
35 225
35 230
35 232
35 234
35 237
35 249
35 272
36 40
36 44
36 54
36 58
36 60
36 61
36 109
36 124
36 171
36 174
36 212
36 236
36 241
36 248
36 253
36 263
36 268
36 288
37 38
37 50
37 70
37 72
37 78
37 84
37 90
37 96
37 126
37 127
37 136
37 149
37 152
37 153
37 169
37 177
37 200
37 204
37 239
37 248
37 250
37 267
37 283
38 42
38 66
38 67
38 81
38 97
38 112
38 119
38 151
38 155
38 161
38 185
38 206
38 210
38 216
38 222
38 223
38 234
38 249
38 273
38 278
39 43
39 46
39 65
39 77
39 79
39 84
39 98
39 119
39 122
39 133
39 153
39 164
39 183
39 199
39 207
39 229
39 230
39 235
39 251
39 266
39 271
39 272
39 281
39 283
39 284
40 51
40 61
40 64
40 145
40 150
40 155
40 156
40 178
40 182
40 195
40 196
40 220
40 246
40 257
40 260
40 267
40 278
41 59
41 114
41 137
41 162
41 163
41 168
41 182
41 193
41 196
41 216
41 221
41 229
41 230
41 233
41 244
41 261
41 267
41 271
41 277
41 286
41 294
42 55
42 68
42 117
42 137
42 149
42 157
42 163
42 164
42 204
42 235
42 240
42 267
42 289
42 292
43 50
43 59
43 81
43 114
43 123
43 125
43 131
43 159
43 162
43 177
43 192
43 198
43 211
43 234
43 243
43 262
43 270
43 280
43 283
43 287
43 288
43 294
44 76
44 100
44 110
44 121
44 145
44 151
44 172
44 179
44 185
44 219
44 227
44 246
44 249
44 266
44 277
44 285
44 291
44 299
45 47
45 65
45 97
45 100
45 103
45 123
45 142
45 145
45 173
45 202
45 215
46 51
46 53
46 69
46 70
46 73
46 85
46 86
46 111
46 188
46 232
46 241
46 254
46 276
46 298
47 59
47 95
47 97
47 102
47 111
47 120
47 142
47 143
47 146
47 154
47 176
47 181
47 198
47 205
47 210
47 226
47 262
47 265
47 273
47 275
47 282
47 284
48 60
48 76
48 101
48 105
48 112
48 138
48 141
48 168
48 172
48 228
48 244
48 251
48 264
48 277
48 294
49 52
49 58
49 120
49 129
49 148
49 152
49 164
49 172
49 177
49 182
49 192
49 248
49 252
49 255
49 280
49 288
49 290
49 298
50 53
50 73
50 83
50 107
50 114
50 121
50 127
50 136
50 157
50 171
50 179
50 197
50 203
50 206
50 211
50 216
50 224
50 225
50 273
50 274
50 294
51 84
51 102
51 106
51 125
51 141
51 146
51 154
51 158
51 199
51 200
51 211
51 212
51 225
51 244
51 245
51 260
51 265
51 266
51 269
51 273
51 284
51 285
51 295
52 56
52 57
52 64
52 101
52 112
52 117
52 123
52 136
52 208
52 223
52 230
52 248
52 251
52 254
52 279
52 295
53 81
53 85
53 110
53 112
53 120
53 150
53 190
53 195
53 240
53 264
54 68
54 69
54 76
54 88
54 106
54 119
54 147
54 156
54 184
54 194
54 195
54 201
54 220
54 230
54 277
54 283
55 83
55 86
55 96
55 114
55 116
55 147
55 151
55 152
55 167
55 196
55 211
55 233
55 251
55 268
55 281
55 283
55 290
55 296
56 74
56 94
56 101
56 103
56 112
56 120
56 127
56 132
56 137
56 162
56 170
56 188
56 209
56 210
56 215
56 242
56 248
56 258
56 279
56 286
57 132
57 133
57 146
57 151
57 157
57 165
57 171
57 189
57 221
57 244
57 246
58 66
58 67
58 75
58 87
58 124
58 139
58 165
58 194
58 213
58 222
58 298
59 76
59 83
59 85
59 89
59 116
59 132
59 135
59 143
59 160
59 171
59 183
59 197
59 202
59 227
59 243
59 260
59 263
59 274
60 68
60 75
60 98
60 110
60 132
60 141
60 156
60 157
60 168
60 170
60 172
60 184
60 193
60 200
60 211
60 213
60 241
60 275
60 285
61 63
61 74
61 84
61 88
61 89
61 96
61 131
61 141
61 146
61 188
61 215
61 257
61 260
61 264
61 290
62 91
62 97
62 103
62 105
62 107
62 143
62 188
62 191
62 194
62 206
62 243
62 261
62 296
63 64
63 66
63 70
63 71
63 73
63 99
63 107
63 108
63 111
63 130
63 144
63 146
63 157
63 160
63 164
63 168
63 179
63 188
63 194
63 211
63 216
63 237
63 245
63 249
63 260
63 286
64 71
64 77
64 110
64 121
64 123
64 131
64 143
64 156
64 159
64 161
64 162
64 164
64 190
64 201
64 220
64 233
64 241
64 251
64 265
64 287
64 294
65 76
65 79
65 84
65 85
65 104
65 133
65 140
65 159
65 161
65 180
65 186
65 190
65 196
65 208
65 217
65 253
65 272
65 292
66 71
66 81
66 83
66 94
66 123
66 134
66 153
66 158
66 160
66 178
66 183
66 189
66 195
66 221
66 236
66 239
66 298
67 74
67 91
67 92
67 93
67 94
67 132
67 173
67 198
67 205
67 241
67 246
67 254
67 260
67 276
67 277
67 278
67 289
68 71
68 114
68 115
68 121
68 126
68 158
68 165
68 176
68 178
68 192
68 197
68 211
68 215
68 224
68 231
68 236
68 259
68 276
69 82
69 87
69 92
69 103
69 106
69 117
69 137
69 153
69 156
69 168
69 174
69 184
69 190
69 197
69 202
69 203
69 207
69 254
69 266
69 276
69 289
70 73
70 78
70 120
70 121
70 143
70 154
70 182
70 197
70 218
70 253
70 256
70 259
70 274
70 276
70 280
70 297
71 76
71 87
71 90
71 92
71 121
71 155
71 167
71 168
71 169
71 180
71 186
71 199
71 220
71 225
71 254
71 279
72 123
72 128
72 134
72 142
72 147
72 165
72 217
72 255
72 262
72 265
72 268
72 272
72 286
72 295
73 91
73 95
73 105
73 117
73 122
73 123
73 125
73 155
73 185
73 205
73 227
73 240
73 253
73 258
73 273
73 288
73 291
73 298
74 90
74 122
74 127
74 128
74 136
74 151
74 155
74 159
74 168
74 186
74 196
74 214
74 223
74 231
74 235
74 240
74 245
74 256
74 257
74 279
74 281
74 285
74 290
74 294
75 106
75 123
75 131
75 146
75 161
75 187
75 220
75 222
75 225
75 226
75 228
75 231
75 239
75 273
75 278
75 283
76 108
76 125
76 130
76 135
76 142
76 146
76 149
76 156
76 161
76 166
76 168
76 170
76 189
76 197
76 202
76 203
76 267
76 278
77 88
77 118
77 120
77 132
77 133
77 134
77 143
77 168
77 178
77 195
77 211
77 212
77 216
77 230
77 236
77 267
77 284
77 285
77 292
78 90
78 127
78 159
78 167
78 179
78 227
78 233
78 238
78 246
78 259
78 260
78 277
78 291
79 87
79 93
79 97
79 101
79 107
79 118
79 163
79 180
79 224
79 229
79 258
79 259
79 262
79 266
79 281
80 88
80 116
80 152
80 155
80 189
80 206
80 207
80 215
80 254
80 261
80 296
81 87
81 93
81 102
81 148
81 170
81 176
81 197
81 202
81 229
81 231
81 238
81 243
81 249
81 260
81 266
81 270
82 87
82 98
82 105
82 112
82 133
82 137
82 143
82 144
82 168
82 172
82 188
82 193
82 213
82 230
82 239
82 249
82 251
82 276
82 297
83 102
83 111
83 119
83 129
83 134
83 140
83 152
83 171
83 180
83 200
83 210
83 223
83 255
83 257
83 278
83 286
83 295
84 93
84 95
84 121
84 132
84 136
84 163
84 172
84 175
84 190
84 191
84 213
84 215
84 220
84 253
84 263
84 274
84 294
84 296
85 121
85 154
85 155
85 175
85 185
85 189
85 194
85 196
85 200
85 206
85 230
85 236
85 252
85 258
85 259
85 273
85 279
86 102
86 114
86 122
86 135
86 145
86 163
86 180
86 183
86 198
86 202
86 229
86 231
86 243
86 266
86 284
86 288
87 111
87 114
87 134
87 136
87 145
87 167
87 196
87 197
87 258
87 265
87 269
87 299
88 103
88 147
88 163
88 164
88 180
88 214
88 225
88 234
88 246
88 250
88 251
88 257
88 259
88 287
88 298
89 92
89 93
89 100
89 104
89 126
89 142
89 155
89 183
89 196
89 205
89 235
89 236
89 237
89 254
89 261
89 266
89 268
89 276
89 278
89 283
89 286
90 108
90 115
90 117
90 122
90 138
90 166
90 173
90 176
90 201
90 207
90 225
90 232
90 246
90 247
90 279
90 280
90 290
90 293
91 94
91 95
91 115
91 116
91 118
91 121
91 122
91 142
91 144
91 145
91 148
91 150
91 196
91 207
91 215
91 219
91 231
91 248
91 250
91 257
91 262
91 270
91 290
91 295
92 115
92 143
92 145
92 152
92 154
92 164
92 170
92 184
92 190
92 208
92 215
92 249
92 256
92 261
92 274
92 286
93 122
93 127
93 147
93 175
93 198
93 211
93 226
93 248
93 280
94 125
94 135
94 145
94 176
94 189
94 216
94 222
94 228
94 235
94 240
94 254
94 255
94 275
94 290
94 295
95 106
95 117
95 132
95 139
95 140
95 149
95 153
95 166
95 168
95 181
95 183
95 185
95 220
95 230
95 243
95 250
95 274
95 280
95 290
95 291
95 298
96 106
96 118
96 128
96 131
96 153
96 180
96 182
96 202
96 204
96 224
96 237
96 261
96 268
96 273
96 283
97 142
97 146
97 158
97 181
97 198
97 207
97 220
97 229
97 234
98 99
98 106
98 128
98 131
98 135
98 145
98 152
98 182
98 192
98 198
98 199
98 237
98 240
98 244
98 261
98 267
98 270
98 272
98 276
98 285
98 289
99 100
99 101
99 124
99 127
99 144
99 155
99 210
99 228
99 237
99 252
99 272
100 120
100 122
100 159
100 182
100 186
100 194
100 208
100 234
100 243
100 245
100 252
100 254
100 258
100 299
101 107
101 111
101 116
101 118
101 132
101 135
101 174
101 195
101 202
101 220
101 227
101 236
101 256
101 258
101 272
101 282
101 289
101 298
102 131
102 142
102 143
102 181
102 205
102 206
102 215
102 221
102 234
102 253
102 262
102 265
102 270
102 281
103 114
103 118
103 132
103 136
103 156
103 158
103 213
103 226
103 227
103 232
103 238
103 252
103 253
103 255
103 265
103 277
103 289
103 294
104 117
104 123
104 129
104 140
104 151
104 152
104 160
104 163
104 167
104 168
104 185
104 215
104 225
104 245
104 249
104 251
104 259
104 266
104 270
104 271
104 273
104 274
104 281
104 291
105 124
105 130
105 133
105 156
105 191
105 220
105 237
105 244
105 249
105 265
105 296
106 118
106 124
106 136
106 137
106 141
106 144
106 148
106 183
106 218
106 224
106 226
106 238
106 258
106 261
106 278
106 289
107 120
107 132
107 135
107 139
107 140
107 141
107 142
107 160
107 184
107 197
107 199
107 205
107 212
107 233
107 246
107 270
107 272
107 278
108 109
108 112
108 114
108 119
108 123
108 138
108 149
108 163
108 170
108 200
108 215
108 231
108 233
108 245
108 250
108 269
108 277
108 278
108 294
108 298
109 120
109 132
109 143
109 151
109 157
109 181
109 182
109 188
109 197
109 221
109 223
109 226
109 227
109 241
109 260
109 262
109 265
109 287
110 124
110 134
110 146
110 150
110 159
110 178
110 187
110 189
110 194
110 206
110 212
110 227
110 235
110 243
110 258
110 273
110 297
111 113
111 127
111 130
111 153
111 167
111 207
111 210
111 232
111 248
111 258
111 264
111 274
111 278
111 297
112 118
112 126
112 146
112 151
112 161
112 193
112 196
112 203
112 233
112 242
112 271
112 290
112 293
112 299
113 126
113 159
113 162
113 206
113 217
113 218
113 229
113 235
113 265
113 278
113 279
113 291
113 297
114 115
114 149
114 161
114 169
114 201
114 216
114 224
114 225
114 243
114 268
115 116
115 121
115 123
115 126
115 167
115 187
115 191
115 200
115 202
115 262
115 263
115 266
115 269
115 270
115 284
116 120
116 132
116 133
116 158
116 163
116 181
116 197
116 209
116 225
116 238
116 245
116 273
116 277
116 293
117 119
117 159
117 166
117 185
117 217
117 224
117 236
117 241
117 253
117 257
117 264
117 280
117 292
117 295
118 131
118 143
118 163
118 175
118 179
118 184
118 187
118 205
118 208
118 210
118 217
118 221
118 223
118 226
118 252
118 256
118 262
119 123
119 149
119 168
119 184
119 200
119 249
119 254
119 268
119 271
120 121
120 138
120 183
120 194
120 234
120 244
120 270
120 271
120 282
121 122
121 131
121 145
121 152
121 154
121 169
121 184
121 209
121 212
121 222
121 230
121 233
121 239
121 242
121 245
121 247
121 265
121 272
121 288
121 299
122 123
122 149
122 159
122 160
122 162
122 172
122 175
122 182
122 183
122 199
122 216
122 222
122 224
122 236
122 241
122 263
122 269
122 271
122 287
122 293
123 143
123 157
123 161
123 162
123 165
123 176
123 185
123 193
123 203
123 224
123 225
123 230
123 232
123 233
123 250
123 252
123 278
123 280
123 287
124 130
124 141
124 160
124 205
124 209
124 230
124 236
124 284
124 295
124 296
125 149
125 152
125 170
125 173
125 193
125 220
125 234
125 253
125 283
125 286
126 128
126 129
126 145
126 154
126 164
126 181
126 187
126 198
126 215
126 221
126 226
126 229
126 272
126 293
126 296
127 131
127 150
127 162
127 168
127 169
127 203
127 209
127 215
127 218
127 225
127 269
127 272
127 294
128 145
128 167
128 174
128 185
128 190
128 210
128 218
128 219
128 228
128 241
128 257
128 290
129 132
129 139
129 165
129 189
129 199
129 220
129 224
129 277
129 290
130 132
130 138
130 141
130 168
130 188
130 189
130 200
130 202
130 206
130 219
130 220
130 223
130 260
130 278
130 279
130 280
130 294
130 299
131 133
131 136
131 158
131 190
131 205
131 208
131 229
131 231
131 234
131 236
131 240
131 243
131 251
131 267
131 277
131 278
131 291
132 136
132 153
132 179
132 196
132 200
132 218
132 226
132 228
132 256
132 257
132 259
132 293
132 298
133 164
133 169
133 175
133 177
133 180
133 204
133 246
133 254
133 265
133 272
133 283
133 286
133 290
133 297
134 135
134 147
134 160
134 162
134 173
134 184
134 192
134 193
134 281
134 284
134 286
134 294
134 296
135 141
135 145
135 162
135 167
135 177
135 185
135 212
135 221
135 235
135 237
135 238
135 253
135 265
135 267
135 270
135 294
136 158
136 195
136 213
136 228
136 231
136 233
136 239
136 245
136 261
136 264
136 267
136 270
136 290
136 293
137 145
137 183
137 187
137 201
137 218
137 246
137 250
137 256
137 259
137 271
137 277
137 284
137 291
138 142
138 157
138 165
138 168
138 175
138 200
138 211
138 216
138 232
138 238
138 256
138 266
138 275
138 279
138 282
138 287
139 157
139 169
139 207
139 208
139 220
139 234
139 248
139 250
139 264
139 275
139 277
140 141
140 143
140 167
140 173
140 174
140 192
140 200
140 233
140 235
140 237
140 244
140 246
140 247
140 259
140 262
140 267
140 297
140 298
141 155
141 171
141 174
141 175
141 180
141 222
141 237
141 240
141 244
141 245
141 247
141 251
141 257
141 261
141 267
141 282
141 295
141 297
142 155
142 167
142 185
142 186
142 200
142 230
142 244
142 248
142 254
142 280
142 288
142 295
142 296
143 145
143 161
143 168
143 186
143 187
143 197
143 205
143 211
143 258
143 260
143 266
143 275
143 294
143 297
144 159
144 178
144 189
144 190
144 220
144 260
144 268
144 269
144 278
144 280
144 287
145 200
145 221
145 233
145 250
145 255
145 256
145 263
145 264
145 268
145 279
145 287
146 178
146 188
146 194
146 217
146 250
146 251
146 277
147 148
147 153
147 157
147 191
147 220
147 235
147 239
147 247
147 267
147 275
147 295
148 155
148 156
148 160
148 163
148 185
148 205
148 212
148 226
148 229
148 245
148 249
148 276
148 278
148 281
148 287
148 296
149 177
149 178
149 179
149 181
149 192
149 226
149 235
149 244
149 253
149 273
149 280
149 289
150 161
150 162
150 169
150 186
150 209
150 217
150 223
150 227
150 234
150 254
150 286
150 289
150 290
150 292
150 299
151 199
151 213
151 219
151 221
151 225
151 237
151 238
151 239
151 258
151 267
151 268
151 294
152 161
152 179
152 221
152 227
152 230
152 232
152 234
152 237
152 238
152 247
152 263
152 267
152 270
152 274
152 292
152 297
153 159
153 165
153 179
153 187
153 192
153 193
153 200
153 211
153 212
153 257
153 260
153 262
153 285
153 293
154 178
154 188
154 189
154 220
154 230
154 251
154 256
154 261
154 263
154 265
154 283
155 188
155 192
155 201
155 208
155 209
155 210
155 219
155 224
155 243
155 263
155 276
155 278
155 287
156 163
156 174
156 179
156 199
156 200
156 223
156 237
157 168
157 192
157 202
157 229
157 248
157 256
157 286
157 295
157 298
158 229
158 231
158 237
158 239
158 244
158 251
159 186
159 187
159 189
159 210
159 212
159 215
159 225
159 227
159 233
159 274
159 281
159 289
159 294
160 168
160 187
160 207
160 216
160 232
160 233
160 236
160 286
161 173
161 176
161 197
161 276
161 281
161 285
161 289
162 169
162 175
162 181
162 182
162 195
162 217
162 224
162 233
162 237
162 248
162 259
162 267
162 280
162 287
162 293
163 169
163 187
163 204
163 207
163 223
163 225
163 226
163 228
163 239
163 242
163 248
163 252
163 256
163 268
163 279
163 296
163 297
164 166
164 174
164 189
164 205
164 217
164 246
164 248
164 251
164 256
164 266
165 187
165 189
165 191
165 192
165 205
165 218
165 222
165 230
165 241
165 299
166 169
166 179
166 183
166 196
166 199
166 208
166 212
166 217
166 235
166 236
167 170
167 176
167 182
167 220
167 237
167 243
167 263
167 277
167 281
167 289
168 172
168 178
168 180
168 183
168 216
168 227
168 232
168 240
168 250
168 258
168 279
168 280
168 289
168 299
169 171
169 178
169 186
169 187
169 201
169 202
169 206
169 208
169 220
169 239
169 248
169 262
169 271
169 281
169 283
170 190
170 193
170 209
170 214
170 228
170 241
170 248
170 268
170 272
171 176
171 189
171 198
171 204
171 233
171 237
171 243
171 264
171 265
171 290
171 292
171 298
172 180
172 194
172 205
172 206
172 219
172 222
172 226
172 232
172 235
172 239
172 241
172 258
172 262
172 273
172 275
172 281
172 285
172 290
172 299
173 182
173 204
173 237
173 243
173 250
173 254
173 276
174 183
174 199
174 216
174 237
174 238
174 242
174 246
174 262
174 294
175 190
175 200
175 203
175 213
175 226
175 229
175 240
175 247
175 250
175 257
175 280
175 290
176 194
176 221
176 228
176 244
176 247
176 261
176 263
176 265
176 277
176 285
176 286
176 290
177 182
177 189
177 193
177 194
177 202
177 209
177 222
177 224
177 231
177 274
177 299
178 185
178 187
178 204
178 207
178 216
178 221
178 227
178 236
178 247
178 295
179 180
179 223
179 228
179 250
179 256
179 278
179 279
180 181
180 189
180 190
180 194
180 203
180 225
180 227
180 244
180 275
180 284
180 294
181 185
181 194
181 203
181 231
181 235
181 246
182 191
182 195
182 199
182 214
182 240
182 257
182 259
182 266
182 280
182 286
182 297
183 217
183 248
184 212
184 215
184 218
184 221
184 229
184 249
184 251
184 254
184 277
184 288
184 294
185 190
185 213
185 224
185 238
185 239
185 286
185 297
186 190
186 210
186 213
186 215
186 288
187 194
187 201
187 222
187 226
187 250
187 261
187 267
187 287
188 211
188 214
188 224
188 226
188 233
188 246
188 251
188 271
188 278
188 289
189 215
189 216
189 240
189 244
189 265
189 270
189 278
189 288
190 218
190 228
190 271
190 284
190 292
191 197
191 201
191 225
191 230
191 238
191 267
191 270
191 282
192 204
192 216
192 220
192 226
192 238
192 297
193 198
193 201
193 215
193 221
193 235
193 265
193 268
193 286
193 297
194 203
194 215
194 220
194 225
194 228
194 230
194 245
194 246
194 247
194 258
194 269
194 270
194 281
194 291
195 200
195 205
195 241
195 244
195 288
195 292
196 200
196 202
196 206
196 215
196 219
196 246
196 254
196 273
196 275
196 298
197 199
197 204
197 208
197 241
197 250
197 252
197 264
197 272
197 293
198 221
198 234
198 251
198 289
198 293
199 201
199 219
199 246
199 253
199 266
199 271
199 298
200 203
200 213
200 242
200 246
200 286
200 293
201 206
201 214
201 245
201 263
201 295
202 247
202 250
202 254
202 280
202 286
202 296
203 237
203 246
203 253
203 261
203 286
204 206
204 207
204 223
204 228
204 245
204 254
204 273
204 274
205 221
205 222
205 228
205 235
205 251
205 265
205 274
205 281
205 287
206 207
206 208
206 212
206 235
206 275
206 276
206 292
206 295
207 230
207 245
207 252
207 268
207 272
207 297
208 219
208 228
208 240
208 242
208 254
208 257
209 223
209 225
209 230
209 269
209 287
209 290
209 295
210 221
210 228
210 232
210 252
210 262
210 265
211 214
211 218
211 239
211 253
211 260
211 266
211 287
211 290
211 297
212 228
212 229
212 274
212 287
212 297
213 240
213 246
213 271
213 280
213 282
214 216
214 229
214 243
214 245
214 248
214 261
214 276
214 286
214 287
214 289
215 222
215 240
215 268
215 271
216 229
216 282
216 283
216 284
216 286
216 297
217 248
217 256
217 265
217 281
218 237
218 253
218 258
218 259
218 268
218 270
218 283
218 286
219 225
219 245
219 252
219 254
219 258
220 231
220 260
220 278
220 288
220 298
220 299
221 227
221 244
221 255
221 264
221 275
221 277
221 289
221 298
222 234
222 241
222 245
222 276
222 279
222 287
222 293
223 246
223 262
223 270
223 299
224 233
224 236
224 253
224 261
224 263
224 273
224 286
225 227
225 237
225 258
225 259
225 274
225 299
226 234
226 242
226 260
226 261
226 265
226 272
226 285
227 242
227 258
227 276
227 292
227 294
228 249
228 267
228 268
228 271
228 278
228 283
228 297
229 230
229 234
229 249
229 251
229 286
229 291
230 233
230 275
230 296
231 252
231 255
231 269
231 286
231 287
231 297
232 244
232 258
232 264
232 277
232 292
232 297
232 298
233 243
233 245
233 248
233 257
233 262
233 287
234 237
234 241
234 244
234 255
234 298
235 260
235 277
235 283
235 284
235 290
235 298
236 251
236 275
236 277
237 252
237 258
237 264
237 292
238 270
238 293
239 243
239 255
239 256
240 249
240 286
241 250
241 260
241 263
241 265
241 269
241 288
241 290
242 253
242 281
242 292
242 296
242 299
244 247
244 253
244 254
244 261
244 291
245 253
245 293
246 252
246 270
246 275
246 282
246 290
246 294
246 296
247 258
247 259
247 268
247 272
247 294
247 296
248 254
248 285
249 298
250 258
250 262
250 263
250 264
250 278
251 281
251 295
252 254
252 289
253 266
253 293
254 255
254 259
254 269
254 277
255 258
255 271
256 261
256 291
256 294
258 262
258 281
258 288
258 292
258 298
259 264
259 275
259 278
259 279
259 295
260 276
260 279
261 292
262 272
262 289
262 294
263 276
263 291
264 271
264 285
264 287
265 275
265 284
265 299
266 280
266 288
267 292
268 277
268 296
269 274
269 275
269 276
269 282
269 287
270 297
271 272
271 297
271 299
272 273
272 274
272 285
272 292
273 284
274 278
274 291
274 294
275 299
276 280
276 283
276 286
276 290
277 296
278 290
279 283
279 284
279 285
280 289
285 289
286 290
286 298
287 298
290 296
292 296
292 299
293 296
