200 1855 0.2
0 22
0 32
0 35
0 47
0 50
0 55
0 58
0 71
0 78
0 85
0 89
0 106
0 129
0 130
0 140
0 181
0 185
0 187
1 2
1 5
1 13
1 16
1 21
1 29
1 34
1 36
1 38
1 46
1 52
1 69
1 73
1 76
1 78
1 79
1 107
1 118
1 120
1 133
1 139
1 142
1 154
1 167
1 170
1 192
2 18
2 27
2 43
2 56
2 60
2 66
2 68
2 76
2 77
2 96
2 112
2 121
2 127
2 129
2 150
2 159
2 170
2 183
2 187
2 188
2 190
2 194
2 198
3 7
3 19
3 50
3 63
3 90
3 91
3 104
3 112
3 116
3 135
3 155
3 181
3 198
4 12
4 32
4 42
4 44
4 60
4 64
4 79
4 112
4 117
4 118
4 120
4 124
4 145
4 155
4 156
4 173
4 178
4 182
5 32
5 34
5 36
5 46
5 48
5 50
5 53
5 60
5 79
5 86
5 106
5 110
5 115
5 159
5 160
6 47
6 53
6 59
6 66
6 103
6 149
6 151
6 164
6 165
6 195
7 13
7 16
7 43
7 46
7 59
7 61
7 71
7 98
7 99
7 101
7 106
7 120
7 124
7 129
7 147
7 153
7 164
7 167
7 171
7 174
7 177
7 182
7 190
8 9
8 10
8 63
8 85
8 89
8 105
8 117
8 123
8 124
8 126
8 137
8 163
8 175
8 176
8 181
8 184
8 185
8 195
9 11
9 13
9 14
9 22
9 52
9 62
9 75
9 88
9 111
9 115
9 124
9 130
9 131
9 165
9 169
9 171
9 183
10 20
10 22
10 50
10 112
10 113
10 114
10 156
10 157
10 170
10 183
10 192
10 198
11 23
11 31
11 33
11 46
11 53
11 60
11 61
11 71
11 79
11 83
11 93
11 98
11 99
11 103
11 120
11 127
11 129
11 131
11 140
11 143
11 144
11 161
11 165
11 170
11 184
11 194
11 195
12 36
12 39
12 40
12 70
12 79
12 117
12 120
12 131
12 139
12 141
12 143
12 188
12 195
13 16
13 19
13 20
13 22
13 24
13 31
13 40
13 46
13 67
13 70
13 77
13 86
13 102
13 109
13 131
13 145
13 155
13 171
13 185
14 32
14 35
14 39
14 43
14 46
14 48
14 53
14 67
14 78
14 84
14 130
14 140
14 146
14 155
14 159
14 161
14 162
14 195
15 17
15 21
15 23
15 24
15 27
15 52
15 73
15 81
15 89
15 103
15 125
15 130
15 161
15 175
15 176
15 184
15 189
15 198
15 199
16 37
16 48
16 50
16 53
16 57
16 67
16 82
16 102
16 113
16 126
16 132
16 139
16 140
16 144
16 154
16 177
16 179
16 183
17 32
17 46
17 62
17 69
17 78
17 89
17 91
17 96
17 119
17 127
17 144
17 159
17 178
17 179
17 193
18 34
18 43
18 44
18 60
18 92
18 110
18 132
18 137
18 141
18 183
18 188
18 191
18 197
19 25
19 28
19 45
19 56
19 58
19 76
19 80
19 106
19 108
19 117
19 126
19 129
19 132
19 174
19 178
19 191
19 195
20 22
20 40
20 43
20 47
20 50
20 52
20 54
20 56
20 57
20 58
20 75
20 80
20 122
20 127
20 128
20 131
20 134
20 166
20 190
20 192
20 195
21 45
21 70
21 85
21 102
21 104
21 143
21 145
21 151
21 175
22 32
22 62
22 69
22 80
22 89
22 108
22 116
22 166
22 184
23 24
23 28
23 39
23 41
23 42
23 47
23 57
23 60
23 62
23 68
23 88
23 95
23 97
23 102
23 111
23 116
23 123
23 125
23 153
23 160
24 28
24 30
24 31
24 41
24 66
24 67
24 68
24 79
24 96
24 101
24 103
24 104
24 109
24 120
24 131
24 134
24 164
24 170
24 171
24 180
24 195
24 197
25 39
25 69
25 86
25 90
25 94
25 107
25 121
25 139
25 141
25 158
26 53
26 64
26 70
26 99
26 105
26 106
26 122
26 128
26 134
26 136
26 138
26 142
26 151
26 155
26 159
26 174
26 177
26 181
26 182
26 183
26 189
26 197
27 75
27 99
27 109
27 111
27 125
27 130
27 148
27 159
27 174
27 188
27 194
28 35
28 54
28 66
28 69
28 72
28 79
28 85
28 91
28 104
28 125
28 138
28 143
28 148
28 193
28 195
29 32
29 41
29 48
29 67
29 76
29 77
29 81
29 84
29 87
29 88
29 104
29 110
29 115
29 142
29 144
29 165
29 181
29 185
30 31
30 42
30 45
30 51
30 56
30 59
30 62
30 69
30 95
30 104
30 107
30 109
30 125
30 156
30 157
30 160
30 170
30 187
30 189
31 41
31 64
31 71
31 73
31 106
31 134
31 150
31 156
31 158
31 168
31 176
31 182
31 187
32 62
32 72
32 75
32 102
32 130
32 131
32 136
32 163
32 170
32 180
32 187
32 196
32 198
33 44
33 75
33 83
33 84
33 106
33 109
33 113
33 147
33 151
33 184
34 35
34 81
34 83
34 88
34 91
34 92
34 98
34 101
34 111
34 123
34 126
34 140
34 150
34 154
34 162
34 171
34 173
34 186
35 45
35 55
35 57
35 59
35 66
35 69
35 77
35 79
35 102
35 112
35 131
35 133
35 144
35 145
35 149
35 154
35 165
35 166
35 171
35 179
35 181
35 186
35 188
35 194
36 41
36 48
36 54
36 56
36 62
36 71
36 95
36 111
36 123
36 136
36 139
36 165
36 178
37 43
37 50
37 66
37 72
37 76
37 87
37 91
37 99
37 104
37 109
37 113
37 115
37 116
37 120
37 123
37 124
37 135
37 148
37 190
38 40
38 49
38 50
38 61
38 73
38 83
38 116
38 134
38 148
38 183
39 41
39 44
39 48
39 50
39 62
39 65
39 68
39 79
39 101
39 106
39 143
39 158
39 164
39 191
40 52
40 75
40 114
40 116
40 132
40 145
40 152
40 159
40 160
40 171
40 186
41 46
41 50
41 53
41 57
41 65
41 76
41 78
41 84
41 86
41 88
41 100
41 102
41 112
41 152
41 157
41 196
41 197
41 199
42 46
42 55
42 64
42 79
42 89
42 91
42 98
42 106
42 114
42 123
42 142
42 143
42 144
42 147
42 148
42 150
42 183
42 187
42 191
43 47
43 50
43 52
43 53
43 60
43 77
43 87
43 91
43 93
43 102
43 104
43 105
43 125
43 142
43 153
43 190
43 191
44 66
44 78
44 85
44 88
44 99
44 100
44 111
44 116
44 131
44 139
44 143
44 155
44 164
44 170
44 171
44 172
44 192
44 198
45 63
45 64
45 89
45 93
45 104
45 111
45 136
45 137
45 158
45 164
45 165
45 168
45 194
46 54
46 67
46 79
46 93
46 96
46 101
46 105
46 109
46 114
46 120
46 137
46 154
46 161
46 168
46 171
46 185
46 190
46 198
46 199
47 55
47 56
47 61
47 63
47 72
47 88
47 91
47 96
47 113
47 117
47 149
47 152
47 161
47 162
47 165
47 184
47 190
48 50
48 55
48 56
48 58
48 64
48 84
48 112
48 130
48 138
48 151
48 156
48 166
48 167
48 177
48 182
48 183
48 190
49 58
49 66
49 75
49 88
49 91
49 97
49 98
49 120
49 130
49 147
49 155
49 160
49 191
49 197
50 62
50 63
50 65
50 89
50 98
50 111
50 116
50 125
50 143
50 149
50 153
50 161
50 184
50 185
50 188
51 70
51 78
51 98
51 104
51 116
51 141
51 148
51 168
51 187
51 188
51 190
52 59
52 64
52 72
52 75
52 79
52 87
52 89
52 97
52 108
52 112
52 116
52 118
52 158
52 167
53 54
53 59
53 60
53 76
53 88
53 99
53 110
53 126
53 147
53 152
53 153
53 177
53 179
53 187
54 61
54 62
54 65
54 69
54 72
54 86
54 115
54 127
54 130
54 136
54 139
54 141
54 173
55 66
55 73
55 81
55 90
55 94
55 119
55 120
55 130
55 131
55 132
55 134
55 137
55 141
55 147
55 152
55 160
55 162
55 170
55 174
55 189
56 62
56 66
56 68
56 80
56 83
56 106
56 107
56 110
56 114
56 129
56 146
56 147
56 151
56 156
56 158
56 174
56 180
56 188
57 64
57 94
57 96
57 98
57 128
57 137
57 140
57 153
57 156
57 158
57 182
57 193
58 74
58 75
58 86
58 94
58 98
58 150
58 169
58 171
58 181
58 185
59 60
59 61
59 62
59 88
59 100
59 101
59 111
59 116
59 135
59 140
59 145
59 148
59 155
59 160
59 168
59 174
60 70
60 77
60 90
60 97
60 123
60 125
60 151
60 173
60 175
60 177
60 188
60 195
61 75
61 102
61 108
61 111
61 119
61 125
61 129
61 140
61 141
61 146
61 150
61 158
61 162
61 169
61 190
61 191
61 195
62 67
62 70
62 72
62 87
62 94
62 129
62 147
62 149
62 186
62 187
63 69
63 76
63 81
63 91
63 107
63 128
63 131
63 135
63 138
63 141
63 142
63 143
63 163
63 164
63 179
63 192
63 197
64 70
64 74
64 90
64 108
64 112
64 152
64 154
64 160
64 161
64 171
64 179
64 196
65 66
65 70
65 74
65 75
65 76
65 91
65 109
65 122
65 131
65 136
65 138
65 145
65 153
65 158
65 175
65 180
65 181
65 182
65 190
65 197
66 71
66 78
66 84
66 88
66 109
66 130
66 153
66 157
66 163
66 187
66 192
67 82
67 95
67 103
67 121
67 132
67 133
67 139
67 160
67 162
67 177
68 72
68 74
68 77
68 152
68 177
68 188
68 191
69 100
69 123
69 132
69 134
69 149
69 160
69 168
69 176
69 178
69 198
70 72
70 80
70 101
70 115
70 116
70 117
70 120
70 139
70 144
70 177
70 182
70 191
70 192
71 84
71 88
71 95
71 108
71 114
71 117
71 121
71 143
71 145
71 163
71 178
72 80
72 118
72 123
72 132
72 134
72 150
72 160
72 178
72 179
72 180
72 183
72 196
72 199
73 85
73 99
73 105
73 110
73 138
73 162
73 172
73 178
73 189
73 192
73 194
73 198
74 86
74 89
74 129
74 144
74 163
74 164
74 167
74 174
74 179
74 186
75 78
75 101
75 141
75 147
75 154
75 156
75 164
75 188
76 80
76 84
76 93
76 107
76 112
76 131
76 146
76 153
76 157
76 171
77 78
77 81
77 88
77 104
77 109
77 114
77 117
77 160
77 172
77 195
78 102
78 107
78 109
78 121
78 122
78 148
78 166
78 169
78 172
78 177
79 80
79 85
79 98
79 108
79 114
79 115
79 129
79 132
79 133
79 148
79 161
79 167
79 183
79 184
79 185
79 195
80 89
80 112
80 124
80 175
80 197
81 82
81 102
81 112
81 121
81 123
81 133
81 148
81 163
81 164
81 176
81 183
81 187
82 85
82 122
82 135
82 137
82 146
82 180
82 185
82 192
82 196
83 101
83 108
83 150
83 154
83 158
83 168
83 173
83 190
83 194
84 94
84 103
84 116
84 117
84 126
84 138
84 156
84 167
84 179
84 182
84 185
85 89
85 98
85 114
85 127
85 130
85 134
85 143
85 146
85 147
85 170
85 176
85 181
86 89
86 99
86 100
86 105
86 112
86 114
86 141
86 142
86 144
86 150
86 155
86 167
86 194
86 195
86 196
87 104
87 118
87 121
87 126
87 142
87 159
87 168
87 188
87 192
87 197
88 117
88 128
88 177
88 178
88 185
89 148
89 161
89 182
89 192
89 195
90 91
90 95
90 99
90 108
90 111
90 113
90 114
90 115
90 137
90 143
90 152
90 157
90 182
90 184
90 191
90 192
90 193
90 195
90 196
90 197
91 97
91 106
91 107
91 145
91 165
91 186
92 108
92 115
92 120
92 137
92 156
92 184
92 185
92 194
93 130
93 151
93 166
93 184
93 186
93 199
94 109
94 111
94 121
94 151
94 170
94 182
94 186
94 187
94 188
94 191
95 115
95 118
95 124
95 138
95 155
95 162
95 172
95 182
95 199
96 140
96 149
96 154
96 173
96 175
96 187
97 112
97 123
97 137
97 138
97 145
97 155
97 159
97 166
97 170
97 171
97 177
97 198
98 105
98 110
98 112
98 116
98 120
98 126
98 128
98 129
98 136
98 168
98 175
98 191
99 101
99 113
99 114
99 137
99 152
99 160
99 163
99 173
99 178
99 179
99 196
100 102
100 132
100 153
100 186
101 121
101 125
101 127
101 138
101 141
101 145
101 186
102 106
102 122
102 133
102 141
102 143
102 153
102 155
102 163
102 175
102 181
102 194
103 125
103 138
103 146
103 147
103 153
103 157
103 170
103 177
104 108
104 111
104 141
104 143
104 146
104 163
104 191
105 119
105 122
105 138
105 142
105 148
105 154
105 176
105 177
105 182
105 183
105 185
105 196
106 109
106 134
106 135
106 137
106 151
106 157
106 164
106 165
106 168
106 189
106 196
106 199
107 109
107 114
107 121
107 124
107 127
107 129
107 160
107 163
107 164
107 166
107 174
107 183
107 194
108 155
108 159
108 174
109 125
109 154
109 163
109 178
109 189
109 194
110 114
110 142
110 148
110 155
110 159
110 177
110 180
110 197
111 117
111 118
111 119
111 143
111 144
111 148
111 152
111 158
111 171
111 176
111 180
111 181
111 185
111 189
111 193
111 194
112 122
112 123
112 131
112 134
112 140
112 148
112 185
112 186
112 189
112 192
112 194
113 161
113 180
113 183
113 196
114 117
114 119
114 128
114 141
114 170
114 173
114 198
115 140
115 149
115 157
115 164
115 172
115 175
115 181
115 184
115 189
116 120
116 121
116 123
116 124
116 132
116 169
116 173
116 197
117 134
117 140
117 146
117 173
117 175
117 184
117 188
117 193
117 195
117 196
118 120
118 121
118 144
118 154
118 166
118 196
118 199
119 120
119 134
119 135
119 140
119 154
119 165
119 170
119 185
119 186
120 128
120 129
120 132
120 185
120 188
121 123
121 176
121 189
121 191
121 194
121 199
122 124
122 130
122 150
122 162
122 179
122 186
123 133
123 134
123 142
123 176
123 198
124 129
124 130
124 141
124 151
124 157
124 188
124 196
125 147
125 168
125 173
125 197
126 137
126 139
126 141
126 145
126 148
127 128
127 131
127 138
127 170
127 178
127 189
127 194
127 195
128 132
128 138
128 163
128 170
128 193
129 146
129 156
129 166
129 177
129 186
129 189
129 199
130 136
130 137
130 161
130 163
130 165
130 172
130 184
130 186
131 140
131 146
131 172
131 180
131 184
131 189
131 190
131 191
131 193
132 148
132 158
132 190
133 147
133 149
133 155
133 156
133 157
133 158
133 187
133 189
134 147
134 163
134 182
134 185
135 136
135 143
135 148
135 176
135 182
135 197
136 138
136 149
136 162
136 178
136 182
136 192
137 139
137 144
137 147
137 150
137 156
137 163
138 144
138 148
138 149
138 156
138 168
138 190
138 196
139 140
139 161
139 174
139 198
140 151
140 159
140 162
141 158
141 162
141 193
142 149
142 152
142 155
142 157
142 160
142 167
142 168
143 155
143 183
143 195
144 154
144 176
144 182
144 183
145 164
145 166
145 179
145 184
145 194
145 199
146 150
146 151
146 170
146 172
146 177
146 178
146 182
147 154
147 160
147 163
147 169
147 195
148 153
148 188
149 170
149 175
149 180
149 181
149 188
149 193
150 154
150 169
150 197
151 159
151 179
151 183
151 195
152 169
152 176
152 180
152 183
152 185
153 156
153 170
153 171
153 174
153 178
154 162
154 163
154 171
154 196
155 160
156 158
156 161
156 173
156 182
156 190
157 178
158 176
158 181
158 189
158 199
159 164
159 174
160 164
160 174
160 182
160 197
161 165
161 169
161 172
161 174
161 187
161 195
161 197
162 166
162 181
162 198
163 178
163 181
163 198
164 180
164 197
165 189
165 198
166 174
166 178
166 181
166 191
167 170
167 173
167 174
167 182
167 183
167 185
167 187
167 188
168 170
168 174
168 180
168 182
168 185
169 173
169 174
169 191
169 199
170 171
170 172
170 175
170 186
171 182
173 181
173 187
173 191
174 187
174 196
175 179
175 197
176 179
176 185
176 192
177 185
178 184
178 193
179 180
179 190
179 191
179 194
179 197
180 184
180 188
180 198
181 182
181 185
181 197
183 197
185 187
186 189
186 197
186 198
187 190
188 189
188 193
191 196
192 194
192 196
195 196
197 199
