200 1001 0.5
0 11
0 34
0 42
0 53
0 82
0 97
0 139
0 178
1 17
1 18
1 42
1 56
1 61
1 62
1 88
1 100
1 114
1 123
1 132
1 148
1 189
2 34
2 37
2 73
2 83
2 119
2 136
2 154
2 166
2 171
2 176
3 17
3 28
3 36
3 42
3 56
3 82
3 154
3 164
3 192
4 20
4 27
4 53
4 57
4 76
4 80
4 86
4 97
4 107
4 158
4 163
5 11
5 32
5 42
5 76
5 81
5 84
5 85
5 102
5 122
5 134
5 135
6 15
6 41
6 61
6 79
6 80
6 90
6 149
6 169
6 193
7 18
7 47
7 57
7 105
7 110
8 13
8 199
9 11
9 24
9 47
9 49
9 58
9 64
9 107
9 123
9 128
9 144
9 152
9 168
9 171
9 183
9 185
9 194
10 24
10 68
10 71
10 123
10 150
10 172
10 197
11 22
11 51
11 53
11 60
11 74
11 109
11 123
11 158
11 163
11 165
11 176
11 181
12 13
12 41
12 52
12 112
12 143
12 144
12 145
12 192
13 14
13 19
13 39
13 40
13 87
13 177
13 181
13 184
13 186
13 188
14 15
14 25
14 81
14 95
14 107
14 117
14 124
14 144
14 152
14 155
14 162
15 49
15 50
15 69
15 71
15 82
15 115
15 124
15 132
15 140
15 150
15 161
15 186
16 33
16 67
16 94
16 101
16 113
16 118
16 127
16 140
16 182
16 184
16 186
17 28
17 33
17 39
17 50
17 57
17 63
17 72
17 92
17 97
17 114
17 116
17 136
17 149
17 154
17 174
17 180
17 186
17 188
18 25
18 38
18 79
18 103
18 139
18 154
19 29
19 58
19 95
19 137
19 144
19 153
19 161
20 46
20 112
20 123
20 157
20 160
20 179
20 182
20 193
20 194
20 195
21 51
21 64
21 75
21 80
21 87
21 136
21 139
21 163
21 166
21 186
22 38
22 43
22 53
22 57
22 63
22 64
22 84
22 98
22 137
22 148
22 152
22 158
22 192
22 194
23 67
23 158
23 170
23 184
24 47
24 48
24 68
24 70
24 79
24 92
24 121
24 172
25 33
25 48
25 77
25 84
25 110
25 118
25 145
25 166
25 185
26 29
26 34
26 60
26 61
26 67
26 77
26 194
27 35
27 75
27 90
27 106
27 141
27 161
27 177
27 185
27 187
27 194
28 46
28 50
28 97
28 121
28 136
28 141
28 146
28 185
28 189
29 41
29 83
29 99
29 162
29 176
30 64
30 83
30 96
30 115
30 122
30 125
30 177
30 196
31 36
31 44
31 65
31 71
31 107
31 140
31 141
31 152
31 172
32 33
32 41
32 67
32 89
32 120
32 121
32 125
32 142
32 145
32 181
32 182
32 186
33 39
33 46
33 55
33 64
33 86
33 93
33 96
33 128
33 132
33 138
34 88
34 109
34 125
34 131
34 176
34 192
35 49
35 101
35 120
35 126
35 151
35 155
35 175
35 181
36 37
36 75
36 128
36 142
36 167
36 189
36 195
37 41
37 66
37 101
37 122
37 139
37 158
38 47
38 81
38 95
38 121
38 135
38 165
38 174
38 193
39 90
39 93
39 126
39 133
39 162
40 52
40 61
40 73
40 82
40 88
40 93
40 104
40 116
40 143
40 159
40 179
41 42
41 50
41 58
41 127
41 158
41 169
41 188
42 45
42 46
42 51
42 55
42 146
42 160
42 172
42 197
43 44
43 76
43 86
43 117
43 130
43 153
44 53
44 66
44 79
44 94
44 108
44 113
44 125
44 162
44 169
44 173
44 189
44 198
45 46
45 83
45 89
45 107
45 137
45 147
45 170
45 192
45 199
46 52
46 55
46 103
46 179
46 183
47 91
47 105
47 115
47 131
47 133
47 149
47 162
47 180
47 193
48 59
48 72
48 73
48 83
48 102
48 110
48 123
48 132
48 133
48 148
48 166
48 169
48 180
49 74
49 91
49 105
49 108
49 134
49 143
49 147
49 157
49 166
49 182
49 183
49 184
49 187
49 194
49 197
49 199
50 52
50 64
50 65
50 69
50 117
50 141
50 153
50 162
50 191
50 192
50 193
51 65
51 72
51 75
51 92
51 111
51 121
51 148
51 167
51 172
51 180
52 76
52 92
52 134
52 145
53 81
53 122
53 123
53 132
53 144
53 147
53 169
53 171
54 97
54 98
54 103
54 129
54 144
54 166
54 175
54 184
54 189
55 57
55 81
55 90
55 99
55 101
55 103
55 111
55 113
55 157
55 172
55 181
56 78
56 100
56 124
56 134
56 144
57 60
57 107
57 132
57 154
57 165
57 167
57 175
57 187
58 63
58 75
58 108
58 122
58 125
58 144
58 164
58 191
59 70
59 73
59 91
59 111
59 115
59 145
59 156
59 158
59 176
60 73
60 95
60 139
60 162
60 163
60 198
61 62
61 67
61 79
61 86
61 101
61 120
61 150
61 177
62 74
62 89
62 95
62 97
63 74
63 94
63 98
63 125
63 143
63 172
63 174
64 146
64 156
64 166
64 172
64 191
64 197
65 136
65 173
66 82
66 96
66 142
66 151
66 172
66 177
66 189
67 89
67 117
67 127
67 146
68 69
68 80
68 86
68 148
68 151
68 167
68 176
68 189
68 192
69 74
69 90
69 142
69 152
69 156
70 76
70 100
70 116
70 128
70 141
70 159
70 179
71 87
71 99
71 147
71 158
71 175
72 86
72 98
72 131
72 157
73 100
73 126
73 165
73 173
73 174
73 183
73 184
74 81
74 114
74 117
74 147
74 164
75 76
75 87
75 111
75 136
75 137
75 144
75 187
76 92
76 181
77 112
78 88
78 96
78 97
78 126
78 134
78 149
78 150
78 180
78 182
78 184
78 198
79 127
79 139
79 153
79 167
80 94
80 121
80 143
80 164
80 191
81 85
81 93
81 137
81 151
81 188
82 93
82 118
82 134
82 168
82 174
82 197
83 99
83 119
83 131
83 157
83 159
84 87
84 91
84 99
84 108
84 128
84 144
84 151
84 161
84 171
84 198
85 127
85 132
85 152
85 156
85 157
85 168
85 179
85 195
86 139
86 145
86 160
86 192
87 99
87 110
87 113
87 152
87 170
87 174
87 179
88 95
88 115
88 123
88 164
88 185
88 186
89 114
89 120
89 128
89 154
90 109
90 142
90 156
90 177
90 199
91 112
91 150
91 178
91 196
91 198
92 102
92 165
92 167
93 95
93 144
93 154
93 161
93 163
93 181
93 193
94 128
94 134
94 195
95 135
95 138
95 152
95 166
95 179
95 184
95 187
95 193
95 196
95 198
96 105
96 140
96 165
96 199
97 116
97 123
97 146
97 159
97 189
97 191
98 115
98 123
98 132
99 104
100 143
100 163
100 173
100 190
100 199
101 131
101 144
101 152
101 161
101 163
101 183
101 189
101 191
102 105
102 113
102 115
102 122
102 140
102 165
103 138
103 150
103 185
103 190
104 109
104 125
104 166
104 172
104 175
105 106
105 119
105 138
105 141
105 165
105 179
105 184
105 192
106 108
106 126
106 145
106 156
106 166
106 182
106 189
106 191
108 114
108 116
108 150
108 155
108 166
108 174
108 184
108 193
109 114
109 157
110 123
110 132
110 153
110 179
111 113
111 122
111 129
111 143
111 149
111 163
111 179
112 116
112 160
112 176
113 119
113 145
113 187
114 148
114 151
114 185
114 189
115 123
115 130
115 131
115 161
115 170
115 174
115 186
116 156
116 178
116 181
116 188
117 118
117 122
117 124
117 161
117 173
117 180
118 130
118 146
118 184
118 188
118 191
118 195
119 126
119 137
120 146
120 166
121 124
121 153
121 167
121 173
121 181
121 197
122 136
122 146
122 166
123 191
124 174
124 193
125 160
125 186
126 128
126 130
126 159
126 173
126 174
126 175
127 142
127 152
127 154
127 199
128 129
128 162
128 167
128 177
128 193
128 198
129 132
129 165
129 179
129 196
130 178
131 137
131 146
131 162
131 166
131 178
132 198
133 147
133 191
134 145
134 150
134 165
134 168
134 192
136 142
136 188
136 190
136 192
137 152
137 169
138 179
138 182
138 183
138 184
140 141
140 159
140 167
141 151
141 158
141 165
141 167
141 197
141 198
142 181
142 198
143 152
144 167
144 173
145 153
146 150
146 162
147 152
147 177
147 187
148 160
148 169
148 187
149 154
149 177
149 191
150 166
150 171
151 180
151 187
152 168
152 182
153 162
153 163
153 181
154 177
155 158
155 188
155 192
155 199
156 176
156 182
156 187
157 175
157 176
157 183
158 160
158 168
159 178
159 180
160 178
161 168
161 172
161 186
162 177
162 185
163 191
163 199
164 168
164 175
167 197
168 174
168 192
171 190
171 196
171 198
172 177
173 175
173 177
173 198
174 194
174 196
175 183
175 192
176 179
177 190
177 196
178 189
179 193
186 194
189 191
193 195
195 198
