500 6197 0.5
0 16
0 18
0 27
0 31
0 41
0 83
0 84
0 87
0 107
0 139
0 171
0 176
0 187
0 194
0 199
0 228
0 254
0 264
0 293
0 297
0 315
0 353
0 357
0 389
0 409
0 413
0 416
0 455
0 458
0 466
0 474
0 483
1 3
1 24
1 50
1 60
1 64
1 126
1 129
1 153
1 154
1 170
1 174
1 175
1 240
1 251
1 277
1 370
1 451
2 32
2 39
2 63
2 100
2 112
2 165
2 167
2 169
2 210
2 252
2 305
2 324
2 338
2 341
2 346
2 353
2 360
2 378
2 411
2 424
2 463
2 484
3 19
3 27
3 52
3 62
3 80
3 84
3 113
3 114
3 144
3 153
3 154
3 167
3 178
3 216
3 248
3 251
3 272
3 281
3 296
3 353
3 358
3 360
3 365
3 368
3 371
3 380
3 383
3 402
3 405
3 414
3 436
3 474
3 490
4 63
4 117
4 119
4 156
4 161
4 209
4 231
4 238
4 261
4 278
4 308
4 327
4 404
4 457
5 23
5 52
5 55
5 63
5 64
5 70
5 123
5 141
5 159
5 160
5 186
5 242
5 270
5 282
5 293
5 306
5 325
5 326
5 352
5 362
5 392
5 442
5 473
5 484
6 12
6 27
6 36
6 83
6 97
6 110
6 139
6 199
6 207
6 213
6 242
6 274
6 301
6 319
6 322
6 333
6 349
6 417
6 442
6 452
6 468
7 63
7 74
7 107
7 117
7 143
7 148
7 222
7 250
7 254
7 263
7 273
7 307
7 322
7 394
7 399
7 404
7 414
7 425
7 450
7 457
7 473
7 476
7 484
8 62
8 64
8 67
8 139
8 220
8 226
8 307
8 314
8 325
8 335
8 350
8 383
8 391
8 412
8 432
8 467
9 39
9 51
9 80
9 83
9 137
9 142
9 185
9 197
9 199
9 210
9 273
9 282
9 285
9 289
9 305
9 334
9 346
9 355
9 359
9 378
9 398
9 415
9 424
9 454
9 456
9 491
9 496
9 497
10 23
10 49
10 70
10 73
10 75
10 81
10 100
10 109
10 147
10 158
10 167
10 193
10 223
10 245
10 275
10 284
10 307
10 312
10 332
10 359
10 379
10 384
10 392
10 398
10 401
10 405
10 407
11 21
11 29
11 68
11 79
11 92
11 96
11 120
11 136
11 143
11 152
11 172
11 256
11 259
11 272
11 324
11 346
11 347
11 365
11 370
11 440
11 460
11 461
11 483
12 15
12 25
12 59
12 119
12 198
12 214
12 219
12 224
12 235
12 243
12 326
12 328
12 332
12 339
12 371
12 384
12 430
12 446
12 454
12 485
12 487
13 15
13 28
13 30
13 42
13 69
13 72
13 78
13 140
13 144
13 204
13 229
13 232
13 233
13 255
13 264
13 283
13 294
13 299
13 304
13 321
13 331
13 332
13 362
13 367
13 382
13 400
13 413
13 415
13 419
13 420
13 447
14 16
14 34
14 48
14 83
14 100
14 101
14 141
14 151
14 164
14 189
14 276
14 277
14 298
14 357
14 366
14 368
14 373
14 375
14 403
14 405
14 471
14 495
15 23
15 49
15 95
15 102
15 118
15 149
15 152
15 157
15 171
15 199
15 240
15 282
15 333
15 349
15 408
15 409
15 418
15 427
15 440
15 453
15 470
15 471
15 485
16 23
16 31
16 45
16 47
16 53
16 84
16 85
16 95
16 111
16 128
16 135
16 141
16 156
16 161
16 162
16 173
16 191
16 219
16 257
16 270
16 297
16 302
16 340
16 350
16 373
16 438
16 456
17 23
17 37
17 40
17 70
17 95
17 109
17 123
17 142
17 150
17 155
17 166
17 179
17 189
17 194
17 201
17 236
17 243
17 255
17 264
17 275
17 295
17 302
17 310
17 351
17 365
17 381
17 392
17 393
17 425
17 430
17 436
17 448
17 485
18 48
18 80
18 87
18 117
18 121
18 148
18 153
18 157
18 212
18 233
18 267
18 269
18 287
18 289
18 292
18 319
18 436
18 442
18 456
18 469
19 22
19 61
19 64
19 87
19 120
19 126
19 162
19 169
19 174
19 180
19 192
19 214
19 228
19 245
19 254
19 288
19 334
19 362
19 382
19 409
19 447
19 479
19 498
20 78
20 79
20 80
20 92
20 126
20 144
20 164
20 176
20 178
20 202
20 215
20 219
20 244
20 251
20 256
20 283
20 300
20 324
20 331
20 332
20 337
20 345
20 348
20 453
20 476
20 485
20 495
21 28
21 43
21 64
21 76
21 89
21 92
21 193
21 215
21 238
21 270
21 276
21 299
21 364
21 389
21 411
21 415
21 433
21 446
21 455
21 456
21 462
21 498
22 90
22 116
22 145
22 150
22 170
22 171
22 178
22 218
22 246
22 258
22 269
22 270
22 271
22 333
22 360
22 367
22 390
22 401
22 420
22 437
22 438
22 448
23 63
23 74
23 98
23 202
23 208
23 214
23 258
23 269
23 306
23 307
23 317
23 321
23 356
23 374
23 381
23 386
23 460
24 37
24 54
24 72
24 89
24 90
24 111
24 138
24 159
24 161
24 184
24 200
24 221
24 224
24 234
24 253
24 277
24 284
24 318
24 326
24 350
24 355
24 359
24 401
24 403
24 412
24 438
24 444
24 453
24 470
24 475
24 482
25 41
25 81
25 98
25 101
25 132
25 223
25 239
25 280
25 287
25 292
25 307
25 314
25 338
25 361
25 417
25 425
25 453
25 459
25 466
25 472
26 63
26 76
26 109
26 112
26 125
26 137
26 140
26 146
26 153
26 164
26 170
26 195
26 203
26 240
26 259
26 283
26 287
26 305
26 321
26 330
26 373
26 381
26 412
26 443
26 450
26 477
26 494
27 43
27 49
27 56
27 73
27 90
27 96
27 98
27 127
27 147
27 167
27 185
27 205
27 222
27 242
27 257
27 280
27 283
27 294
27 303
27 307
27 382
27 384
27 397
27 423
27 436
27 453
27 491
28 73
28 92
28 101
28 112
28 137
28 138
28 151
28 190
28 192
28 203
28 204
28 225
28 238
28 248
28 262
28 282
28 290
28 309
28 318
28 337
28 349
28 353
28 354
28 356
28 363
28 404
28 406
28 424
28 447
28 453
28 462
28 463
29 71
29 76
29 93
29 172
29 262
29 290
29 309
29 339
29 342
29 346
29 365
29 408
29 434
29 466
30 66
30 75
30 91
30 126
30 133
30 158
30 211
30 215
30 230
30 233
30 280
30 281
30 286
30 318
30 346
30 370
30 373
30 407
30 421
30 423
30 434
30 438
30 440
30 449
30 451
30 488
30 493
31 53
31 75
31 112
31 128
31 129
31 137
31 156
31 162
31 182
31 191
31 194
31 195
31 222
31 223
31 237
31 242
31 265
31 272
31 304
31 317
31 389
31 420
31 427
31 428
31 431
31 452
32 34
32 37
32 41
32 63
32 75
32 88
32 89
32 96
32 116
32 138
32 146
32 181
32 191
32 193
32 206
32 266
32 286
32 297
32 347
32 361
32 364
32 387
32 405
32 407
32 427
32 435
32 453
32 454
32 488
33 61
33 100
33 116
33 117
33 122
33 136
33 149
33 162
33 214
33 244
33 245
33 246
33 247
33 340
33 360
33 406
34 42
34 49
34 59
34 125
34 137
34 189
34 215
34 228
34 257
34 279
34 282
34 290
34 295
34 337
34 380
34 388
34 453
34 457
34 464
34 482
34 486
34 493
35 53
35 93
35 107
35 117
35 131
35 134
35 140
35 145
35 171
35 235
35 248
35 256
35 293
35 301
35 328
35 404
35 433
35 445
35 452
35 461
35 464
35 465
36 48
36 151
36 254
36 379
36 393
36 417
37 59
37 76
37 88
37 102
37 104
37 130
37 135
37 149
37 174
37 233
37 247
37 303
37 316
37 376
37 380
37 388
37 421
37 450
37 493
38 69
38 126
38 164
38 173
38 202
38 223
38 254
38 282
38 302
38 335
38 376
38 377
38 389
38 405
38 415
38 464
38 488
38 492
39 58
39 88
39 92
39 102
39 155
39 164
39 189
39 231
39 236
39 294
39 304
39 310
39 365
39 374
39 387
39 402
39 418
39 430
39 450
39 455
39 488
39 492
40 51
40 70
40 128
40 137
40 153
40 209
40 234
40 239
40 243
40 282
40 313
40 322
40 353
40 361
40 389
40 392
40 407
40 411
40 430
40 442
40 469
40 478
40 486
40 494
41 56
41 74
41 116
41 123
41 149
41 247
41 249
41 266
41 281
41 296
41 305
41 344
41 345
41 348
41 350
41 393
41 406
41 407
41 426
41 433
41 446
41 491
41 493
42 47
42 63
42 65
42 74
42 86
42 89
42 115
42 116
42 121
42 141
42 161
42 183
42 187
42 213
42 248
42 282
42 294
42 301
42 310
42 335
42 341
42 359
42 418
42 459
42 461
43 59
43 62
43 84
43 90
43 93
43 104
43 107
43 118
43 127
43 136
43 146
43 173
43 209
43 214
43 220
43 252
43 259
43 260
43 281
43 294
43 300
43 327
43 331
43 332
43 342
43 359
43 385
43 401
43 439
43 459
43 466
43 484
43 491
43 494
44 70
44 141
44 149
44 180
44 185
44 227
44 231
44 318
44 337
44 345
44 352
44 395
44 398
44 420
44 442
44 444
44 448
44 457
44 474
44 477
45 56
45 57
45 59
45 76
45 108
45 148
45 149
45 161
45 176
45 200
45 221
45 225
45 237
45 280
45 307
45 326
45 357
45 361
45 370
45 382
45 390
45 401
45 407
45 413
45 415
45 422
45 457
45 463
45 475
45 477
46 51
46 70
46 89
46 90
46 92
46 119
46 130
46 164
46 165
46 172
46 189
46 192
46 216
46 248
46 264
46 293
46 299
46 300
46 305
46 377
46 386
46 456
46 468
46 479
47 100
47 127
47 131
47 140
47 228
47 285
47 287
47 298
47 316
47 320
47 366
47 398
47 410
47 439
47 488
48 71
48 93
48 100
48 156
48 211
48 215
48 228
48 230
48 232
48 256
48 305
48 316
48 329
48 334
48 338
48 346
48 393
48 400
48 445
48 446
49 91
49 115
49 123
49 147
49 184
49 206
49 225
49 240
49 248
49 272
49 284
49 287
49 332
49 342
49 348
49 354
49 393
49 411
49 457
49 471
50 52
50 62
50 85
50 110
50 127
50 142
50 154
50 201
50 214
50 275
50 280
50 314
50 320
50 322
50 335
50 339
50 344
50 380
50 382
50 390
50 416
50 419
50 467
50 487
50 489
50 496
50 499
51 55
51 75
51 95
51 116
51 127
51 139
51 142
51 184
51 189
51 219
51 312
51 334
51 335
51 345
51 357
51 359
51 384
51 414
51 443
51 463
51 470
51 497
52 73
52 74
52 86
52 101
52 107
52 123
52 162
52 181
52 189
52 203
52 208
52 218
52 236
52 243
52 269
52 323
52 326
52 345
52 354
52 368
52 372
52 381
52 411
52 412
52 434
52 444
52 477
53 61
53 77
53 137
53 151
53 161
53 171
53 173
53 181
53 203
53 221
53 269
53 283
53 291
53 304
53 325
53 333
53 356
53 384
53 390
53 411
53 413
53 436
53 463
53 468
54 68
54 70
54 77
54 94
54 126
54 152
54 168
54 196
54 209
54 224
54 245
54 253
54 300
54 305
54 316
54 360
54 391
54 407
54 466
55 109
55 126
55 147
55 275
55 286
55 348
55 424
55 429
55 459
55 463
55 472
55 486
55 491
56 92
56 117
56 121
56 131
56 170
56 174
56 177
56 203
56 206
56 220
56 227
56 247
56 252
56 293
56 296
56 316
56 350
56 378
56 386
56 407
56 462
56 477
57 66
57 72
57 183
57 220
57 241
57 243
57 299
57 318
57 328
57 348
57 395
57 417
57 418
57 424
57 462
57 472
57 484
57 498
58 87
58 88
58 113
58 125
58 126
58 129
58 143
58 159
58 172
58 194
58 205
58 220
58 248
58 270
58 351
58 387
58 412
58 498
59 78
59 83
59 84
59 148
59 160
59 170
59 195
59 198
59 236
59 248
59 255
59 264
59 269
59 275
59 303
59 343
59 385
59 388
59 403
59 478
59 497
60 75
60 76
60 89
60 94
60 101
60 104
60 147
60 162
60 167
60 190
60 225
60 248
60 298
60 302
60 333
60 355
60 376
60 432
60 453
60 463
60 479
60 482
60 497
61 86
61 99
61 105
61 108
61 204
61 241
61 249
61 256
61 311
61 323
61 329
61 382
61 392
61 396
61 398
61 415
61 482
61 485
62 79
62 89
62 94
62 96
62 97
62 124
62 142
62 150
62 166
62 213
62 269
62 272
62 279
62 286
62 293
62 322
62 379
62 380
62 405
62 438
62 460
62 471
62 473
63 65
63 82
63 93
63 96
63 121
63 130
63 141
63 147
63 149
63 194
63 233
63 273
63 387
63 406
63 410
63 419
63 447
63 458
63 474
63 480
64 66
64 75
64 79
64 99
64 122
64 127
64 146
64 172
64 186
64 208
64 212
64 220
64 234
64 237
64 242
64 269
64 276
64 297
64 311
64 327
64 355
64 411
64 443
64 446
64 447
64 477
64 494
65 67
65 69
65 116
65 126
65 142
65 143
65 149
65 190
65 194
65 246
65 338
65 352
65 372
65 374
65 398
65 400
65 403
65 428
65 438
65 459
65 466
65 469
66 91
66 92
66 106
66 137
66 153
66 186
66 218
66 224
66 281
66 299
66 302
66 395
66 413
66 430
66 441
66 442
66 496
67 86
67 113
67 150
67 152
67 236
67 249
67 263
67 271
67 365
67 371
67 386
67 402
67 434
67 455
67 469
67 484
68 75
68 79
68 89
68 97
68 101
68 102
68 118
68 158
68 165
68 188
68 199
68 223
68 245
68 261
68 275
68 277
68 280
68 282
68 310
68 334
68 377
68 393
68 395
68 418
68 425
68 456
68 463
68 481
68 485
68 490
69 82
69 89
69 92
69 125
69 147
69 169
69 180
69 193
69 213
69 219
69 230
69 307
69 331
69 357
69 358
69 375
69 408
69 432
69 462
69 484
70 71
70 75
70 87
70 90
70 101
70 110
70 114
70 117
70 118
70 155
70 175
70 217
70 223
70 227
70 245
70 273
70 298
70 310
70 311
70 322
70 337
70 355
70 360
70 455
70 460
71 97
71 207
71 233
71 245
71 286
71 300
71 330
71 383
71 396
71 455
71 460
71 464
71 478
72 82
72 90
72 120
72 123
72 131
72 140
72 147
72 184
72 254
72 261
72 268
72 270
72 273
72 275
72 355
72 372
72 376
72 390
72 421
72 422
72 425
72 432
72 441
72 446
72 488
72 498
73 107
73 125
73 151
73 157
73 170
73 175
73 208
73 213
73 214
73 230
73 265
73 283
73 292
73 312
73 318
73 331
73 332
73 337
73 354
73 357
73 365
73 410
73 411
73 426
73 430
73 440
73 454
73 473
73 480
74 95
74 100
74 103
74 119
74 186
74 199
74 267
74 279
74 310
74 324
74 326
74 327
74 352
74 363
74 378
74 394
74 401
74 417
74 450
74 462
75 78
75 84
75 120
75 164
75 169
75 192
75 204
75 214
75 230
75 249
75 268
75 316
75 359
75 407
75 452
75 459
76 89
76 151
76 161
76 182
76 208
76 218
76 311
76 348
76 366
76 399
76 410
76 417
76 429
76 437
76 495
77 106
77 111
77 112
77 114
77 121
77 139
77 154
77 163
77 184
77 219
77 237
77 239
77 256
77 274
77 285
77 289
77 304
77 312
77 337
77 339
77 386
77 387
77 397
77 411
77 418
77 469
77 478
78 114
78 124
78 130
78 133
78 180
78 185
78 222
78 296
78 369
78 462
78 467
78 470
78 479
79 107
79 117
79 154
79 164
79 167
79 219
79 232
79 240
79 249
79 284
79 310
79 344
79 372
79 375
79 387
79 391
79 401
79 402
79 411
79 426
79 474
79 480
80 90
80 98
80 102
80 107
80 147
80 166
80 168
80 195
80 208
80 241
80 245
80 267
80 285
80 329
80 385
80 399
80 441
80 450
80 456
80 473
81 89
81 112
81 118
81 133
81 144
81 147
81 170
81 177
81 227
81 230
81 253
81 254
81 313
81 339
81 341
81 391
81 393
81 447
81 482
81 484
81 493
81 494
81 495
82 124
82 131
82 138
82 173
82 191
82 194
82 211
82 212
82 221
82 234
82 258
82 268
82 270
82 294
82 303
82 338
82 344
82 348
82 354
82 384
82 406
82 432
82 451
82 468
82 487
83 127
83 152
83 153
83 207
83 243
83 262
83 264
83 291
83 308
83 310
83 334
83 361
83 417
83 445
83 480
83 491
84 87
84 92
84 93
84 103
84 118
84 124
84 128
84 156
84 160
84 170
84 190
84 246
84 248
84 304
84 343
84 347
84 360
84 363
84 378
84 380
84 428
84 456
84 459
85 131
85 138
85 145
85 151
85 170
85 173
85 188
85 214
85 234
85 244
85 270
85 322
85 337
85 343
85 348
85 385
85 472
85 473
85 496
86 115
86 116
86 133
86 148
86 152
86 166
86 186
86 191
86 195
86 226
86 252
86 263
86 274
86 277
86 289
86 345
86 416
86 421
86 432
86 435
86 441
86 448
86 449
86 469
86 482
86 488
86 489
87 101
87 152
87 159
87 163
87 169
87 180
87 235
87 242
87 281
87 282
87 294
87 302
87 318
87 333
87 451
87 452
87 484
87 485
87 497
88 92
88 115
88 117
88 128
88 134
88 140
88 144
88 159
88 173
88 175
88 185
88 194
88 208
88 214
88 259
88 261
88 272
88 275
88 283
88 285
88 300
88 344
88 348
88 349
88 378
88 379
88 384
88 389
88 409
88 428
88 438
88 459
88 474
89 104
89 130
89 154
89 173
89 197
89 218
89 234
89 244
89 253
89 316
89 335
89 367
89 401
89 406
89 414
89 422
89 441
89 452
89 455
89 460
89 473
89 477
89 480
89 489
90 93
90 103
90 175
90 181
90 193
90 198
90 207
90 208
90 211
90 228
90 232
90 242
90 259
90 261
90 311
90 328
90 338
90 341
90 358
90 362
90 391
90 397
90 402
90 407
90 414
90 421
90 422
90 462
90 499
91 115
91 125
91 241
91 298
91 315
91 326
91 342
91 415
91 433
91 456
91 483
91 487
92 155
92 163
92 198
92 201
92 215
92 221
92 250
92 254
92 267
92 271
92 284
92 330
92 351
92 394
92 401
92 402
92 423
92 425
92 452
92 462
92 467
92 483
92 487
93 94
93 103
93 128
93 145
93 149
93 234
93 242
93 297
93 303
93 309
93 318
93 334
93 339
93 343
93 361
93 362
93 400
93 442
93 443
93 448
93 483
93 487
93 494
94 109
94 200
94 209
94 218
94 250
94 274
94 332
94 338
94 364
94 370
94 371
94 398
94 428
94 432
94 454
94 457
94 458
94 494
95 109
95 112
95 114
95 121
95 126
95 139
95 151
95 158
95 170
95 216
95 237
95 244
95 278
95 288
95 289
95 290
95 304
95 305
95 344
95 372
95 420
95 427
95 437
95 453
95 462
95 493
96 101
96 142
96 155
96 156
96 159
96 161
96 174
96 178
96 223
96 230
96 233
96 241
96 245
96 268
96 276
96 277
96 287
96 314
96 334
96 359
96 407
96 431
96 462
96 481
96 496
97 101
97 102
97 104
97 112
97 119
97 127
97 138
97 218
97 298
97 325
97 330
97 342
97 352
97 410
97 433
97 467
97 476
98 105
98 121
98 144
98 148
98 158
98 170
98 172
98 174
98 193
98 221
98 231
98 237
98 275
98 280
98 281
98 282
98 285
98 328
98 354
98 359
98 364
98 387
98 426
98 447
98 461
98 468
98 476
99 102
99 151
99 158
99 171
99 174
99 209
99 252
99 261
99 284
99 287
99 355
99 384
99 410
99 411
99 430
99 443
99 447
99 467
100 110
100 166
100 186
100 200
100 202
100 210
100 221
100 258
100 274
100 304
100 306
100 318
100 361
100 373
100 393
100 408
100 425
100 429
100 439
101 106
101 138
101 153
101 157
101 167
101 185
101 189
101 220
101 254
101 313
101 319
101 334
101 337
101 342
101 368
101 369
101 397
101 401
101 405
101 443
101 448
101 455
101 464
101 487
101 495
102 139
102 215
102 230
102 233
102 250
102 285
102 293
102 344
102 404
102 418
102 422
102 432
102 435
102 439
102 460
103 107
103 129
103 145
103 158
103 159
103 223
103 240
103 280
103 296
103 305
103 328
103 348
103 354
103 371
103 389
103 491
104 112
104 113
104 116
104 142
104 161
104 180
104 183
104 220
104 221
104 228
104 259
104 303
104 339
104 399
104 404
104 405
104 414
104 454
104 457
104 464
104 466
104 478
104 489
104 493
105 120
105 124
105 178
105 183
105 190
105 330
105 341
105 378
105 379
105 395
105 423
105 452
105 463
105 467
105 468
106 140
106 144
106 208
106 224
106 226
106 246
106 253
106 254
106 255
106 303
106 311
106 318
106 320
106 350
106 367
106 369
106 372
106 375
106 398
106 400
106 410
106 437
106 450
106 487
107 120
107 160
107 186
107 220
107 286
107 290
107 308
107 324
107 336
107 338
107 344
107 349
107 376
107 396
107 436
107 464
107 495
108 121
108 146
108 205
108 252
108 254
108 275
108 292
108 308
108 312
108 321
108 346
108 409
108 422
108 431
108 454
108 461
109 111
109 143
109 148
109 165
109 193
109 200
109 208
109 244
109 271
109 276
109 278
109 285
109 314
109 348
109 384
109 395
109 396
109 483
109 490
110 114
110 157
110 173
110 189
110 195
110 210
110 214
110 223
110 250
110 259
110 265
110 279
110 307
110 310
110 317
110 393
110 397
110 412
110 424
110 432
110 461
110 477
111 122
111 134
111 138
111 153
111 158
111 180
111 192
111 215
111 256
111 260
111 274
111 306
111 343
111 365
111 380
111 418
111 425
111 429
111 460
112 118
112 128
112 131
112 133
112 190
112 196
112 208
112 211
112 230
112 245
112 247
112 263
112 292
112 341
112 363
112 367
112 371
112 375
112 436
112 476
112 489
113 117
113 118
113 152
113 187
113 196
113 221
113 226
113 233
113 244
113 285
113 302
113 307
113 388
113 400
113 434
113 458
113 496
114 141
114 164
114 195
114 197
114 225
114 265
114 276
114 345
114 347
114 374
114 375
114 383
114 394
114 417
114 429
114 442
114 452
114 482
114 496
115 162
115 190
115 191
115 214
115 227
115 230
115 234
115 270
115 311
115 322
115 344
115 361
115 406
115 411
115 418
115 430
115 432
115 442
115 497
116 147
116 196
116 207
116 222
116 235
116 255
116 275
116 289
116 300
116 307
116 380
116 384
116 392
116 411
116 443
117 125
117 194
117 205
117 223
117 257
117 269
117 292
117 327
117 331
117 354
117 359
117 362
117 366
117 424
117 457
117 463
117 483
118 170
118 304
118 326
118 366
118 370
118 377
118 425
118 436
118 452
118 476
119 124
119 165
119 172
119 228
119 236
119 250
119 290
119 314
119 338
119 360
119 361
119 364
119 375
119 378
119 385
119 396
119 485
119 489
119 494
119 496
120 127
120 144
120 151
120 165
120 209
120 213
120 255
120 284
120 290
120 292
120 310
120 317
120 331
120 380
120 430
121 137
121 206
121 226
121 235
121 268
121 289
121 315
121 319
121 372
121 421
121 426
121 437
121 449
121 452
121 474
121 483
121 486
122 139
122 160
122 168
122 170
122 211
122 223
122 233
122 246
122 286
122 306
122 323
122 328
122 382
122 401
122 402
122 429
122 458
122 470
122 497
123 139
123 141
123 173
123 228
123 244
123 271
123 324
123 327
123 330
123 339
123 444
123 467
123 490
123 498
124 140
124 176
124 182
124 200
124 218
124 239
124 268
124 269
124 278
124 283
124 286
124 307
124 341
124 346
124 378
124 384
124 424
124 425
124 477
125 154
125 182
125 210
125 251
125 261
125 359
125 387
125 398
125 474
126 154
126 159
126 162
126 178
126 183
126 208
126 218
126 258
126 267
126 288
126 312
126 337
126 389
126 395
126 414
126 422
126 430
126 431
126 490
127 134
127 148
127 153
127 162
127 177
127 222
127 233
127 245
127 267
127 299
127 309
127 330
127 341
127 354
127 367
127 375
127 412
127 450
127 457
127 464
128 129
128 144
128 180
128 189
128 208
128 264
128 301
128 311
128 320
128 342
128 350
128 352
128 353
128 385
128 391
128 461
128 467
128 474
129 155
129 157
129 181
129 196
129 208
129 216
129 226
129 240
129 252
129 258
129 316
129 324
129 398
129 418
129 423
129 437
129 454
129 466
129 469
129 470
129 484
130 150
130 156
130 179
130 200
130 239
130 247
130 262
130 323
130 324
130 338
130 352
130 360
130 368
130 378
130 391
130 401
130 418
130 429
130 452
130 462
130 475
131 161
131 165
131 166
131 169
131 196
131 205
131 236
131 272
131 274
131 306
131 308
131 319
131 334
131 359
131 415
131 446
131 453
131 455
131 462
131 474
131 476
131 495
131 497
132 152
132 177
132 181
132 193
132 251
132 257
132 315
132 320
132 343
132 363
132 367
132 368
132 398
132 413
132 418
132 429
132 458
132 459
132 475
133 161
133 165
133 173
133 214
133 254
133 259
133 281
133 291
133 322
133 327
133 329
133 331
133 390
133 399
133 417
133 488
134 137
134 146
134 164
134 177
134 191
134 199
134 210
134 227
134 228
134 234
134 244
134 250
134 283
134 292
134 306
134 326
134 333
134 345
134 376
134 405
134 414
134 461
134 465
134 490
135 144
135 154
135 221
135 224
135 260
135 286
135 287
135 299
135 320
135 357
135 361
135 370
135 380
135 400
135 478
136 175
136 194
136 223
136 256
136 259
136 285
136 289
136 293
136 300
136 320
136 335
136 339
136 362
136 375
136 391
136 437
136 444
136 466
137 160
137 163
137 170
137 179
137 180
137 183
137 207
137 243
137 285
137 291
137 318
137 323
137 333
137 341
137 342
137 369
137 371
137 386
137 397
137 424
137 426
137 429
137 434
137 447
137 475
137 481
137 494
138 169
138 194
138 210
138 227
138 247
138 258
138 271
138 285
138 298
138 311
138 346
138 384
138 397
138 400
138 406
138 482
139 178
139 183
139 191
139 203
139 277
139 375
139 378
139 428
139 436
139 445
139 454
139 465
140 159
140 171
140 178
140 196
140 207
140 214
140 239
140 258
140 261
140 286
140 321
140 353
140 409
140 448
140 465
140 478
140 483
140 499
141 167
141 172
141 187
141 188
141 228
141 229
141 238
141 241
141 251
141 311
141 321
141 332
141 334
141 341
141 384
142 157
142 191
142 193
142 197
142 222
142 232
142 251
142 303
142 342
142 379
142 382
142 434
142 461
142 482
142 491
143 148
143 160
143 181
143 186
143 195
143 205
143 220
143 263
143 282
143 286
143 310
143 316
143 336
143 352
143 360
143 372
143 400
143 403
143 424
143 439
143 445
143 454
144 152
144 160
144 180
144 185
144 188
144 197
144 205
144 207
144 208
144 221
144 242
144 245
144 249
144 254
144 339
144 362
144 394
144 426
144 438
144 448
144 467
144 468
144 493
145 196
145 227
145 283
145 319
145 381
145 408
145 430
145 431
145 446
145 453
145 465
145 472
145 473
146 154
146 158
146 211
146 223
146 231
146 297
146 298
146 336
146 365
146 377
146 379
146 402
146 427
146 432
146 434
146 446
146 462
146 494
147 154
147 181
147 197
147 211
147 230
147 248
147 250
147 262
147 322
147 325
147 341
147 350
147 366
147 369
147 394
147 456
147 498
148 164
148 207
148 226
148 241
148 254
148 264
148 289
148 291
148 292
148 327
148 383
148 391
148 396
148 424
148 465
148 496
149 150
149 162
149 228
149 261
149 263
149 356
149 385
149 388
149 389
149 398
149 414
149 445
149 447
149 480
149 490
150 191
150 202
150 214
150 227
150 229
150 240
150 246
150 268
150 269
150 273
150 307
150 314
150 319
150 345
150 371
150 376
150 383
150 395
150 424
150 449
150 486
150 498
151 159
151 172
151 184
151 192
151 253
151 259
151 271
151 288
151 362
151 369
151 413
151 477
152 165
152 179
152 194
152 236
152 244
152 258
152 294
152 303
152 307
152 310
152 341
152 347
152 375
152 380
152 385
153 170
153 172
153 186
153 190
153 201
153 218
153 228
153 258
153 284
153 299
153 309
153 326
153 334
153 347
153 356
153 368
153 377
153 382
153 396
153 404
153 433
153 435
153 439
153 473
153 480
153 494
154 164
154 216
154 238
154 257
154 270
154 296
154 297
154 316
154 326
154 328
154 331
154 336
154 347
154 384
154 392
154 394
154 404
154 421
154 423
154 437
154 473
155 194
155 202
155 209
155 220
155 248
155 256
155 305
155 334
155 341
155 424
155 448
156 178
156 243
156 258
156 262
156 279
156 294
156 303
156 345
156 381
156 395
156 397
156 459
156 485
156 490
156 493
157 194
157 242
157 243
157 289
157 294
157 295
157 296
157 309
157 330
157 339
157 371
157 380
157 383
157 400
157 425
157 445
157 448
157 453
157 466
157 489
158 185
158 187
158 233
158 234
158 279
158 303
158 321
158 339
158 342
158 351
158 365
158 372
158 376
158 390
158 396
158 410
158 428
158 430
158 446
158 477
158 499
159 160
159 179
159 190
159 198
159 213
159 215
159 217
159 243
159 284
159 287
159 289
159 308
159 342
159 345
159 352
159 362
159 368
159 388
159 390
159 392
159 404
159 439
159 460
159 480
159 483
159 494
160 168
160 178
160 182
160 186
160 257
160 273
160 286
160 319
160 328
160 366
160 395
160 422
160 482
160 492
161 245
161 265
161 271
161 302
161 304
161 308
161 312
161 314
161 320
161 334
161 340
161 344
161 354
161 360
161 387
161 396
161 417
161 443
162 163
162 169
162 199
162 295
162 334
162 336
162 337
162 341
162 342
162 346
162 348
162 357
162 362
162 488
162 494
163 183
163 223
163 236
163 240
163 266
163 310
163 314
163 316
163 326
163 335
163 356
163 357
163 395
163 402
163 488
164 194
164 216
164 223
164 246
164 254
164 267
164 287
164 296
164 344
164 364
164 367
164 368
164 402
164 425
164 426
164 472
164 477
164 493
165 184
165 200
165 220
165 258
165 265
165 275
165 290
165 303
165 323
165 335
165 344
165 346
165 360
165 386
165 398
165 403
165 423
165 449
165 469
165 476
165 479
165 489
165 499
166 170
166 182
166 189
166 199
166 235
166 253
166 254
166 329
166 377
166 388
166 409
166 417
166 483
166 489
167 233
167 255
167 275
167 286
167 312
167 337
167 371
167 376
167 396
167 402
167 413
167 434
167 450
167 453
167 475
168 196
168 197
168 204
168 207
168 225
168 237
168 257
168 272
168 284
168 289
168 338
168 371
168 412
168 435
168 449
168 454
169 179
169 196
169 216
169 220
169 231
169 249
169 253
169 270
169 323
169 360
169 363
169 385
169 393
169 403
169 434
169 442
169 455
169 480
169 492
169 494
170 172
170 178
170 193
170 205
170 211
170 225
170 230
170 234
170 249
170 264
170 265
170 296
170 332
170 370
170 383
170 410
170 422
170 486
170 491
170 496
171 202
171 207
171 221
171 263
171 265
171 289
171 312
171 342
171 382
171 431
171 444
171 448
171 478
171 482
172 189
172 204
172 212
172 227
172 241
172 255
172 274
172 277
172 285
172 301
172 317
172 333
172 371
172 389
172 408
172 416
172 450
172 473
172 478
172 496
173 191
173 219
173 223
173 274
173 275
173 278
173 292
173 303
173 331
173 349
173 366
173 419
173 448
173 462
173 494
174 201
174 205
174 245
174 272
174 296
174 299
174 328
174 331
174 333
174 336
174 343
174 362
174 378
174 411
174 412
174 429
174 436
174 459
174 464
174 490
175 186
175 192
175 229
175 262
175 281
175 302
175 309
175 417
175 445
175 449
175 457
176 191
176 237
176 274
176 290
176 299
176 306
176 320
176 321
176 381
176 405
176 414
176 418
176 434
176 450
176 451
176 461
177 206
177 215
177 216
177 224
177 235
177 252
177 280
177 291
177 373
177 376
177 380
177 408
177 417
177 490
178 215
178 233
178 258
178 266
178 288
178 364
178 383
178 395
178 406
178 410
178 439
178 447
178 448
178 465
179 200
179 222
179 230
179 248
179 274
179 280
179 329
179 355
179 372
179 373
179 405
179 407
179 413
179 435
179 446
179 479
179 484
179 491
179 496
180 202
180 212
180 222
180 366
180 382
180 384
180 387
180 407
180 421
180 436
180 447
180 467
181 188
181 194
181 197
181 202
181 252
181 267
181 271
181 287
181 311
181 329
181 340
181 370
181 386
181 401
181 404
181 407
181 454
181 455
181 475
181 480
182 194
182 201
182 203
182 205
182 209
182 239
182 243
182 268
182 305
182 315
182 393
182 394
182 415
182 432
182 452
182 478
182 482
182 485
183 188
183 219
183 225
183 255
183 266
183 286
183 305
183 317
183 337
183 340
183 364
183 365
183 391
183 438
183 448
183 473
183 484
183 486
183 494
183 499
184 188
184 246
184 282
184 336
184 338
184 355
184 382
184 387
184 393
184 397
184 417
184 431
184 490
185 306
185 339
185 357
185 365
185 371
185 441
185 454
186 191
186 203
186 224
186 240
186 245
186 269
186 274
186 275
186 300
186 302
186 360
186 379
186 383
186 402
186 408
186 465
186 471
186 495
187 191
187 197
187 212
187 217
187 223
187 283
187 288
187 293
187 323
187 354
187 409
187 410
187 411
187 414
187 435
187 464
187 467
187 468
187 475
187 481
187 482
187 497
188 191
188 195
188 216
188 233
188 239
188 262
188 279
188 287
188 315
188 322
188 324
188 332
188 351
188 352
188 369
188 370
188 440
188 466
188 493
189 199
189 225
189 264
189 283
189 300
189 311
189 312
189 340
189 386
189 431
189 457
189 486
190 203
190 217
190 232
190 240
190 243
190 254
190 260
190 311
190 320
190 330
190 352
190 412
190 442
190 447
190 453
190 458
190 467
190 498
191 238
191 247
191 258
191 268
191 302
191 303
191 369
191 378
191 392
191 396
191 413
191 454
191 464
192 266
192 271
192 302
192 359
192 394
192 401
192 415
192 426
192 441
192 454
192 461
192 475
192 491
193 196
193 198
193 211
193 255
193 271
193 286
193 303
193 307
193 315
193 337
193 355
193 369
193 432
193 465
193 499
194 218
194 225
194 227
194 232
194 282
194 315
194 328
194 333
194 360
194 409
194 414
194 445
194 447
194 465
194 484
195 223
195 338
195 362
195 371
195 374
195 419
195 432
195 457
195 478
196 200
196 214
196 242
196 253
196 260
196 265
196 279
196 293
196 294
196 316
196 339
196 368
196 404
196 415
196 441
196 455
196 491
196 492
197 258
197 273
197 306
197 331
197 339
197 352
197 355
197 374
197 409
197 462
197 478
197 488
198 219
198 243
198 252
198 253
198 262
198 268
198 277
198 286
198 294
198 313
198 319
198 390
198 439
198 441
198 450
198 473
198 478
199 221
199 260
199 273
199 296
199 310
199 375
199 402
199 411
199 449
199 465
199 475
199 491
199 499
200 201
200 203
200 208
200 209
200 226
200 236
200 250
200 253
200 263
200 267
200 297
200 301
200 303
200 309
200 321
200 348
200 352
200 380
200 385
200 406
200 410
200 412
200 490
200 492
201 253
201 258
201 260
201 271
201 300
201 304
201 309
201 320
201 374
201 385
201 436
201 465
201 492
202 223
202 226
202 243
202 255
202 275
202 287
202 306
202 326
202 344
202 348
202 366
202 411
202 432
202 454
202 456
203 207
203 211
203 228
203 241
203 252
203 254
203 295
203 365
203 375
203 416
203 422
203 429
203 466
203 493
204 206
204 211
204 216
204 240
204 251
204 258
204 273
204 279
204 283
204 290
204 314
204 330
204 340
204 357
204 367
204 398
204 404
204 406
204 410
204 443
204 458
204 468
204 475
205 210
205 216
205 256
205 286
205 329
205 348
205 353
205 366
205 409
205 422
205 452
205 453
205 463
205 497
206 216
206 235
206 254
206 265
206 292
206 334
206 352
206 417
206 463
206 498
207 218
207 221
207 228
207 266
207 270
207 275
207 281
207 289
207 310
207 332
207 336
207 360
207 377
207 381
207 384
207 448
207 480
207 484
207 486
207 488
208 230
208 231
208 235
208 242
208 256
208 308
208 371
208 373
208 381
208 393
208 404
208 446
208 484
208 489
208 494
209 254
209 263
209 304
209 318
209 319
209 340
209 350
209 409
209 419
209 463
209 466
209 475
209 496
209 497
210 218
210 243
210 244
210 252
210 264
210 274
210 320
210 373
210 393
210 405
210 432
210 453
210 472
210 474
211 217
211 264
211 290
211 296
211 314
211 347
211 365
211 390
211 405
211 445
211 464
211 472
211 473
211 496
212 223
212 274
212 300
212 308
212 360
212 386
212 388
212 424
212 452
212 456
212 467
212 489
213 222
213 262
213 271
213 281
213 284
213 308
213 329
213 365
213 378
213 381
213 383
213 397
213 468
213 473
214 277
214 318
214 399
214 404
214 417
214 425
214 429
214 462
215 260
215 266
215 293
215 296
215 300
215 306
215 349
215 354
215 397
215 415
215 417
215 469
216 261
216 276
216 324
216 328
216 332
216 336
216 351
216 397
216 406
216 431
216 442
216 494
217 227
217 237
217 244
217 293
217 323
217 346
217 394
217 414
217 446
217 468
217 481
218 223
218 227
218 231
218 252
218 260
218 363
218 367
218 370
218 378
218 398
218 418
218 424
218 474
219 221
219 224
219 246
219 272
219 281
219 291
219 315
219 363
219 378
219 383
219 404
219 414
219 415
219 424
219 426
219 448
219 456
219 481
219 482
219 487
219 493
220 244
220 275
220 281
220 309
220 319
220 334
220 360
220 364
220 393
220 411
220 484
221 230
221 241
221 286
221 290
221 291
221 317
221 329
221 339
221 390
221 406
221 425
221 429
221 468
221 472
221 479
221 499
222 245
222 253
222 257
222 306
222 411
222 447
222 465
222 468
223 252
223 328
223 331
223 335
223 340
223 367
223 392
223 402
223 449
223 497
223 498
224 261
224 311
224 330
224 345
224 349
224 382
224 404
224 449
224 477
224 482
225 254
225 265
225 284
225 294
225 324
225 338
225 389
225 408
225 411
225 419
225 427
225 452
225 496
226 227
226 272
226 276
226 281
226 285
226 290
226 323
226 346
226 359
226 369
226 376
226 384
226 390
226 442
226 463
227 232
227 233
227 237
227 265
227 286
227 291
227 320
227 329
227 332
227 352
227 353
227 371
227 385
227 392
227 401
227 414
227 457
227 493
227 499
228 235
228 274
228 314
228 319
228 356
228 373
228 425
228 459
228 460
228 461
228 470
228 482
228 486
228 492
229 253
229 255
229 257
229 290
229 299
229 306
229 308
229 340
229 341
229 368
229 375
229 377
229 380
229 393
229 398
229 409
229 474
230 300
230 317
230 339
230 352
230 362
230 365
230 394
230 398
230 416
230 418
230 422
230 425
230 463
231 240
231 250
231 263
231 280
231 286
231 290
231 309
231 314
231 318
231 320
231 376
231 429
231 432
231 447
231 472
231 480
231 485
232 275
232 287
232 330
232 331
232 350
232 402
232 415
232 426
232 483
233 240
233 247
233 262
233 267
233 268
233 280
233 296
233 308
233 311
233 318
233 322
233 350
233 400
233 482
233 497
234 236
234 244
234 301
234 334
234 374
234 399
234 423
234 426
234 431
234 454
234 456
234 460
234 464
234 475
234 480
234 492
234 499
235 283
235 290
235 291
235 306
235 314
235 315
235 362
235 409
235 435
235 445
235 460
235 489
236 265
236 290
236 294
236 296
236 322
236 334
236 348
236 362
236 376
236 385
236 441
236 448
236 464
236 470
236 490
236 498
237 251
237 266
237 268
237 313
237 321
237 362
237 367
237 381
237 402
237 428
237 439
237 440
237 441
237 457
237 478
237 491
237 496
237 497
238 265
238 302
238 318
238 358
238 366
238 394
238 398
238 399
238 401
238 412
238 416
238 424
238 448
238 462
238 492
239 256
239 285
239 336
239 360
239 367
239 442
239 461
239 473
240 243
240 249
240 258
240 274
240 287
240 302
240 356
240 368
240 386
240 412
240 417
240 429
240 444
240 485
240 487
241 249
241 262
241 268
241 275
241 283
241 288
241 306
241 321
241 333
241 360
241 383
241 384
241 388
241 402
241 404
241 423
241 429
241 499
242 249
242 267
242 274
242 278
242 298
242 322
242 373
242 387
242 391
242 392
242 409
242 415
242 423
242 457
242 494
243 280
243 291
243 296
243 300
243 327
243 352
243 373
243 402
243 416
243 421
243 424
243 445
243 464
244 282
244 344
244 361
244 364
244 371
244 393
244 400
244 402
244 445
244 483
245 362
245 399
245 404
245 444
245 445
246 252
246 260
246 286
246 312
246 347
246 377
246 395
246 406
246 437
246 472
246 483
247 252
247 262
247 273
247 286
247 326
247 340
247 341
247 343
247 403
247 443
247 457
247 460
247 467
247 474
247 487
247 490
248 257
248 266
248 289
248 295
248 313
248 353
248 383
248 392
248 444
248 453
248 456
248 474
248 479
248 493
249 291
249 300
249 312
249 315
249 338
249 364
249 393
249 405
249 429
249 435
249 458
250 256
250 276
250 283
250 285
250 288
250 295
250 301
250 323
250 351
250 353
250 373
250 377
250 392
250 396
250 433
250 451
250 456
250 486
250 491
251 269
251 278
251 281
251 290
251 321
251 349
251 350
251 376
251 381
251 382
251 402
251 405
251 431
251 438
251 440
251 445
251 464
251 465
251 468
251 482
251 498
252 262
252 274
252 288
252 311
252 359
252 370
252 405
252 421
252 430
252 451
252 467
253 283
253 425
253 466
253 479
253 480
253 493
254 279
254 331
254 354
254 379
254 395
254 401
254 409
254 444
254 451
254 452
254 461
254 462
254 489
255 265
255 273
255 282
255 290
255 301
255 316
255 319
255 320
255 321
255 357
255 360
255 369
255 385
255 391
255 419
255 444
255 474
255 485
255 498
256 284
256 292
256 303
256 340
256 357
256 395
256 412
256 413
256 440
256 492
257 270
257 291
257 308
257 317
257 324
257 337
257 355
257 360
257 416
257 417
257 425
257 437
257 449
257 453
257 493
258 280
258 297
258 304
258 310
258 317
258 355
258 356
258 411
258 433
258 463
258 485
258 497
259 295
259 339
259 444
259 449
259 464
259 495
259 497
260 261
260 265
260 331
260 333
260 336
260 354
260 371
260 433
260 440
260 466
260 482
260 499
261 288
261 323
261 330
261 333
261 337
261 363
261 371
261 396
261 403
261 414
261 416
261 432
261 463
261 469
261 481
262 281
262 287
262 290
262 313
262 339
262 346
262 362
262 391
262 393
262 400
262 461
262 487
262 490
263 312
263 336
263 343
263 359
263 383
263 408
263 410
263 461
264 330
264 336
264 358
264 370
264 378
264 390
264 428
264 432
264 454
264 460
264 479
264 483
264 487
264 497
265 302
265 330
265 350
265 379
265 398
265 464
265 468
266 269
266 310
266 376
266 396
266 398
266 439
266 458
266 460
267 268
267 278
267 285
267 311
267 312
267 326
267 333
267 359
267 369
267 393
267 412
267 443
267 456
267 459
267 460
267 489
267 497
268 273
268 289
268 308
268 311
268 377
268 378
268 384
268 389
268 396
268 397
268 415
268 416
268 432
268 441
268 442
268 472
269 270
269 278
269 340
269 352
269 466
269 491
270 312
270 343
271 272
271 293
271 318
271 324
271 348
271 351
271 371
271 386
271 400
271 417
271 430
271 467
271 472
271 485
271 496
272 303
272 305
272 325
272 359
272 366
272 445
272 477
272 484
273 297
273 327
273 331
273 334
273 335
273 349
273 352
273 355
273 400
273 402
273 405
273 409
273 416
273 428
273 442
273 460
273 473
273 474
274 281
274 336
274 380
274 387
274 432
274 447
274 473
275 278
275 305
275 339
275 348
275 349
275 419
275 424
275 461
276 282
276 294
276 299
276 357
276 359
276 374
276 405
276 458
276 492
277 341
277 359
277 364
277 429
277 438
277 439
277 452
277 453
278 301
278 361
278 362
278 370
278 376
278 393
278 403
278 419
278 427
278 432
278 439
278 445
278 456
278 460
278 486
278 491
278 496
279 297
279 298
279 305
279 318
279 343
279 363
279 364
279 370
279 380
279 406
279 409
279 496
279 499
280 403
280 444
280 463
280 494
280 499
281 294
281 314
281 338
281 374
281 390
281 394
281 446
281 466
281 468
281 471
281 493
282 289
282 302
282 330
282 362
282 380
282 461
282 466
282 482
282 493
283 285
283 318
283 324
283 357
283 400
283 490
284 362
284 416
284 423
284 440
284 454
284 493
285 335
285 346
285 374
285 381
285 402
285 423
285 426
285 443
285 456
285 487
286 292
286 328
286 357
286 395
286 406
286 445
286 474
286 482
287 289
287 337
287 343
287 349
287 350
287 393
287 442
287 448
287 459
287 468
287 473
287 480
288 306
288 318
288 335
288 357
288 371
288 384
288 400
288 410
288 411
288 414
288 420
288 444
288 462
288 472
288 488
288 492
289 318
289 322
289 345
289 346
289 355
289 374
289 383
289 384
289 399
289 454
289 471
289 480
289 499
290 298
290 327
290 334
290 380
290 389
290 393
290 396
290 421
290 439
290 445
290 454
290 477
290 494
290 499
291 315
291 330
291 336
291 351
291 359
291 390
291 432
291 455
291 463
292 338
292 361
292 439
292 450
292 487
293 300
293 322
293 328
293 355
293 360
293 361
293 401
293 432
293 439
294 308
294 315
294 340
294 428
294 469
294 482
295 305
295 312
295 313
295 318
295 340
295 348
295 362
295 377
295 392
295 411
295 443
296 324
296 332
296 338
296 346
296 392
296 416
296 487
296 497
297 310
297 334
297 340
297 356
297 366
297 380
297 394
297 421
297 458
297 480
297 486
297 492
297 498
298 305
298 334
298 336
298 378
298 379
298 390
298 447
298 459
298 474
298 482
298 485
299 400
299 415
299 416
299 425
299 445
299 474
299 484
299 487
299 499
300 302
300 317
300 341
300 349
300 380
300 430
300 447
301 313
301 340
301 361
301 427
301 439
301 449
301 486
302 306
302 308
302 312
302 344
302 352
302 353
302 390
302 401
302 421
302 430
302 452
302 495
302 497
303 320
303 331
303 332
303 374
303 382
303 402
303 403
303 464
304 310
304 312
304 323
304 337
304 350
304 355
304 376
304 439
305 310
305 322
305 340
305 362
305 390
305 396
305 407
305 411
305 417
305 428
305 444
305 447
305 461
306 364
306 404
306 418
306 430
306 454
306 461
306 492
307 325
307 372
307 423
307 457
307 461
307 485
308 310
308 376
308 396
308 427
308 436
308 447
308 498
309 326
309 351
309 368
309 369
309 405
309 428
309 437
309 458
309 473
310 362
310 378
310 415
310 426
310 437
310 492
311 321
311 327
311 331
311 351
311 361
311 374
311 438
311 447
311 451
311 475
311 478
312 339
312 365
312 424
312 425
312 449
312 462
312 472
313 408
313 413
313 435
313 447
313 455
313 461
313 499
314 357
314 361
314 366
314 367
314 370
314 378
314 383
314 389
314 452
314 463
314 470
314 479
314 496
315 331
315 335
315 342
315 367
315 370
315 386
315 430
315 470
315 495
316 344
316 366
316 390
316 396
316 445
316 459
316 466
316 474
317 353
317 366
317 387
317 398
317 438
317 439
317 446
317 448
317 479
317 488
318 319
318 323
318 333
318 362
318 372
318 377
318 390
318 418
318 444
318 496
318 498
318 499
319 340
319 358
319 419
319 434
319 461
319 476
319 490
319 491
319 497
319 498
320 329
320 364
320 371
320 389
320 393
320 397
320 410
320 462
320 468
320 489
321 346
321 353
321 373
321 379
321 397
321 411
321 414
321 450
321 452
322 331
322 333
322 338
322 386
322 460
322 480
322 497
323 324
323 347
323 393
323 402
323 407
323 417
323 420
323 442
323 451
323 487
324 371
324 421
324 431
324 441
324 452
324 465
325 351
325 358
325 371
325 399
325 410
325 430
325 435
325 437
325 442
325 450
325 481
326 348
326 370
326 376
326 378
326 403
326 415
326 420
326 436
326 445
326 455
326 480
326 498
327 329
327 331
327 336
327 341
327 364
327 367
327 377
327 382
327 430
327 442
327 456
327 471
328 346
328 384
328 431
328 438
328 466
328 498
329 339
329 370
329 405
329 407
329 410
329 430
329 436
330 339
330 340
330 358
330 361
330 363
330 378
330 432
330 439
330 462
330 466
330 475
330 486
331 333
331 339
331 340
331 343
331 344
331 351
331 358
331 373
331 405
331 413
331 433
331 471
331 488
332 337
332 341
332 354
332 355
332 361
332 370
332 398
332 439
332 446
332 455
332 474
332 483
332 490
333 368
333 377
333 380
333 439
333 443
334 338
334 348
334 360
334 363
334 392
334 429
334 433
334 450
334 451
334 454
334 458
334 480
335 443
335 453
335 455
335 460
335 488
336 343
336 345
336 360
336 370
336 377
336 384
336 389
336 421
336 471
337 364
337 415
337 427
337 443
337 485
338 367
338 404
338 407
338 468
338 477
338 497
339 378
339 428
339 436
339 445
339 457
339 458
339 464
339 467
340 347
340 388
340 457
340 471
340 475
340 486
341 345
341 351
341 386
341 411
341 474
341 487
341 498
342 371
342 375
342 404
342 459
342 465
343 374
343 397
343 398
343 400
343 403
343 408
343 419
343 426
343 439
343 488
343 491
344 366
344 381
344 451
344 460
344 479
344 491
344 493
345 373
345 374
345 383
345 384
345 412
345 419
345 440
345 449
345 462
345 471
345 474
345 483
345 492
345 494
346 348
346 367
346 378
346 392
346 447
346 465
347 364
347 382
347 399
347 423
347 443
347 446
347 461
348 373
348 393
348 398
348 411
348 452
348 473
349 350
349 358
349 418
349 430
349 438
349 463
349 465
349 492
350 361
350 376
350 403
350 433
350 436
350 452
350 463
351 365
351 392
351 409
351 430
351 433
351 446
351 455
351 458
351 478
351 480
351 498
352 380
352 409
352 436
352 452
352 465
352 485
352 487
352 489
352 494
353 394
353 466
354 359
354 366
354 376
354 386
354 416
354 451
354 458
355 387
355 402
355 441
355 481
355 494
355 496
356 375
356 379
356 412
356 474
357 395
357 421
357 427
357 429
357 458
357 483
357 485
357 488
358 369
358 395
358 433
358 464
358 483
359 366
359 412
359 418
359 423
359 425
359 429
359 443
359 445
359 455
359 471
359 472
359 480
359 481
359 483
360 370
360 426
360 492
361 430
361 462
361 472
361 481
361 489
362 407
362 426
362 440
362 472
362 481
363 405
363 424
363 442
363 479
364 415
364 421
364 448
364 493
365 429
366 374
366 408
366 432
366 463
366 470
366 490
366 491
367 378
367 386
367 388
367 453
367 463
367 465
368 377
368 422
368 427
368 438
368 462
368 471
368 476
369 390
369 413
369 422
369 444
369 456
369 465
369 488
370 379
370 405
370 410
370 420
370 437
370 443
370 451
370 465
370 473
371 374
371 377
371 441
371 474
371 478
371 481
371 496
371 499
372 378
372 400
372 403
372 407
372 421
372 427
372 476
372 482
373 384
373 416
373 421
373 434
373 438
373 447
373 453
374 426
374 430
374 478
375 379
375 398
375 402
375 466
375 498
376 379
376 380
376 388
376 427
376 442
377 403
377 429
377 430
377 442
377 485
377 490
377 495
378 380
378 453
378 469
378 473
378 474
379 400
379 428
379 444
379 468
380 402
380 409
380 446
380 449
380 488
380 496
381 399
381 411
381 412
381 438
381 475
381 477
381 484
381 490
381 493
382 388
382 448
382 461
382 462
382 481
382 483
383 416
383 463
383 466
383 475
384 404
384 407
384 418
384 467
384 470
384 485
384 486
385 391
385 398
385 468
385 483
386 392
386 402
386 408
386 429
386 436
386 438
386 467
387 414
387 424
387 442
387 457
387 466
387 478
387 487
387 496
387 497
388 433
388 441
388 489
388 490
388 493
389 392
389 431
389 447
389 471
389 483
389 493
390 395
390 423
390 455
390 462
390 484
390 485
390 497
391 404
391 448
391 477
392 398
392 423
392 427
392 428
392 447
392 463
392 469
392 481
392 488
392 499
393 397
393 439
393 449
393 469
393 481
393 488
394 442
394 445
395 419
395 423
395 458
395 469
395 489
395 499
396 406
396 413
396 462
396 473
396 480
396 485
397 432
397 434
397 439
397 450
397 454
397 476
398 405
398 458
398 472
399 453
399 489
400 438
400 458
400 461
400 475
401 417
401 471
401 474
402 403
402 419
402 447
402 451
402 452
402 488
402 489
403 415
403 420
403 423
403 477
403 481
404 405
404 406
404 418
404 424
404 469
404 470
404 492
405 441
406 438
406 452
406 458
406 493
407 411
407 417
407 433
407 487
408 478
409 421
409 433
409 455
409 479
409 488
410 459
410 465
410 488
410 494
411 424
411 450
411 462
411 463
411 479
411 482
412 433
412 436
412 444
412 449
412 450
413 415
413 422
413 432
413 456
413 477
413 482
413 484
414 417
414 451
414 463
414 464
415 429
415 470
415 471
415 489
415 494
415 496
416 424
416 458
416 467
416 482
416 494
417 428
417 429
417 439
417 460
418 429
418 438
418 443
418 467
418 469
419 422
419 434
419 446
419 458
420 423
420 473
420 495
421 423
421 430
421 439
421 487
422 466
422 479
423 474
424 440
424 450
424 463
424 476
424 483
424 496
425 426
425 457
425 479
425 486
426 428
426 478
427 489
427 498
428 455
428 476
428 499
429 432
429 433
429 451
429 479
429 482
429 498
430 480
430 481
431 449
432 461
432 483
432 490
433 435
433 441
433 461
434 455
434 487
434 492
434 493
435 487
436 483
437 455
437 490
438 448
438 478
438 489
438 495
439 445
439 451
439 476
439 479
439 486
439 487
439 493
439 495
439 497
440 453
440 484
440 496
441 449
441 470
442 444
442 447
442 454
442 458
442 473
442 475
442 476
442 491
443 449
443 471
444 457
445 464
445 477
445 482
445 483
446 448
447 461
447 479
447 480
447 495
448 490
449 453
449 455
449 470
449 488
450 494
451 462
451 477
452 472
453 455
453 464
453 483
454 455
454 459
454 467
455 482
455 492
455 495
456 476
456 481
456 488
456 499
457 476
458 476
459 483
459 493
459 494
460 462
460 466
461 485
461 486
462 473
462 482
462 484
462 497
464 475
464 483
464 492
465 467
465 476
465 478
465 493
466 477
466 492
467 472
467 489
467 496
468 469
468 481
468 495
469 488
469 494
471 477
473 475
473 485
474 476
474 495
475 480
476 490
478 494
480 482
480 484
480 485
481 487
481 488
482 483
482 494
483 488
485 487
485 490
485 499
486 498
487 490
487 496
488 489
490 494
490 495
490 497
493 497
493 499
