300 4087 0.8
0 11
0 33
0 50
0 62
0 74
0 105
0 110
0 114
0 136
0 139
0 158
0 166
0 168
0 176
0 177
0 183
0 185
0 215
0 221
0 233
0 239
0 240
0 244
0 255
1 9
1 30
1 52
1 73
1 76
1 91
1 127
1 140
1 166
1 171
1 200
1 210
1 211
1 217
1 247
1 255
1 269
1 294
2 4
2 13
2 22
2 29
2 34
2 42
2 43
2 54
2 67
2 72
2 75
2 78
2 138
2 162
2 164
2 175
2 185
2 190
2 191
2 198
2 200
2 220
2 225
2 237
2 238
2 254
2 262
2 290
2 292
3 8
3 13
3 19
3 31
3 37
3 49
3 58
3 59
3 61
3 84
3 97
3 101
3 102
3 121
3 122
3 128
3 166
3 173
3 192
3 204
3 220
3 225
3 231
3 250
3 260
3 264
3 286
3 292
4 11
4 16
4 25
4 31
4 34
4 56
4 63
4 65
4 76
4 79
4 91
4 142
4 143
4 147
4 153
4 157
4 185
4 203
4 226
4 232
4 246
4 281
4 283
5 6
5 25
5 33
5 46
5 56
5 61
5 78
5 87
5 96
5 101
5 117
5 121
5 150
5 154
5 160
5 175
5 183
5 201
5 284
5 292
6 20
6 76
6 95
6 113
6 127
6 140
6 151
6 155
6 203
6 215
6 228
6 232
6 233
6 245
6 256
6 265
6 272
6 274
6 291
7 21
7 28
7 46
7 50
7 58
7 73
7 74
7 78
7 88
7 98
7 99
7 106
7 135
7 164
7 181
7 187
7 191
7 194
7 201
7 208
7 215
7 247
7 250
7 253
7 260
8 16
8 29
8 53
8 64
8 66
8 75
8 77
8 95
8 108
8 113
8 116
8 121
8 130
8 139
8 143
8 167
8 175
8 178
8 180
8 181
8 202
8 203
8 210
8 214
8 228
8 230
8 239
8 248
8 259
8 288
8 291
9 31
9 38
9 41
9 67
9 78
9 80
9 99
9 107
9 116
9 123
9 131
9 140
9 146
9 147
9 151
9 157
9 164
9 172
9 178
9 186
9 216
9 217
9 221
9 224
9 236
9 244
9 246
9 261
9 282
10 42
10 47
10 50
10 52
10 63
10 79
10 85
10 92
10 96
10 98
10 126
10 128
10 133
10 154
10 160
10 163
10 172
10 181
10 185
10 193
10 202
10 234
10 274
10 289
11 15
11 35
11 40
11 43
11 49
11 53
11 54
11 72
11 75
11 85
11 118
11 119
11 123
11 127
11 130
11 140
11 142
11 151
11 160
11 180
11 188
11 193
11 201
11 211
11 213
11 224
11 261
11 263
11 271
11 272
12 27
12 45
12 46
12 49
12 52
12 68
12 74
12 84
12 94
12 98
12 173
12 174
12 183
12 184
12 188
12 194
12 221
12 233
12 252
12 257
12 275
12 278
13 100
13 108
13 112
13 122
13 124
13 139
13 179
13 207
13 208
13 209
13 220
13 242
13 243
13 247
13 265
13 280
14 22
14 34
14 53
14 91
14 92
14 99
14 116
14 120
14 132
14 148
14 149
14 153
14 158
14 166
14 168
14 174
14 176
14 202
14 212
14 222
14 232
14 238
14 250
14 255
14 267
14 271
14 272
14 287
15 23
15 44
15 66
15 68
15 86
15 88
15 104
15 127
15 134
15 138
15 140
15 162
15 163
15 166
15 173
15 178
15 188
15 199
15 212
15 220
15 224
15 234
15 241
15 248
15 257
15 284
16 32
16 41
16 46
16 48
16 51
16 56
16 59
16 60
16 62
16 64
16 77
16 78
16 84
16 97
16 106
16 138
16 143
16 147
16 149
16 155
16 158
16 160
16 167
16 169
16 197
16 210
16 247
16 250
16 262
16 264
16 276
17 40
17 41
17 91
17 100
17 114
17 118
17 121
17 127
17 132
17 139
17 149
17 150
17 154
17 157
17 158
17 160
17 161
17 163
17 164
17 180
17 193
17 205
17 221
17 222
17 226
17 252
17 266
17 271
17 276
17 283
18 24
18 26
18 28
18 46
18 58
18 62
18 64
18 66
18 70
18 99
18 117
18 132
18 137
18 140
18 153
18 170
18 179
18 183
18 190
18 206
18 217
18 234
18 244
18 248
18 259
18 266
18 284
18 296
19 24
19 25
19 31
19 38
19 45
19 72
19 74
19 85
19 91
19 98
19 105
19 121
19 130
19 136
19 138
19 164
19 185
19 196
19 229
19 244
19 251
19 258
19 268
19 274
20 23
20 24
20 40
20 58
20 64
20 67
20 76
20 77
20 85
20 86
20 92
20 114
20 120
20 128
20 130
20 138
20 152
20 158
20 189
20 203
20 206
20 207
20 221
20 225
20 259
20 262
20 268
20 293
21 23
21 57
21 82
21 83
21 88
21 98
21 109
21 125
21 136
21 144
21 182
21 184
21 186
21 190
21 207
21 219
21 222
21 230
21 235
21 249
21 250
21 259
21 280
21 291
22 26
22 34
22 37
22 38
22 51
22 63
22 77
22 85
22 104
22 131
22 138
22 142
22 146
22 147
22 148
22 150
22 151
22 156
22 163
22 195
22 202
22 204
22 213
22 235
22 251
22 259
22 266
22 278
22 291
22 292
22 297
23 24
23 26
23 33
23 74
23 87
23 111
23 121
23 123
23 129
23 136
23 165
23 170
23 180
23 190
23 218
23 220
23 228
23 232
23 246
23 266
23 268
23 283
24 25
24 31
24 46
24 48
24 63
24 74
24 76
24 93
24 105
24 110
24 124
24 125
24 137
24 141
24 162
24 199
24 201
24 202
24 208
24 212
24 214
24 219
24 221
24 230
24 263
24 266
24 271
24 278
25 26
25 29
25 46
25 60
25 72
25 78
25 87
25 150
25 158
25 174
25 175
25 189
25 197
25 212
25 216
25 217
25 222
25 242
25 253
25 254
25 257
25 264
25 276
26 29
26 32
26 41
26 51
26 97
26 135
26 180
26 185
26 198
26 209
26 210
26 218
26 232
26 234
26 238
26 254
26 256
26 268
26 283
26 294
27 41
27 43
27 55
27 56
27 59
27 99
27 113
27 125
27 126
27 127
27 134
27 140
27 144
27 150
27 173
27 195
27 197
27 203
27 207
27 239
27 247
27 267
27 295
28 40
28 53
28 71
28 73
28 90
28 107
28 113
28 129
28 137
28 138
28 142
28 158
28 159
28 175
28 179
28 195
28 234
28 240
28 245
28 275
28 276
28 290
28 292
29 30
29 35
29 45
29 60
29 110
29 131
29 160
29 161
29 192
29 203
29 224
29 225
29 226
29 270
29 274
29 279
29 281
30 42
30 55
30 66
30 80
30 88
30 91
30 95
30 99
30 133
30 145
30 146
30 177
30 182
30 201
30 202
30 203
30 232
30 248
30 253
30 265
30 270
30 272
30 281
30 283
30 289
30 297
30 299
31 40
31 46
31 109
31 122
31 158
31 164
31 173
31 194
31 209
31 215
31 221
31 243
31 272
31 279
31 290
31 294
31 295
32 44
32 52
32 69
32 81
32 92
32 97
32 99
32 101
32 109
32 135
32 152
32 205
32 211
32 217
32 227
32 242
32 266
32 281
32 283
32 295
33 52
33 57
33 83
33 87
33 96
33 114
33 119
33 139
33 148
33 158
33 160
33 174
33 178
33 184
33 192
33 194
33 199
33 214
33 221
33 229
33 236
33 240
33 247
33 275
33 285
33 287
34 35
34 49
34 72
34 73
34 87
34 93
34 101
34 119
34 123
34 129
34 133
34 144
34 145
34 165
34 166
34 180
34 200
34 204
34 221
34 249
34 279
35 42
35 60
35 63
35 65
35 69
35 89
35 95
35 123
35 179
35 232
35 233
35 254
35 265
35 284
35 287
36 44
36 61
36 65
36 73
36 80
36 82
36 95
36 96
36 117
36 155
36 160
36 170
36 186
36 195
36 198
36 210
36 217
36 226
36 236
36 245
36 247
36 258
36 260
36 270
36 277
36 283
36 287
36 297
36 299
37 42
37 48
37 52
37 60
37 61
37 62
37 63
37 67
37 80
37 105
37 112
37 113
37 114
37 135
37 145
37 154
37 171
37 180
37 189
37 275
37 288
38 45
38 55
38 60
38 82
38 102
38 115
38 123
38 134
38 135
38 149
38 164
38 165
38 174
38 192
38 195
38 204
38 212
38 229
38 240
38 248
38 251
38 254
38 289
38 293
39 69
39 90
39 106
39 119
39 121
39 124
39 140
39 154
39 161
39 176
39 235
39 267
39 279
39 284
39 288
39 290
39 291
40 47
40 49
40 59
40 62
40 82
40 92
40 94
40 104
40 110
40 112
40 119
40 126
40 132
40 142
40 159
40 173
40 205
40 207
40 223
40 229
40 247
40 267
40 278
40 284
41 47
41 61
41 72
41 74
41 78
41 121
41 126
41 130
41 134
41 140
41 160
41 178
41 180
41 196
41 197
41 206
41 219
41 232
41 236
41 248
41 258
41 265
41 270
41 271
41 277
41 297
42 44
42 57
42 63
42 65
42 92
42 94
42 95
42 102
42 125
42 148
42 152
42 154
42 160
42 164
42 193
42 203
42 215
42 217
42 224
42 233
42 242
42 243
42 248
42 253
42 259
42 270
42 275
43 62
43 64
43 72
43 74
43 85
43 93
43 120
43 121
43 124
43 128
43 131
43 135
43 156
43 170
43 194
43 210
43 212
43 222
43 226
43 246
43 255
43 277
43 283
43 293
44 50
44 53
44 60
44 61
44 84
44 86
44 100
44 109
44 112
44 127
44 129
44 148
44 184
44 186
44 187
44 191
44 231
44 232
44 238
44 241
44 263
44 276
44 283
44 284
44 293
45 46
45 61
45 66
45 85
45 120
45 124
45 136
45 142
45 181
45 196
45 197
45 202
45 217
45 218
45 222
45 223
45 228
45 245
45 248
45 261
45 269
45 277
45 283
45 295
45 299
46 47
46 54
46 57
46 65
46 67
46 86
46 88
46 94
46 111
46 112
46 117
46 130
46 140
46 142
46 146
46 149
46 185
46 190
46 197
46 216
46 229
46 233
46 259
46 297
46 298
47 48
47 60
47 80
47 81
47 111
47 114
47 121
47 191
47 201
47 204
47 215
47 216
47 223
47 231
47 237
47 241
47 255
47 275
47 283
47 293
48 67
48 70
48 89
48 93
48 94
48 110
48 114
48 126
48 165
48 185
48 199
48 212
48 214
48 231
48 252
48 266
48 274
48 279
48 280
48 294
49 57
49 78
49 86
49 112
49 125
49 128
49 145
49 160
49 171
49 183
49 199
49 235
49 242
49 257
49 268
50 57
50 67
50 71
50 78
50 79
50 94
50 107
50 111
50 137
50 142
50 159
50 170
50 171
50 183
50 185
50 202
50 213
50 214
50 215
50 218
50 254
50 257
50 260
50 272
51 54
51 76
51 79
51 82
51 104
51 105
51 109
51 110
51 112
51 125
51 137
51 138
51 142
51 146
51 152
51 153
51 165
51 171
51 181
51 197
51 243
51 245
51 258
51 286
52 60
52 67
52 94
52 100
52 106
52 110
52 114
52 127
52 147
52 153
52 178
52 184
52 197
52 201
52 202
52 211
52 219
52 224
52 248
52 273
52 279
52 291
52 293
53 84
53 86
53 88
53 89
53 108
53 116
53 126
53 146
53 151
53 155
53 187
53 195
53 199
53 210
53 213
53 216
53 221
53 231
53 258
54 65
54 73
54 85
54 97
54 100
54 111
54 141
54 158
54 165
54 170
54 173
54 209
54 231
54 232
54 253
54 275
54 286
54 297
55 76
55 95
55 106
55 128
55 132
55 135
55 142
55 151
55 185
55 191
55 205
55 215
55 228
55 252
55 258
55 268
55 272
55 273
55 284
56 81
56 102
56 143
56 167
56 170
56 181
56 183
56 203
56 211
56 214
56 215
56 222
56 232
56 246
56 276
56 281
56 289
56 291
56 293
57 64
57 68
57 78
57 81
57 92
57 104
57 137
57 147
57 150
57 152
57 178
57 179
57 190
57 193
57 198
57 221
57 230
57 242
57 251
57 257
58 61
58 73
58 85
58 86
58 88
58 90
58 109
58 117
58 138
58 140
58 143
58 151
58 158
58 179
58 180
58 182
58 187
58 188
58 201
58 203
58 214
58 224
58 236
58 237
58 252
58 261
58 265
58 269
58 272
58 286
58 295
58 296
59 64
59 67
59 70
59 77
59 81
59 93
59 96
59 97
59 103
59 113
59 119
59 134
59 139
59 151
59 154
59 159
59 201
59 213
59 219
59 245
59 253
59 254
60 72
60 84
60 93
60 114
60 123
60 125
60 136
60 147
60 163
60 172
60 182
60 190
60 198
60 203
60 234
60 235
60 241
60 253
60 267
60 277
60 285
60 289
60 297
61 67
61 83
61 90
61 129
61 133
61 144
61 157
61 158
61 160
61 161
61 178
61 193
61 199
61 201
61 212
61 216
61 236
61 240
61 253
61 260
61 271
61 278
61 287
61 293
61 294
62 63
62 65
62 73
62 76
62 97
62 100
62 103
62 121
62 128
62 133
62 139
62 141
62 148
62 168
62 183
62 185
62 206
62 207
62 216
62 227
62 232
62 238
62 239
62 250
62 255
62 263
62 264
62 266
63 64
63 74
63 91
63 101
63 141
63 143
63 144
63 157
63 193
63 202
63 218
63 226
63 230
63 240
63 242
63 243
63 256
63 257
63 260
63 269
63 272
63 279
63 280
63 294
63 295
63 298
64 73
64 85
64 112
64 122
64 151
64 156
64 160
64 161
64 170
64 171
64 191
64 200
64 201
64 205
64 208
64 235
64 244
64 256
64 262
64 275
64 278
64 292
64 293
65 70
65 89
65 98
65 111
65 112
65 114
65 123
65 132
65 142
65 143
65 145
65 152
65 171
65 191
65 192
65 196
65 206
65 211
65 225
65 229
65 236
65 244
65 249
65 254
65 259
65 271
65 294
65 299
66 71
66 73
66 74
66 97
66 100
66 109
66 138
66 177
66 179
66 227
66 254
66 266
66 295
67 74
67 81
67 98
67 99
67 106
67 117
67 119
67 123
67 138
67 139
67 165
67 182
67 206
67 222
67 252
67 253
67 266
67 272
67 286
68 70
68 75
68 99
68 107
68 117
68 130
68 132
68 134
68 137
68 147
68 171
68 198
68 204
68 216
68 217
68 226
68 234
68 251
68 256
68 261
68 284
68 290
69 76
69 97
69 106
69 123
69 125
69 135
69 137
69 138
69 148
69 170
69 190
69 229
69 242
69 260
69 270
69 283
69 288
70 71
70 85
70 92
70 135
70 143
70 145
70 149
70 150
70 174
70 178
70 186
70 194
70 195
70 196
70 198
70 205
70 211
70 222
70 238
70 250
70 252
70 253
70 259
70 265
70 266
70 270
70 297
71 78
71 97
71 150
71 156
71 171
71 213
71 220
71 237
71 254
71 257
71 259
71 276
71 283
71 294
71 298
72 87
72 90
72 98
72 102
72 105
72 130
72 142
72 151
72 187
72 199
72 200
72 218
72 271
72 274
72 295
72 299
73 78
73 85
73 86
73 88
73 103
73 111
73 112
73 121
73 124
73 129
73 130
73 138
73 143
73 162
73 185
73 198
73 202
73 210
73 233
73 236
73 240
73 246
74 82
74 137
74 154
74 195
74 199
74 202
74 220
74 222
74 281
75 78
75 88
75 101
75 119
75 123
75 141
75 150
75 168
75 171
75 178
75 189
75 198
75 203
75 209
75 216
75 223
75 257
75 268
75 271
75 273
75 280
75 283
75 285
75 287
75 289
75 298
76 82
76 89
76 91
76 100
76 107
76 109
76 111
76 112
76 124
76 125
76 129
76 149
76 170
76 185
76 190
76 192
76 213
76 216
76 230
76 235
76 241
76 250
76 257
76 262
76 291
76 299
77 78
77 83
77 93
77 95
77 121
77 128
77 131
77 133
77 134
77 139
77 141
77 146
77 152
77 156
77 167
77 192
77 211
77 212
77 226
77 230
77 238
77 244
77 258
77 262
77 290
78 89
78 96
78 118
78 128
78 149
78 156
78 174
78 181
78 190
78 224
78 230
78 237
78 238
78 241
78 242
78 265
78 292
79 101
79 104
79 128
79 141
79 142
79 147
79 188
79 194
79 202
79 207
79 208
79 217
79 223
79 242
79 246
79 247
79 248
79 251
79 252
79 264
79 274
79 276
79 277
79 296
80 82
80 83
80 86
80 91
80 105
80 120
80 125
80 127
80 166
80 173
80 188
80 190
80 192
80 206
80 211
80 221
80 252
80 260
80 285
81 88
81 94
81 104
81 105
81 152
81 157
81 164
81 181
81 183
81 184
81 192
81 227
81 229
81 230
81 232
81 234
81 256
81 258
81 267
81 281
81 283
81 288
82 90
82 125
82 131
82 139
82 142
82 152
82 153
82 158
82 166
82 173
82 192
82 215
82 221
82 225
83 122
83 163
83 173
83 182
83 184
83 203
83 204
83 235
83 244
83 255
83 269
83 286
83 289
83 295
84 103
84 114
84 130
84 135
84 142
84 147
84 150
84 152
84 167
84 171
84 175
84 179
84 191
84 222
84 229
84 233
84 246
84 261
84 262
84 268
84 269
85 92
85 99
85 117
85 123
85 125
85 165
85 169
85 174
85 177
85 179
85 211
85 214
85 215
85 218
85 227
85 236
85 237
85 248
85 251
85 260
85 284
86 89
86 98
86 101
86 121
86 133
86 135
86 153
86 155
86 162
86 180
86 187
86 196
86 206
86 209
86 222
86 254
86 257
86 259
86 262
86 282
86 299
87 97
87 102
87 119
87 155
87 177
87 184
87 226
87 244
87 256
87 291
87 292
87 296
87 297
88 91
88 106
88 116
88 148
88 160
88 171
88 172
88 196
88 201
88 206
88 209
88 218
88 226
88 250
88 260
88 279
89 93
89 94
89 104
89 114
89 119
89 129
89 138
89 143
89 155
89 160
89 169
89 177
89 184
89 193
89 200
89 211
89 212
89 219
89 228
89 239
89 244
89 245
89 254
89 259
89 265
89 275
89 293
89 295
89 299
90 102
90 103
90 109
90 111
90 119
90 120
90 134
90 154
90 168
90 179
90 180
90 189
90 193
90 207
90 240
90 266
90 272
90 280
90 293
91 92
91 113
91 127
91 130
91 156
91 176
91 179
91 193
91 194
91 203
91 205
91 208
91 239
91 251
91 256
91 288
91 297
91 298
92 117
92 119
92 125
92 129
92 133
92 152
92 158
92 160
92 162
92 173
92 178
92 197
92 201
92 213
92 242
92 260
92 265
92 284
92 291
92 296
93 101
93 105
93 134
93 152
93 157
93 184
93 187
93 193
93 203
93 218
93 230
93 232
93 257
93 261
93 280
93 285
93 294
94 96
94 117
94 147
94 155
94 171
94 181
94 196
94 199
94 220
94 223
94 226
94 227
94 247
94 269
94 278
94 296
95 102
95 110
95 120
95 139
95 150
95 160
95 164
95 174
95 178
95 190
95 216
95 218
95 227
95 228
95 232
95 239
95 241
95 244
95 250
95 254
95 260
95 280
95 287
95 296
96 98
96 113
96 127
96 134
96 145
96 153
96 194
96 205
96 210
96 220
96 221
96 223
96 226
96 228
96 230
96 240
96 254
96 269
96 279
96 292
97 102
97 116
97 140
97 147
97 150
97 151
97 159
97 160
97 172
97 194
97 200
97 206
97 211
97 220
97 230
97 232
97 245
97 253
97 256
97 267
97 269
97 272
97 276
97 279
97 281
97 290
98 100
98 101
98 106
98 108
98 115
98 116
98 138
98 149
98 153
98 167
98 183
98 191
98 196
98 197
98 206
98 211
98 218
98 224
98 243
98 249
98 250
98 256
98 285
98 289
99 124
99 147
99 154
99 159
99 161
99 196
99 214
99 227
99 240
99 244
99 275
99 277
99 278
99 286
99 295
100 102
100 108
100 114
100 126
100 149
100 155
100 164
100 165
100 170
100 171
100 182
100 187
100 193
100 198
100 200
100 207
100 208
100 209
100 219
100 231
100 232
100 239
100 245
100 249
100 251
100 255
100 265
100 280
100 289
101 108
101 110
101 117
101 118
101 119
101 137
101 140
101 149
101 150
101 155
101 162
101 182
101 183
101 193
101 202
101 208
101 211
101 212
101 219
101 229
101 238
101 244
102 103
102 104
102 119
102 125
102 199
102 203
102 207
102 226
102 233
102 237
102 244
102 271
102 291
102 296
103 114
103 136
103 155
103 176
103 196
103 197
103 202
103 214
103 222
103 223
103 228
103 238
103 246
103 247
103 264
103 279
103 281
103 288
103 290
104 105
104 108
104 121
104 140
104 149
104 150
104 162
104 209
104 220
104 224
104 240
104 247
104 252
104 254
104 264
104 274
104 288
104 295
105 113
105 120
105 121
105 135
105 144
105 148
105 154
105 155
105 162
105 165
105 177
105 181
105 185
105 188
105 190
105 198
105 203
105 205
105 206
105 235
105 251
105 267
105 277
105 286
105 291
106 111
106 114
106 138
106 160
106 164
106 176
106 184
106 189
106 211
106 227
106 231
106 252
106 256
106 267
106 273
106 292
107 115
107 117
107 118
107 140
107 142
107 146
107 195
107 196
107 217
107 221
107 226
107 237
107 249
107 258
107 260
107 261
107 266
107 295
107 297
107 298
108 122
108 126
108 134
108 139
108 142
108 144
108 145
108 165
108 172
108 174
108 187
108 190
108 194
108 206
108 210
108 211
108 226
108 229
108 251
108 260
108 298
109 112
109 113
109 116
109 145
109 149
109 157
109 171
109 190
109 198
109 200
109 203
109 217
109 227
109 228
109 236
109 239
109 251
109 258
109 278
109 283
109 293
110 114
110 175
110 188
110 192
110 220
110 226
110 229
110 233
110 247
110 251
110 269
110 275
111 123
111 127
111 137
111 154
111 162
111 165
111 176
111 191
111 201
111 210
111 241
111 246
111 273
111 283
111 294
112 123
112 140
112 142
112 149
112 165
112 193
112 195
112 200
112 224
112 236
112 237
112 247
112 249
112 260
112 264
112 277
112 282
112 296
113 115
113 143
113 149
113 153
113 189
113 228
113 233
113 237
113 254
113 257
113 263
113 284
114 115
114 118
114 145
114 155
114 168
114 180
114 181
114 183
114 206
114 214
114 219
114 234
114 239
114 249
114 265
114 270
114 281
115 116
115 120
115 162
115 168
115 176
115 185
115 203
115 218
115 244
115 246
115 248
115 259
115 265
115 297
116 129
116 139
116 141
116 169
116 186
116 203
116 237
116 251
116 254
116 272
116 276
116 282
116 289
117 118
117 128
117 137
117 151
117 153
117 154
117 205
117 218
117 230
117 232
117 244
117 255
117 272
117 274
117 279
117 285
118 129
118 132
118 161
118 162
118 163
118 165
118 175
118 176
118 206
118 221
118 222
118 233
118 248
118 274
119 142
119 147
119 169
119 178
119 182
119 188
119 201
119 213
119 238
119 243
119 251
119 261
119 264
119 265
119 271
119 288
119 294
119 295
120 127
120 150
120 153
120 176
120 183
120 189
120 197
120 200
120 203
120 209
120 210
120 212
120 220
120 224
120 229
120 241
120 265
120 272
120 283
120 285
120 287
120 293
121 125
121 128
121 132
121 134
121 158
121 166
121 169
121 174
121 225
121 226
121 232
121 240
121 241
121 263
121 269
121 277
121 292
122 134
122 142
122 172
122 181
122 188
122 190
122 236
122 249
122 259
122 261
122 262
122 279
122 280
122 281
123 124
123 135
123 143
123 156
123 165
123 172
123 215
123 218
123 233
123 257
123 266
123 269
123 272
123 273
123 280
123 288
123 294
123 295
123 298
124 149
124 153
124 154
124 157
124 186
124 203
124 224
124 241
124 254
124 273
124 299
125 130
125 134
125 136
125 149
125 168
125 169
125 170
125 183
125 185
125 199
125 217
125 229
125 236
125 243
125 245
125 250
125 263
125 280
126 128
126 131
126 137
126 144
126 149
126 157
126 179
126 186
126 190
126 191
126 192
126 205
126 212
126 215
126 216
126 227
126 254
126 268
126 285
126 298
127 129
127 141
127 148
127 157
127 159
127 161
127 163
127 166
127 187
127 197
127 204
127 207
127 219
127 222
127 233
127 242
127 249
127 250
127 251
127 254
127 276
127 285
127 292
127 299
128 132
128 149
128 169
128 189
128 195
128 203
128 225
128 226
128 234
128 248
128 256
128 261
128 269
128 276
128 286
129 140
129 148
129 163
129 167
129 177
129 179
129 186
129 193
129 194
129 217
129 219
129 234
129 244
129 264
129 275
129 277
129 279
129 288
129 293
129 294
129 297
130 141
130 143
130 145
130 164
130 171
130 197
130 200
130 205
130 230
130 236
130 273
130 288
131 166
131 192
131 239
131 247
131 264
131 269
131 273
131 283
131 291
131 297
132 141
132 166
132 174
132 175
132 182
132 187
132 190
132 192
132 193
132 200
132 217
132 249
132 255
132 265
132 279
133 139
133 163
133 167
133 169
133 176
133 194
133 197
133 205
133 207
133 220
133 225
133 252
133 264
133 265
133 276
133 282
133 290
133 295
134 140
134 149
134 158
134 164
134 176
134 178
134 203
134 205
134 218
134 231
134 240
134 255
134 284
134 285
135 181
135 192
135 196
135 223
135 227
135 229
135 237
135 254
135 264
135 266
135 298
136 137
136 165
136 167
136 168
136 171
136 174
136 189
136 192
136 207
136 212
136 221
136 237
136 259
136 293
136 294
136 298
137 146
137 152
137 183
137 189
137 198
137 204
137 211
137 219
137 220
137 244
137 254
137 255
137 256
137 259
137 268
137 271
137 279
137 280
137 290
138 147
138 149
138 196
138 222
138 234
138 235
138 236
138 242
138 244
138 248
138 252
138 268
138 270
138 273
138 281
138 294
139 141
139 154
139 158
139 192
139 231
139 241
139 274
139 279
140 146
140 154
140 157
140 158
140 160
140 165
140 170
140 174
140 180
140 186
140 201
140 206
140 215
140 218
140 220
140 237
140 245
140 257
140 280
140 285
140 289
140 295
141 151
141 152
141 159
141 160
141 175
141 189
141 200
141 209
141 228
141 230
141 233
141 238
141 251
141 253
141 256
141 262
141 274
141 275
141 279
141 282
141 299
142 143
142 162
142 175
142 183
142 192
142 200
142 220
142 238
142 255
143 155
143 176
143 183
143 185
143 193
143 202
143 207
143 216
143 218
143 220
143 222
143 227
143 228
143 239
143 246
143 261
143 271
143 279
143 289
143 292
143 296
144 145
144 157
144 162
144 165
144 191
144 199
144 222
144 223
144 225
144 239
144 242
144 252
144 258
144 259
144 262
144 269
144 278
145 146
145 147
145 175
145 190
145 191
145 195
145 204
145 213
145 232
145 233
145 265
145 267
145 272
145 276
145 298
146 155
146 162
146 196
146 197
146 205
146 211
146 222
146 226
146 230
146 233
146 254
146 257
146 287
146 288
146 292
146 298
147 150
147 183
147 193
147 222
147 229
147 234
147 279
147 281
147 283
147 293
148 160
148 165
148 201
148 210
148 212
148 217
148 275
148 289
148 293
149 160
149 167
149 172
149 202
149 211
149 213
149 220
149 223
149 229
149 238
149 253
149 272
149 275
149 287
149 296
150 170
150 175
150 176
150 187
150 195
150 209
150 215
150 216
150 219
150 232
150 239
150 250
150 255
150 264
150 266
150 289
150 290
150 293
150 298
151 157
151 159
151 194
151 202
151 211
151 212
151 223
151 284
151 293
151 296
152 159
152 184
152 211
152 214
152 229
152 246
152 271
153 171
153 186
153 193
153 208
153 221
153 229
153 237
153 241
153 250
153 256
153 275
153 276
153 278
153 286
153 289
153 297
153 298
154 184
154 188
154 197
154 218
154 220
154 259
154 260
154 269
154 274
154 299
155 186
155 195
155 244
155 258
155 267
155 271
155 280
155 287
155 297
156 166
156 169
156 170
156 176
156 180
156 181
156 182
156 197
156 204
156 209
156 226
156 234
156 250
156 252
156 255
156 260
156 264
156 266
156 268
156 270
156 273
156 276
156 278
156 280
156 282
156 288
157 174
157 185
157 195
157 199
157 201
157 203
157 208
157 224
157 229
157 238
157 239
157 244
157 265
157 277
157 281
157 289
157 295
157 298
158 165
158 206
158 219
158 231
158 261
158 276
158 277
158 280
159 165
159 174
159 194
159 200
159 219
159 220
159 222
159 238
159 249
159 271
159 294
159 295
159 298
160 161
160 164
160 185
160 192
160 195
160 209
160 234
160 235
160 236
160 249
160 259
160 267
160 271
161 164
161 181
161 190
161 213
161 218
161 270
161 290
162 171
162 175
162 184
162 198
162 227
162 233
162 260
162 282
162 285
163 183
163 189
163 195
163 208
163 221
163 228
163 240
163 246
163 258
163 259
163 277
164 171
164 176
164 185
164 188
164 192
164 223
164 253
164 269
165 174
165 177
165 188
165 207
165 212
165 217
165 225
165 227
165 229
165 233
165 242
165 264
165 266
165 273
165 278
165 284
165 298
166 172
166 203
166 220
166 235
166 236
166 270
166 273
166 274
166 282
166 293
166 295
166 298
167 169
167 182
167 188
167 195
167 224
167 229
167 241
167 243
167 264
167 275
167 299
168 180
168 204
168 210
168 220
168 230
168 241
168 242
168 264
168 282
169 178
169 180
169 187
169 192
169 207
169 216
169 217
169 223
169 228
169 236
169 241
169 251
169 256
169 274
169 279
169 282
169 291
170 175
170 183
170 195
170 211
170 217
170 223
170 234
170 265
170 278
170 285
170 289
171 195
171 199
171 209
171 223
171 234
171 258
171 276
171 281
171 290
171 299
172 185
172 198
172 237
172 247
172 250
172 256
172 274
172 286
172 289
172 297
173 181
173 193
173 196
173 197
173 198
173 199
173 201
173 270
173 282
173 285
173 298
174 185
174 215
174 227
174 256
174 272
174 274
174 291
174 294
174 299
175 184
175 188
175 202
175 218
175 220
175 222
175 228
175 231
175 235
175 248
175 270
175 288
175 292
175 297
176 179
176 186
176 201
176 205
176 213
176 219
176 228
176 231
176 251
176 268
176 287
176 288
177 198
177 212
177 218
177 226
177 239
177 252
177 258
177 266
177 267
177 268
177 275
177 280
178 184
178 188
178 190
178 197
178 246
178 258
178 260
178 279
178 282
178 288
178 295
178 297
179 183
179 188
179 204
179 208
179 220
179 222
179 250
179 252
179 262
179 277
179 286
179 288
179 292
179 298
180 182
180 183
180 200
180 201
180 221
180 226
180 233
180 237
180 250
180 259
180 266
180 267
180 276
180 280
180 284
180 290
180 291
181 186
181 193
181 199
181 209
181 212
181 223
181 229
181 236
181 248
181 249
181 266
181 267
181 278
181 283
181 285
182 202
182 225
182 249
182 286
182 290
182 294
182 299
183 213
183 224
183 226
183 238
183 244
183 251
183 253
183 258
183 285
183 297
184 204
184 214
184 233
184 242
184 243
184 245
184 250
184 251
184 267
184 272
184 284
185 205
185 219
185 251
185 254
185 299
186 191
186 200
186 209
186 213
186 223
186 226
186 237
186 243
186 251
186 258
186 272
186 290
186 292
187 191
187 205
187 207
187 218
187 219
187 224
187 246
187 264
187 265
187 267
187 268
187 272
187 278
187 282
188 199
188 238
188 239
188 243
189 197
189 206
189 223
189 227
189 232
189 234
189 240
189 273
189 274
189 298
190 192
190 203
190 225
190 227
190 231
190 236
190 248
190 257
190 262
190 264
190 272
190 283
190 288
191 194
191 198
191 204
191 213
191 257
191 291
191 292
191 296
192 194
192 250
192 260
192 263
192 286
193 198
193 205
193 219
193 228
193 250
193 256
193 267
193 268
193 269
193 272
193 275
193 286
193 292
194 197
194 214
194 232
194 244
194 252
194 253
194 281
194 296
195 218
195 226
195 282
195 298
196 200
196 222
196 229
196 237
196 245
196 252
196 255
196 258
196 286
196 290
197 214
197 217
197 227
197 238
197 256
197 267
197 272
197 294
198 201
198 203
198 212
198 223
198 240
198 246
198 247
198 258
198 271
198 292
199 213
199 238
199 243
199 258
199 261
199 264
199 269
199 275
199 280
199 288
200 245
200 265
200 291
201 226
201 251
201 257
201 267
201 290
201 297
202 211
202 219
202 220
202 234
202 245
202 254
202 255
202 281
203 208
203 210
203 220
203 233
203 237
203 238
203 248
203 256
203 260
203 275
203 281
203 290
203 299
204 215
204 218
204 223
204 231
204 253
204 259
204 275
204 292
205 211
205 215
205 217
205 239
205 240
205 242
205 247
205 269
205 288
206 224
206 232
206 256
206 264
206 273
206 281
206 298
207 211
207 230
207 236
207 256
207 263
207 270
207 277
207 278
207 286
208 213
208 214
208 249
208 261
208 280
208 294
208 297
208 299
209 215
209 260
209 264
209 277
209 287
209 290
209 293
209 299
210 226
210 227
210 232
210 264
210 267
210 278
210 296
211 220
211 231
211 262
211 292
212 217
212 228
212 229
212 235
212 239
212 244
212 251
212 265
212 272
212 274
212 284
212 287
213 221
213 236
213 244
213 285
213 289
213 290
213 298
214 217
214 219
214 224
214 227
214 230
214 231
214 237
214 238
214 248
214 259
214 266
214 280
214 283
215 225
215 226
215 283
215 289
215 294
215 295
216 220
216 222
216 226
216 234
216 241
216 248
216 249
216 260
216 261
216 283
217 240
217 242
217 243
217 272
217 278
217 281
217 288
217 292
217 294
217 296
218 222
218 259
218 263
218 266
218 283
218 288
218 290
218 292
218 293
219 232
219 234
219 243
219 244
219 245
219 270
219 273
219 278
219 288
219 299
220 268
220 271
220 272
220 274
220 277
221 233
221 247
221 262
221 277
221 288
221 292
222 232
222 257
222 263
222 294
222 295
223 227
223 232
223 237
223 241
223 269
223 285
223 289
223 290
223 292
224 242
224 257
224 258
224 280
224 292
224 298
225 230
225 247
225 268
225 269
225 274
225 279
225 284
225 288
225 289
226 235
226 249
226 254
226 269
226 270
226 272
227 245
227 284
227 294
227 297
227 299
228 233
228 254
228 262
228 266
228 272
228 281
228 282
229 242
229 246
229 250
229 257
229 263
229 285
230 231
230 243
230 250
230 251
230 258
230 266
230 280
230 283
230 297
230 298
231 234
231 240
231 260
231 271
231 296
232 243
232 269
232 271
232 274
232 292
232 295
233 253
233 273
233 274
233 277
233 294
233 295
233 299
234 239
234 240
234 257
234 276
234 282
234 298
235 236
235 239
235 254
235 266
235 286
235 297
236 253
236 257
236 268
236 283
236 299
237 268
237 280
237 281
237 288
238 241
238 246
238 255
238 260
238 262
238 273
238 288
239 244
239 261
239 273
239 283
239 285
239 290
239 294
240 249
240 258
240 260
240 265
240 287
240 292
240 294
240 296
240 299
241 255
241 257
241 284
242 247
242 257
242 258
242 262
242 263
242 268
242 279
242 295
242 296
243 251
243 268
243 279
243 296
244 273
244 275
244 286
244 291
245 253
245 254
245 264
245 276
245 285
245 286
245 298
246 251
246 259
247 265
247 272
247 277
247 293
247 299
248 254
248 263
248 279
248 281
248 286
249 250
249 268
249 279
249 285
249 287
249 291
249 293
250 267
250 282
250 284
250 291
250 293
250 294
250 295
251 267
251 270
251 279
252 259
252 260
252 276
252 288
252 295
253 272
253 281
253 282
253 284
253 288
253 299
254 257
254 260
254 267
254 281
255 269
255 299
256 266
256 284
256 288
256 294
256 297
256 298
257 258
257 261
257 276
257 277
257 294
258 280
258 282
258 286
258 299
259 260
259 266
259 268
259 272
259 279
259 293
260 287
260 297
261 299
262 263
262 271
262 280
262 292
263 270
263 274
263 276
263 279
263 283
263 291
263 294
264 281
264 292
266 279
266 288
267 286
267 290
268 280
268 284
268 288
268 290
269 279
270 274
270 279
270 282
270 294
271 278
271 280
271 281
271 284
272 286
272 287
273 277
273 278
273 293
274 275
274 287
275 280
275 289
276 293
277 297
278 280
278 281
278 286
279 282
280 284
280 285
281 282
281 287
281 298
281 299
282 290
283 284
283 286
284 298
284 299
285 289
285 297
286 288
288 296
288 298
290 295
293 294
294 295
295 299
