500 7406 0.2
0 7
0 8
0 9
0 28
0 70
0 94
0 110
0 112
0 127
0 146
0 151
0 161
0 170
0 201
0 208
0 211
0 229
0 242
0 247
0 288
0 291
0 314
0 325
0 336
0 338
0 364
0 379
0 384
0 390
0 443
0 445
0 465
0 485
1 13
1 14
1 27
1 29
1 45
1 55
1 67
1 95
1 107
1 137
1 139
1 159
1 161
1 167
1 248
1 261
1 289
1 317
1 332
1 337
1 357
1 380
1 381
1 399
1 406
1 410
1 417
1 418
1 421
1 423
1 441
1 452
1 480
1 494
1 499
2 33
2 70
2 85
2 98
2 118
2 140
2 161
2 166
2 175
2 199
2 208
2 216
2 220
2 253
2 265
2 277
2 278
2 280
2 289
2 305
2 318
2 331
2 360
2 402
2 410
2 418
2 433
2 452
2 455
2 464
2 471
2 491
2 493
3 19
3 62
3 70
3 74
3 79
3 103
3 155
3 184
3 188
3 198
3 218
3 266
3 298
3 307
3 320
3 369
3 393
3 409
3 438
3 456
3 460
3 462
3 478
3 486
3 498
4 5
4 28
4 92
4 123
4 126
4 140
4 146
4 172
4 174
4 250
4 257
4 261
4 268
4 272
4 297
4 333
4 355
4 362
4 365
4 379
4 400
4 401
4 408
4 425
5 62
5 64
5 65
5 78
5 81
5 87
5 96
5 104
5 121
5 130
5 133
5 142
5 176
5 180
5 197
5 203
5 206
5 272
5 273
5 274
5 284
5 331
5 351
5 363
5 372
5 418
5 428
5 481
5 496
6 12
6 15
6 35
6 88
6 89
6 105
6 112
6 125
6 149
6 189
6 202
6 203
6 208
6 247
6 271
6 277
6 292
6 311
6 384
6 397
6 417
6 420
6 431
6 448
6 451
6 462
6 463
6 477
6 483
6 486
7 14
7 65
7 97
7 126
7 131
7 154
7 172
7 202
7 212
7 232
7 240
7 242
7 254
7 267
7 270
7 276
7 299
7 301
7 316
7 340
7 354
7 358
7 367
7 386
7 390
7 393
7 395
7 410
7 451
7 486
8 41
8 65
8 68
8 79
8 91
8 94
8 114
8 118
8 139
8 142
8 170
8 177
8 192
8 205
8 212
8 237
8 300
8 336
8 354
8 393
8 453
8 468
8 490
9 43
9 45
9 53
9 59
9 77
9 84
9 89
9 93
9 98
9 116
9 141
9 153
9 161
9 171
9 219
9 242
9 244
9 251
9 253
9 279
9 284
9 313
9 355
9 378
9 380
9 400
9 402
9 410
9 432
9 464
9 485
10 27
10 51
10 78
10 88
10 89
10 116
10 135
10 143
10 154
10 160
10 167
10 168
10 191
10 192
10 203
10 238
10 246
10 256
10 316
10 317
10 351
10 363
10 397
10 413
10 418
10 428
10 435
10 441
10 448
10 496
11 13
11 23
11 43
11 51
11 55
11 57
11 68
11 82
11 89
11 96
11 116
11 134
11 157
11 184
11 186
11 193
11 211
11 216
11 224
11 227
11 241
11 242
11 268
11 269
11 276
11 285
11 287
11 305
11 322
11 326
11 334
11 340
11 353
11 357
11 390
11 391
11 415
11 422
11 441
11 444
12 20
12 25
12 46
12 77
12 134
12 142
12 148
12 157
12 205
12 208
12 227
12 279
12 283
12 325
12 341
12 344
12 347
12 356
12 358
12 366
12 390
12 453
12 491
13 59
13 76
13 82
13 88
13 139
13 172
13 190
13 215
13 233
13 235
13 255
13 261
13 275
13 284
13 294
13 295
13 301
13 302
13 324
13 345
13 374
13 439
13 474
13 484
13 486
13 496
14 19
14 88
14 98
14 118
14 130
14 141
14 185
14 199
14 211
14 213
14 218
14 230
14 263
14 317
14 338
14 359
14 366
14 373
14 376
14 405
14 409
14 423
14 437
14 449
14 450
14 453
14 483
14 485
14 487
14 491
15 17
15 18
15 30
15 78
15 84
15 102
15 105
15 111
15 118
15 134
15 142
15 146
15 152
15 160
15 174
15 182
15 183
15 222
15 248
15 249
15 285
15 298
15 300
15 305
15 315
15 321
15 327
15 341
15 343
15 347
15 354
15 367
15 377
15 413
15 450
15 498
16 46
16 78
16 92
16 104
16 123
16 151
16 199
16 217
16 218
16 231
16 257
16 259
16 271
16 283
16 296
16 303
16 320
16 366
16 368
16 374
16 398
16 399
16 407
16 438
16 456
16 459
16 471
16 474
16 489
17 60
17 72
17 92
17 117
17 119
17 124
17 125
17 134
17 150
17 194
17 204
17 208
17 212
17 216
17 236
17 262
17 280
17 297
17 314
17 315
17 326
17 333
17 347
17 355
17 358
17 377
17 391
17 393
17 396
17 417
17 424
17 425
17 428
17 435
17 436
17 439
17 458
17 484
18 31
18 35
18 37
18 44
18 51
18 66
18 74
18 86
18 106
18 123
18 132
18 156
18 198
18 231
18 237
18 241
18 269
18 270
18 302
18 346
18 359
18 363
18 398
18 453
18 459
18 461
18 481
18 483
18 490
18 497
19 28
19 90
19 98
19 105
19 116
19 118
19 123
19 131
19 156
19 168
19 191
19 203
19 213
19 224
19 236
19 268
19 273
19 294
19 303
19 318
19 324
19 331
19 345
19 350
19 352
19 368
19 372
19 405
19 427
19 433
19 463
19 479
19 496
20 25
20 34
20 52
20 70
20 95
20 102
20 110
20 119
20 130
20 143
20 146
20 150
20 168
20 171
20 182
20 193
20 233
20 234
20 256
20 280
20 313
20 318
20 320
20 353
20 403
20 410
20 416
20 437
20 476
21 31
21 42
21 54
21 59
21 70
21 126
21 145
21 156
21 181
21 212
21 219
21 228
21 243
21 248
21 253
21 272
21 287
21 298
21 321
21 328
21 338
21 342
21 348
21 361
21 383
21 401
21 407
21 412
21 437
21 454
21 467
21 474
21 479
22 24
22 47
22 54
22 117
22 118
22 140
22 168
22 190
22 198
22 263
22 268
22 279
22 315
22 328
22 400
22 409
22 426
22 428
22 454
22 460
22 475
22 498
23 25
23 36
23 39
23 42
23 54
23 57
23 92
23 110
23 116
23 124
23 130
23 137
23 165
23 168
23 195
23 204
23 230
23 241
23 267
23 269
23 290
23 306
23 311
23 324
23 372
23 390
23 393
23 406
23 411
23 435
23 446
23 448
23 459
23 470
23 474
23 495
24 29
24 32
24 34
24 39
24 41
24 72
24 74
24 92
24 102
24 114
24 124
24 137
24 144
24 189
24 236
24 272
24 275
24 277
24 304
24 305
24 313
24 320
24 338
24 341
24 350
24 352
24 358
24 366
24 373
24 378
24 401
24 408
24 413
24 414
24 420
24 454
24 479
25 26
25 55
25 67
25 101
25 103
25 113
25 131
25 146
25 153
25 163
25 166
25 169
25 179
25 180
25 209
25 222
25 227
25 240
25 261
25 264
25 286
25 296
25 323
25 325
25 332
25 339
25 347
25 364
25 365
25 371
25 372
25 464
26 37
26 51
26 101
26 102
26 116
26 120
26 134
26 146
26 154
26 171
26 183
26 190
26 199
26 205
26 227
26 243
26 270
26 304
26 309
26 356
26 381
26 387
26 401
26 406
26 464
27 36
27 96
27 122
27 131
27 162
27 178
27 203
27 215
27 218
27 224
27 243
27 255
27 257
27 293
27 300
27 328
27 332
27 366
27 387
27 402
27 409
27 418
27 461
27 497
28 43
28 47
28 67
28 73
28 97
28 136
28 142
28 154
28 164
28 168
28 170
28 185
28 187
28 235
28 254
28 260
28 266
28 269
28 285
28 299
28 320
28 347
28 355
28 370
28 371
28 373
28 383
28 385
28 429
28 445
28 453
28 458
28 489
29 44
29 45
29 50
29 56
29 57
29 67
29 77
29 101
29 107
29 114
29 147
29 150
29 169
29 178
29 179
29 189
29 204
29 217
29 219
29 228
29 229
29 276
29 292
29 315
29 332
29 337
29 357
29 385
29 395
29 400
29 445
29 452
29 473
30 34
30 37
30 92
30 95
30 119
30 120
30 129
30 151
30 152
30 153
30 159
30 195
30 197
30 242
30 255
30 273
30 294
30 296
30 311
30 319
30 329
30 330
30 383
30 385
30 420
30 467
30 476
30 482
31 43
31 55
31 67
31 68
31 78
31 80
31 82
31 90
31 169
31 237
31 248
31 250
31 265
31 273
31 285
31 332
31 345
31 346
31 349
31 374
31 433
31 448
31 454
31 455
32 52
32 57
32 64
32 80
32 113
32 118
32 139
32 148
32 161
32 168
32 178
32 210
32 272
32 295
32 304
32 340
32 352
32 361
32 367
32 384
32 400
32 405
32 440
32 444
32 459
32 469
32 485
32 497
33 43
33 48
33 53
33 70
33 110
33 113
33 125
33 130
33 158
33 167
33 196
33 219
33 220
33 256
33 293
33 316
33 323
33 337
33 338
33 373
33 404
33 417
33 420
33 439
33 462
33 469
34 51
34 62
34 92
34 99
34 104
34 113
34 168
34 172
34 181
34 198
34 228
34 240
34 241
34 259
34 266
34 287
34 295
34 298
34 340
34 368
34 377
34 381
34 416
34 419
34 421
34 461
34 475
34 486
35 61
35 67
35 71
35 84
35 96
35 178
35 190
35 208
35 219
35 245
35 258
35 265
35 282
35 290
35 300
35 321
35 324
35 358
35 399
35 444
35 445
35 446
35 462
35 464
35 498
35 499
36 40
36 44
36 70
36 90
36 115
36 127
36 139
36 140
36 144
36 161
36 172
36 199
36 205
36 213
36 231
36 270
36 277
36 285
36 291
36 292
36 293
36 304
36 317
36 318
36 349
36 370
36 373
36 376
36 380
36 381
36 409
36 428
36 457
36 473
36 494
37 52
37 95
37 106
37 110
37 139
37 180
37 195
37 221
37 240
37 241
37 256
37 258
37 267
37 287
37 310
37 319
37 361
37 384
37 395
37 400
37 408
37 416
37 449
37 464
38 40
38 44
38 46
38 68
38 89
38 103
38 119
38 136
38 138
38 184
38 187
38 209
38 220
38 244
38 263
38 275
38 304
38 331
38 363
38 367
38 416
38 424
38 431
38 446
38 459
39 47
39 79
39 107
39 108
39 148
39 166
39 167
39 171
39 197
39 228
39 230
39 291
39 303
39 323
39 333
39 340
39 341
39 342
39 362
39 378
39 417
39 432
39 441
39 442
40 61
40 75
40 107
40 122
40 177
40 191
40 197
40 198
40 217
40 224
40 230
40 231
40 234
40 240
40 253
40 261
40 294
40 327
40 329
40 341
40 351
40 371
40 388
40 404
40 422
40 439
40 440
40 452
41 53
41 61
41 73
41 75
41 83
41 97
41 106
41 109
41 110
41 127
41 167
41 235
41 302
41 325
41 354
41 358
41 367
41 375
41 417
41 421
41 429
41 457
42 59
42 70
42 79
42 113
42 144
42 151
42 157
42 162
42 182
42 263
42 321
42 349
42 361
42 365
42 433
42 441
42 443
42 487
43 51
43 61
43 71
43 121
43 143
43 144
43 154
43 158
43 178
43 207
43 216
43 217
43 218
43 232
43 246
43 247
43 263
43 264
43 281
43 321
43 346
43 376
43 386
43 431
43 442
43 447
43 462
43 477
43 479
43 489
43 492
44 49
44 50
44 84
44 118
44 161
44 185
44 261
44 303
44 315
44 317
44 340
44 342
44 367
44 412
44 420
44 422
44 424
44 438
44 440
44 443
44 445
44 499
45 71
45 78
45 79
45 80
45 98
45 104
45 105
45 124
45 152
45 158
45 166
45 207
45 225
45 227
45 258
45 271
45 277
45 342
45 354
45 361
45 374
45 379
45 399
45 428
45 459
45 463
45 472
45 487
46 51
46 70
46 110
46 113
46 119
46 127
46 147
46 149
46 151
46 186
46 223
46 233
46 237
46 260
46 268
46 277
46 297
46 376
46 389
46 396
46 408
46 451
46 470
47 82
47 89
47 96
47 100
47 113
47 124
47 144
47 148
47 157
47 179
47 184
47 191
47 203
47 205
47 215
47 258
47 285
47 326
47 344
47 380
47 389
47 439
47 450
47 461
48 67
48 72
48 74
48 90
48 98
48 115
48 117
48 129
48 166
48 188
48 204
48 207
48 212
48 218
48 228
48 261
48 279
48 289
48 291
48 315
48 324
48 361
48 381
48 391
48 399
48 411
48 425
48 431
48 444
48 462
48 465
48 482
48 490
49 64
49 84
49 102
49 117
49 118
49 129
49 143
49 164
49 180
49 186
49 212
49 228
49 230
49 232
49 261
49 264
49 329
49 330
49 340
49 341
49 348
49 356
49 357
49 377
49 426
49 427
49 463
49 467
50 64
50 74
50 119
50 121
50 138
50 162
50 181
50 194
50 206
50 227
50 249
50 255
50 266
50 278
50 289
50 309
50 321
50 410
50 446
50 478
50 487
51 80
51 86
51 89
51 98
51 105
51 128
51 165
51 176
51 190
51 221
51 226
51 236
51 255
51 300
51 301
51 303
51 327
51 331
51 352
51 359
51 364
51 370
51 376
51 387
51 398
51 401
51 407
51 437
51 449
51 469
51 487
51 496
52 64
52 66
52 75
52 78
52 130
52 148
52 163
52 178
52 197
52 232
52 283
52 289
52 299
52 313
52 325
52 341
52 361
52 373
52 429
52 451
52 484
53 94
53 105
53 107
53 142
53 159
53 182
53 200
53 213
53 229
53 251
53 262
53 263
53 280
53 288
53 294
53 299
53 316
53 319
53 326
53 328
53 339
53 344
53 352
53 356
53 367
53 372
53 375
53 382
53 415
53 420
53 448
53 457
53 470
53 486
53 493
54 58
54 70
54 92
54 97
54 98
54 130
54 146
54 164
54 171
54 223
54 241
54 244
54 256
54 272
54 312
54 323
54 325
54 344
54 392
54 400
54 412
54 422
54 491
55 81
55 100
55 128
55 167
55 173
55 184
55 251
55 258
55 298
55 317
55 320
55 361
55 363
55 397
55 408
55 414
55 439
55 483
56 99
56 146
56 147
56 163
56 164
56 167
56 176
56 177
56 185
56 204
56 236
56 238
56 239
56 249
56 253
56 270
56 280
56 290
56 301
56 340
56 349
56 353
56 365
56 392
56 400
56 410
56 445
56 469
56 481
56 483
57 100
57 101
57 135
57 138
57 233
57 255
57 282
57 291
57 327
57 329
57 346
57 347
57 377
57 402
57 403
57 408
57 433
57 434
57 455
57 461
57 465
58 76
58 89
58 100
58 101
58 117
58 145
58 160
58 231
58 261
58 284
58 289
58 364
58 387
58 446
58 449
58 455
58 459
59 61
59 62
59 92
59 94
59 118
59 138
59 187
59 191
59 226
59 262
59 268
59 278
59 291
59 308
59 322
59 350
59 365
59 377
59 380
59 395
59 422
59 444
59 452
59 470
59 476
59 494
60 76
60 87
60 88
60 91
60 134
60 139
60 175
60 206
60 224
60 226
60 227
60 235
60 246
60 258
60 265
60 296
60 297
60 343
60 358
60 362
60 364
60 389
60 417
60 418
60 424
60 425
60 448
60 449
60 469
60 479
61 75
61 101
61 117
61 118
61 121
61 122
61 179
61 184
61 187
61 199
61 209
61 228
61 250
61 283
61 289
61 311
61 316
61 324
61 328
61 346
61 353
61 402
61 418
61 424
61 448
61 454
61 473
62 73
62 91
62 139
62 144
62 199
62 209
62 228
62 248
62 250
62 256
62 279
62 294
62 306
62 361
62 379
62 390
62 391
62 405
62 406
62 414
62 431
62 456
62 466
62 486
62 498
63 68
63 73
63 75
63 103
63 104
63 182
63 184
63 187
63 197
63 204
63 235
63 247
63 251
63 281
63 318
63 322
63 367
63 384
63 407
63 418
63 422
63 424
64 66
64 76
64 109
64 138
64 155
64 170
64 172
64 203
64 212
64 224
64 230
64 231
64 247
64 268
64 298
64 307
64 308
64 310
64 321
64 332
64 359
64 371
64 381
64 406
64 410
64 414
64 429
64 473
64 474
64 480
64 495
65 71
65 80
65 91
65 110
65 120
65 140
65 142
65 144
65 152
65 166
65 169
65 172
65 179
65 201
65 212
65 233
65 289
65 312
65 366
65 368
65 380
65 384
65 385
65 389
65 416
65 474
65 476
65 482
65 487
65 489
66 99
66 129
66 132
66 141
66 199
66 209
66 246
66 259
66 270
66 344
66 347
66 357
66 366
66 368
66 381
66 386
66 423
66 424
66 454
66 459
66 473
66 490
67 69
67 101
67 107
67 156
67 163
67 172
67 196
67 232
67 247
67 255
67 256
67 279
67 288
67 316
67 330
67 414
67 482
67 486
68 71
68 94
68 108
68 119
68 128
68 138
68 155
68 158
68 180
68 196
68 208
68 215
68 220
68 226
68 235
68 242
68 259
68 266
68 294
68 300
68 306
68 332
68 335
68 367
68 383
68 387
68 391
68 392
68 431
68 451
68 453
68 465
69 75
69 83
69 118
69 119
69 131
69 140
69 147
69 153
69 185
69 213
69 215
69 226
69 230
69 232
69 248
69 260
69 329
69 340
69 359
69 362
69 372
69 387
69 404
69 415
69 427
69 439
69 455
69 458
69 481
70 106
70 144
70 157
70 180
70 185
70 209
70 225
70 234
70 249
70 257
70 274
70 287
70 297
70 334
70 336
70 339
70 354
70 355
70 376
70 458
70 484
70 497
71 80
71 82
71 96
71 104
71 108
71 120
71 160
71 199
71 273
71 276
71 278
71 283
71 290
71 309
71 317
71 383
71 384
71 394
71 427
71 483
71 498
72 102
72 118
72 124
72 137
72 154
72 160
72 171
72 191
72 194
72 243
72 256
72 262
72 287
72 304
72 312
72 315
72 317
72 318
72 333
72 347
72 384
72 408
72 412
72 415
72 422
72 466
72 471
72 476
72 486
72 499
73 106
73 112
73 159
73 169
73 190
73 201
73 211
73 237
73 259
73 291
73 297
73 396
73 411
73 421
73 454
74 86
74 88
74 108
74 120
74 199
74 210
74 267
74 314
74 334
74 338
74 349
74 352
74 357
74 365
74 429
74 447
74 464
74 480
74 486
74 488
75 84
75 88
75 108
75 120
75 156
75 159
75 165
75 173
75 182
75 194
75 198
75 203
75 229
75 260
75 269
75 272
75 281
75 299
75 345
75 347
75 355
75 391
75 392
75 408
75 427
75 432
75 435
75 450
75 453
75 463
75 479
76 81
76 83
76 85
76 94
76 99
76 121
76 137
76 155
76 160
76 187
76 202
76 219
76 242
76 248
76 267
76 303
76 310
76 334
76 338
76 358
76 383
76 417
76 438
76 439
76 449
76 451
76 462
76 470
76 484
77 96
77 101
77 102
77 111
77 118
77 148
77 157
77 162
77 191
77 203
77 255
77 257
77 277
77 281
77 284
77 302
77 331
77 344
77 363
77 392
77 409
77 413
77 415
77 435
77 439
77 484
78 86
78 100
78 139
78 146
78 150
78 184
78 194
78 195
78 201
78 220
78 249
78 261
78 301
78 313
78 316
78 331
78 370
78 394
78 397
78 424
78 436
78 437
78 438
78 444
78 445
78 472
78 477
78 478
78 495
79 88
79 92
79 95
79 116
79 118
79 128
79 135
79 138
79 145
79 155
79 158
79 166
79 178
79 200
79 217
79 221
79 228
79 237
79 242
79 244
79 252
79 278
79 282
79 288
79 290
79 297
79 312
79 321
79 361
79 405
79 424
79 444
79 457
79 467
79 496
80 111
80 116
80 147
80 149
80 189
80 244
80 247
80 277
80 295
80 323
80 327
80 373
80 376
80 384
80 393
80 409
80 440
80 487
81 104
81 113
81 117
81 128
81 141
81 157
81 159
81 163
81 176
81 201
81 208
81 214
81 237
81 239
81 261
81 262
81 283
81 345
81 348
81 350
81 351
81 362
81 388
81 390
81 462
81 470
81 488
82 86
82 114
82 120
82 125
82 128
82 134
82 179
82 181
82 192
82 241
82 250
82 260
82 263
82 280
82 283
82 290
82 302
82 318
82 326
82 376
82 390
82 409
82 434
82 462
82 464
82 487
82 492
83 94
83 152
83 172
83 193
83 197
83 198
83 200
83 226
83 235
83 250
83 340
83 345
83 358
83 377
83 469
83 471
83 499
84 95
84 100
84 119
84 120
84 135
84 202
84 204
84 222
84 273
84 277
84 319
84 353
84 375
84 388
84 424
84 457
84 484
84 486
84 488
85 92
85 94
85 96
85 97
85 100
85 122
85 132
85 134
85 146
85 164
85 168
85 180
85 197
85 199
85 216
85 244
85 245
85 278
85 282
85 294
85 303
85 339
85 351
85 355
85 359
85 381
85 385
85 388
85 434
85 442
85 444
85 468
85 481
85 486
85 492
85 494
86 89
86 93
86 105
86 117
86 123
86 125
86 128
86 133
86 144
86 154
86 171
86 172
86 180
86 197
86 206
86 214
86 247
86 287
86 293
86 295
86 341
86 348
86 370
86 384
86 389
86 398
86 404
86 418
86 434
86 451
87 92
87 101
87 126
87 129
87 136
87 164
87 171
87 180
87 213
87 214
87 216
87 226
87 272
87 275
87 279
87 282
87 288
87 296
87 328
87 358
87 380
87 389
87 460
87 488
87 489
88 100
88 125
88 137
88 209
88 210
88 264
88 281
88 287
88 295
88 341
88 354
88 357
88 361
88 378
88 389
88 390
88 398
88 400
88 401
88 443
89 143
89 172
89 180
89 181
89 195
89 208
89 222
89 238
89 262
89 263
89 269
89 290
89 320
89 332
89 340
89 349
89 363
89 368
89 381
89 437
89 442
89 445
89 459
89 471
89 475
89 486
89 498
90 102
90 120
90 149
90 160
90 165
90 176
90 196
90 236
90 245
90 248
90 274
90 279
90 292
90 300
90 301
90 306
90 313
90 316
90 335
90 362
90 413
90 421
90 428
90 478
91 140
91 165
91 166
91 190
91 198
91 206
91 211
91 224
91 256
91 269
91 314
91 323
91 331
91 356
91 371
91 378
91 397
91 398
91 405
91 414
91 473
91 479
92 93
92 117
92 167
92 217
92 220
92 234
92 254
92 306
92 308
92 315
92 336
92 340
92 360
92 390
92 399
92 402
92 412
92 414
92 431
92 453
92 467
92 470
92 472
92 482
92 496
93 110
93 118
93 122
93 131
93 139
93 145
93 152
93 157
93 161
93 171
93 177
93 187
93 235
93 260
93 262
93 265
93 275
93 305
93 324
93 325
93 327
93 341
93 353
93 363
93 398
93 423
93 426
93 477
93 478
94 105
94 114
94 163
94 178
94 219
94 232
94 234
94 272
94 278
94 302
94 308
94 314
94 342
94 347
94 359
94 368
94 381
94 416
94 421
94 464
94 466
94 467
94 471
94 489
95 114
95 123
95 134
95 147
95 163
95 165
95 232
95 255
95 257
95 263
95 264
95 312
95 327
95 379
95 387
95 399
95 401
95 422
95 423
95 432
95 435
95 445
95 446
95 453
95 458
95 482
95 485
96 126
96 190
96 191
96 193
96 206
96 217
96 283
96 296
96 416
96 422
96 459
96 471
96 479
97 114
97 119
97 132
97 138
97 144
97 176
97 189
97 259
97 268
97 271
97 275
97 282
97 285
97 318
97 323
97 326
97 338
97 371
97 380
97 383
97 385
97 397
97 399
97 407
97 408
97 424
97 425
97 427
97 428
97 436
97 459
97 471
97 477
97 496
98 106
98 138
98 174
98 212
98 235
98 279
98 281
98 282
98 320
98 379
98 406
98 439
98 450
98 468
98 482
99 105
99 114
99 143
99 163
99 194
99 208
99 230
99 245
99 246
99 269
99 271
99 330
99 335
99 341
99 358
99 443
99 480
99 485
99 493
99 498
100 101
100 110
100 134
100 145
100 154
100 173
100 174
100 186
100 236
100 239
100 247
100 261
100 274
100 276
100 293
100 352
100 358
100 395
100 419
100 442
100 447
100 451
101 109
101 113
101 130
101 137
101 148
101 182
101 189
101 196
101 235
101 273
101 287
101 294
101 299
101 327
101 337
101 339
101 346
101 357
101 361
101 373
101 388
101 413
101 467
101 473
101 486
101 495
102 107
102 117
102 136
102 162
102 197
102 216
102 217
102 245
102 250
102 254
102 270
102 289
102 315
102 318
102 321
102 328
102 350
102 374
102 376
102 431
102 446
102 448
102 456
102 462
103 178
103 194
103 195
103 198
103 201
103 235
103 238
103 251
103 275
103 283
103 331
103 355
103 378
103 390
103 413
103 414
103 437
103 446
103 456
103 467
103 492
103 493
104 107
104 109
104 114
104 123
104 126
104 149
104 161
104 181
104 186
104 193
104 196
104 197
104 222
104 247
104 251
104 261
104 263
104 269
104 281
104 284
104 286
104 290
104 300
104 319
104 320
104 329
104 414
104 418
104 434
104 440
104 470
104 479
104 481
104 493
105 109
105 169
105 195
105 232
105 242
105 249
105 277
105 326
105 351
105 376
105 391
105 409
105 453
105 490
106 113
106 128
106 130
106 156
106 159
106 162
106 164
106 208
106 233
106 249
106 258
106 266
106 267
106 280
106 318
106 324
106 346
106 372
106 374
106 382
106 383
106 445
106 449
106 453
106 457
106 470
106 473
106 487
106 491
106 493
107 140
107 188
107 207
107 215
107 219
107 237
107 238
107 254
107 259
107 288
107 294
107 325
107 338
107 354
107 380
107 399
107 419
107 443
107 459
108 112
108 130
108 150
108 154
108 172
108 177
108 182
108 211
108 248
108 271
108 276
108 287
108 295
108 304
108 306
108 325
108 341
108 365
108 387
108 428
108 440
108 458
108 464
109 120
109 135
109 136
109 153
109 163
109 172
109 218
109 219
109 221
109 232
109 234
109 292
109 293
109 300
109 331
109 341
109 342
109 369
109 390
109 411
109 423
109 443
109 487
109 488
110 134
110 159
110 162
110 166
110 176
110 193
110 212
110 213
110 224
110 245
110 265
110 292
110 300
110 306
110 312
110 320
110 323
110 346
110 364
110 368
110 369
110 401
110 404
110 418
110 424
110 425
110 430
110 434
110 437
110 443
110 449
110 478
111 116
111 117
111 129
111 131
111 133
111 148
111 221
111 250
111 251
111 254
111 263
111 267
111 269
111 323
111 344
111 352
111 386
111 387
111 398
111 441
111 461
111 484
111 489
111 490
111 499
112 126
112 132
112 155
112 162
112 164
112 197
112 213
112 221
112 225
112 235
112 249
112 281
112 313
112 333
112 335
112 339
112 341
112 405
112 417
112 445
112 457
113 132
113 139
113 150
113 158
113 167
113 190
113 217
113 228
113 238
113 294
113 298
113 311
113 316
113 326
113 331
113 333
113 354
113 382
113 383
113 386
113 398
113 411
113 432
113 451
113 471
113 485
113 490
113 495
113 496
114 122
114 134
114 187
114 201
114 231
114 270
114 272
114 278
114 298
114 331
114 332
114 336
114 382
114 389
114 429
114 457
114 470
114 492
114 496
115 131
115 158
115 245
115 258
115 264
115 278
115 293
115 299
115 316
115 326
115 330
115 353
115 372
115 375
115 377
115 391
115 425
115 429
115 448
115 449
115 463
115 465
115 474
115 497
116 135
116 139
116 147
116 182
116 218
116 228
116 274
116 294
116 309
116 312
116 330
116 340
116 346
116 357
116 369
116 439
116 454
116 463
116 468
117 131
117 141
117 166
117 182
117 183
117 184
117 201
117 216
117 226
117 242
117 260
117 268
117 303
117 319
117 321
117 323
117 326
117 328
117 350
117 356
117 367
117 380
117 407
117 423
117 424
117 433
117 447
117 461
117 469
118 122
118 130
118 146
118 147
118 190
118 221
118 226
118 242
118 244
118 250
118 290
118 303
118 321
118 355
118 356
118 364
118 381
118 382
118 409
118 421
118 422
118 425
118 432
118 480
118 495
119 125
119 167
119 203
119 214
119 226
119 229
119 236
119 239
119 241
119 253
119 256
119 263
119 302
119 306
119 309
119 320
119 405
119 455
119 487
120 123
120 160
120 161
120 175
120 179
120 209
120 212
120 225
120 246
120 253
120 279
120 284
120 288
120 300
120 304
120 325
120 337
120 340
120 346
120 377
120 395
120 403
120 415
120 437
120 441
120 467
120 471
120 482
121 124
121 132
121 134
121 142
121 156
121 161
121 168
121 192
121 200
121 202
121 222
121 236
121 246
121 284
121 291
121 348
121 363
121 404
121 436
121 472
122 165
122 169
122 185
122 193
122 224
122 239
122 243
122 264
122 319
122 327
122 341
122 347
122 348
122 365
122 379
122 380
122 386
122 392
122 397
122 398
122 445
122 457
122 472
122 481
123 156
123 165
123 185
123 197
123 215
123 218
123 220
123 254
123 258
123 259
123 260
123 321
123 362
123 371
123 475
123 494
124 134
124 168
124 184
124 193
124 197
124 237
124 284
124 299
124 311
124 312
124 364
124 376
124 382
124 393
124 406
124 418
124 421
124 436
124 450
124 458
124 465
124 471
124 487
125 143
125 146
125 159
125 165
125 175
125 230
125 233
125 265
125 271
125 288
125 303
125 326
125 337
125 340
125 360
125 365
125 382
125 467
125 479
125 483
125 489
125 494
125 497
126 173
126 179
126 187
126 215
126 221
126 223
126 224
126 254
126 262
126 311
126 319
126 327
126 334
126 351
126 370
126 403
126 423
126 431
126 437
126 451
126 457
126 471
126 484
126 486
126 492
127 149
127 158
127 171
127 244
127 248
127 253
127 266
127 267
127 271
127 304
127 307
127 330
127 334
127 361
127 364
127 378
127 388
127 401
127 404
127 405
127 420
127 423
127 427
127 453
127 468
127 470
128 137
128 139
128 141
128 143
128 144
128 164
128 201
128 204
128 224
128 232
128 248
128 267
128 268
128 301
128 343
128 361
128 366
128 375
128 378
128 388
128 397
128 412
128 415
128 416
128 440
128 452
128 459
128 468
128 477
128 483
128 494
129 159
129 166
129 193
129 207
129 225
129 230
129 238
129 241
129 252
129 292
129 306
129 317
129 322
129 342
129 355
129 364
129 410
129 430
129 474
129 476
129 477
130 135
130 174
130 183
130 197
130 215
130 217
130 218
130 219
130 242
130 243
130 246
130 275
130 282
130 287
130 294
130 308
130 319
130 325
130 359
130 369
130 396
130 403
130 437
130 438
130 460
130 473
130 485
130 499
131 139
131 143
131 153
131 164
131 171
131 197
131 210
131 234
131 235
131 243
131 253
131 257
131 263
131 272
131 282
131 300
131 308
131 321
131 343
131 357
131 428
131 471
132 133
132 140
132 167
132 173
132 174
132 183
132 222
132 245
132 255
132 260
132 271
132 287
132 303
132 308
132 319
132 323
132 331
132 332
132 354
132 360
132 367
132 389
132 415
132 417
132 461
132 486
133 138
133 173
133 189
133 193
133 226
133 268
133 294
133 295
133 310
133 313
133 339
133 346
133 350
133 356
133 392
133 403
133 407
133 427
133 450
134 198
134 215
134 242
134 248
134 255
134 257
134 299
134 305
134 311
134 357
134 418
134 468
134 478
135 139
135 155
135 192
135 203
135 214
135 218
135 226
135 227
135 237
135 239
135 241
135 266
135 269
135 293
135 324
135 343
135 351
135 353
135 354
135 387
135 388
135 390
135 405
135 408
135 449
135 450
135 488
136 162
136 166
136 167
136 175
136 198
136 233
136 245
136 265
136 281
136 289
136 302
136 323
136 325
136 354
136 361
136 366
136 378
136 379
136 386
136 400
136 417
136 434
136 452
136 464
137 142
137 172
137 190
137 193
137 249
137 313
137 321
137 329
137 349
137 356
137 368
137 385
137 400
137 421
137 443
137 488
138 164
138 185
138 207
138 208
138 213
138 214
138 223
138 225
138 226
138 241
138 266
138 278
138 282
138 286
138 289
138 335
138 339
138 356
138 362
138 389
138 399
138 414
138 436
138 443
138 455
138 471
138 475
138 495
139 150
139 183
139 190
139 210
139 215
139 247
139 257
139 268
139 269
139 276
139 305
139 306
139 316
139 328
139 341
139 349
139 374
139 390
139 403
139 424
139 435
139 441
139 444
139 450
139 466
139 480
140 142
140 158
140 168
140 187
140 191
140 207
140 221
140 236
140 259
140 300
140 324
140 331
140 349
140 361
140 373
140 377
140 383
140 454
140 471
140 480
141 152
141 167
141 176
141 188
141 194
141 208
141 233
141 268
141 282
141 284
141 321
141 331
141 337
141 340
141 348
141 445
141 466
141 474
141 485
141 489
141 491
142 146
142 151
142 155
142 167
142 197
142 215
142 223
142 257
142 272
142 290
142 294
142 319
142 330
142 340
142 353
142 358
142 376
142 387
142 393
142 421
142 439
142 447
142 450
142 490
143 147
143 164
143 167
143 168
143 178
143 179
143 191
143 219
143 244
143 271
143 283
143 287
143 305
143 320
143 330
143 331
143 349
143 361
143 363
143 372
143 373
143 374
143 392
143 440
143 454
144 154
144 157
144 179
144 206
144 209
144 229
144 238
144 241
144 252
144 268
144 269
144 274
144 324
144 327
144 353
144 362
144 365
144 371
144 379
144 381
144 407
144 446
144 492
145 149
145 174
145 196
145 201
145 205
145 206
145 218
145 222
145 229
145 230
145 237
145 261
145 289
145 322
145 331
145 353
145 370
145 385
145 441
145 445
145 453
145 466
145 469
145 490
146 148
146 151
146 174
146 189
146 193
146 227
146 254
146 294
146 295
146 300
146 307
146 314
146 341
146 345
146 358
146 376
146 411
146 443
147 174
147 222
147 233
147 242
147 263
147 272
147 273
147 292
147 308
147 351
147 384
147 389
147 390
147 391
147 393
147 459
147 463
147 475
147 478
148 149
148 169
148 201
148 208
148 211
148 215
148 239
148 262
148 293
148 370
148 385
148 387
148 392
148 393
148 425
148 474
148 482
148 490
149 156
149 168
149 198
149 296
149 297
149 305
149 310
149 362
149 363
149 372
149 382
149 385
149 387
149 394
149 400
149 409
149 429
149 431
149 442
149 445
149 452
149 476
149 479
150 152
150 154
150 176
150 179
150 213
150 215
150 225
150 252
150 273
150 277
150 292
150 325
150 334
150 339
150 346
150 354
150 387
150 395
150 404
150 405
150 411
150 439
150 454
151 183
151 188
151 197
151 207
151 210
151 233
151 243
151 264
151 272
151 316
151 317
151 331
151 341
151 363
151 368
151 379
151 421
151 450
151 483
152 177
152 183
152 241
152 278
152 286
152 291
152 297
152 352
152 405
152 412
152 430
152 443
152 445
152 446
152 456
152 458
152 460
152 463
152 496
153 191
153 202
153 214
153 217
153 239
153 254
153 263
153 264
153 275
153 285
153 352
153 364
153 367
153 368
153 373
153 376
153 405
153 407
153 412
153 452
153 454
153 464
153 473
153 475
153 479
153 487
154 236
154 335
154 364
154 369
154 411
154 480
154 482
154 489
155 160
155 167
155 204
155 215
155 219
155 222
155 252
155 263
155 297
155 299
155 322
155 344
155 350
155 446
155 449
155 455
155 470
155 475
156 160
156 177
156 205
156 211
156 213
156 222
156 224
156 316
156 338
156 348
156 374
156 390
156 433
156 437
156 474
156 486
157 239
157 252
157 254
157 255
157 256
157 261
157 262
157 286
157 290
157 293
157 295
157 308
157 331
157 354
157 357
157 384
157 398
157 433
157 440
157 449
157 457
157 470
157 471
158 162
158 171
158 198
158 205
158 208
158 231
158 238
158 256
158 311
158 336
158 342
158 359
158 363
158 371
158 413
158 414
158 422
158 423
158 430
158 451
158 458
158 462
158 475
159 170
159 193
159 211
159 225
159 247
159 263
159 281
159 310
159 313
159 316
159 344
159 347
159 349
159 355
159 392
159 398
159 401
159 431
159 451
159 463
159 477
159 482
159 483
160 166
160 195
160 236
160 315
160 335
160 340
160 348
160 356
160 361
160 363
160 383
160 421
160 434
160 482
160 494
161 192
161 205
161 223
161 251
161 252
161 255
161 282
161 334
161 343
161 386
161 397
161 409
161 417
161 466
161 467
161 477
162 171
162 196
162 217
162 223
162 255
162 279
162 311
162 315
162 318
162 333
162 337
162 347
162 355
162 369
162 371
162 383
162 392
162 410
162 414
162 418
162 424
162 484
162 492
163 181
163 202
163 227
163 239
163 254
163 292
163 307
163 327
163 349
163 354
163 357
163 372
163 378
163 382
163 383
163 400
163 402
163 407
163 478
164 177
164 182
164 235
164 237
164 245
164 247
164 253
164 260
164 261
164 266
164 286
164 290
164 310
164 319
164 352
164 364
164 385
164 393
164 410
164 423
164 429
164 474
165 169
165 187
165 189
165 231
165 233
165 240
165 261
165 262
165 266
165 278
165 287
165 291
165 293
165 310
165 324
165 358
165 367
165 369
165 376
165 434
165 458
165 459
166 178
166 220
166 232
166 244
166 248
166 270
166 281
166 293
166 297
166 306
166 320
166 326
166 328
166 335
166 337
166 375
166 382
166 384
166 389
166 390
166 401
167 179
167 186
167 212
167 217
167 228
167 242
167 273
167 306
167 317
167 333
167 341
167 352
167 357
167 358
167 359
167 386
167 392
167 410
167 417
167 422
167 437
167 469
167 487
167 489
167 491
168 179
168 183
168 194
168 206
168 220
168 227
168 228
168 268
168 285
168 288
168 294
168 303
168 331
168 350
168 367
168 398
168 415
168 425
168 440
168 453
168 470
168 471
169 185
169 187
169 194
169 204
169 249
169 253
169 258
169 267
169 305
169 312
169 343
169 351
169 357
169 362
169 366
169 386
169 389
169 399
169 402
169 454
169 473
169 486
169 488
170 171
170 200
170 245
170 256
170 268
170 286
170 306
170 308
170 310
170 322
170 343
170 370
170 405
170 413
170 427
170 429
170 459
170 484
170 491
170 494
171 180
171 181
171 182
171 194
171 236
171 254
171 267
171 286
171 294
171 313
171 370
171 373
171 395
171 399
171 413
171 416
171 425
171 429
171 452
171 480
171 498
171 499
172 174
172 192
172 209
172 211
172 223
172 225
172 250
172 251
172 257
172 270
172 283
172 285
172 299
172 311
172 370
172 398
172 441
172 445
172 459
172 463
173 203
173 211
173 264
173 306
173 307
173 315
173 327
173 362
173 390
173 403
173 421
173 422
173 460
173 461
174 176
174 179
174 202
174 205
174 221
174 227
174 234
174 261
174 279
174 313
174 314
174 315
174 339
174 367
174 373
174 374
174 381
174 453
174 467
174 468
174 492
174 493
175 183
175 248
175 278
175 290
175 305
175 337
175 346
175 419
175 433
175 445
175 499
176 182
176 215
176 217
176 228
176 268
176 270
176 283
176 301
176 331
176 338
176 344
176 351
176 362
176 364
176 370
176 371
176 412
176 448
176 463
176 490
177 179
177 193
177 224
177 228
177 239
177 256
177 279
177 302
177 318
177 341
177 366
177 391
177 450
177 458
177 474
178 192
178 204
178 215
178 221
178 234
178 339
178 358
178 369
178 374
178 383
178 385
178 426
178 432
178 434
178 457
178 459
178 462
178 468
179 184
179 191
179 212
179 226
179 236
179 241
179 258
179 275
179 281
179 290
179 291
179 294
179 327
179 338
179 367
179 376
179 395
179 410
179 429
179 442
179 452
179 469
179 478
179 480
179 493
179 495
179 497
179 498
180 237
180 257
180 271
180 298
180 305
180 311
180 314
180 331
180 350
180 360
180 374
180 383
180 402
180 404
180 410
180 422
180 479
180 499
181 184
181 191
181 193
181 203
181 210
181 218
181 273
181 274
181 314
181 338
181 358
181 359
181 393
181 395
181 398
181 433
181 448
181 452
181 472
181 481
181 482
181 486
182 185
182 195
182 227
182 237
182 252
182 278
182 326
182 334
182 366
182 387
182 393
182 403
182 444
182 463
182 486
183 190
183 205
183 214
183 220
183 226
183 250
183 275
183 279
183 293
183 307
183 353
183 377
183 378
183 400
183 427
183 428
183 437
183 449
183 466
183 483
184 189
184 209
184 227
184 238
184 241
184 305
184 348
184 392
184 415
184 425
184 438
184 486
185 196
185 220
185 231
185 235
185 264
185 270
185 340
185 342
185 346
185 363
185 385
185 390
185 393
185 394
185 452
185 465
185 471
185 473
185 479
185 488
185 496
185 497
186 193
186 212
186 223
186 233
186 271
186 290
186 309
186 332
186 354
186 374
186 381
186 385
186 404
186 453
187 188
187 217
187 223
187 231
187 240
187 242
187 261
187 267
187 270
187 284
187 292
187 298
187 314
187 315
187 335
187 351
187 359
187 372
187 380
187 394
187 398
187 401
187 427
187 443
187 473
187 489
187 495
188 190
188 224
188 228
188 231
188 304
188 365
188 379
188 398
188 402
188 410
188 419
188 436
188 451
188 467
188 475
189 192
189 232
189 271
189 276
189 278
189 312
189 319
189 330
189 335
189 338
189 339
189 349
189 406
189 407
189 410
189 412
189 416
189 450
189 454
189 460
189 488
190 202
190 209
190 225
190 226
190 243
190 246
190 261
190 272
190 277
190 353
190 357
190 361
190 390
190 391
190 398
190 409
190 428
190 431
190 465
190 469
190 481
191 193
191 204
191 220
191 226
191 227
191 233
191 254
191 256
191 303
191 305
191 313
191 331
191 337
191 347
191 352
191 356
191 367
191 376
191 384
191 405
191 422
191 442
191 462
192 194
192 209
192 224
192 246
192 288
192 300
192 308
192 312
192 317
192 365
192 371
192 391
192 415
192 425
192 444
192 464
192 473
192 475
192 476
192 485
192 490
192 499
193 279
193 288
193 290
193 291
193 294
193 315
193 332
193 345
193 354
193 387
193 390
193 396
193 409
193 428
193 429
193 431
193 450
193 473
193 486
194 218
194 233
194 237
194 252
194 262
194 308
194 354
194 377
194 378
194 380
194 385
194 386
194 388
194 397
194 419
194 454
194 474
194 488
195 202
195 238
195 241
195 277
195 299
195 305
195 322
195 333
195 338
195 351
195 356
195 373
195 414
195 416
195 443
195 449
195 488
195 496
196 239
196 246
196 283
196 298
196 337
196 344
196 361
196 370
196 395
196 418
196 435
196 437
196 455
196 460
196 469
196 472
196 482
197 226
197 227
197 230
197 238
197 240
197 272
197 291
197 303
197 324
197 375
197 376
197 382
197 396
197 400
197 437
197 455
197 458
197 470
197 477
197 488
197 498
198 199
198 207
198 208
198 241
198 247
198 259
198 268
198 277
198 313
198 316
198 335
198 340
198 345
198 359
198 375
198 406
198 438
198 459
198 469
199 219
199 290
199 295
199 311
199 329
199 332
199 339
199 349
199 351
199 366
199 378
199 409
199 411
199 412
199 423
199 441
199 448
199 474
199 488
200 206
200 264
200 285
200 294
200 300
200 312
200 316
200 319
200 323
200 337
200 354
200 359
200 360
200 388
200 406
200 416
200 456
200 462
200 488
200 495
201 202
201 203
201 208
201 251
201 257
201 282
201 291
201 303
201 319
201 324
201 350
201 359
201 385
201 398
201 400
201 401
201 404
201 458
201 479
201 481
201 485
201 489
201 499
202 203
202 216
202 230
202 243
202 262
202 264
202 278
202 285
202 297
202 303
202 311
202 318
202 323
202 346
202 359
202 362
202 363
202 373
202 396
202 408
202 412
202 460
202 463
202 470
202 483
203 233
203 253
203 254
203 275
203 304
203 308
203 357
203 358
203 369
203 374
203 401
203 404
203 408
203 428
203 448
203 449
203 483
203 492
204 218
204 256
204 259
204 266
204 316
204 320
204 327
204 365
204 375
204 376
204 399
204 412
204 422
204 435
204 442
204 469
204 472
204 485
204 487
204 488
205 245
205 251
205 276
205 324
205 330
205 341
205 386
205 390
205 467
205 482
205 484
205 490
205 497
206 228
206 248
206 271
206 272
206 310
206 332
206 339
206 350
206 366
206 379
206 392
206 418
206 447
206 450
206 471
206 491
207 219
207 240
207 245
207 316
207 318
207 347
207 396
207 401
207 430
207 446
207 447
208 231
208 258
208 263
208 301
208 303
208 306
208 321
208 322
208 323
208 324
208 368
208 404
208 435
208 438
208 442
208 453
208 480
208 484
208 490
209 214
209 215
209 228
209 236
209 245
209 248
209 264
209 278
209 280
209 283
209 329
209 341
209 360
209 374
209 444
209 447
209 452
209 464
209 475
210 225
210 230
210 239
210 246
210 257
210 303
210 305
210 306
210 349
210 352
210 395
210 466
210 490
211 216
211 222
211 223
211 234
211 257
211 265
211 269
211 302
211 304
211 316
211 323
211 325
211 330
211 344
211 352
211 355
211 357
211 364
211 388
211 392
211 420
211 424
211 460
211 463
211 487
212 226
212 227
212 246
212 253
212 256
212 258
212 308
212 324
212 339
212 358
212 359
212 390
212 438
212 471
212 472
212 485
212 490
213 306
213 336
213 393
213 434
213 443
213 454
214 228
214 284
214 389
214 400
214 427
214 428
214 434
214 440
214 450
214 452
214 458
214 460
215 243
215 275
215 278
215 283
215 306
215 322
215 356
215 372
215 384
215 386
215 407
215 435
215 449
216 220
216 229
216 234
216 245
216 258
216 295
216 335
216 368
216 421
216 433
216 439
216 458
216 472
216 483
216 499
217 236
217 241
217 251
217 255
217 311
217 325
217 326
217 342
217 363
217 464
217 480
217 486
218 233
218 243
218 287
218 323
218 325
218 345
218 373
218 391
218 403
218 421
218 423
218 433
218 447
218 499
219 258
219 272
219 299
219 301
219 309
219 318
219 324
219 332
219 342
219 389
219 392
219 425
219 445
219 450
219 463
220 222
220 232
220 258
220 284
220 306
220 318
220 360
220 361
220 363
220 412
220 414
220 424
220 427
220 431
220 437
220 438
220 439
220 450
220 469
221 222
221 232
221 239
221 258
221 273
221 276
221 297
221 301
221 324
221 326
221 340
221 362
221 376
221 391
221 408
221 450
221 475
221 486
221 492
221 497
222 256
222 270
222 275
222 279
222 293
222 300
222 305
222 375
222 376
222 379
222 391
222 395
222 398
222 412
222 438
222 442
222 458
222 460
222 478
222 480
223 225
223 237
223 249
223 264
223 272
223 280
223 292
223 318
223 333
223 348
223 380
223 423
223 432
223 447
223 456
223 469
223 499
224 274
224 286
224 300
224 317
224 328
224 363
224 381
224 399
224 411
224 434
224 450
224 453
224 472
225 233
225 263
225 274
225 305
225 321
225 327
225 352
225 369
225 371
225 383
225 386
225 396
225 404
225 410
225 421
225 427
225 456
226 234
226 251
226 274
226 306
226 317
226 342
226 354
226 355
226 373
226 390
226 409
226 429
226 451
226 452
226 468
226 474
227 236
227 266
227 287
227 327
227 348
227 360
227 361
227 362
227 373
227 399
227 402
227 425
227 447
227 452
227 468
227 494
228 234
228 244
228 271
228 276
228 285
228 287
228 315
228 324
228 329
228 336
228 350
228 353
228 373
228 386
228 387
228 417
228 422
228 453
228 454
229 233
229 245
229 257
229 261
229 280
229 298
229 301
229 311
229 328
229 335
229 345
229 373
229 395
229 411
229 435
229 454
229 483
229 488
230 231
230 243
230 247
230 252
230 262
230 299
230 303
230 363
230 398
230 429
230 444
230 454
230 465
230 483
230 490
231 253
231 269
231 323
231 352
231 364
231 367
231 369
231 384
231 426
231 453
231 477
231 480
231 483
232 241
232 244
232 247
232 253
232 269
232 292
232 309
232 322
232 328
232 337
232 360
232 369
232 385
232 391
232 400
232 413
232 460
233 235
233 250
233 257
233 319
233 330
233 338
233 389
233 449
233 459
233 471
234 251
234 278
234 310
234 343
234 350
234 359
234 373
234 376
234 429
234 450
235 259
235 267
235 283
235 327
235 333
235 336
235 354
235 356
235 372
235 381
235 384
235 399
235 412
235 418
235 419
235 426
235 482
235 487
235 493
236 242
236 290
236 292
236 367
236 402
236 437
236 439
236 441
236 446
236 457
236 465
236 470
236 490
237 251
237 258
237 265
237 312
237 329
237 331
237 341
237 356
237 368
237 384
237 385
237 411
237 417
237 420
237 433
237 437
237 468
237 472
237 476
237 479
237 486
238 249
238 325
238 339
238 370
238 380
238 388
238 389
238 402
238 445
238 450
238 460
238 467
238 494
239 254
239 287
239 290
239 291
239 292
239 330
239 349
239 353
239 362
239 387
239 390
239 418
239 433
240 243
240 271
240 291
240 314
240 334
240 350
240 366
240 371
240 386
240 402
240 410
240 440
240 446
240 458
240 464
240 490
241 263
241 276
241 284
241 291
241 296
241 317
241 341
241 377
241 408
241 418
241 433
241 442
241 466
241 477
241 488
241 491
241 495
242 256
242 267
242 285
242 298
242 324
242 363
242 441
242 487
242 488
243 253
243 378
243 393
243 405
243 414
243 421
243 422
244 267
244 282
244 285
244 291
244 301
244 305
244 307
244 310
244 311
244 335
244 342
244 349
244 362
244 364
244 390
244 414
244 418
244 421
244 431
244 453
244 484
244 486
245 269
245 279
245 317
245 323
245 356
245 378
245 394
245 412
245 414
245 437
245 467
245 481
246 265
246 323
246 324
246 326
246 347
246 364
246 366
246 375
246 378
246 393
246 403
246 414
246 434
246 476
246 499
247 273
247 300
247 347
247 356
247 359
247 379
247 438
247 488
247 489
248 255
248 275
248 286
248 300
248 345
248 356
248 371
248 397
248 400
248 421
248 439
248 445
248 459
249 258
249 286
249 291
249 309
249 317
249 359
249 373
249 388
249 413
249 416
249 425
249 463
249 473
250 268
250 302
250 303
250 306
250 320
250 321
250 341
250 342
250 374
250 378
250 380
250 386
250 399
250 446
250 448
250 461
251 262
251 288
251 294
251 346
251 352
251 354
251 359
251 405
251 421
251 424
251 438
251 493
251 496
252 255
252 263
252 275
252 296
252 305
252 345
252 353
252 445
253 264
253 269
253 331
253 333
253 339
253 368
253 377
253 381
253 413
253 443
253 450
253 476
254 267
254 270
254 294
254 317
254 329
254 332
254 354
254 363
254 364
254 382
254 383
254 389
254 395
254 419
254 422
254 445
254 448
254 478
254 486
255 257
255 258
255 263
255 273
255 274
255 282
255 296
255 309
255 312
255 331
255 386
255 387
255 391
255 396
255 416
255 417
255 422
255 428
255 451
255 460
255 482
255 498
256 261
256 272
256 285
256 286
256 314
256 361
256 365
256 367
256 384
256 402
256 461
256 468
257 267
257 268
257 303
257 311
257 313
257 317
257 342
257 365
257 368
257 412
257 415
257 426
257 432
257 445
257 453
257 481
257 498
258 271
258 276
258 281
258 302
258 310
258 313
258 318
258 319
258 321
258 344
258 346
258 374
258 430
258 447
258 450
258 456
258 477
258 485
259 274
259 280
259 288
259 310
259 316
259 319
259 325
259 327
259 347
259 420
259 441
259 471
259 494
260 298
260 358
260 360
260 380
260 393
260 403
260 442
260 445
260 467
261 265
261 279
261 308
261 324
261 328
261 353
261 358
261 391
261 432
261 452
261 467
262 268
262 281
262 295
262 296
262 324
262 402
262 409
262 413
262 417
262 434
262 475
262 496
263 283
263 288
263 317
263 329
263 359
263 363
263 378
263 379
263 402
263 415
263 464
263 495
264 288
264 307
264 349
264 385
264 390
264 396
264 398
264 405
264 428
264 439
264 443
264 479
264 482
264 492
264 498
265 268
265 289
265 294
265 315
265 329
265 350
265 364
265 380
265 395
265 396
265 435
265 468
265 470
265 477
266 272
266 276
266 281
266 291
266 292
266 296
266 301
266 321
266 336
266 365
266 366
266 371
266 382
266 399
266 400
266 415
266 462
266 476
266 497
266 498
267 293
267 296
267 322
267 330
267 333
267 356
267 360
267 372
267 377
267 383
267 396
267 430
267 444
267 454
267 477
267 482
267 484
267 496
268 282
268 298
268 316
268 344
268 375
268 377
268 380
268 414
268 428
268 464
269 319
269 332
269 333
269 349
269 361
269 403
269 413
269 418
269 421
269 446
269 448
269 490
269 496
270 271
270 339
270 340
270 351
270 375
270 382
270 384
270 387
270 418
270 436
270 463
270 478
270 481
270 497
271 330
271 378
271 431
271 434
271 439
271 445
271 454
271 455
271 476
271 477
271 490
271 493
271 495
271 497
272 294
272 313
272 318
272 343
272 365
272 366
272 383
272 429
272 441
272 460
272 476
272 482
272 486
272 489
273 277
273 300
273 319
273 335
273 356
273 364
273 370
273 388
273 437
274 283
274 299
274 304
274 353
274 363
274 378
274 403
274 404
274 415
274 425
274 432
274 437
274 443
274 455
274 458
274 459
275 289
275 290
275 296
275 311
275 338
275 357
275 359
275 382
275 383
275 388
275 401
275 409
275 413
275 441
275 453
275 454
275 480
276 303
276 323
276 337
276 359
276 367
276 375
276 393
276 431
276 440
276 449
276 450
276 462
277 311
277 352
277 372
277 393
277 408
277 430
277 432
277 434
277 436
277 440
277 445
277 463
277 464
277 482
277 495
278 280
278 297
278 302
278 315
278 316
278 322
278 329
278 330
278 331
278 346
278 350
278 355
278 356
278 379
278 387
278 389
278 398
278 429
278 441
278 446
278 469
278 488
279 296
279 311
279 314
279 356
279 358
279 363
279 366
279 391
279 397
279 400
279 403
279 417
279 418
279 427
279 448
279 457
279 471
279 480
279 486
280 303
280 315
280 341
280 349
280 352
280 411
280 450
280 467
280 480
281 282
281 301
281 325
281 326
281 337
281 399
281 422
281 452
282 300
282 329
282 331
282 370
282 385
282 386
282 391
282 464
282 466
283 305
283 307
283 318
283 319
283 330
283 350
283 384
283 397
283 401
283 406
283 413
283 414
283 417
283 431
283 444
283 458
283 462
283 467
283 471
283 485
284 286
284 320
284 341
284 360
284 412
284 421
284 422
284 428
284 497
285 320
285 338
285 362
285 367
285 419
285 435
285 439
286 323
286 385
286 402
286 425
286 465
286 472
286 473
286 475
287 326
287 335
287 351
287 373
287 393
287 399
287 431
287 440
287 448
287 453
287 462
287 492
287 495
288 293
288 299
288 303
288 311
288 315
288 319
288 327
288 379
288 434
288 446
288 450
288 458
288 479
288 480
289 290
289 308
289 318
289 353
289 378
289 408
289 413
289 443
289 474
289 478
289 493
290 300
290 303
290 310
290 311
290 316
290 323
290 362
290 383
290 384
290 402
290 411
290 422
290 466
291 329
291 333
291 360
291 388
291 403
291 427
291 441
292 329
292 351
292 369
292 373
292 395
292 412
292 435
292 447
292 463
292 473
292 491
293 298
293 341
293 363
293 372
293 381
293 389
293 397
293 400
293 403
293 405
293 440
293 443
293 446
293 454
293 473
293 480
294 298
294 301
294 303
294 314
294 316
294 317
294 329
294 338
294 368
294 398
294 406
294 410
294 420
294 442
294 443
294 445
294 461
294 485
295 334
295 335
295 366
295 380
295 382
295 461
295 478
295 481
295 493
296 298
296 318
296 388
296 392
296 395
296 396
296 413
296 420
296 440
296 447
296 450
296 455
296 460
296 465
296 475
296 485
296 495
297 307
297 310
297 332
297 342
297 348
297 374
297 398
297 424
297 427
297 487
298 332
298 335
298 368
298 385
298 389
298 398
298 404
298 406
298 408
298 409
298 410
298 416
298 436
298 445
298 452
298 469
298 470
298 477
299 303
299 304
299 325
299 336
299 355
299 365
299 382
299 386
299 430
299 468
299 471
299 472
299 497
300 313
300 330
300 360
300 366
300 384
300 397
300 430
300 440
300 441
300 450
300 456
300 458
301 362
301 390
301 398
301 416
301 430
301 456
301 462
301 476
301 484
301 497
302 323
302 340
302 353
302 359
302 376
302 383
302 385
302 417
302 461
302 468
302 473
302 476
303 312
303 313
303 391
303 400
303 414
303 424
303 434
303 451
303 485
304 321
304 332
304 359
304 371
304 380
304 422
304 428
304 443
304 451
304 470
304 497
305 319
305 337
305 345
305 385
305 402
305 407
305 428
305 473
305 486
306 307
306 331
306 337
306 338
306 392
306 413
306 420
306 437
306 455
307 308
307 320
307 323
307 324
307 358
307 384
307 411
307 478
307 495
308 341
308 342
308 344
308 368
308 371
308 395
308 416
308 440
308 447
308 465
309 321
309 338
309 354
309 378
309 379
309 429
309 444
309 451
309 452
309 474
310 322
310 336
310 358
310 388
310 401
310 402
310 421
311 325
311 406
311 407
311 417
311 432
311 445
311 453
311 458
312 336
312 379
312 409
312 411
312 427
312 447
312 462
312 490
313 324
313 343
313 344
313 348
313 350
313 383
313 394
313 402
313 429
313 438
313 440
313 493
314 326
314 338
314 347
314 367
314 372
314 379
314 394
314 419
314 453
314 469
314 481
314 495
315 327
315 338
315 373
315 405
315 414
315 481
316 371
316 383
316 390
316 398
316 405
316 409
316 440
316 463
317 321
317 322
317 332
317 345
317 362
317 368
317 385
317 391
317 399
317 402
317 448
317 455
317 472
317 478
317 486
317 491
318 343
318 347
318 357
318 363
318 372
318 377
318 390
318 429
318 434
318 442
318 446
318 464
318 475
318 484
318 497
319 354
319 361
319 375
319 380
319 389
319 396
319 397
319 401
319 404
319 405
319 453
319 481
320 333
320 343
320 347
320 359
320 361
320 371
320 385
320 392
320 395
320 419
320 422
320 423
320 456
320 474
320 498
321 330
321 342
321 344
321 359
321 362
321 368
321 371
321 376
321 378
321 381
321 414
321 465
321 468
322 338
322 361
322 377
322 396
322 404
322 464
322 495
322 497
323 348
323 370
323 373
323 413
323 426
323 459
323 460
323 467
323 476
323 477
323 499
324 326
324 341
324 347
324 394
324 414
324 417
324 459
324 461
324 468
324 485
324 487
324 496
325 333
325 364
325 389
325 399
325 429
325 433
325 454
325 455
325 457
326 327
326 337
326 377
326 379
326 400
326 422
326 423
326 438
326 472
326 473
326 487
327 338
327 344
327 353
327 355
327 366
327 370
327 380
327 383
327 462
328 338
328 349
328 355
328 406
328 416
328 450
328 452
328 470
329 340
329 368
329 379
329 423
329 431
329 445
329 469
329 476
329 494
330 348
330 389
330 410
330 418
330 433
330 439
330 461
330 462
330 465
330 494
330 499
331 333
331 356
331 357
331 391
331 393
331 405
331 423
331 441
331 473
332 335
332 344
332 360
332 409
332 415
332 419
332 436
332 443
332 451
332 460
333 364
333 377
333 384
333 427
333 478
333 484
333 490
334 362
334 384
334 391
334 398
334 432
334 436
334 454
334 468
334 477
334 486
335 362
335 373
335 375
335 399
335 472
336 387
336 398
336 416
336 421
336 422
336 435
336 436
336 438
336 450
336 491
337 354
337 371
337 378
337 381
337 456
337 458
338 341
338 344
338 352
338 364
338 369
338 378
338 380
338 387
338 425
338 441
338 461
338 466
338 498
339 351
339 361
339 372
339 389
339 405
339 407
339 424
339 453
339 489
340 377
340 400
340 408
340 426
340 453
340 461
340 488
341 344
341 360
341 369
341 381
341 398
341 402
341 420
341 450
341 454
341 460
341 467
341 478
341 488
341 496
341 499
342 347
342 377
342 415
342 427
342 432
342 457
342 463
342 471
342 477
342 490
343 344
343 345
343 392
343 436
343 466
343 487
344 351
344 357
344 362
344 363
344 365
344 397
344 403
344 404
344 448
344 466
345 351
345 433
345 454
345 483
345 496
346 347
346 353
346 355
346 367
346 387
346 388
346 409
346 450
346 463
346 464
346 475
346 487
347 483
347 484
348 360
348 366
348 368
348 378
348 406
348 444
348 455
348 457
349 360
349 381
349 402
349 456
349 463
349 469
349 477
349 496
350 353
350 366
350 384
350 393
350 419
350 451
350 469
350 491
351 354
351 356
351 373
351 388
351 398
351 463
351 466
352 353
352 378
352 403
352 409
352 448
352 453
352 470
352 485
353 357
353 366
353 375
353 380
353 388
353 438
353 486
353 487
354 374
354 377
354 393
354 410
354 421
354 426
354 472
354 491
355 373
355 380
355 411
355 428
355 437
355 478
356 366
356 379
356 462
356 471
356 474
356 476
357 359
357 365
357 393
357 417
357 449
357 460
357 481
357 482
358 369
358 383
358 395
358 406
358 456
358 483
358 486
358 498
359 382
359 384
359 386
359 399
359 413
359 419
359 442
359 443
359 448
359 455
359 484
360 380
360 388
360 404
360 417
360 419
360 420
360 436
360 438
360 455
360 474
360 480
361 402
361 403
361 417
361 418
361 460
361 468
361 473
361 480
361 485
361 486
361 490
362 379
362 382
362 402
362 408
362 415
362 424
362 460
362 482
362 496
362 497
363 394
363 402
363 411
363 451
363 455
363 460
363 478
363 482
363 497
364 370
364 379
364 391
364 396
364 399
364 411
364 436
364 464
364 466
365 368
365 371
365 405
365 416
365 427
365 436
365 443
365 445
365 471
365 482
366 378
366 382
366 385
366 389
366 390
366 400
366 412
366 423
366 436
366 468
367 410
367 456
367 478
367 480
367 495
367 498
368 382
368 384
368 390
368 402
368 422
368 435
368 455
368 457
369 375
369 376
369 439
369 475
370 373
370 376
370 388
370 392
370 402
370 407
370 422
370 435
370 443
370 469
370 473
370 475
370 489
370 493
371 372
371 384
371 405
371 439
371 472
372 395
372 403
372 406
372 414
372 456
372 457
372 463
372 491
372 499
373 395
373 400
373 413
373 430
373 463
373 497
374 400
374 405
374 444
374 446
374 457
374 467
374 487
375 387
375 388
375 399
375 419
375 485
376 392
376 441
376 457
376 459
376 497
377 393
377 397
377 480
377 495
378 384
378 386
378 390
378 391
378 441
378 477
379 388
379 418
379 419
379 422
379 444
379 445
379 452
379 476
379 483
379 493
379 494
380 434
380 447
380 453
380 467
381 411
381 427
381 430
381 435
381 454
382 391
382 400
382 426
382 442
382 466
382 484
382 486
382 498
383 388
383 408
383 414
383 418
383 433
383 438
383 458
383 489
383 496
384 390
384 394
384 449
384 450
384 461
384 463
384 465
385 393
385 401
385 404
385 413
385 438
385 442
385 473
386 389
386 392
386 395
386 405
386 412
386 414
386 419
386 474
386 481
386 496
386 498
387 415
387 426
387 433
387 445
387 446
387 459
387 470
388 389
388 391
388 399
388 406
388 411
388 433
388 436
388 458
389 401
389 410
389 465
390 413
390 434
390 441
390 448
390 455
390 456
390 488
390 498
391 396
391 420
391 422
391 437
391 458
391 481
391 482
392 402
392 415
392 444
392 448
392 460
392 465
392 487
393 395
393 413
393 419
393 422
393 423
393 433
393 435
393 439
393 440
393 467
393 472
393 481
393 482
393 483
394 414
394 415
394 428
394 471
394 478
394 486
394 492
394 493
395 404
395 408
395 422
395 439
395 446
395 455
395 469
395 481
395 482
396 402
396 456
396 469
396 498
397 419
397 464
397 470
397 486
398 407
398 422
398 446
398 452
398 497
399 403
399 404
399 430
400 408
400 438
400 466
401 455
401 469
401 483
401 495
402 478
402 481
403 419
403 425
403 437
403 470
404 409
404 416
404 424
404 428
404 437
404 450
404 453
404 477
405 418
405 424
405 435
405 458
405 461
405 480
406 425
406 449
406 492
407 409
407 423
407 436
407 449
407 454
407 461
407 492
408 440
408 443
408 488
408 495
408 498
409 436
409 437
409 459
409 461
409 464
409 465
409 473
409 494
409 497
410 440
410 452
410 460
410 487
411 414
411 420
411 436
411 441
411 447
412 415
412 462
412 470
412 484
412 487
413 451
413 452
413 460
413 487
414 417
414 434
414 469
414 475
414 480
414 481
415 421
415 428
415 438
415 458
415 488
416 437
416 442
416 449
416 473
416 494
417 486
417 492
418 428
418 444
418 469
419 432
419 473
420 433
420 438
420 479
421 423
421 446
421 456
421 473
422 443
423 447
423 457
423 460
423 464
423 472
424 461
424 475
424 489
424 490
424 491
425 434
425 443
425 455
425 465
425 491
425 498
426 453
426 458
427 431
427 462
427 479
427 487
428 445
428 452
428 463
428 475
429 448
429 455
429 461
429 475
429 477
429 495
429 497
430 440
430 455
430 463
430 476
430 482
430 483
430 484
431 443
431 449
431 463
431 465
431 473
431 480
431 495
432 440
432 461
432 485
432 487
433 439
433 494
433 497
434 440
434 456
434 464
434 486
435 451
436 446
436 465
436 482
436 483
437 443
437 444
437 472
438 452
438 458
438 468
438 488
439 454
439 468
439 491
439 497
440 447
440 460
441 493
441 497
442 463
442 489
443 451
443 454
443 491
444 463
444 474
444 489
444 494
445 449
446 458
446 462
446 491
447 467
447 468
447 481
447 484
447 487
448 451
448 474
448 491
448 493
449 461
449 462
449 487
449 499
450 457
450 473
450 498
451 471
452 462
452 473
452 482
453 461
453 494
454 458
454 459
454 461
454 485
454 498
455 463
455 472
455 475
456 474
456 491
456 496
457 485
457 494
458 459
458 481
458 487
458 488
459 495
460 474
461 462
462 480
462 482
462 499
463 467
463 487
464 490
466 489
467 473
467 476
467 481
467 482
467 497
468 478
469 479
471 478
472 484
472 499
473 475
473 478
474 484
476 479
476 493
478 490
478 491
479 492
480 493
482 492
483 496
485 499
487 493
488 499
489 491
490 496
491 496
492 497
496 497
